UTS Latitude Longitude
1201960501 116.38028 39.96878
1201960501 116.38028 39.96878
1201960650 116.38028 39.96878
1201970561 116.37729 39.96719
1201971431 116.36777 39.98859
1201971733 116.36842 39.98074
1201973055 116.31068 39.97843
1201975164 116.4319 39.93962
1201975316 116.43814 39.93975
1201975616 116.45534 39.93377
1201975916 116.4559 39.9466
1201976216 116.45588 39.94791
1201976516 116.44231 39.9606
1201977563 116.376 39.98614
1201977865 116.40143 39.98601
1201978166 116.37543 39.98663
1201978468 116.36233 39.98058
1201978736 116.3476 39.98305
1201979036 116.37046 39.98586
1201979336 116.3663 39.99706
1201979637 116.34506 40.025
1201979637 116.34506 40.025
1201979939 116.3304 40.05037
1201980241 116.34007 40.05341
1201980542 116.33539 40.05045
1201980805 116.33096 40.05052
1201981933 116.34054 40.03035
1201982235 116.3514 40.01632
1201982455 116.36299 40.00082
1201982755 116.37468 39.9767
1201983055 116.3657 39.97535
1201983356 116.35989 39.97539
1201983807 116.35361 39.98035
1201984109 116.34716 39.99182
1201984411 116.36322 39.98446
1201984712 116.3479 39.9802
1201984833 116.35003 39.98528
1201985135 116.3821 39.98638
1201985135 116.3821 39.98638
1201985437 116.39516 39.97556
1201985437 116.39516 39.97556
1201985679 116.39129 39.97554
1201985981 116.40111 39.97318
1201986283 116.39534 39.96762
1201986596 116.39521 39.96761
1201986896 116.39521 39.96761
1201988288 116.36265 40.03495
1201988590 116.3511 40.0291
1201988892 116.3462 40.02075
1201989194 116.37099 39.9898
1201989281 116.36224 39.98612
1201989583 116.34684 39.97454
1201989896 116.35718 39.96615
1201990195 116.37392 39.96653
1201990495 116.3837 39.96682
1201990795 116.38042 39.968
1201991069 116.38042 39.968
1201995439 116.38044 39.96857
1201995741 116.37301 39.95783
1201996043 116.39196 39.94756
1201996646 116.42876 39.91255
1201996948 116.43785 39.8912
1201997250 116.42391 39.89236
1201997552 116.43256 39.89231
1201997853 116.44958 39.89318
1201998155 116.43874 39.89908
1201998457 116.42999 39.90326
1201998759 116.42763 39.94271
1201999061 116.38447 39.94759
1201999362 116.37906 39.97044
1201999362 116.37906 39.97044
1201999675 116.38034 39.96814
1202032493 116.37304 39.95377
1202034412 116.36496 39.95603
1202034732 116.36869 39.96639
1202035012 116.39001 39.96771
1202036392 116.46075 39.95809
1202036693 116.44857 39.95639
1202036995 116.4299 39.96831
1202037297 116.40225 39.96779
1202037599 116.3778 39.96721
1202039827 116.35291 39.98036
1202041145 116.33123 39.99154
1202041882 116.34084 40.00584
1202042183 116.34629 40.00058
1202042485 116.33388 39.99448
1202043055 116.35871 39.99718
1202045116 116.43489 39.96473
1202045392 116.42687 39.96844
1202045692 116.41204 39.96811
1202056971 116.38026 39.96741
1202057061 116.37714 39.9672
1202057227 116.37658 39.96725
1202057529 116.37405 39.98071
1202057831 116.35514 39.98593
1202058132 116.34844 39.98594
1202058434 116.34824 39.98596
1202058736 116.32797 39.99125
1202059454 116.35784 39.99761
1202059756 116.34769 39.99208
1202060058 116.33474 39.99167
1202060360 116.33019 39.98637
1202060661 116.3334 39.9916
1202061265 116.36321 39.98393
1202061567 116.35202 39.98029
1202063392 116.36667 39.94703
1202063692 116.37565 39.96144
1202063992 116.38808 39.96178
1202064292 116.37807 39.96715
1202064591 116.37797 39.96718
1202064661 116.37677 39.96713
1202064963 116.36458 39.9575
1202065264 116.3549 39.96082
1202065510 116.35503 39.96094
1202066882 116.3663 39.94705
1202068580 116.33979 40.02975
1202068882 116.33789 40.02941
1202069068 116.34009 40.02971
1202069370 116.34579 40.01451
1202069672 116.3464 39.99999
1202070278 116.35842 39.98979
1202070591 116.34891 39.98591
1202071980 116.36569 39.9478
1202072691 116.35122 39.95076
1202072760 116.35036 39.9507
1202073062 116.34885 39.96131
1202073364 116.3535 39.96614
1202073665 116.3684 39.96642
1202073967 116.39363 39.96713
1202074269 116.41015 39.96757
1202074571 116.39537 39.9676
1202074872 116.39517 39.9676
1202075174 116.39489 39.96761
1202075476 116.39489 39.96761
1202075991 116.3735 39.96294
1202076291 116.37647 39.9561
1202078031 116.42054 39.90461
1202078331 116.41433 39.90042
1202078458 116.41325 39.9
1202078760 116.41192 39.89593
1202079061 116.42129 39.89563
1202079363 116.4269 39.89256
1202079513 116.4263 39.89255
1202082608 116.422 39.89222
1202082910 116.43235 39.89836
1202083212 116.42775 39.93853
1202083514 116.38666 39.94761
1202083815 116.37522 39.97272
1202083928 116.37563 39.97516
1202084230 116.37548 39.97658
1202084531 116.37409 39.98066
1202084832 116.38104 39.96714
1202085134 116.38034 39.96848
1202085436 116.38037 39.96798
1202117668 116.38049 39.96798
1202117970 116.38032 39.96891
1202117970 116.38032 39.96891
1202120330 116.37873 39.98672
1202120629 116.37134 39.98717
1202120930 116.37534 39.96659
1202121230 116.37498 39.96998
1202121532 116.37627 39.97097
1202121834 116.3795 39.9714
1202122891 116.3083 39.94437
1202123075 116.31695 39.94495
1202123388 116.34397 39.93838
1202123688 116.34548 39.94114
1202123988 116.33489 39.93726
1202124288 116.31962 39.93796
1202125188 116.34205 39.95002
1202129215 116.40156 39.99217
1202129517 116.40113 39.98147
1202131801 116.34713 39.91364
1202132103 116.35011 39.91556
1202132405 116.35026 39.91107
1202134405 116.47144 39.90344
1202134707 116.45816 39.89206
1202135008 116.4318 39.89237
1202135310 116.42672 39.89253
1202135614 116.42749 39.89291
1202135927 116.42753 39.89253
1202136227 116.42753 39.89253
1202136527 116.42753 39.89253
1202136527 116.42753 39.89253
1202136827 116.42773 39.89228
1202137127 116.42773 39.89228
1202137427 116.42773 39.89228
1202137727 116.42773 39.89228
1202138028 116.42773 39.89228
1202139332 116.46783 39.89214
1202139407 116.4668 39.89211
1202140312 116.45516 39.8929
1202140732 116.46162 39.88249
1202141526 116.45053 39.86226
1202141822 116.45484 39.8614
1202143074 116.45491 39.86142
1202143642 116.44285 39.86038
1202145170 116.30902 39.86702
1202145472 116.30591 39.87275
1202145774 116.30559 39.87577
1202146022 116.30521 39.87912
1202146324 116.31549 39.88307
1202146626 116.31962 39.88312
1202146927 116.32101 39.88321
1202146966 116.32428 39.88341
1202146966 116.32428 39.88341
1202147268 116.35117 39.88808
1202147871 116.3918 39.88976
1202148173 116.41441 39.88347
1202148475 116.42413 39.88271
1202148777 116.43026 39.88278
1202148845 116.43072 39.8828
1202149745 116.48897 39.87684
1202150047 116.48938 39.87668
1202150349 116.48938 39.87668
1202150651 116.48938 39.87668
1202152162 116.42088 39.90336
1202154726 116.5009 39.97352
1202155028 116.49344 39.97068
1202155329 116.48681 39.96322
1202155631 116.47984 39.95898
1202157406 116.39056 39.9501
1202157406 116.39056 39.9501
1202157706 116.40191 39.9524
1202158007 116.41248 39.95286
1202158309 116.42746 39.94471
1202159516 116.43868 39.89168
1202159818 116.42742 39.89258
1202160120 116.42472 39.8871
1202160422 116.42165 39.88518
1202161027 116.42252 39.88454
1202161329 116.42184 39.89156
1202161933 116.42739 39.89266
1202162235 116.42739 39.89266
1202162838 116.42739 39.89266
1202163140 116.42739 39.89266
1202163442 116.42739 39.89266
1202164045 116.42764 39.8928
1202164347 116.42764 39.8928
1202164652 116.42209 39.8923
1202164954 116.43044 39.8994
1202165266 116.42755 39.94466
1202165566 116.37872 39.94762
1202165866 116.37909 39.97013
1202166166 116.38069 39.96818
1202210294 116.38063 39.96817
1202210596 116.38063 39.96817
1202210898 116.38055 39.96811
1202211199 116.37011 39.9669
1202211501 116.3595 39.97494
1202211803 116.35548 39.98043
1202212105 116.35423 39.98035
1202214763 116.32704 39.97502
1202215065 116.33884 39.97497
1202215994 116.37995 39.9813
1202216296 116.38179 39.97421
1202216598 116.37799 39.96717
1202216900 116.37753 39.96712
1202217228 116.36942 39.95686
1202217529 116.36757 39.96643
1202217831 116.38873 39.96736
1202218080 116.38038 39.96875
1202222931 116.92027 40.27512
1202225347 116.38033 39.96972
1202226840 116.29936 40.04377
1202227141 116.30576 40.03139
1202227722 116.32225 40.0396
1202228024 116.30581 40.03531
1202228325 116.30794 40.02056
1202228627 116.30908 39.996
1202229726 116.3194 39.9657
1202229845 116.32413 39.96586
1202230147 116.33572 39.97509
1202230449 116.35533 39.97522
1202230751 116.35945 39.97441
1202231485 116.3702 39.95856
1202231659 116.37002 39.95661
1202231961 116.36526 39.95212
1202232263 116.36534 39.95065
1202232564 116.36534 39.95065
1202232866 116.36062 39.94582
1202233168 116.33561 39.93716
1202233636 116.30323 39.95044
1202233937 116.31869 39.93734
1202234000 116.3191 39.93731
1202234302 116.32602 39.93717
1202234603 116.31826 39.94761
1202234905 116.31566 39.9649
1202235789 116.34648 39.97531
1202236091 116.32863 39.97525
1202236393 116.31185 39.97487
1202237168 116.29674 39.98289
1202237469 116.30093 39.9744
1202237771 116.33135 39.97509
1202238073 116.33351 39.97497
1202238375 116.33351 39.97497
1202239211 116.3628 39.95074
1202241322 116.26668 39.92087
1202241624 116.27847 39.9215
1202241926 116.3031 39.92257
1202241961 116.3031 39.92257
1202242263 116.30441 39.93752
1202242565 116.30287 39.95824
1202242867 116.31471 39.9653
1202243168 116.32416 39.96586
1202243470 116.32416 39.96586
1202243772 116.32416 39.96586
1202244074 116.32416 39.96586
1202244376 116.32416 39.96586
1202244677 116.32416 39.96586
1202245401 116.31089 39.97764
1202245931 116.33569 39.98635
1202246233 116.34724 39.97511
1202246534 116.36355 39.96619
1202246836 116.37913 39.97005
1202247088 116.38031 39.9684
1202251989 116.4376 39.95855
1202299442 116.38003 39.96839
1202299744 116.37747 39.96722
1202300046 116.37718 39.96723
1202300139 116.37559 39.96751
1202300743 116.34828 40.02343
1202301045 116.35186 40.03635
1202302044 116.37011 39.9778
1202302345 116.37166 39.97891
1202303558 116.31906 39.97271
1202304578 116.35777 39.97341
1202305178 116.35514 39.95605
1202305505 116.34908 39.95627
1202305778 116.3633 39.96617
1202306092 116.37663 39.9712
1202307800 116.29826 39.94608
1202308102 116.28999 39.95115
1202308403 116.27899 39.9583
1202308705 116.29519 39.95828
1202309018 116.31431 39.96522
1202309318 116.33059 39.96604
1202309618 116.34628 39.96621
1202309918 116.37709 39.97133
1202310199 116.38024 39.96804
1202313486 116.34746 39.95641
1202313589 116.34806 39.95673
1202313893 116.35 39.95067
1202314192 116.34871 39.96396
1202314498 116.37143 39.96642
1202314498 116.37143 39.96642
1202314796 116.37923 39.96706
1202315749 116.34951 39.94893
1202315749 116.34951 39.94893
1202316050 116.34611 39.93945
1202316165 116.34556 39.94078
1202316467 116.33719 39.96095
1202316769 116.32836 39.96414
1202317070 116.34314 39.96605
1202317372 116.34314 39.96605
1202317674 116.34314 39.96605
1202317976 116.34314 39.96605
1202319521 116.46152 39.86848
1202319521 116.46152 39.86848
1202319823 116.44565 39.8701
1202320124 116.43538 39.89241
1202320426 116.42744 39.89266
1202320728 116.42744 39.89266
1202321030 116.42744 39.89266
1202321334 116.42738 39.89266
1202321636 116.42323 39.89215
1202321937 116.4399 39.87792
1202322239 116.39671 39.87058
1202322541 116.34162 39.86765
1202322843 116.33889 39.82105
1202323145 116.34179 39.78767
1202323446 116.33364 39.75697
1202323748 116.33325 39.73733
1202324050 116.32978 39.72131
1202324197 116.32821 39.72161
1202325161 116.32842 39.72168
1202325463 116.32862 39.7148
1202325835 116.32863 39.71467
1202325835 116.32863 39.71467
1202325835 116.32863 39.71467
1202325835 116.32863 39.71467
1202325835 116.32863 39.71467
1202325835 116.32863 39.71467
1202325835 116.32863 39.71467
1202325835 116.32863 39.71467
1202325835 116.32863 39.71467
1202325835 116.32863 39.71467
1202325835 116.32863 39.71467
1202325835 116.32863 39.71467
1202325835 116.32863 39.71467
1202325835 116.32863 39.71467
1202325835 116.32863 39.71467
1202325835 116.32863 39.71467
1202325835 116.32863 39.71467
1202325835 116.32863 39.71467
1202331577 116.32766 39.7151
1202331879 116.3231 39.70175
1202332180 116.30238 39.69767
1202332482 116.28734 39.67962
1202333086 116.26538 39.61317
1202333258 116.26542 39.61283
1202398012 116.26545 39.61278
1202398314 116.26545 39.61278
1202398616 116.26928 39.63148
1202398918 116.28925 39.66463
1202399219 116.30045 39.69035
1202399521 116.32467 39.70424
1202399823 116.32875 39.71476
1202400125 116.32875 39.71476
1202400427 116.3307 39.71636
1202400427 116.3307 39.71636
1202400728 116.33977 39.73468
1202401030 116.33704 39.76136
1202401332 116.34196 39.78618
1202401634 116.34102 39.82792
1202401936 116.38077 39.83221
1202402236 116.38039 39.83435
1202402538 116.37674 39.83407
1202402840 116.37903 39.83599
1202407793 116.38068 39.83343
1202408095 116.33886 39.82929
1202408396 116.34174 39.79123
1202408698 116.33543 39.76874
1202409000 116.33206 39.74727
1202409302 116.33337 39.7261
1202409604 116.3287 39.7148
1202409905 116.3287 39.7148
1202410207 116.32668 39.71531
1202410509 116.32668 39.71531
1202410811 116.31653 39.71521
1202410978 116.31473 39.71559
1202411368 116.31468 39.71557
1202411368 116.31468 39.71557
1202411368 116.31468 39.71557
1202411368 116.31468 39.71557
1202411368 116.31468 39.71557
1202411368 116.31468 39.71557
1202411368 116.31468 39.71557
1202411368 116.31468 39.71557
1202411368 116.31468 39.71557
1202411368 116.31468 39.71557
1202411368 116.31468 39.71557
1202411368 116.31468 39.71557
1202411368 116.31468 39.71557
1202411368 116.31468 39.71557
1202411368 116.31468 39.71557
1202411368 116.31468 39.71557
1202411368 116.31468 39.71557
1202411368 116.31468 39.71557
1202411368 116.31468 39.71557
1202411368 116.31468 39.71557
1202411368 116.31468 39.71557
1202411368 116.31468 39.71557
1202418297 116.3147 39.71562
1202418598 116.32624 39.70956
1202418900 116.30002 39.69041
1202419202 116.28852 39.67049
1202419503 116.27315 39.63665
1202419805 116.26543 39.61285
1202469173 116.26543 39.61279
1202469474 116.26543 39.61279
1202469776 116.26543 39.61279
1202470078 116.26225 39.61129
1202471429 116.29223 39.63962
1202472029 116.28813 39.67434
1202472931 116.31057 39.72146
1202473233 116.31804 39.73856
1202473534 116.32859 39.75658
1202475131 116.33482 39.75905
1202475432 116.32453 39.77545
1202475734 116.32794 39.79424
1202476013 116.32759 39.79455
1202476015 116.41113 39.98228
1202476015 116.32759 39.79455
1202480150 116.32417 39.79321
1202480445 116.3183 39.79318
1202487462 116.31905 39.79314
1202487763 116.32792 39.79443
