UTS Latitude Longitude
1201959365 116.34278 39.85952
1201959665 116.34573 39.86039
1201959965 116.34845 39.86122
1201960265 116.34843 39.86125
1201960565 116.34833 39.86129
1201960864 116.34814 39.86118
1201961164 116.34803 39.86095
1201961464 116.3483 39.86115
1201961764 116.34832 39.86122
1201962064 116.34847 39.86138
1201962364 116.34826 39.86116
1201962664 116.34813 39.86107
1201962964 116.3483 39.86129
1201963264 116.34839 39.86137
1201963564 116.34814 39.86139
1201963864 116.34831 39.86124
1201964164 116.34829 39.86117
1201964464 116.34825 39.86126
1201964676 116.34826 39.86128
1201964752 116.34826 39.86128
1201965064 116.34816 39.86125
1201965364 116.34834 39.86128
1201965964 116.34831 39.86134
1201966264 116.34826 39.86142
1201966564 116.34837 39.86138
1201966864 116.34829 39.86139
1201967164 116.34834 39.86138
1201967464 116.34847 39.86148
1201967764 116.34841 39.8613
1201968064 116.34851 39.86143
1201968364 116.34845 39.86138
1201968664 116.34853 39.8614
1201968964 116.34844 39.86135
1201969264 116.34847 39.86141
1201969564 116.34858 39.86157
1201969864 116.34834 39.86134
1201970164 116.34822 39.86149
1201970464 116.34839 39.86144
1201970764 116.35604 39.86724
1201971064 116.37494 39.86915
1201971663 116.40999 39.87017
1201971964 116.42739 39.86927
1201972499 116.4288 39.86924
1201972799 116.4521 39.86492
1201973099 116.46815 39.85726
1201973207 116.47102 39.85472
1201973399 116.48059 39.85885
1201973699 116.48379 39.90194
1201973999 116.48998 39.91803
1201974074 116.48972 39.91586
1201974374 116.47585 39.91441
1201974974 116.45221 39.91892
1201975397 116.45448 39.90446
1201975697 116.45621 39.89189
1201975997 116.47571 39.89183
1201976297 116.48296 39.87289
1201976597 116.50621 39.86682
1201976624 116.50621 39.86678
1201976924 116.49857 39.87408
1201977224 116.47548 39.88315
1201977524 116.45668 39.88312
1201977824 116.4548 39.88007
1201978124 116.44653 39.87013
1201978424 116.43907 39.88276
1201979022 116.41006 39.87014
1201979323 116.42755 39.86923
1201979623 116.42759 39.86925
1201979749 116.42909 39.86926
1201980049 116.41798 39.87006
1201980522 116.41894 39.8825
1201980649 116.42951 39.88281
1201980884 116.44921 39.88306
1201981184 116.44381 39.88036
1201981484 116.4339 39.89113
1201981559 116.43476 39.89166
1201981859 116.45399 39.89209
1201982159 116.45473 39.89208
1201982459 116.45563 39.8954
1201982758 116.45555 39.90034
1201983058 116.45632 39.90362
1201983358 116.45836 39.90525
1201983658 116.46694 39.90683
1201983958 116.48657 39.90681
1201984258 116.51865 39.90764
1201984558 116.58629 39.90808
1201984858 116.62984 39.90485
1201984858 116.62984 39.90485
1201985158 116.63791 39.90637
1201985186 116.63797 39.90636
1201985486 116.62619 39.90556
1201985786 116.59704 39.90824
1201986086 116.57837 39.90913
1201986386 116.56342 39.90872
1201986686 116.52848 39.90862
1201986986 116.49516 39.90699
1201987286 116.4914 39.90708
1201987366 116.49013 39.90706
1201987666 116.48353 39.89247
1201987939 116.48326 39.87765
1201988239 116.4724 39.87826
1201988539 116.47068 39.88321
1201988710 116.45559 39.88322
1201989010 116.45556 39.92259
1201989310 116.43905 39.93247
1201989430 116.43535 39.9325
1201989730 116.42811 39.92078
1201990030 116.41224 39.91427
1201990330 116.40962 39.90916
1201990630 116.41161 39.90822
1201990924 116.41156 39.90748
1201991224 116.41209 39.90094
1201991524 116.4118 39.89572
1201991524 116.4118 39.89572
1201991824 116.41444 39.88325
1201992124 116.41119 39.87187
1201992600 116.36017 39.86956
1201992900 116.38119 39.86978
1201993362 116.40285 39.86722
1201993500 116.40286 39.86725
1201993800 116.40289 39.86729
1201994100 116.40284 39.86726
1201994400 116.40286 39.86717
1201994700 116.40281 39.86723
1201995000 116.40282 39.86712
1201995300 116.40292 39.86726
1201995300 116.40292 39.86726
1201995600 116.40289 39.86717
1201995900 116.40278 39.86733
1201996500 116.40278 39.86725
1201996800 116.4028 39.86721
1201997400 116.40284 39.86721
1201998000 116.40291 39.86719
1201998300 116.40287 39.86722
1201998600 116.40285 39.86721
1201999200 116.40287 39.8673
1201999500 116.4029 39.86721
1201999800 116.40283 39.86727
1202000100 116.40292 39.86722
1202000400 116.40291 39.86714
1202000700 116.40288 39.8672
1202000999 116.40288 39.8672
1202001299 116.4029 39.8672
1202001599 116.40291 39.86721
1202001899 116.4029 39.86723
1202002199 116.4029 39.86721
1202002499 116.40287 39.86722
1202002799 116.40288 39.86721
1202003099 116.40287 39.86718
1202003699 116.40293 39.86717
1202003999 116.40277 39.86723
1202003999 116.40277 39.86723
1202004899 116.40281 39.86716
1202005199 116.40295 39.86724
1202005799 116.40286 39.86736
1202006099 116.40287 39.86728
1202006399 116.40279 39.8673
1202006699 116.4028 39.86732
1202006999 116.40282 39.86727
1202007299 116.40285 39.86723
1202007899 116.40278 39.8671
1202008199 116.40282 39.86717
1202008499 116.40287 39.86718
1202008799 116.40291 39.86719
1202009099 116.40286 39.86722
1202009399 116.40295 39.86718
1202009999 116.40294 39.86723
1202010299 116.40292 39.86724
1202010599 116.40302 39.86712
1202011199 116.40293 39.86722
1202011499 116.40297 39.86721
1202011799 116.40304 39.86715
1202012098 116.4029 39.86723
1202012398 116.40289 39.86721
1202012698 116.40284 39.86713
1202012698 116.40284 39.86713
1202012998 116.40289 39.86723
1202013298 116.40283 39.86718
1202013598 116.40287 39.8672
1202013898 116.40293 39.86718
1202014198 116.40288 39.8672
1202014498 116.40288 39.8672
1202014798 116.40286 39.86705
1202015099 116.40305 39.86713
1202015398 116.40299 39.86709
1202015698 116.403 39.86722
1202015998 116.40289 39.86723
1202016298 116.40276 39.86728
1202016598 116.40304 39.86721
1202016898 116.40294 39.8672
1202017198 116.40274 39.86744
1202017498 116.40279 39.86741
1202017798 116.40286 39.86725
1202018098 116.40287 39.86723
1202018398 116.40285 39.8673
1202018698 116.40284 39.86738
1202018998 116.40275 39.86731
1202019298 116.40281 39.86721
1202019598 116.40288 39.86721
1202020198 116.40293 39.86713
1202020498 116.40294 39.86711
1202020798 116.40292 39.86707
1202021398 116.40295 39.8672
1202021398 116.40295 39.8672
1202021698 116.40292 39.86721
1202021998 116.40292 39.86721
1202022298 116.40282 39.86725
1202022598 116.40291 39.86722
1202022898 116.40295 39.8672
1202023198 116.4029 39.8672
1202023797 116.4029 39.86716
1202024097 116.40298 39.86706
1202024397 116.40287 39.86727
1202025297 116.40286 39.8672
1202025597 116.40292 39.86716
1202025897 116.40286 39.86716
1202026197 116.40298 39.86718
1202026497 116.40298 39.86717
1202026797 116.4042 39.86719
1202027397 116.45441 39.87004
1202027892 116.45593 39.89201
1202028748 116.49514 39.89192
1202029048 116.46959 39.89204
1202030248 116.43917 39.89464
1202030547 116.43908 39.89459
1202031147 116.43965 39.8937
1202031333 116.43923 39.89242
1202031633 116.4297 39.90546
1202031933 116.42759 39.94278
1202032233 116.45295 39.95304
1202032980 116.45518 39.92152
1202033280 116.4509 39.91206
1202033387 116.45514 39.90935
1202033686 116.45503 39.89766
1202033802 116.45149 39.89619
1202034286 116.43698 39.89727
1202034586 116.42984 39.90438
1202035040 116.4278 39.90724
1202035253 116.41153 39.90881
1202035553 116.41164 39.8959
1202035852 116.41264 39.88935
1202036152 116.41525 39.87469
1202036452 116.41553 39.87546
1202036752 116.42131 39.87968
1202037052 116.42341 39.8798
1202037352 116.42356 39.87975
1202037352 116.42356 39.87975
1202037952 116.43323 39.87077
1202038115 116.42426 39.86741
1202038633 116.4481 39.89254
1202038933 116.44115 39.89977
1202039017 116.4418 39.89842
1202039317 116.45572 39.89877
1202039604 116.45623 39.90512
1202039683 116.45739 39.90548
1202040309 0.0 0.0
1202040472 116.48757 39.91536
1202040776 116.49878 39.91566
1202041068 116.46894 39.91537
1202041368 116.45581 39.91785
1202041667 116.45084 39.91203
1202041994 116.43455 39.90876
1202042294 116.42182 39.8993
1202042594 116.42173 39.89271
1202042894 116.42772 39.88946
1202043187 116.42625 39.8892
1202043487 116.41461 39.87986
1202043787 116.41233 39.85592
1202044088 116.38093 39.85595
1202044167 116.38044 39.85489
1202044387 116.38041 39.84538
1202044527 116.3861 39.8455
1202044827 116.38599 39.84569
1202044997 116.38044 39.84496
1202045297 116.38064 39.8588
1202045597 116.36822 39.87072
1202045897 116.36825 39.88725
1202046197 116.35502 39.88804
1202046497 116.35051 39.88778
1202046585 116.35239 39.88777
1202046879 116.34525 39.88448
1202047179 116.32478 39.88869
1202047779 116.31036 39.88656
1202047902 116.30759 39.88712
1202048200 116.31146 39.89574
1202048500 116.34 39.89627
1202048800 116.34492 39.89612
1202049100 116.34496 39.89617
1202049400 116.34499 39.89594
1202049646 116.34615 39.8964
1202049946 116.35087 39.90769
1202050125 116.35327 39.90789
1202050289 116.35337 39.91051
1202050589 116.35022 39.92097
1202050889 116.36259 39.94642
1202051189 116.42176 39.94844
1202051673 116.49367 39.99739
1202051774 116.49367 39.99739
1202052088 116.57605 40.04426
1202052388 116.58246 40.07496
1202052505 116.58673 40.07856
1202052804 116.58159 40.07671
1202053104 116.58141 40.0693
1202053404 116.56724 40.06098
1202053704 116.56461 40.06116
1202054004 116.56415 40.06222
1202054304 116.56247 40.06931
1202054604 116.56656 40.07212
1202054904 116.56653 40.07209
1202055204 116.56652 40.07207
1202055504 116.56653 40.07206
1202055804 116.56653 40.07207
1202056104 116.56655 40.07212
1202056404 116.56655 40.07212
1202056704 116.56653 40.07212
1202057004 116.56653 40.07209
1202057304 116.56655 40.07209
1202057604 116.56654 40.07213
1202057904 116.56653 40.07212
1202058204 116.56657 40.07212
1202058504 116.56659 40.07211
1202058804 116.56659 40.07211
1202058804 116.56659 40.07211
1202059104 116.56654 40.07208
1202059404 116.56655 40.07213
1202059704 116.56657 40.07212
1202060004 116.56658 40.07213
1202060304 116.56655 40.07213
1202060604 116.56655 40.07212
1202060904 116.56663 40.07213
1202061204 116.56658 40.0721
1202061504 116.56656 40.07209
1202061804 116.56656 40.07209
1202062104 116.56656 40.07208
1202062404 116.56657 40.07206
1202062704 116.56657 40.07211
1202063604 116.56418 40.07072
1202063904 116.5631 40.06605
1202064204 116.58219 40.06549
1202064503 116.58175 40.06819
1202064807 116.58118 40.07137
1202065103 116.58082 40.07503
1202065403 116.58188 40.07541
1202065702 116.58772 40.07754
1202065898 116.58713 40.07911
1202066497 116.53695 40.0237
1202066797 116.49625 39.99541
1202067097 116.52614 39.95173
1202067397 116.51173 39.9393
1202067697 116.50786 39.92206
1202067773 116.50751 39.92315
1202068073 116.49593 39.92191
1202068373 116.47093 39.92169
1202068373 116.47093 39.92169
1202068673 116.45711 39.92195
1202068673 116.45711 39.92195
1202068973 116.45608 39.92201
1202069353 116.45552 39.90934
1202069653 116.45568 39.90277
1202069953 116.45491 39.88557
1202070253 116.46063 39.88304
1202070446 116.45906 39.88066
1202070746 116.447 39.88328
1202071010 116.43029 39.87994
1202071310 116.44961 39.88301
1202071606 116.4563 39.87179
1202071717 116.45519 39.87221
1202072017 116.45541 39.89159
1202072190 116.44977 39.89251
1202072317 116.44122 39.89239
1202072617 116.437 39.86987
1202073217 116.34293 39.87856
1202073517 116.32211 39.89591
1202073665 116.31521 39.89623
1202073965 116.32215 39.90605
1202074565 116.34003 39.90567
1202074803 116.33991 39.90508
1202075103 116.34246 39.88476
1202075403 116.38039 39.86978
1202075702 116.42759 39.86904
1202075730 116.42653 39.86825
1202076272 116.42929 39.86917
1202076572 116.43699 39.89718
1202076872 116.42823 39.92856
1202076957 116.43037 39.92922
1202077257 116.41615 39.93237
1202077385 116.41092 39.92965
1202077685 116.42526 39.92313
1202077985 116.43408 39.92265
1202078146 116.43476 39.92175
1202078446 116.43472 39.90956
1202078746 116.4377 39.89607
1202079046 116.42284 39.86986
1202079346 116.40202 39.8673
1202079946 116.40315 39.86725
1202080246 116.40323 39.86737
1202080546 116.4031 39.86715
1202080846 116.4031 39.86722
1202080846 116.4031 39.86722
1202081146 116.40315 39.86724
1202081446 116.40318 39.86721
1202081746 116.40316 39.86727
1202082046 116.40302 39.86714
1202082646 116.40308 39.86722
1202082946 116.40291 39.86719
1202083246 116.40301 39.86719
1202083546 116.40316 39.8672
1202083846 116.40302 39.86713
1202084146 116.40304 39.86724
1202084446 116.40311 39.86721
1202084746 116.40312 39.86724
1202085046 116.40314 39.86724
1202085345 116.40311 39.86724
1202085645 116.40315 39.86723
1202085945 116.40313 39.86721
1202086245 116.40313 39.86711
1202086545 116.40319 39.86719
1202086845 116.40312 39.8672
1202087145 116.40314 39.86721
1202087445 116.40309 39.86727
1202087745 116.40311 39.86719
1202088345 116.40306 39.86726
1202088645 116.40321 39.86724
1202088945 116.40314 39.86715
1202089245 116.4032 39.86717
1202089545 116.40315 39.86718
1202089545 116.40315 39.86718
1202089845 116.40312 39.86723
1202090145 116.40311 39.86712
1202090445 116.40321 39.86714
1202091045 116.40307 39.8672
1202091645 116.4031 39.86718
1202091945 116.40303 39.8672
1202092245 116.40308 39.86721
1202092545 116.40311 39.86722
1202092845 116.40312 39.86725
1202093145 116.4031 39.86718
1202093445 116.40298 39.86722
1202093745 116.40307 39.86726
1202094045 116.40313 39.86724
1202094345 116.40312 39.86724
1202094645 116.40317 39.86716
1202094945 116.40311 39.86725
1202095245 116.40308 39.86725
1202095545 116.40305 39.86728
1202095845 116.40312 39.86729
1202096145 116.4031 39.86725
1202096444 116.40315 39.86727
1202096744 116.40312 39.86727
1202097044 116.40313 39.86734
1202097344 116.40311 39.86731
1202097644 116.4031 39.86733
1202097944 116.40311 39.86724
1202098244 116.40311 39.86727
1202098544 116.40312 39.86727
1202099144 116.40317 39.86726
1202099444 116.4031 39.86724
1202099744 116.40309 39.86724
1202100044 116.40312 39.86722
1202100344 116.4031 39.86726
1202100644 116.403 39.86717
1202100944 116.40307 39.86721
1202101244 116.40317 39.86727
1202101544 116.40316 39.86731
1202101844 116.40321 39.8673
1202102144 116.40315 39.86724
1202102444 116.40317 39.86724
1202102744 116.40315 39.86726
1202103044 116.40314 39.86723
1202103344 116.40326 39.86721
1202103644 116.40321 39.86723
1202103944 116.40317 39.86724
1202104544 116.40313 39.86722
1202104844 116.40306 39.86728
1202105144 116.4031 39.86725
1202105444 116.4031 39.86724
1202105744 116.40316 39.86722
1202106044 116.40311 39.86727
1202106344 116.4031 39.86722
1202106644 116.40328 39.86729
1202106944 116.40314 39.86727
1202106944 116.40314 39.86727
1202107244 116.40312 39.86727
1202107543 116.40316 39.86718
1202107843 116.40317 39.8672
1202108143 116.40306 39.86729
1202108443 116.4031 39.86716
1202108743 116.40314 39.86723
1202109043 116.40317 39.86723
1202109343 116.40314 39.86714
1202109643 116.40308 39.8672
1202109943 116.40308 39.86723
1202110243 116.40307 39.86729
1202110543 116.40313 39.86731
1202110843 116.40311 39.86726
1202111143 116.40312 39.86725
1202111443 116.40306 39.8672
1202111743 116.40312 39.86723
1202112043 116.40312 39.8672
1202112343 116.40316 39.86723
1202112943 116.40205 39.86722
1202113243 116.42226 39.86975
1202113543 116.45171 39.86998
1202113797 116.45531 39.8797
1202114097 116.44352 39.88343
1202114242 116.43894 39.88751
1202114761 116.4284 39.92277
1202115061 116.44904 39.95706
1202115361 116.50483 40.00747
1202115361 116.50483 40.00747
1202115661 116.57101 40.03871
1202115961 116.57706 40.04506
1202116261 116.58271 40.05008
1202116561 116.58359 40.06074
1202116861 116.58227 40.07358
1202117108 116.58651 40.07859
1202117407 116.58441 40.07959
1202117707 116.58027 40.07626
1202118007 116.58207 40.06231
1202118307 116.56481 40.07026
1202118607 116.5659 40.07124
1202118907 116.56902 40.06351
1202119207 116.57354 40.06301
1202119507 116.57361 40.063
1202119807 116.57398 40.06315
1202120107 116.57359 40.06313
1202120407 116.58259 40.06322
1202120707 116.58208 40.06609
1202121007 116.58212 40.06612
1202121307 116.58213 40.06605
1202121607 116.58208 40.06614
1202121907 116.58211 40.06607
1202122207 116.58213 40.06611
1202122507 116.58218 40.06625
1202122807 116.58214 40.06626
1202123107 116.5821 40.06616
1202123407 116.58209 40.06622
1202123707 116.58212 40.0662
1202124007 116.58218 40.06606
1202124307 116.58198 40.0666
1202124607 116.58194 40.06647
1202124907 116.58199 40.06654
1202125207 116.58194 40.06669
1202125507 116.58203 40.06658
1202125507 116.58203 40.06658
1202125807 116.58187 40.06762
1202126107 116.5819 40.06745
1202126407 116.5819 40.0677
1202126707 116.58171 40.06866
1202127007 116.5817 40.06868
1202127307 116.5816 40.06858
1202127907 116.58276 40.07468
1202128206 116.58466 40.0766
1202128506 116.5847 40.07655
1202128793 116.58757 40.07746
1202129075 116.58757 40.07746
1202129358 116.58757 40.07746
1202129678 116.58706 40.0796
1202129977 116.57371 40.04204
1202130277 116.50642 40.00907
1202130577 116.45668 39.96419
1202130877 116.45544 39.93476
1202131177 116.45555 39.91144
1202131477 116.44431 39.89254
1202131777 116.42708 39.89226
1202132077 116.41518 39.89192
1202132077 116.41518 39.89192
1202132377 116.39586 39.89091
1202132677 116.38262 39.88824
1202132977 116.37853 39.88594
1202133277 116.37033 39.87738
1202133457 116.36521 39.87446
1202133757 116.36741 39.87601
1202134057 116.35836 39.86904
1202134357 116.34906 39.86095
1202134657 116.34905 39.86095
1202134957 116.34902 39.86097
1202135257 116.34903 39.86097
1202135556 116.34809 39.86219
1202135856 116.34838 39.86287
1202136156 116.34823 39.86277
1202136456 116.3482 39.86301
1202136756 116.34822 39.86275
1202137056 116.34831 39.86285
1202137060 116.34833 39.86307
1202137360 116.34768 39.875
1202137660 116.34732 39.88736
1202137894 116.35727 39.88736
1202138055 116.35778 39.88177
1202138076 116.36014 39.88175
1202138355 116.36797 39.8727
1202138655 116.36731 39.86195
1202139297 116.36749 39.84296
1202139597 116.36818 39.86722
1202139897 116.3513 39.86714
1202140197 116.34656 39.89701
1202140496 116.35035 39.91559
1202140796 116.3508 39.93095
1202140902 116.35916 39.93093
1202141202 116.35832 39.91767
1202141502 116.34998 39.90863
1202141802 116.34244 39.89368
1202142102 116.33988 39.8925
1202142402 116.33988 39.89265
1202142702 116.3399 39.8925
1202143002 116.34214 39.87053
1202143302 116.34265 39.85959
1202143602 116.34274 39.85964
1202144202 116.34267 39.85944
1202144502 116.34274 39.85951
1202144801 116.34273 39.85958
1202145101 116.3427 39.85956
1202145401 116.34271 39.85959
1202145701 116.34269 39.85961
1202146001 116.34271 39.85964
1202146301 116.34268 39.8595
1202146601 116.34272 39.85957
1202146901 116.34275 39.85956
1202147201 116.34274 39.85956
1202147501 116.34276 39.85959
1202147801 116.34272 39.85954
1202148101 116.34278 39.85963
1202148401 116.34265 39.85952
1202148701 116.34269 39.85959
1202149001 116.34273 39.8596
1202149001 116.34273 39.8596
1202149301 116.34271 39.85957
1202149601 116.34272 39.85961
1202149901 116.34273 39.85959
1202150201 116.34267 39.85956
1202150801 116.34272 39.85955
1202151101 116.3427 39.85958
1202151401 116.34273 39.8596
1202151701 116.34273 39.85957
1202152001 116.34272 39.85962
1202152301 116.34275 39.85957
1202152601 116.34271 39.85949
1202152901 116.34275 39.85963
1202153201 116.34273 39.85959
1202153501 116.34277 39.85954
1202153801 116.34269 39.85963
1202154101 116.34272 39.85954
1202154401 116.34273 39.85966
1202154701 116.34266 39.85958
1202155001 116.34268 39.85958
1202155601 116.3427 39.85966
1202155901 116.34265 39.85965
1202156200 116.34266 39.85963
1202156800 116.34269 39.8596
1202157100 116.34263 39.85962
1202157400 116.3427 39.85961
1202157700 116.34272 39.85965
1202157700 116.34272 39.85965
1202158000 116.34272 39.8596
1202158300 116.34269 39.8596
1202158600 116.3427 39.85966
1202159200 116.34273 39.8596
1202159500 116.3427 39.85962
1202159800 116.34268 39.85963
1202160100 116.34273 39.85963
1202161600 116.34271 39.85955
1202161900 116.34274 39.85953
1202162200 116.34276 39.85947
1202162500 116.34269 39.85961
1202162800 116.34264 39.85956
1202163400 116.34274 39.8596
1202164000 116.34272 39.85961
1202164300 116.34269 39.85956
1202164600 116.34274 39.8596
1202165709 116.38002 39.86988
1202165913 116.38147 39.85937
1202166213 116.37569 39.8702
1202166513 116.36838 39.88708
1202166813 116.36964 39.89813
1202167113 116.37851 39.88849
1202167413 116.39934 39.8912
1202167713 116.41403 39.8841
1202168045 116.41981 39.86428
1202168345 116.43155 39.86456
1202168522 116.42575 39.8591
1202168821 116.41118 39.85613
1202168839 116.40962 39.85595
1202169139 116.39392 39.84685
1202169377 116.38938 39.837
1202169677 116.39076 39.84013
1202169977 116.39467 39.84202
1202170277 116.39409 39.8664
1202170577 116.40325 39.86721
1202170878 116.40333 39.86724
1202171177 116.40326 39.86732
1202171477 116.4033 39.86726
1202171777 116.40331 39.86723
1202172077 116.40321 39.86723
1202172377 116.40327 39.8672
1202172677 116.40343 39.86716
1202172977 116.40324 39.86733
1202173577 116.40326 39.8672
1202174177 116.40329 39.86718
1202174477 116.40343 39.86721
1202174776 116.4033 39.86726
1202175376 116.40332 39.86726
1202175676 116.40327 39.86721
1202175676 116.40327 39.86721
1202175976 116.40339 39.86722
1202176276 116.40332 39.86724
1202176576 116.40316 39.86727
1202176876 116.40316 39.86726
1202178976 116.40331 39.86723
1202179576 116.40329 39.86721
1202179876 116.40334 39.86726
1202180476 116.40331 39.86722
1202180776 116.40327 39.86728
1202181076 116.40327 39.86732
1202181376 116.40322 39.86729
1202181676 116.40329 39.8673
1202181976 116.40327 39.86729
1202182276 116.40328 39.8673
1202182576 116.40328 39.8673
1202182876 116.40333 39.8673
1202183176 116.4033 39.86729
1202183476 116.40341 39.86736
1202183776 116.40335 39.86727
1202184376 116.40323 39.86731
1202184376 116.40323 39.86731
1202184676 116.40335 39.86731
1202185576 116.40331 39.86726
1202185875 116.40328 39.86726
1202186175 116.40329 39.86726
1202186775 116.40324 39.86725
1202187075 116.4033 39.86727
1202187375 116.40328 39.86723
1202187675 116.40328 39.86724
1202187975 116.40327 39.86728
1202188275 116.40336 39.86729
1202188575 116.40327 39.86723
1202188875 116.40332 39.86723
1202189175 116.40327 39.86721
1202189475 116.40322 39.86724
1202189775 116.40332 39.86725
1202190075 116.40331 39.86726
1202190375 116.40335 39.86725
1202190675 116.40335 39.86721
1202190975 116.40329 39.86725
1202191275 116.40333 39.86722
1202191875 116.40327 39.86723
1202192175 116.40333 39.86717
1202192475 116.4033 39.8672
1202192775 116.40336 39.8672
1202192777 116.40335 39.8672
1202193075 116.42495 39.86964
1202193075 116.42495 39.86964
1202193375 116.43792 39.89677
1202193675 116.48249 39.90535
1202193975 116.51621 39.90998
1202194275 116.51598 39.91493
1202194575 116.51633 39.9149
1202194875 116.51603 39.91489
1202194996 116.51628 39.91429
1202195296 116.48403 39.91474
1202195596 116.47076 39.96525
1202195896 116.50917 40.01129
1202196196 116.57294 40.04093
1202196496 116.58236 40.06809
1202196601 116.58667 40.07857
1202196901 116.58051 40.07418
1202197501 116.56555 40.07214
1202197801 116.56556 40.07216
1202198101 116.56557 40.07217
1202198401 116.56556 40.07216
1202198701 116.56559 40.07219
1202199001 116.5655 40.07208
1202199301 116.56552 40.0721
1202199601 116.56553 40.07213
1202199901 116.56556 40.07212
1202200201 116.56553 40.07205
1202200501 116.56551 40.07215
1202200801 116.56557 40.07209
1202201101 116.5645 40.07208
1202201401 116.5709 40.06328
1202201701 116.58177 40.06783
1202202001 116.58152 40.0699
1202202301 116.58143 40.06994
1202202601 116.58145 40.06993
1202202901 116.58159 40.07
1202203501 116.58142 40.06987
1202203801 116.58141 40.06992
1202204101 116.58109 40.072
1202204101 116.58109 40.072
1202204401 116.58103 40.07202
1202204701 116.58112 40.07201
1202205001 116.58105 40.07243
1202205301 116.58111 40.07248
1202205600 116.581 40.07246
1202205900 116.58188 40.07585
1202206200 116.58182 40.07598
1202206500 116.58181 40.07576
1202206800 116.58186 40.07579
1202207102 116.5819 40.07579
1202207400 116.58185 40.07594
1202207700 116.58183 40.07596
1202208000 116.58179 40.07596
1202208300 116.58179 40.07599
1202208600 116.58186 40.07586
1202208900 116.58191 40.07597
1202209200 116.58182 40.07606
1202209500 116.58211 40.07463
1202209800 116.58192 40.0746
1202210100 116.58218 40.07464
1202210400 116.58217 40.07469
1202210700 116.58368 40.07625
1202211000 116.58367 40.07626
1202211300 116.58357 40.07646
1202211590 116.58761 40.07739
1202211873 116.58761 40.07739
1202212155 116.58761 40.07739
1202212437 116.58761 40.07739
1202212720 116.58761 40.07739
1202213002 116.58761 40.07739
1202213150 116.58761 40.07739
1202213557 116.57936 40.04723
1202213857 116.51533 40.01582
1202214157 116.46284 39.96967
1202214457 116.40488 39.94775
1202214757 116.35146 39.94291
1202215057 116.35001 39.91973
1202215357 116.33886 39.91394
1202215560 116.33701 39.90439
1202215860 116.33664 39.90207
1202216160 116.33946 39.90168
1202216460 116.33946 39.90172
1202216760 116.33946 39.90173
1202217060 116.34183 39.8976
1202217360 116.34487 39.89617
1202217660 116.34496 39.89617
1202217960 116.345 39.8961
1202218260 116.34498 39.89599
1202218560 116.34496 39.89618
1202218680 116.34583 39.89628
1202218980 116.33657 39.89647
1202219280 116.31858 39.89595
1202219348 116.3155 39.896
1202219648 116.32896 39.9059
1202220005 116.34095 39.90587
1202220303 116.3504 39.90634
1202220903 116.34972 39.94937
1202221374 116.3471 39.99834
1202221670 116.35996 39.99239
1202221970 116.36163 39.98063
1202222270 116.35824 39.9806
1202222570 116.35818 39.98059
1202222870 116.35826 39.98045
1202223170 116.35813 39.98053
1202223470 116.34937 39.98014
1202223600 116.34934 39.98008
1202223770 116.34932 39.98008
1202224070 116.34934 39.98004
1202224370 116.34947 39.98007
1202224670 116.34953 39.98016
1202225270 116.34949 39.98009
1202225270 116.34949 39.98009
1202225270 116.34949 39.98009
1202225270 116.34949 39.98009
1202225570 116.34955 39.9801
1202225870 116.34951 39.98012
1202226170 116.34953 39.98017
1202226385 116.35006 39.98026
1202226685 116.36816 39.97917
1202226786 116.37019 39.97822
1202227086 116.37316 39.97772
1202227386 116.36011 39.97536
1202227686 116.35272 39.97537
1202227986 116.34728 39.96654
1202228437 116.34914 39.93704
1202228586 116.34914 39.93611
1202228886 116.34916 39.93592
1202229186 116.34909 39.93661
1202229486 116.34902 39.9369
1202229531 116.34941 39.93639
1202229831 116.3397 39.93117
1202230131 116.3203 39.93098
1202230431 116.29044 39.93123
1202230488 116.28858 39.93129
1202230488 116.28858 39.93129
1202230788 116.28226 39.92328
1202231088 116.30389 39.91585
1202231388 116.30385 39.91157
1202231688 116.30404 39.91038
1202231988 116.30391 39.90942
1202232182 116.30227 39.90653
1202232482 116.30431 39.8834
1202232783 116.30903 39.8853
1202233047 116.31098 39.88367
1202233347 116.31202 39.87047
1202233947 116.34295 39.85952
1202234247 116.34333 39.85952
1202234547 116.34326 39.85951
1202234547 116.34326 39.85951
1202234847 116.34284 39.85961
1202235447 116.34281 39.85954
1202235747 116.34284 39.85961
1202236046 116.34284 39.85962
1202236346 116.34289 39.85961
1202236646 116.34285 39.8596
1202236946 116.34281 39.85958
1202237246 116.34291 39.85955
1202237546 116.34278 39.85958
1202237846 116.34284 39.85954
1202238146 116.34289 39.85964
1202238446 116.34285 39.85955
1202238746 116.34843 39.86285
1202239046 116.34822 39.86311
1202239346 116.34855 39.86312
1202239646 116.34841 39.86293
1202239946 116.35748 39.86739
1202240623 116.42647 39.86939
1202240846 116.42742 39.86931
1202241146 116.42756 39.86924
1202241446 116.42764 39.86925
1202241492 116.42855 39.86927
1202242092 116.34302 39.87814
1202242092 116.34302 39.87814
1202242392 116.32339 39.89583
1202242946 116.30866 39.95074
1202243169 116.30601 39.96218
1202243184 116.30715 39.96252
1202243455 116.32009 39.96578
1202243755 116.35014 39.95662
1202243810 116.35204 39.9564
1202244110 116.35531 39.96094
1202244410 116.35502 39.96097
1202244410 116.35502 39.96097
1202245010 116.35511 39.96099
1202245310 116.35511 39.96099
1202245610 116.355 39.96102
1202245910 116.35509 39.9611
1202246210 116.35494 39.96115
1202246510 116.35517 39.9613
1202246810 116.35501 39.96115
1202247110 116.35501 39.96109
1202247264 116.35537 39.96126
1202247564 116.36011 39.96138
1202247864 116.36461 39.94723
1202248164 116.34989 39.92415
1202248531 116.36163 39.89817
1202248764 116.3781 39.896
1202249112 116.38326 39.882
1202249303 116.38906 39.8796
1202249676 116.40629 39.89084
1202249976 116.42117 39.89566
1202250276 116.42093 39.90662
1202250498 116.41651 39.91151
1202250498 116.41651 39.91151
1202250798 116.42184 39.90363
1202251098 116.43874 39.8859
1202251398 116.40858 39.87106
1202251698 116.40208 39.86729
1202251998 116.40216 39.86704
1202252298 116.40225 39.86729
1202252898 116.40232 39.86734
1202253198 116.40231 39.86729
1202253498 116.40213 39.86737
1202253798 116.40219 39.86724
1202254098 116.40216 39.86714
1202254398 116.40203 39.86714
1202254698 116.40218 39.86717
1202254998 116.40228 39.86721
1202255298 116.40212 39.86719
1202255898 116.40211 39.86721
1202256198 116.40219 39.86723
1202256498 116.40223 39.86725
1202256798 116.40222 39.86724
1202257098 116.40221 39.86727
1202257398 116.40216 39.86722
1202257698 116.40219 39.86723
1202258298 116.4021 39.86729
1202258598 116.40219 39.86719
1202258898 116.40217 39.86719
1202259198 116.40225 39.86725
1202259198 116.40225 39.86725
1202259497 116.40212 39.86715
1202259797 116.40216 39.86712
1202260097 116.40213 39.86714
1202260397 116.40217 39.86714
1202260697 116.40224 39.86735
1202260997 116.40219 39.86724
1202261297 116.40228 39.86726
1202261597 116.40222 39.8674
1202261897 116.40224 39.86723
1202262197 116.40212 39.8672
1202262497 116.40226 39.86704
1202262797 116.40232 39.86708
1202263097 116.40219 39.86721
1202263397 116.40224 39.86707
1202263997 116.40224 39.86723
1202264297 116.4022 39.86724
1202264597 116.40217 39.86713
1202264897 116.40219 39.86732
1202265197 116.40211 39.8673
1202265497 116.40212 39.86733
1202265797 116.40216 39.86727
1202266097 116.40197 39.86733
1202266397 116.40211 39.8673
1202266697 116.4021 39.86728
1202266997 116.40237 39.86725
1202267297 116.40229 39.86724
1202267597 116.40226 39.86734
1202267897 116.4023 39.86727
1202268197 116.40225 39.86744
1202268497 116.40213 39.86747
1202268797 116.40208 39.86741
1202269097 116.40207 39.86733
1202269397 116.4022 39.86728
1202269697 116.40221 39.86723
1202269997 116.40223 39.86733
1202270297 116.40225 39.86732
1202270596 116.40228 39.86728
1202271196 116.40221 39.86728
1202271496 116.40225 39.86737
1202272096 116.4022 39.86727
1202272396 116.40219 39.86729
1202272696 116.40202 39.86714
1202273296 116.40227 39.86731
1202273596 116.4022 39.86729
1202273896 116.40234 39.86745
1202274196 116.40221 39.86718
1202274500 116.40217 39.86718
1202274796 116.40207 39.86709
1202275396 116.40219 39.8672
1202275696 116.40219 39.86716
1202276596 116.40207 39.86737
1202276896 116.40218 39.86727
1202277196 116.40208 39.86726
1202277496 116.40217 39.86732
1202277796 116.40207 39.86737
1202278096 116.4022 39.86723
1202278396 116.40213 39.8672
1202278696 116.40216 39.86711
1202278996 116.4022 39.86706
1202279296 116.40217 39.86725
1202279596 116.40223 39.86718
1202279896 116.40221 39.86725
1202280196 116.40214 39.86716
1202280496 116.40255 39.86697
1202280796 116.40231 39.86714
1202281096 116.40218 39.86702
1202281396 116.40232 39.86705
1202281695 116.40223 39.86724
1202281995 116.40229 39.86713
1202282295 116.40233 39.86711
1202282595 116.40207 39.86728
1202282895 116.40225 39.8673
1202283195 116.40221 39.86723
1202283795 116.40237 39.86718
1202284095 116.40233 39.8673
1202284695 116.40237 39.86721
1202285295 116.40229 39.86718
1202285295 116.40229 39.86718
1202285595 116.40219 39.8672
1202285895 116.40217 39.86726
1202286195 116.40212 39.86739
1202286495 116.40222 39.86727
1202286795 116.40228 39.86719
1202287095 116.4023 39.86724
1202287395 116.40219 39.86721
1202287695 116.40232 39.86723
1202287995 116.40243 39.86724
1202288295 116.40232 39.86722
1202288595 116.4023 39.86713
1202289195 116.40211 39.86713
1202289495 116.40209 39.86722
1202289795 116.40225 39.86721
1202290095 116.40252 39.86746
1202290395 116.40236 39.86739
1202290695 116.40224 39.86741
1202291295 116.40222 39.86707
1202291595 116.40204 39.86721
1202291895 116.40218 39.8673
1202292195 116.40218 39.86732
1202292495 116.40222 39.86732
1202292794 116.40218 39.86731
1202293094 116.40217 39.86727
1202293394 116.40212 39.86722
1202293694 116.40219 39.86726
1202293994 116.40219 39.86727
1202293994 116.40219 39.86727
1202294294 116.40207 39.86718
1202294594 116.40218 39.86725
1202294894 116.40215 39.86714
1202295194 116.40217 39.8672
1202295494 116.40217 39.86722
1202295794 116.40212 39.8672
1202296094 116.40214 39.86716
1202296394 116.40214 39.86711
1202296694 116.40219 39.86728
1202296994 116.40229 39.86726
1202297294 116.40109 39.86755
1202297594 116.38402 39.8701
1202297894 116.34224 39.86714
1202298794 116.3312 39.78307
1202299094 116.33123 39.78318
1202299394 116.33129 39.78317
1202299694 116.33119 39.78312
1202299994 116.33124 39.78314
1202300294 116.33128 39.78326
1202300594 116.33124 39.78314
1202300894 116.33123 39.78298
1202301194 116.33116 39.78301
1202302094 116.32564 39.78371
1202302394 116.33082 39.80216
1202302694 116.33993 39.82546
1202302694 116.33993 39.82546
1202302994 116.3413 39.85556
1202303294 116.3428 39.85938
1202303594 116.3428 39.8594
1202303894 116.34283 39.85939
1202304193 116.34274 39.85935
1202304493 116.34275 39.85945
1202304793 116.34273 39.85953
1202305093 116.34274 39.8595
1202305693 116.34598 39.86074
1202305993 116.34599 39.8608
1202306293 116.34603 39.86077
1202306593 116.35603 39.86684
1202306893 116.3783 39.86935
1202307193 116.41624 39.86976
1202307493 116.43273 39.86894
1202307793 116.42594 39.86459
1202307829 116.425 39.86453
1202308129 116.42567 39.85777
1202308381 116.43289 39.85421
1202308681 116.43252 39.86411
1202309001 116.42805 39.86452
1202309301 116.41181 39.86979
1202309601 116.3535 39.86719
1202309873 116.32818 39.86741
1202310173 116.35347 39.8669
1202310328 116.35827 39.8613
1202310473 116.34845 39.86124
1202310773 116.34845 39.86136
1202311073 116.34843 39.86135
1202311373 116.34843 39.86125
1202311973 116.34832 39.86133
1202311973 116.34832 39.86133
1202312273 116.34848 39.8611
1202312273 116.34848 39.8611
1202312573 116.34844 39.86132
1202312873 116.34842 39.86127
1202313173 116.34841 39.86122
1202313473 116.34841 39.86129
1202313773 116.34841 39.86122
1202314073 116.34843 39.86126
1202314373 116.34843 39.86124
1202314673 116.34842 39.86133
1202314973 116.34835 39.86131
1202315273 116.34844 39.86129
1202315573 116.34841 39.86122
1202315873 116.34842 39.86125
1202316173 116.34845 39.8613
1202316473 116.34848 39.86147
1202316773 116.34839 39.86122
1202317373 116.34841 39.86117
1202317673 116.34844 39.86125
1202317973 116.34836 39.86118
1202318273 116.34845 39.86127
1202318873 116.36235 39.86822
1202318875 116.36258 39.8683
1202319475 116.4504 39.88307
1202319775 116.46012 39.88056
1202319852 116.45799 39.88069
1202320152 116.43425 39.8844
1202320225 116.43383 39.88772
1202320525 116.40947 39.89164
1202320825 116.40031 39.89457
1202321425 116.39388 39.88534
1202321669 116.3891 39.88239
1202321969 116.38909 39.88128
1202322269 116.38908 39.88137
1202322569 116.38925 39.88137
1202322869 116.38906 39.88133
1202323169 116.38908 39.88051
1202323469 116.39122 39.8851
1202323769 116.40097 39.87044
1202324069 116.42754 39.86925
1202324369 116.42753 39.86929
1202324669 116.4276 39.86922
1202324736 116.42839 39.86929
1202324736 116.42839 39.86929
1202325036 116.38382 39.86994
1202325357 116.34266 39.89048
1202325636 116.31522 39.89627
1202325662 116.31521 39.89625
1202325936 116.32881 39.90615
1202326183 116.34048 39.91256
1202326183 116.34048 39.91256
1202326483 116.35021 39.91254
1202326483 116.35021 39.91254
1202326783 116.35152 39.90765
1202326783 116.35152 39.90765
1202326935 116.35081 39.90802
1202327235 116.34239 39.89508
1202327535 116.3452 39.88032
1202327538 116.34523 39.88046
1202327838 116.34755 39.87846
1202328075 116.34257 39.87197
1202328255 116.33312 39.86696
1202328555 116.34751 39.8666
1202328566 116.34792 39.8666
1202329166 116.36683 39.85184
1202329238 116.36779 39.85073
1202329466 116.37086 39.8492
1202329713 116.37727 39.85052
1202329858 116.38018 39.84462
1202330036 116.37243 39.84128
1202330636 116.33687 39.80603
1202330936 116.32274 39.78602
1202331127 116.32821 39.78338
1202331426 116.34007 39.80813
1202331726 116.34188 39.86144
1202332026 116.32834 39.89603
1202332151 116.31521 39.89621
1202332636 116.32938 39.90565
1202333018 116.30886 39.90996
1202333126 116.31485 39.90934
1202333726 116.3988 39.90645
1202333726 116.3988 39.90645
1202334026 116.42974 39.90272
1202334216 116.42721 39.89742
1202334516 116.42858 39.89742
1202334816 116.43865 39.88612
1202335416 116.3481 39.86717
1202335716 116.3396 39.83765
1202336016 116.32753 39.8002
1202336316 116.32816 39.78304
1202336616 116.33111 39.78311
1202336916 116.33116 39.78315
1202337216 116.33107 39.78325
1202337516 116.33106 39.78317
1202337816 116.33089 39.78294
1202338116 116.33099 39.78305
1202338416 116.33104 39.78309
1202338716 116.33108 39.78312
1202339016 116.33107 39.78304
1202339316 116.33117 39.78308
1202339616 116.33123 39.78315
1202339916 116.33116 39.78302
1202340216 116.33127 39.78314
1202340516 116.33122 39.78323
1202340816 116.33127 39.78303
1202341116 116.33124 39.7833
1202341415 116.33103 39.78331
1202341715 116.33111 39.78291
1202342015 116.33121 39.78305
1202342315 116.33113 39.78298
1202342615 116.3312 39.78298
1202342915 116.33118 39.78303
1202343215 116.3312 39.78308
1202343515 116.33131 39.78312
1202343815 116.33131 39.78307
1202344115 116.33122 39.78312
1202344415 116.33118 39.78304
1202344715 116.33116 39.78299
1202344715 116.33116 39.78299
1202345015 116.33112 39.78289
1202345315 116.33129 39.78313
1202345615 116.33115 39.78312
1202345615 116.33115 39.78312
1202345915 116.33115 39.78292
1202346215 116.33109 39.78294
1202346515 116.33115 39.78293
1202346815 116.33112 39.78303
1202347115 116.33112 39.78293
1202347415 116.3311 39.78297
1202347715 116.33118 39.78307
1202348015 116.33111 39.78319
1202348315 116.33115 39.78322
1202348615 116.33113 39.78282
1202348915 116.33111 39.78302
1202349215 116.33098 39.78298
1202349515 116.33117 39.78311
1202350415 116.33099 39.78284
1202350715 116.33122 39.78308
1202351015 116.33109 39.78299
1202351315 116.33114 39.78298
1202351615 116.33116 39.78295
1202351915 116.33114 39.78291
1202352215 116.33117 39.78299
1202352514 116.33119 39.78284
1202352814 116.33102 39.78304
1202353114 116.33111 39.78303
1202354014 116.33115 39.78311
1202354314 116.33118 39.78319
1202354314 116.33118 39.78319
1202354614 116.33123 39.78324
1202354914 116.3313 39.78319
1202355214 116.3312 39.78316
1202355514 116.3311 39.78316
1202355814 116.33118 39.78312
1202356114 116.33104 39.78273
1202356414 116.33113 39.78308
1202356714 116.33118 39.78295
1202357014 116.33123 39.78326
1202357314 116.33113 39.78319
1202357614 116.33115 39.78319
1202357614 116.33115 39.78319
1202357914 116.33116 39.78324
1202358214 116.33112 39.78318
1202358514 116.33135 39.78326
1202358814 116.33125 39.78323
1202359114 116.3311 39.78322
1202359414 116.33111 39.7832
1202359714 116.33125 39.78327
1202360014 116.33129 39.7831
1202360314 116.33117 39.78318
1202360614 116.33123 39.78293
1202360914 116.33115 39.78291
1202361214 116.33129 39.78319
1202361514 116.3313 39.78303
1202361816 116.33116 39.78294
1202362114 116.3312 39.78295
1202362414 116.33096 39.78308
1202362714 116.33103 39.78307
1202363014 116.33113 39.78309
1202363014 116.33113 39.78309
1202363314 116.33106 39.78306
1202363314 116.33106 39.78306
1202363613 116.3315 39.783
1202363913 116.33086 39.78317
1202364213 116.33116 39.78317
1202364513 116.33102 39.78318
1202364813 116.33112 39.78335
1202365113 116.33097 39.78327
1202365413 116.331 39.7834
1202366013 116.33118 39.78304
1202366313 116.3311 39.78298
1202366613 116.33115 39.78315
1202366913 116.33118 39.78289
1202367213 116.33113 39.78298
1202367513 116.33113 39.7829
1202367813 116.3311 39.78305
1202368113 116.3312 39.78315
1202368413 116.33117 39.78312
1202368713 116.33116 39.78288
1202369013 116.33127 39.78328
1202369313 116.33129 39.78302
1202369613 116.33115 39.78298
1202369913 116.33121 39.78293
1202370213 116.33122 39.78299
1202370813 116.3312 39.78291
1202371113 116.33122 39.78278
1202371413 116.33118 39.78287
1202371713 116.33123 39.78288
1202372013 116.3313 39.78304
1202372013 116.3313 39.78304
1202372313 116.33118 39.78289
1202372613 116.33127 39.78297
1202372913 116.33116 39.78298
1202373213 116.33123 39.78287
1202373513 116.33106 39.78319
1202373813 116.33116 39.78272
1202374113 116.33114 39.78305
1202374413 116.33118 39.78297
1202374713 116.33123 39.78289
1202375012 116.33135 39.7829
1202375312 116.33115 39.78293
1202375612 116.33122 39.78297
1202376212 116.33123 39.78318
1202376512 116.3313 39.78321
1202376812 116.33134 39.78319
1202377112 116.33121 39.78289
1202377412 116.33117 39.78323
1202377712 116.33114 39.78326
1202378312 116.33109 39.78304
1202378612 116.33105 39.78316
1202378912 116.3312 39.78303
1202379212 116.33112 39.78317
1202379512 116.33116 39.78311
1202379812 116.33112 39.78322
1202380112 116.33153 39.78343
1202380712 116.33115 39.78337
1202380712 116.33115 39.78337
1202381012 116.33108 39.78334
1202381312 116.33114 39.78326
1202381612 116.33127 39.78318
1202381912 116.3311 39.78328
1202382212 116.33109 39.78317
1202382512 116.33114 39.78335
1202382812 116.33112 39.78296
1202383112 116.33108 39.78299
1202383412 116.33112 39.78323
1202383712 116.33113 39.78312
1202384012 116.33145 39.7831
1202384312 116.33122 39.78311
1202384612 116.33103 39.78319
1202384912 116.32553 39.78372
1202385212 116.32744 39.80002
1202385512 116.33919 39.82069
1202385570 116.33984 39.82475
1202385870 116.35246 39.84459
1202386170 116.36054 39.84381
1202386469 116.36088 39.84344
1202386770 116.35898 39.84138
1202387070 116.33117 39.82953
1202387346 116.3072 39.8351
1202387516 116.29842 39.83953
1202387816 116.28014 39.84047
1202388116 116.30838 39.86574
1202388444 116.30598 39.90722
1202388715 116.30676 39.91026
1202388966 116.32383 39.90967
1202389266 116.34368 39.91243
1202389289 116.34527 39.9125
1202389589 116.35004 39.92478
1202389889 116.37486 39.94744
1202390189 116.40644 39.94775
1202390482 116.41828 39.94761
1202390789 116.42678 39.95802
1202390956 116.42927 39.95318
1202391256 116.42883 39.95303
1202391551 116.42823 39.95438
1202391850 116.41865 39.96712
1202392150 116.40283 39.9675
1202392450 116.34821 39.97117
1202392750 116.32745 39.98505
1202393008 116.31781 39.9818
1202393308 116.32728 39.97862
1202393608 116.34671 39.9731
1202393908 116.35513 39.96091
1202394208 116.35507 39.96116
1202394507 116.35518 39.96116
1202394807 116.35513 39.96123
1202395107 116.35505 39.9611
1202395407 116.355 39.96115
1202395707 116.35489 39.96114
1202396007 116.3547 39.96131
1202396307 116.35473 39.9613
1202396607 116.35515 39.961
1202396732 116.3552 39.96081
1202396907 116.35498 39.96103
1202397207 116.35497 39.96134
1202397507 116.3552 39.96092
1202397639 116.35567 39.96113
1202397939 116.35487 39.96123
1202398277 116.34966 39.9281
1202399168 116.33196 39.922
1202399468 116.31964 39.93329
1202399768 116.31814 39.94955
1202400067 116.31492 39.96649
1202400483 116.31525 39.97962
1202400627 116.32736 39.97683
1202401104 116.36023 39.96633
1202401392 116.42137 39.96792
1202401535 116.43365 39.96578
1202401834 116.42853 39.9531
1202402134 116.42854 39.953
1202402253 116.42881 39.95727
1202402553 116.41224 39.95692
1202402853 116.41245 39.95478
1202403330 116.41263 39.95053
1202403330 116.41263 39.95053
1202403630 116.40534 39.94792
1202403930 116.40517 39.9482
1202404086 116.40511 39.94812
1202404386 116.39928 39.94745
1202404686 116.4025 39.93395
1202404986 116.41113 39.92377
1202405251 116.41152 39.90824
1202405551 116.41119 39.90822
1202405623 116.41118 39.90765
1202405882 116.41233 39.89598
1202406139 116.4121 39.89689
1202406439 116.41444 39.88296
1202406739 116.42416 39.86715
1202406793 116.42437 39.86358
1202407093 116.42504 39.8645
1202407093 116.42504 39.8645
1202407099 116.42448 39.86467
1202407099 116.42448 39.86467
1202407399 116.39924 39.8707
1202407699 116.36833 39.88158
1202407999 116.3687 39.89435
1202408016 116.36865 39.89436
1202408316 116.369 39.89431
1202408343 116.36865 39.89464
1202408642 116.36823 39.89792
1202408942 116.36815 39.89469
1202409242 116.3681 39.87842
1202409534 116.36503 39.85907
1202409834 116.35826 39.86369
1202410134 116.34905 39.86092
1202410434 116.34909 39.86091
1202410734 116.34839 39.8609
1202411034 116.34836 39.86382
1202411334 116.36308 39.86829
1202411634 116.40355 39.87041
1202411934 116.42763 39.86914
1202412215 116.42956 39.86921
1202412814 116.36827 39.88381
1202413114 116.35738 39.88987
1202413414 116.35717 39.90335
1202413521 116.3603 39.90778
1202413821 116.36777 39.9061
1202414121 116.36812 39.8942
1202414421 116.36801 39.87587
1202414478 116.368 39.87103
1202414778 116.36734 39.86221
1202415130 116.40109 39.85546
1202415178 116.4036 39.85547
1202415477 116.37114 39.85587
1202415777 116.33953 39.8355
1202416077 116.33161 39.80285
1202416377 116.3251 39.78362
1202416377 116.3251 39.78362
1202416677 116.32592 39.78377
1202416977 116.33127 39.78302
1202417277 116.33136 39.78294
1202417577 116.33127 39.78299
1202417877 116.33126 39.78303
1202418177 116.33131 39.78293
1202418477 116.33133 39.78292
1202418777 116.33132 39.78302
1202419077 116.33132 39.78295
1202419377 116.33136 39.78305
1202419677 116.33135 39.7831
1202419977 116.33139 39.78299
1202420277 116.33127 39.7831
1202420577 116.33132 39.78318
1202420877 116.33133 39.7831
1202421177 116.33121 39.78302
1202421477 116.33133 39.78319
1202421777 116.33139 39.78322
1202422077 116.33122 39.78308
1202422377 116.33136 39.78314
1202422677 116.33132 39.78294
1202422977 116.33119 39.78308
1202423277 116.33127 39.78306
1202423577 116.33126 39.78298
1202423877 116.33125 39.78318
1202424177 116.33125 39.78305
1202424477 116.33128 39.78311
1202424777 116.33128 39.78312
1202425077 116.33125 39.78286
1202425077 116.33125 39.78286
1202425377 116.33129 39.78295
1202425677 116.33128 39.78304
1202425976 116.3313 39.78298
1202426276 116.33125 39.78293
1202426576 116.33126 39.78294
1202426876 116.33123 39.78296
1202427176 116.33131 39.78297
1202427476 116.33138 39.78307
1202427776 116.33132 39.783
1202428076 116.33128 39.78296
1202428376 116.33121 39.78289
1202428676 116.33136 39.78308
1202428976 116.33136 39.783
1202429276 116.3314 39.78313
1202429576 116.33119 39.78296
1202429876 116.33131 39.78305
1202430176 116.33132 39.7831
1202430476 116.3313 39.78311
1202430776 116.33113 39.78302
1202431076 116.33125 39.783
1202431376 116.33131 39.78309
1202431676 116.33131 39.78299
1202431976 116.33128 39.78294
1202432276 116.3312 39.78306
1202432576 116.33118 39.78302
1202432876 116.33129 39.7829
1202433176 116.33127 39.783
1202433476 116.33129 39.78305
1202433776 116.33127 39.78327
1202433776 116.33127 39.78327
1202434076 116.33122 39.78321
1202434376 116.33121 39.78305
1202434676 116.33101 39.78316
1202434976 116.33111 39.78327
1202435276 116.33125 39.78294
1202435576 116.33124 39.78295
1202435876 116.33127 39.78298
1202437375 116.33121 39.78302
1202438875 116.33136 39.78316
1202439175 116.33134 39.78318
1202439475 116.33134 39.78312
1202439775 116.33122 39.78316
1202440075 116.33128 39.78305
1202440375 116.33136 39.78312
1202440675 116.33123 39.7829
1202440975 116.33132 39.78298
1202441275 116.33129 39.78294
1202441575 116.33123 39.78306
1202441875 116.33127 39.78311
1202442175 116.3313 39.78293
1202442475 116.33122 39.78314
1202442475 116.33122 39.78314
1202442775 116.33123 39.7831
1202443075 116.33128 39.78317
1202443375 116.33129 39.78318
1202443675 116.33151 39.78327
1202443975 116.33136 39.78323
1202444275 116.33127 39.78304
1202444575 116.33144 39.78323
1202444875 116.33147 39.78326
1202444875 116.33147 39.78326
1202445175 116.33125 39.7829
1202445475 116.33139 39.78315
1202445775 116.33136 39.78286
1202446075 116.33146 39.78302
1202446375 116.33136 39.78313
1202446675 116.33128 39.78325
1202446975 116.3313 39.78291
1202447275 116.33132 39.78301
1202447575 116.33131 39.78293
1202447875 116.33142 39.78306
1202448174 116.33134 39.78299
1202448474 116.33139 39.78309
1202448774 116.33122 39.78291
1202449074 116.33081 39.78307
1202449374 116.33113 39.78314
1202449674 116.33103 39.78296
1202449974 116.33121 39.78318
1202450274 116.33121 39.78312
1202450574 116.33129 39.78321
1202450874 116.33121 39.78313
1202451174 116.33123 39.78328
1202451174 116.33123 39.78328
1202451474 116.33116 39.78295
1202451774 116.33139 39.783
1202452074 116.33129 39.78298
1202452374 116.33134 39.78313
1202452674 116.3312 39.78292
1202452974 116.33128 39.78306
1202453274 116.33128 39.78281
1202453574 116.33127 39.78294
1202453874 116.33123 39.78307
1202454174 116.33124 39.783
1202454474 116.33136 39.78311
1202454774 116.33133 39.78313
1202455074 116.33137 39.78307
1202455374 116.33119 39.78272
1202455674 116.33125 39.78293
1202455974 116.33128 39.78301
1202456274 116.33136 39.78305
1202456574 116.33117 39.78277
1202456874 116.33139 39.78303
1202457174 116.33134 39.78311
1202457474 116.33133 39.7831
1202457774 116.33142 39.783
1202458074 116.33132 39.78324
1202458374 116.33125 39.78294
1202458674 116.33129 39.78299
1202458974 116.33134 39.78292
1202459273 116.33132 39.78294
1202459573 116.33122 39.78295
1202459873 116.33134 39.78292
1202459873 116.33134 39.78292
1202460173 116.33137 39.78295
1202460473 116.33128 39.78281
1202460773 116.33121 39.78313
1202461073 116.33132 39.78301
1202461373 116.33133 39.78295
1202461673 116.33135 39.78298
1202461973 116.33125 39.78316
1202462273 116.33134 39.78304
1202462573 116.33136 39.78316
1202462873 116.33108 39.78315
1202463173 116.33143 39.78306
1202463473 116.33133 39.78324
1202463773 116.33126 39.78317
1202464073 116.33131 39.78309
1202464373 116.33071 39.78305
1202464673 116.33129 39.78312
1202464973 116.33091 39.78291
1202465273 116.33139 39.78316
1202465573 116.33139 39.7831
1202465873 116.3312 39.78312
1202466173 116.3313 39.78309
1202466473 116.33117 39.78308
1202466773 116.33117 39.78296
1202467073 116.33132 39.78336
1202467373 116.32848 39.78254
1202467673 116.32832 39.80062
1202467973 116.33983 39.83727
1202468273 116.36962 39.86894
1202468573 116.42714 39.86932
1202468573 116.42714 39.86932
1202468873 116.42267 39.87978
1202469173 116.42358 39.88938
1202469471 116.42825 39.88971
1202469680 116.42825 39.88971
1202469995 116.41858 39.8826
1202470295 116.39949 39.87073
1202470591 116.368 39.86915
1202470807 116.36256 39.86548
1202470895 116.35886 39.86684
1202470895 116.35886 39.86684
1202471195 116.35755 39.88148
1202471495 116.35761 39.89783
1202471551 116.35979 39.89801
1202471830 116.36832 39.89074
1202472130 116.36809 39.90277
1202472430 116.37603 39.90849
1202472570 116.37168 39.90618
1202472730 116.36765 39.90599
1202472963 116.36075 39.90865
1202473030 116.35737 39.90807
1202473330 116.36733 39.90563
1202473630 116.39345 39.90622
1202473930 116.41935 39.90687
1202474028 116.42089 39.90416
1202474328 116.40571 39.89849
1202474328 116.40571 39.89849
1202474546 116.41225 39.89766
1202474846 116.415 39.8711
1202475146 116.41717 39.85613
1202475446 116.43287 39.84509
1202475750 116.42981 39.85631
1202475895 116.43264 39.85557
1202476195 116.43262 39.85666
1202476495 116.43309 39.86471
1202476795 116.43826 39.8899
1202477095 116.42953 39.90806
1202477395 116.43678 39.92581
1202477436 116.43836 39.92561
1202477735 116.45541 39.92182
1202477819 116.46084 39.92141
1202478036 116.45276 39.92232
1202478336 116.43481 39.92281
1202478636 116.40476 39.92298
1202478936 116.37844 39.92111
1202479236 116.35758 39.92251
1202479536 116.3333 39.92169
1202479558 116.33328 39.92168
1202479858 116.33165 39.92156
1202480075 116.33457 39.92684
1202480675 116.36813 39.89537
1202480817 116.37315 39.89532
1202481117 116.36825 39.89776
1202481417 116.34733 39.89971
1202481417 116.34733 39.89971
1202481717 116.34201 39.89471
1202482017 116.33652 39.89287
1202482317 116.34231 39.88147
1202482343 116.34221 39.87971
1202482617 116.33201 39.87189
1202482917 116.34039 39.86723
1202483114 116.34437 39.86009
1202483414 116.34603 39.86815
1202483674 116.34276 39.89204
1202483703 116.34276 39.89204
1202484213 116.32844 39.90321
1202484813 116.34156 39.85966
1202484813 116.34156 39.85966
1202485113 116.34322 39.85954
1202485413 116.34325 39.85955
1202485713 116.34323 39.85958
1202486013 116.34848 39.86128
1202486313 116.34861 39.86107
1202486613 116.3485 39.86128
1202486913 116.34848 39.86133
1202487213 116.34839 39.86095
1202487513 116.34846 39.86125
1202487813 116.34846 39.86118
1202488113 116.3484 39.86117
1202488413 116.34846 39.8614
1202488713 116.34835 39.8612
1202489013 116.34844 39.86115
1202489313 116.34841 39.86123
1202489613 116.34842 39.86139
1202489913 116.34836 39.86141
1202490213 116.34853 39.86146
1202490513 116.3485 39.86132
1202490813 116.34846 39.86125
1202491113 116.34852 39.86138
1202491413 116.34851 39.8613
1202491713 116.34837 39.8612
1202492013 116.3485 39.86134
1202492313 116.34851 39.86127
