UTS Latitude Longitude
1201960104 116.34235 39.89284
1201960405 116.32692 39.88877
1201960707 116.31205 39.88679
1201961009 116.30452 39.90392
1201961613 116.30404 39.89916
1201961918 116.46829 39.87843
1201961918 116.46829 39.87843
1201961918 116.46829 39.87843
1201963122 116.28386 39.87756
1201963750 116.22881 39.84342
1201964631 116.24136 39.85567
1201964932 116.26511 39.86743
1201965838 116.30055 39.88061
1201966139 116.30015 39.88128
1201966441 116.32394 39.88863
1201967045 116.37751 39.88799
1201967950 116.42954 39.91173
1201968252 116.43246 39.92289
1201968554 116.44353 39.9215
1201968856 116.44952 39.90687
1201969459 116.45576 39.92611
1201969761 116.456 39.9463
1201970063 116.44915 39.94908
1201970063 116.44915 39.94908
1201972167 116.47938 39.95554
1201972468 116.48299 39.96975
1201972770 116.50526 39.97241
1201973072 116.51145 39.97658
1201973977 116.51145 39.97658
1201974581 116.51145 39.97658
1201974882 116.51145 39.97658
1201975184 116.51145 39.97658
1201975486 116.51145 39.97658
1201975788 116.51145 39.97658
1201976090 116.51145 39.97658
1201976391 116.51145 39.97658
1201976693 116.51145 39.97658
1201976995 116.51145 39.97658
1201977297 116.51145 39.97658
1201977599 116.51145 39.97658
1201977900 116.51145 39.97658
1201977900 116.51145 39.97658
1201978202 116.51145 39.97658
1201978806 116.51145 39.97658
1201979108 116.51145 39.97658
1201979409 116.51145 39.97658
1201979711 116.51145 39.97658
1201980013 116.51145 39.97658
1201980315 116.51145 39.97658
1201980616 116.51145 39.97658
1201980918 116.51145 39.97658
1201981220 116.51145 39.97658
1201981522 116.51145 39.97658
1201981824 116.51145 39.97658
1201982125 116.51145 39.97658
1201982427 116.51145 39.97658
1201982729 116.51145 39.97658
1201983031 116.51145 39.97658
1201983333 116.51145 39.97658
1201983634 116.51145 39.97658
1201983936 116.51145 39.97658
1201984540 116.51145 39.97658
1201984842 116.51145 39.97658
1201985143 116.51145 39.97658
1201985143 116.51145 39.97658
1201985445 116.51145 39.97658
1201985747 116.51145 39.97658
1201986048 116.51145 39.97658
1201986350 116.51145 39.97658
1201986629 116.51664 39.97648
1201986944 116.51667 39.97646
1201986944 116.51667 39.97646
1201986944 116.51667 39.97646
1201986944 116.51667 39.97646
1201986944 116.51667 39.97646
1201986944 116.51667 39.97646
1201986944 116.51667 39.97646
1201986944 116.51667 39.97646
1201986944 116.51667 39.97646
1201986944 116.51667 39.97646
1201990574 116.51311 39.97715
1201990876 116.50843 39.99963
1201991177 116.53177 40.00694
1201991386 116.53922 40.0058
1201991716 116.53917 40.00574
1201991716 116.53917 40.00574
1201991716 116.53917 40.00574
1201991716 116.53917 40.00574
1201991716 116.53917 40.00574
1201991716 116.53917 40.00574
1201991716 116.53917 40.00574
1201991716 116.53917 40.00574
1201991716 116.53917 40.00574
1201991716 116.53917 40.00574
1201991716 116.53917 40.00574
1201991716 116.53917 40.00574
1201991716 116.53917 40.00574
1201991716 116.53917 40.00574
1201991716 116.53917 40.00574
1201991716 116.53917 40.00574
1201991716 116.53917 40.00574
1201991716 116.53917 40.00574
1201991716 116.53917 40.00574
1201991716 116.53917 40.00574
1201991716 116.53917 40.00574
1201991716 116.53917 40.00574
1201991716 116.53917 40.00574
1202001684 116.53696 40.00731
1202001985 116.49841 40.00071
1202002287 116.48402 39.9852
1202002589 116.50535 39.99001
1202002891 116.50171 39.99753
1202003193 116.48352 39.9825
1202003494 116.46149 39.97141
1202003796 116.46032 39.97077
1202004098 116.46032 39.97077
1202005003 116.46022 39.97115
1202005305 116.44932 39.97935
1202005909 116.47623 40.09103
1202006211 116.51695 40.11028
1202006814 116.62749 40.11647
1202007116 116.69764 40.12474
1202007418 116.796 40.14673
1202007719 116.88429 40.1521
1202008021 116.97945 40.14363
1202008323 117.06905 40.14391
1202008625 117.09806 40.14413
1202008927 117.11678 40.15895
1202008927 117.11678 40.15895
1202009282 117.11673 40.15896
1202009282 117.11673 40.15896
1202009282 117.11673 40.15896
1202009282 117.11673 40.15896
1202009282 117.11673 40.15896
1202009282 117.11673 40.15896
1202009282 117.11673 40.15896
1202009282 117.11673 40.15896
1202009282 117.11673 40.15896
1202009282 117.11673 40.15896
1202009282 117.11673 40.15896
1202009282 117.11673 40.15896
1202009282 117.11673 40.15896
1202009282 117.11673 40.15896
1202009282 117.11673 40.15896
1202009282 117.11673 40.15896
1202009282 117.11673 40.15896
1202009282 117.11673 40.15896
1202035242 117.11634 40.15273
1202035543 117.10519 40.14429
1202035845 117.1038 40.14433
1202037355 116.82818 40.14987
1202037657 116.76083 40.13944
1202037959 116.69707 40.12475
1202038261 116.65092 40.11629
1202038563 116.6073 40.1167
1202038864 116.56476 40.11651
1202039468 116.53559 40.0541
1202039770 116.51762 40.02488
1202040072 116.50541 40.00954
1202040675 116.49171 40.003
1202040977 116.49171 40.003
1202042283 116.4822 39.98821
1202042283 116.4822 39.98821
1202042585 116.47917 39.97617
1202042886 116.47929 39.97407
1202043188 116.47548 39.9698
1202043490 116.4755 39.96983
1202043792 116.4755 39.96983
1202044094 116.47523 39.96984
1202044395 116.45494 39.95402
1202044697 116.43734 39.95849
1202044999 116.43574 39.95369
1202045301 116.4335 39.95223
1202045602 116.43755 39.94578
1202045904 116.43378 39.93521
1202046206 116.43375 39.93444
1202046810 116.43374 39.93437
1202047111 116.42929 39.93246
1202047413 116.42838 39.91878
1202047715 116.41473 39.907
1202048017 116.40669 39.91369
1202048319 116.41168 39.90573
1202048620 116.63365 39.83315
1202048620 116.42954 39.90788
1202048922 116.41513 39.9481
1202049223 116.36399 39.94702
1202049525 116.34846 39.96573
1202049525 116.34846 39.96573
1202049827 116.34215 39.97507
1202050128 116.33947 39.9742
1202050430 116.35877 39.98042
1202051034 116.3631 39.9864
1202051336 116.37221 39.97886
1202051336 116.37221 39.97886
1202051637 116.37266 39.94972
1202052241 116.34976 39.92538
1202052543 116.35028 39.91249
1202052844 116.35372 39.91249
1202053146 116.33987 39.91707
1202053448 116.33788 39.92751
1202053750 116.34548 39.93107
1202054052 116.34699 39.93428
1202054353 116.32742 39.93264
1202054655 116.31952 39.93877
1202054957 116.318 39.95186
1202055259 116.31662 39.96124
1202055561 116.3153 39.96535
1202055862 116.29336 39.98882
1202056164 116.27471 40.022
1202056466 116.26369 40.03038
1202057070 116.27033 40.02664
1202057371 116.27033 40.02664
1202057673 116.28173 40.00873
1202057975 116.29735 39.98291
1202058277 116.30064 39.96915
1202058578 116.29726 39.95897
1202058880 116.289 39.94421
1202059182 116.28977 39.94583
1202060719 116.30134 39.96053
1202061020 116.31626 39.96557
1202061322 116.33442 39.96608
1202061645 116.38396 39.96697
1202061926 116.43717 39.96346
1202062227 116.44237 39.97242
1202062528 116.44766 39.97807
1202062830 116.44857 39.97902
1202063132 116.46259 39.98454
1202063434 116.47196 39.98633
1202063735 116.4703 40.00063
1202063735 116.4703 40.00063
1202064037 116.4622 39.99539
1202064339 116.45257 39.99946
1202064641 116.45105 39.98752
1202064943 116.44767 39.97825
1202065244 116.41854 39.96803
1202065546 116.38338 39.96704
1202065848 116.34981 39.96644
1202066150 116.32219 39.96616
1202066452 116.31663 39.95945
1202066753 116.31063 39.95037
1202067055 116.31081 39.95035
1202067357 116.31612 39.9637
1202067659 116.32087 39.96584
1202068262 116.34783 39.98563
1202068564 116.34603 40.00521
1202068866 116.33378 39.99818
1202069168 116.33152 39.99792
1202069469 116.35075 39.99996
1202069771 116.33704 39.99177
1202070073 116.34709 39.98366
1202070375 116.34828 39.96623
1202070677 116.38337 39.96694
1202070978 116.41588 39.9678
1202071280 116.45542 39.94826
1202071280 116.45542 39.94826
1202071582 116.46075 39.94585
1202071884 116.46027 39.95831
1202072186 116.47666 39.97578
1202072487 116.47603 39.97054
1202072789 116.47545 39.96983
1202073091 116.47622 39.97327
1202073393 116.47622 39.97327
1202073695 116.47622 39.97327
1202073996 116.4692 39.96714
1202074298 116.45372 39.95302
1202074600 116.44406 39.93519
1202074902 116.43246 39.93255
1202075204 116.43362 39.9347
1202075505 116.43357 39.93432
1202075807 116.43761 39.93283
1202076109 116.43437 39.92316
1202076411 116.42633 39.90382
1202076711 116.42411 39.90677
1202077013 116.42609 39.90395
1202077315 116.43897 39.88327
1202077617 116.4499 39.87929
1202077919 116.45052 39.88317
1202078220 116.45879 39.88912
1202078522 116.46058 39.89233
1202079126 116.4593 39.90515
1202079428 116.46722 39.90693
1202079729 116.46323 39.91231
1202080031 116.45551 39.95061
1202080333 116.43349 39.95889
1202080635 116.43962 39.95591
1202080937 116.4448 39.95853
1202081238 116.45548 39.94881
1202081540 116.45525 39.92362
1202081842 116.45584 39.93195
1202082144 116.43611 39.93239
1202082446 116.4328 39.94565
1202082747 116.44496 39.95223
1202083049 116.4283 39.94347
1202083049 116.4283 39.94347
1202083351 116.37547 39.94762
1202083653 116.36407 39.93926
1202083954 116.35246 39.93882
1202084256 116.34764 39.93924
1202084558 116.34151 39.95194
1202085162 116.35834 39.93097
1202085463 116.37355 39.92912
1202085765 116.37301 39.9394
1202086067 116.37868 39.96667
1202086067 116.37868 39.96667
1202086369 116.37559 39.96693
1202086671 116.30689 39.9628
1202086972 116.29567 39.93603
1202087274 116.29799 39.93554
1202087576 116.30468 39.92684
1202087878 116.32844 39.9233
1202088180 116.3302 39.93112
1202088481 116.31871 39.94448
1202088783 116.31105 39.94681
1202089085 116.31768 39.95329
1202089387 116.33971 39.95687
1202089689 116.35534 39.95493
1202089990 116.3649 39.95143
1202090291 116.38554 39.95229
1202090593 116.41154 39.94779
1202091196 116.41116 39.93961
1202091498 116.39929 39.95729
1202091800 116.40098 39.95758
1202092102 116.40748 39.93922
1202092404 116.42766 39.94162
1202092705 116.42626 39.95242
1202093007 116.42628 39.95246
1202093243 116.42631 39.95258
1202093550 116.42622 39.95279
1202093550 116.42622 39.95279
1202093550 116.42622 39.95279
1202093550 116.42622 39.95279
1202095494 116.4262 39.95286
1202095795 116.41935 39.94086
1202096097 116.41951 39.93638
1202096399 116.43737 39.93237
1202096557 116.43757 39.93534
1202098179 116.42848 39.93258
1202098445 116.41072 39.93587
1202098752 116.41072 39.93587
1202098752 116.41072 39.93587
1202098752 116.41072 39.93587
1202098752 116.41072 39.93587
1202098752 116.41072 39.93587
1202098752 116.41072 39.93587
1202098752 116.41072 39.93587
1202101175 116.41076 39.93584
1202101476 116.41076 39.93584
1202101778 116.42862 39.93965
1202102080 116.43644 39.93511
1202102382 116.43537 39.93507
1202102684 116.43537 39.93507
1202103287 116.43533 39.93509
1202103589 116.43533 39.93509
1202103891 116.43517 39.93485
1202104193 116.43528 39.935
1202104494 116.4353 39.93502
1202105098 116.4353 39.93502
1202105400 116.43526 39.93499
1202105702 116.43526 39.93499
1202106003 116.43526 39.93499
1202106305 116.43519 39.93499
1202106607 116.43519 39.93499
1202106909 116.43513 39.935
1202107211 116.43515 39.93502
1202107512 116.43504 39.935
1202107814 116.43504 39.93501
1202107814 116.43504 39.93501
1202108116 116.43509 39.93494
1202108418 116.43515 39.93493
1202108719 116.43521 39.93492
1202109021 116.43519 39.93491
1202109323 116.43519 39.93491
1202109625 116.43533 39.93484
1202109927 116.4352 39.93491
1202110228 116.43538 39.93499
1202110530 116.43553 39.93508
1202110832 116.43533 39.93467
1202111134 116.43528 39.93478
1202111436 116.43495 39.93487
1202111737 116.4338 39.93431
1202112039 116.43384 39.93428
1202112341 116.43383 39.93433
1202112945 116.43385 39.93434
1202113246 116.43374 39.93413
1202113548 116.45205 39.95984
1202113850 116.50826 40.01048
1202114151 116.56966 40.03713
1202114453 116.5775 40.04544
1202114754 116.58345 40.05136
1202115358 116.58204 40.07028
1202115358 116.58204 40.07028
1202115660 116.58659 40.07871
1202115961 116.58062 40.07651
1202116263 116.57143 40.06328
1202116565 116.55054 40.07198
1202116867 116.55054 40.07198
1202117169 116.55517 40.10025
1202117470 116.58091 40.11683
1202117772 116.64302 40.1162
1202118074 116.70544 40.12349
1202118376 116.77127 40.14219
1202118678 116.83021 40.15008
1202118979 116.90008 40.15251
1202119281 116.97333 40.14521
1202119583 117.04469 40.14498
1202119885 117.10358 40.14412
1202120187 117.1092 40.14518
1202120488 117.1092 40.14518
1202120790 117.11246 40.14011
1202121092 117.11271 40.13571
1202121394 117.11271 40.13571
1202121696 117.11386 40.13581
1202121997 117.11719 40.13525
1202122299 117.11555 40.12564
1202122530 117.10932 40.11678
1202126290 117.11608 40.12611
1202126592 117.11702 40.12731
1202126894 117.12825 40.13496
1202127060 117.13808 40.13528
1202127674 117.11672 40.14304
1202127976 117.11245 40.14536
1202128278 117.13057 40.13494
1202128580 117.11731 40.13706
1202128881 117.10496 40.14339
1202129183 117.06786 40.14393
1202129485 116.99481 40.13977
1202129787 116.94337 40.15052
1202130089 116.8737 40.15191
1202130390 116.79527 40.14665
1202130692 116.72176 40.1213
1202130994 116.66297 40.11518
1202131296 116.59338 40.1169
1202131598 116.55506 40.10033
1202131598 116.55506 40.10033
1202131899 116.54746 40.06223
1202132201 116.51819 40.02572
1202132503 116.49545 40.00098
1202132804 116.47072 39.97786
1202133105 116.46028 39.97088
1202133407 116.46027 39.97088
1202133709 116.45094 39.96478
1202134011 116.44008 39.96118
1202134313 116.41912 39.95791
1202134614 116.41134 39.95774
1202134916 116.40294 39.9492
1202135218 116.41045 39.94312
1202135520 116.41035 39.93935
1202135822 116.42811 39.93936
1202136123 116.43317 39.94262
1202136425 116.43317 39.94262
1202137872 116.48249 39.98817
1202138174 116.51018 40.01373
1202138475 116.54757 40.06218
1202138777 116.56335 40.1162
1202139381 116.68206 40.11594
1202139683 116.75245 40.13532
1202139984 116.82304 40.14902
1202140286 116.90765 40.15238
1202140588 116.97959 40.14353
1202140588 116.97959 40.14353
1202140890 117.04679 40.14527
1202141192 117.10136 40.14406
1202141493 117.11219 40.13892
1202142459 117.11246 40.1458
1202142459 117.11246 40.1458
1202142459 117.11246 40.1458
1202142459 117.11246 40.1458
1202142459 117.11246 40.1458
1202142459 117.11246 40.1458
1202142459 117.11246 40.1458
1202142459 117.11246 40.1458
1202142459 117.11246 40.1458
1202142459 117.11246 40.1458
1202142459 117.11246 40.1458
1202142459 117.11246 40.1458
1202142459 117.11246 40.1458
1202142459 117.11246 40.1458
1202142459 117.11246 40.1458
1202142459 117.11246 40.1458
1202142459 117.11246 40.1458
1202142459 117.11246 40.1458
1202142459 117.11246 40.1458
1202142459 117.11246 40.1458
1202142459 117.11246 40.1458
1202142459 117.11246 40.1458
1202142459 117.11246 40.1458
1202157254 117.11246 40.14583
1202157556 117.10509 40.14309
1202157857 117.10509 40.14309
1202158138 117.11247 40.14572
1202160398 117.11997 40.1384
1202160628 117.11283 40.13583
1202160934 117.11287 40.13582
1202160934 117.11287 40.13582
1202160934 117.11287 40.13582
1202160934 117.11287 40.13582
1202160934 117.11287 40.13582
1202160934 117.11287 40.13582
1202160934 117.11287 40.13582
1202160934 117.11287 40.13582
1202164262 117.1356 40.13519
1202164564 117.12087 40.14128
1202164866 117.11283 40.14678
1202165167 117.11047 40.15068
1202165585 117.11014 40.15022
1202166197 117.09432 40.14879
1202166499 117.08399 40.13887
1202166801 117.09684 40.14353
1202167102 117.11244 40.14518
1202167404 117.08447 40.13873
1202167576 117.08118 40.13818
1202199585 117.08113 40.13817
1202199887 117.10062 40.13871
1202200189 117.089 40.1446
1202200491 117.00981 40.14052
1202200793 116.91961 40.15189
1202201094 116.82392 40.14917
1202201698 116.68606 40.11896
1202202000 116.62124 40.11648
1202202301 116.56198 40.1179
1202202603 116.55103 40.07636
1202202905 116.53474 40.05331
1202203207 116.5109 40.01489
1202203509 116.48239 39.98838
1202203810 116.47323 39.97896
1202203810 116.47323 39.97896
1202204112 116.42734 39.9456
1202204414 116.42101 39.92317
1202204716 116.40464 39.9237
1202205319 116.42767 39.92998
1202205922 116.45783 39.86928
1202206224 116.44988 39.87458
1202206526 116.43825 39.89063
1202206827 116.41299 39.89984
1202207129 116.40607 39.9012
1202207431 116.41132 39.90918
1202207733 116.42004 39.92205
1202208035 116.42791 39.93165
1202208336 116.4324 39.94521
1202208638 116.43363 39.95223
1202208940 116.43363 39.95228
1202209242 116.43363 39.95228
1202209543 116.44475 39.9549
1202209845 116.45534 39.92189
1202210147 116.45661 39.90845
1202210449 116.44762 39.91254
1202210751 116.44754 39.9141
1202211052 116.44425 39.91991
1202211354 116.4476 39.92558
1202211656 116.45488 39.92191
1202211958 116.48445 39.92165
1202212260 116.51131 39.92995
1202212561 116.51133 39.93399
1202212863 116.49646 39.9351
1202213165 116.4836 39.9195
1202213467 116.44781 39.90725
1202213769 116.44651 39.91784
1202214070 116.44605 39.92553
1202214372 116.45517 39.92065
1202214674 116.45533 39.8984
1202214976 116.46148 39.87873
1202215278 116.46134 39.88049
1202215579 116.47058 39.883
1202215881 116.47741 39.87738
1202216183 116.4677 39.88307
1202217884 116.44375 39.90724
1202218208 116.43511 39.91197
1202218488 116.42768 39.9385
1202218790 116.38345 39.94763
1202219092 116.36672 39.94749
1202219393 116.36124 39.94472
1202219695 116.35219 39.95019
1202219997 116.35536 39.95448
1202220302 116.35485 39.95645
1202220604 116.33674 39.95677
1202220906 116.32186 39.956
1202221208 116.31763 39.95068
1202221208 116.31763 39.95068
1202221509 116.31944 39.93354
1202221810 116.33746 39.93101
1202222112 116.35646 39.93096
1202222414 116.36712 39.92428
1202222716 116.36729 39.91833
1202223017 116.36745 39.91484
1202223319 116.36759 39.9087
1202223621 116.3681 39.90286
1202223923 116.38556 39.90213
1202224225 116.40548 39.90219
1202224526 116.40539 39.90736
1202225130 116.39766 39.90661
1202225432 116.3939 39.90646
1202225734 116.38311 39.90613
1202226035 116.3797 39.90601
1202226337 116.35702 39.90595
1202226639 116.32321 39.90633
1202226941 116.31628 39.9065
1202227243 116.30253 39.90631
1202227544 116.29285 39.90637
1202227846 116.28909 39.91098
1202228148 116.30544 39.92258
1202228450 116.32847 39.91748
1202228751 116.34686 39.91694
1202228751 116.34686 39.91694
1202229053 116.35005 39.92969
1202229355 116.36243 39.93886
1202229657 116.34618 39.93932
1202229959 116.30717 39.94004
1202230260 116.30411 39.92182
1202230864 116.31343 39.89543
1202232678 116.33061 39.89573
1202232979 116.35065 39.89982
1202233281 116.35038 39.91131
1202233583 116.34989 39.92593
1202233884 116.36694 39.94727
1202234186 116.40201 39.94416
1202234488 116.41034 39.9394
1202234790 116.43225 39.93966
1202234790 116.43225 39.93966
1202235092 116.44252 39.94741
1202235393 116.47569 39.98109
1202235695 116.52825 40.02044
1202235997 116.58417 40.05316
1202236299 116.58621 40.0795
1202236601 116.57629 40.08786
1202236902 116.58219 40.11516
1202237204 116.62088 40.11631
1202237506 116.66414 40.11482
1202237808 116.7018 40.12421
1202238109 116.76303 40.13991
1202238411 116.81896 40.14864
1202239015 116.93966 40.15063
1202239317 117.00954 40.14041
1202239618 117.0672 40.14385
1202239920 117.09693 40.14361
1202240222 117.10452 40.14414
1202240524 117.11246 40.1457
1202240825 117.09528 40.14419
1202241126 117.08083 40.13873
1202241428 117.10595 40.14417
1202241596 117.11245 40.14569
1202242277 117.11252 40.14677
1202249872 117.11237 40.1458
1202250299 117.11232 40.14579
1202250299 117.11232 40.14579
1202250299 117.11232 40.14579
1202250299 117.11232 40.14579
1202250299 117.11232 40.14579
1202250299 117.11232 40.14579
1202250299 117.11232 40.14579
1202250299 117.11232 40.14579
1202250299 117.11232 40.14579
1202250299 117.11232 40.14579
1202253592 117.11355 40.14735
1202253932 117.11249 40.14583
1202254287 117.11251 40.14589
1202254287 117.11251 40.14589
1202254287 117.11251 40.14589
1202254287 117.11251 40.14589
1202254287 117.11251 40.14589
1202254287 117.11251 40.14589
1202254287 117.11251 40.14589
1202254287 117.11251 40.14589
1202254287 117.11251 40.14589
1202254287 117.11251 40.14589
1202254287 117.11251 40.14589
1202254287 117.11251 40.14589
1202254287 117.11251 40.14589
1202254287 117.11251 40.14589
1202254287 117.11251 40.14589
1202254287 117.11251 40.14589
1202259406 117.11249 40.14577
1202259723 117.11247 40.14581
1202259723 117.11247 40.14581
1202259723 117.11247 40.14581
1202259723 117.11247 40.14581
1202259723 117.11247 40.14581
1202259723 117.11247 40.14581
1202259723 117.11247 40.14581
1202259723 117.11247 40.14581
1202259723 117.11247 40.14581
1202259723 117.11247 40.14581
1202259723 117.11247 40.14581
1202259723 117.11247 40.14581
1202259723 117.11247 40.14581
1202259723 117.11247 40.14581
1202259723 117.11247 40.14581
1202259723 117.11247 40.14581
1202259723 117.11247 40.14581
1202259723 117.11247 40.14581
1202259723 117.11247 40.14581
1202259723 117.11247 40.14581
1202259723 117.11247 40.14581
1202259723 117.11247 40.14581
1202259723 117.11247 40.14581
1202287493 117.11245 40.14576
1202287794 117.10211 40.14419
1202288096 117.03097 40.14302
1202288398 116.9502 40.15002
1202288700 116.84854 40.15193
1202289001 116.77649 40.14368
1202289303 116.69485 40.12444
1202289605 116.63005 40.11639
1202289907 116.55661 40.10836
1202290209 116.54043 40.05669
1202290510 116.50821 40.03294
1202290812 116.47351 40.02021
1202290812 116.47351 40.02021
1202291114 116.46147 40.00056
1202291328 116.46219 39.99428
1202291653 116.46243 39.99443
1202292264 116.45977 39.98724
1202292566 116.47596 39.96157
1202292868 116.46648 39.92962
1202293170 116.46446 39.93239
1202293471 116.45773 39.9426
1202293773 116.46172 39.95524
1202296356 116.47156 39.90133
1202296658 116.47175 39.90429
1202299373 116.57941 40.04695
1202299674 116.58676 40.07803
1202299976 116.58567 40.0683
1202300278 116.58807 40.04785
1202302409 116.42731 39.9771
1202302409 116.42731 39.9771
1202302711 116.44501 39.98172
1202303012 116.47478 39.98783
1202303314 116.4652 39.98702
1202303616 116.47378 39.98832
1202303918 116.47635 39.98879
1202304219 116.4725 40.00013
1202304521 116.47446 39.99716
1202304823 116.44815 39.99566
1202305125 116.42631 39.99232
1202305427 116.42008 39.99229
1202305728 116.41174 40.02508
1202306030 116.40844 40.02635
1202306332 116.40841 40.02633
1202306634 116.40839 40.02512
1202306936 116.40154 40.00557
1202307237 116.40091 39.98588
1202307539 116.45349 39.98379
1202307841 116.46528 39.98817
1202308143 116.47478 39.98781
1202308445 116.45761 39.97495
1202309048 116.412 40.03058
1202309350 116.4076 40.05477
1202309652 116.40501 40.04621
1202309954 116.41508 40.06325
1202310255 116.42296 40.07816
1202310557 116.42134 40.06255
1202310859 116.41182 40.06038
1202311161 116.40299 40.06649
1202311764 116.41959 40.03923
1202312066 116.41125 40.03179
1202312368 116.39776 40.00828
1202312670 116.3607 40.01066
1202312971 116.39134 40.00832
1202313273 116.40138 39.99372
1202313575 116.40173 39.96072
1202314179 116.42654 39.93958
1202314480 116.45412 39.93989
1202316144 116.64761 40.11606
1202318257 117.10486 40.14158
1202318836 117.11244 40.14562
1202318836 117.11244 40.14562
1202318836 117.11244 40.14562
1202318836 117.11244 40.14562
1202320353 117.11253 40.14442
1202320646 117.12022 40.14045
1202320952 117.12032 40.14045
1202320952 117.12032 40.14045
1202320952 117.12032 40.14045
1202320952 117.12032 40.14045
1202320952 117.12032 40.14045
1202320952 117.12032 40.14045
1202320952 117.12032 40.14045
1202320952 117.12032 40.14045
1202323791 117.11621 40.1443
1202323963 117.11246 40.1457
1202331583 117.11675 40.14286
1202331752 117.12024 40.14047
1202332190 117.11243 40.14572
1202332754 117.1125 40.14566
1202333089 117.11247 40.14558
1202333089 117.11247 40.14558
1202333089 117.11247 40.14558
1202333089 117.11247 40.14558
1202333089 117.11247 40.14558
1202333089 117.11247 40.14558
1202333089 117.11247 40.14558
1202333089 117.11247 40.14558
1202333089 117.11247 40.14558
1202333089 117.11247 40.14558
1202333089 117.11247 40.14558
1202333089 117.11247 40.14558
1202337023 117.11354 40.1472
1202337378 117.11362 40.14735
1202337378 117.11362 40.14735
1202337378 117.11362 40.14735
1202337378 117.11362 40.14735
1202339353 117.11356 40.14713
1202339675 117.11357 40.14725
1202339675 117.11357 40.14725
1202339675 117.11357 40.14725
1202339675 117.11357 40.14725
1202339675 117.11357 40.14725
1202339675 117.11357 40.14725
1202339675 117.11357 40.14725
1202339675 117.11357 40.14725
1202339675 117.11357 40.14725
1202339675 117.11357 40.14725
1202339675 117.11357 40.14725
1202339675 117.11357 40.14725
1202339675 117.11357 40.14725
1202339675 117.11357 40.14725
1202339675 117.11357 40.14725
1202339675 117.11357 40.14725
1202339675 117.11357 40.14725
1202339675 117.11357 40.14725
1202339675 117.11357 40.14725
1202339675 117.11357 40.14725
1202339675 117.11357 40.14725
1202339675 117.11357 40.14725
1202339675 117.11357 40.14725
1202348736 117.12013 40.14144
1202349038 117.12046 40.14044
1202349340 117.11248 40.14583
1202349604 117.11354 40.14722
1202350662 117.11245 40.1457
1202351399 117.11246 40.14568
1202351814 117.11247 40.14572
1202351814 117.11247 40.14572
1202351814 117.11247 40.14572
1202351814 117.11247 40.14572
1202351814 117.11247 40.14572
1202351814 117.11247 40.14572
1202351814 117.11247 40.14572
1202351814 117.11247 40.14572
1202351814 117.11247 40.14572
1202351814 117.11247 40.14572
1202351814 117.11247 40.14572
1202351814 117.11247 40.14572
1202382240 117.11245 40.14571
1202382541 117.11245 40.14571
1202382843 117.11245 40.14571
1202383145 117.11245 40.14571
1202383447 117.11245 40.14571
1202383749 117.11245 40.14571
1202384050 117.11245 40.14571
1202384352 117.11245 40.14571
1202384654 117.11237 40.14569
1202384956 117.11218 40.14567
1202385257 117.11228 40.14569
1202385559 117.11228 40.14569
1202386163 117.11228 40.14569
1202386465 117.11228 40.14569
1202386766 117.11228 40.14569
1202387068 117.11228 40.14569
1202387370 117.11228 40.14569
1202387672 117.11242 40.14589
1202388029 117.1123 40.14574
1202388029 117.1123 40.14574
1202388029 117.1123 40.14574
1202388029 117.1123 40.14574
1202388029 117.1123 40.14574
1202388029 117.1123 40.14574
1202388029 117.1123 40.14574
1202388029 117.1123 40.14574
1202390753 117.10473 40.15224
1202395862 117.10359 40.15233
1202396164 117.11247 40.14582
1202406878 117.11254 40.14588
1202407180 117.11254 40.14588
1202407481 117.11254 40.14588
1202407783 117.1125 40.14588
1202408085 117.1125 40.14588
1202408387 117.1125 40.14588
1202408688 117.11242 40.14591
1202408990 117.11242 40.14591
1202409292 117.11242 40.14591
1202409594 117.11242 40.14591
1202409896 117.11242 40.14591
1202410197 117.11242 40.14591
1202410499 117.11242 40.14591
1202410801 117.11242 40.14591
1202411103 117.10545 40.14425
1202411405 117.0698 40.14871
1202411706 117.06746 40.16472
1202412008 117.06674 40.1648
1202412310 117.06674 40.1648
1202412612 117.06982 40.1476
1202412612 117.06982 40.1476
1202412914 117.10455 40.14416
1202413143 117.1125 40.14588
1202422863 117.11343 40.14718
1202422863 117.11343 40.14718
1202423407 117.1125 40.1458
1202423714 117.11247 40.14575
1202423714 117.11247 40.14575
1202423714 117.11247 40.14575
1202423714 117.11247 40.14575
1202423714 117.11247 40.14575
1202423714 117.11247 40.14575
1202423714 117.11247 40.14575
1202423714 117.11247 40.14575
1202423714 117.11247 40.14575
1202423714 117.11247 40.14575
1202423714 117.11247 40.14575
1202423714 117.11247 40.14575
1202423714 117.11247 40.14575
1202423714 117.11247 40.14575
1202423714 117.11247 40.14575
1202423714 117.11247 40.14575
1202423714 117.11247 40.14575
1202423714 117.11247 40.14575
1202423714 117.11247 40.14575
1202423714 117.11247 40.14575
1202423714 117.11247 40.14575
1202423714 117.11247 40.14575
1202462347 117.11235 40.1458
1202462649 117.11235 40.1458
1202462951 117.11235 40.1458
1202463253 117.11235 40.1458
1202463555 117.11353 40.14721
1202463855 117.11353 40.14721
1202464157 117.11353 40.14721
1202464459 117.11353 40.14721
1202464761 117.11353 40.14721
1202465063 117.11353 40.14721
1202465364 117.11353 40.14721
1202465666 117.11156 40.14892
1202465968 117.09672 40.14347
1202465968 117.09672 40.14347
1202466270 117.06539 40.14395
1202466572 116.98974 40.14107
1202466873 116.91292 40.15222
1202467175 116.82833 40.14987
1202467477 116.75977 40.13915
1202467779 116.68783 40.1205
1202468081 116.6278 40.11649
1202468382 116.58344 40.11708
1202468684 116.57546 40.08761
1202468986 116.58316 40.05133
1202469288 116.52455 40.01926
1202469589 116.47965 39.98498
1202469891 116.42685 39.94824
1202470193 116.3796 39.94754
1202470495 116.34995 39.92347
1202470797 116.32074 39.89585
1202471098 116.23957 39.8958
1202471400 116.21356 39.85662
1202471702 116.21 39.84255
1202472004 116.195 39.79865
1202472306 116.15052 39.77518
1202472607 116.1358 39.74672
1202472909 116.12272 39.72965
1202473211 116.13575 39.72969
1202473211 116.13575 39.72969
1202473513 116.13599 39.74953
1202473815 116.17343 39.78194
1202474116 116.20506 39.8368
1202474418 116.22653 39.84832
1202474720 116.25867 39.86296
1202475022 116.26642 39.85163
1202475324 116.28222 39.8584
1202475625 116.31994 39.86671
1202475927 116.37364 39.86924
1202476657 116.43358 39.8694
1202476959 116.43347 39.87242
1202477562 116.41435 39.85613
1202477562 116.41435 39.85613
1202477827 116.40416 39.85414
1202478168 116.3889 39.85572
1202478470 116.33956 39.83016
1202478772 116.3366 39.76156
1202479074 116.33956 39.7248
1202479376 116.34403 39.70582
1202479677 116.34764 39.69453
1202480281 116.34018 39.7312
1202480583 116.33793 39.77647
1202480885 116.36677 39.79423
1202481186 116.3965 39.80181
1202481488 116.4372 39.80352
1202481790 116.4449 39.8048
1202482092 116.40871 39.80404
1202482769 116.39435 39.85711
1202483071 116.40746 39.86558
1202483071 116.40746 39.86558
1202483675 116.40414 39.85415
1202485586 116.4659 39.96914
1202485888 116.46291 39.97732
1202486190 116.46038 39.97081
1202486492 116.46038 39.97072
1202486793 116.45702 39.96547
1202487095 116.43547 39.95843
1202487397 116.43744 39.95854
1202487699 116.45551 39.94825
1202488001 116.45613 39.9127
1202488001 116.45613 39.9127
1202488302 116.48353 39.91188
1202488604 116.4851 39.91146
1202488906 116.48323 39.89015
1202489208 116.48757 39.87472
1202489509 116.48005 39.87506
1202489811 116.47279 39.87024
1202490113 116.48398 39.88231
1202490415 116.48616 39.90552
1202490717 116.47201 39.90719
1202491018 116.49918 39.91461
1202491320 116.52339 39.9159
1202491622 116.49698 39.91482
1202491924 116.49407 39.92184
1202492226 116.47224 39.92709
