UTS Latitude Longitude
1201959534 116.44778 39.91993
1201959563 116.447 39.9202
1201959836 116.44046 39.9219
1201959865 116.43711 39.92231
1201960138 116.42632 39.9231
1201960166 116.42349 39.92312
1201960440 116.40275 39.92296
1201960742 116.37702 39.92129
1201961373 116.35534 39.92238
1201961373 116.35534 39.92238
1201961647 116.33116 39.92274
1201962279 116.34436 39.93109
1201962603 116.35026 39.94588
1201963156 116.35786 39.96614
1201963486 116.32977 39.96635
1201963788 116.31795 39.96568
1201964363 116.3231 39.96582
1201965268 116.40195 39.94689
1201965297 116.40204 39.94413
1201965872 116.40603 39.93196
1201966202 116.41019 39.92301
1201966777 116.37592 39.90892
1201966806 116.376 39.90858
1201967431 116.44619 39.95786
1201967431 116.44619 39.95786
1201967431 116.44619 39.95786
1201968285 116.36841 39.90939
1201968615 116.3678 39.91182
1201968615 116.3678 39.91182
1201968889 116.35896 39.9128
1201968917 116.35781 39.91358
1201969191 116.35679 39.92252
1201969219 116.35487 39.92245
1201969492 116.34963 39.93396
1201969492 116.34963 39.93396
1201969522 116.34944 39.93782
1201971086 116.36037 39.96613
1201971215 116.36327 39.96615
1201971388 116.36023 39.95658
1201971517 116.35531 39.95472
1201971517 116.35531 39.95472
1201971690 116.3522 39.95033
1201971991 116.35005 39.94786
1201972120 116.35024 39.94429
1201972595 116.33004 39.95141
1201972897 116.33803 39.96006
1201973199 116.32826 39.96496
1201973499 116.31545 39.96583
1201973628 116.30873 39.96349
1201973801 116.3026 39.96149
1201973930 116.2976 39.95907
1201974103 116.28753 39.95702
1201974232 116.27561 39.95605
1201974405 116.26898 39.96498
1201974544 116.27349 39.96011
1201974707 116.27787 39.95827
1201974707 116.27787 39.95827
1201975008 116.28853 39.9563
1201975310 116.28384 39.9308
1201975350 116.28612 39.93093
1201975612 116.30384 39.93103
1201975652 116.30597 39.93102
1201975914 116.32704 39.93102
1201976256 116.34331 39.92537
1201976517 116.34734 39.92683
1201976558 116.34967 39.92607
1201977121 116.36169 39.89813
1201977161 116.36458 39.89821
1201977423 116.37805 39.89591
1201978032 116.38786 39.88212
1201978201 116.3915 39.87729
1201978328 116.39238 39.87533
1201978503 116.39612 39.87437
1201978630 116.39519 39.87417
1201978805 116.39462 39.87903
1201978931 116.39417 39.87945
1201979107 116.39324 39.88515
1201979233 116.396 39.88589
1201979409 116.40621 39.89028
1201979535 116.40714 39.89581
1201979710 116.41141 39.89582
1201979837 116.41241 39.89877
1201980012 116.41217 39.90108
1201980139 116.41189 39.90635
1201980314 116.41171 39.913
1201980440 116.41953 39.91421
1201980616 116.42002 39.92139
1201980742 116.42662 39.92306
1201980918 116.43366 39.92263
1201981044 116.43534 39.92258
1201981219 116.43888 39.92195
1201981346 116.43896 39.92197
1201981521 116.43966 39.92184
1201981823 116.44721 39.91992
1201981949 116.455 39.917
1201982125 116.45494 39.90685
1201982251 116.47055 39.90672
1201982251 116.47055 39.90672
1201982427 116.4715 39.90262
1201982553 116.47159 39.90012
1201982728 116.47183 39.90231
1201982855 116.47183 39.90231
1201983030 116.47183 39.90231
1201983157 116.47183 39.90231
1201983332 116.48631 39.90741
1201983458 116.48391 39.91814
1201983634 116.48395 39.94744
1201983760 116.47199 39.96442
1201983935 116.46001 39.97224
1201984062 116.44945 39.97915
1201984237 116.42139 39.98784
1201984364 116.41818 39.98776
1201984539 116.41475 39.98771
1201984665 116.41089 39.99118
1201984841 116.41091 39.99311
1201984967 116.41091 39.98334
1201985143 116.41138 39.97416
1201985143 116.41138 39.97416
1201985269 116.41162 39.9688
1201985444 116.4179 39.96769
1201985571 116.4286 39.96797
1201985746 116.44003 39.96162
1201985873 116.44347 39.95929
1201986048 116.44347 39.95929
1201986174 116.44347 39.95929
1201986350 116.44357 39.95921
1201986476 116.44357 39.95921
1201986652 116.45558 39.94587
1201986778 116.45556 39.9396
1201986953 116.45541 39.92747
1201987080 116.45538 39.92459
1201987255 116.45544 39.91987
1201987382 116.45552 39.90957
1201987557 116.46511 39.90685
1201987859 116.47225 39.90709
1201987985 116.47202 39.90809
1201988160 116.47695 39.91406
1201988286 116.48336 39.91418
1201988461 116.49878 39.9145
1201988588 116.50557 39.91478
1201988763 116.51177 39.91539
1201988890 116.50001 39.91482
1201989065 116.48422 39.91646
1201989191 116.48392 39.93709
1201989367 116.46846 39.9667
1201989493 116.44836 39.97997
1201989668 116.4085 39.98732
1201989795 116.37872 39.98654
1201989970 116.33636 39.98528
1201990097 116.30422 39.98412
1201990398 116.3017 39.96133
1201990574 116.29439 39.95827
1201990700 116.28509 39.95662
1201990876 116.28287 39.95849
1201991002 116.28202 39.95805
1201991177 116.28319 39.95626
1201991304 116.28318 39.95626
1201991479 116.2832 39.95625
1201991606 116.2832 39.95625
1201991781 116.2833 39.95626
1201991907 116.2833 39.95626
1201992083 116.29287 39.95793
1201992209 116.29631 39.95876
1201992385 116.30212 39.96224
1201992511 116.30094 39.96919
1201992686 116.30811 39.97464
1201992686 116.30811 39.97464
1201992813 116.31267 39.97144
1201992988 116.31816 39.96581
1201993115 116.33782 39.96624
1201993290 116.37262 39.96682
1201993416 116.38741 39.96709
1201993592 116.42408 39.96811
1201993718 116.44522 39.95836
1201994975 116.47526 39.96989
1201995276 116.46363 39.96233
1201995573 116.46266 39.95388
1201995880 116.45997 39.94944
1201996478 116.41947 39.94842
1201996483 116.41947 39.94842
1201996780 116.41242 39.95544
1201996785 116.41242 39.95571
1201997087 116.40998 39.9484
1201997383 116.41899 39.93959
1201997389 116.41899 39.93959
1201997685 116.45044 39.93985
1201997992 116.45574 39.91141
1201998289 116.457 39.88301
1201998294 116.45779 39.88304
1201998596 116.46162 39.87573
1201998892 116.44929 39.8622
1201999194 116.38295 39.85572
1201999199 116.38173 39.85573
1201999501 116.3125 39.85491
1201999798 116.28795 39.86299
1201999803 116.28791 39.86232
1202000406 116.29399 39.86505
1202000703 116.30678 39.86841
1202000708 116.30643 39.86895
1202001005 116.30733 39.89543
1202001312 116.31266 39.89554
1202001614 116.31439 39.89544
1202001910 116.31439 39.89544
1202001915 116.31439 39.89544
1202002212 116.31591 39.89546
1202002514 116.33163 39.89599
1202002519 116.33289 39.89604
1202003117 116.40872 39.89959
1202003123 116.41004 39.89965
1202003419 116.42067 39.91186
1202003419 116.42067 39.91186
1202003721 116.42082 39.90693
1202004053 116.41852 39.90362
1202005894 116.40142 40.00178
1202005915 116.40142 40.00178
1202006497 116.40688 39.98198
1202007121 116.4016 39.95796
1202008005 116.38981 39.93618
1202008029 116.38981 39.93618
1202008609 116.41736 39.93956
1202008911 116.41743 39.93956
1202009536 116.41743 39.93956
1202009816 116.42821 39.92326
1202009837 116.4284 39.91924
1202010118 116.44525 39.90668
1202010721 116.44524 39.90668
1202011023 116.47342 39.90681
1202011045 116.47843 39.9068
1202011627 116.49893 39.95829
1202011928 116.48189 39.95692
1202012532 116.45593 39.94397
1202012554 116.45593 39.94397
1202012834 116.45593 39.94397
1202013157 116.45592 39.94402
1202013437 116.45592 39.94402
1202013459 116.45592 39.94402
1202013761 116.45592 39.94402
1202014645 116.45592 39.94402
1202014666 116.45592 39.94402
1202014946 116.45592 39.94402
1202014968 116.45592 39.94402
1202015248 116.45592 39.94402
1202015270 116.45592 39.94402
1202015550 116.45592 39.94402
1202015571 116.45592 39.94402
1202015852 116.45592 39.94402
1202015873 116.45592 39.94402
1202016153 116.45521 39.92346
1202016175 116.45518 39.92218
1202016175 116.45518 39.92218
1202016455 116.48335 39.9142
1202016477 116.48334 39.91419
1202016757 116.51185 39.9201
1202016757 116.51185 39.9201
1202016779 116.51178 39.92178
1202017080 116.551 39.92264
1202017361 116.54638 39.91482
1202017662 116.51617 39.91587
1202017684 116.51304 39.91552
1202018266 116.46975 39.91046
1202018298 116.46909 39.90854
1202018589 116.43771 39.90717
1202019222 116.41846 39.90364
1202019497 116.41846 39.90364
1202019796 116.41327 39.89959
1202020378 116.42079 39.90593
1202020378 116.42079 39.90593
1202020400 116.42081 39.90738
1202020680 116.43063 39.92316
1202021006 116.44323 39.93235
1202021304 116.45707 39.94852
1202021608 116.46235 39.96007
1202022918 116.50031 40.0056
1202022918 116.50031 40.0056
1202022918 116.50031 40.0056
1202022918 116.50031 40.0056
1202022918 116.50031 40.0056
1202022918 116.50031 40.0056
1202022918 116.50031 40.0056
1202022918 116.50031 40.0056
1202022918 116.50031 40.0056
1202022918 116.50031 40.0056
1202022918 116.50031 40.0056
1202022918 116.50031 40.0056
1202022918 116.50031 40.0056
1202022918 116.50031 40.0056
1202022918 116.50031 40.0056
1202022918 116.50031 40.0056
1202038782 116.49158 40.00299
1202038913 116.48729 40.00605
1202039084 116.47618 40.00746
1202039084 116.47618 40.00746
1202039386 116.47545 39.99194
1202039688 116.48107 39.9883
1202039819 116.48415 39.9898
1202039990 116.45958 39.96671
1202040121 116.43595 39.94827
1202040291 116.42757 39.9357
1202040422 116.42623 39.92616
1202040593 116.42582 39.92426
1202040724 116.42589 39.92431
1202040895 116.4258 39.92425
1202041197 116.42579 39.92425
1202041328 116.41992 39.9274
1202041499 116.42332 39.92804
1202041630 116.42332 39.92804
1202041800 116.42332 39.92804
1202041931 116.4279 39.92565
1202042102 116.42784 39.92419
1202042233 116.43186 39.92105
1202042404 116.4367 39.92117
1202042535 116.43484 39.91501
1202042706 116.43478 39.91243
1202043007 116.42278 39.90406
1202043139 116.42774 39.90709
1202043309 116.44636 39.90703
1202043440 116.45178 39.91002
1202043440 116.45178 39.91002
1202043611 116.45106 39.91197
1202043742 116.44752 39.91227
1202043913 116.44752 39.91227
1202044044 116.44752 39.91227
1202044215 116.44752 39.91234
1202044346 116.44752 39.91234
1202044516 116.44752 39.91234
1202044647 116.44752 39.91234
1202044818 116.44752 39.91234
1202044949 116.44752 39.91234
1202045120 116.44752 39.91234
1202045251 116.44733 39.91233
1202045422 116.44188 39.9073
1202045553 116.43479 39.90941
1202045855 116.42523 39.90365
1202046025 116.42329 39.90572
1202046156 116.43438 39.90701
1202046327 116.43761 39.90442
1202046458 116.4385 39.9057
1202046629 116.44333 39.90674
1202046629 116.44333 39.90674
1202046760 116.45403 39.90653
1202046930 116.45671 39.89926
1202047061 116.46774 39.89922
1202047231 116.46996 39.89927
1202047363 116.47021 39.89921
1202047533 116.47057 39.89923
1202047664 116.47124 39.89918
1202047835 116.4717 39.9046
1202047966 116.47179 39.90804
1202048137 116.47442 39.90951
1202048268 116.47177 39.90766
1202048439 116.44478 39.90724
1202048570 116.4378 39.90721
1202048740 116.41153 39.90691
1202048872 116.4019 39.90668
1202049042 116.38615 39.90625
1202049173 116.36707 39.9059
1202049344 116.34963 39.90658
1202049475 116.34476 39.89685
1202049777 116.30254 39.89518
1202049777 116.30254 39.89518
1202049948 116.30696 39.89561
1202050079 116.31351 39.89548
1202050249 116.31403 39.89532
1202050380 116.31463 39.8951
1202050551 116.31638 39.89525
1202050682 116.31637 39.89533
1202050853 116.31684 39.89536
1202050984 116.33057 39.89593
1202051155 116.36067 39.89806
1202051457 116.37842 39.89282
1202051588 116.37843 39.8887
1202052060 116.40027 39.88668
1202052191 116.41272 39.8859
1202052362 116.42308 39.89221
1202052493 116.43728 39.89232
1202052664 116.42986 39.90471
1202052795 116.44147 39.90714
1202052966 116.45192 39.90737
1202053097 116.45168 39.91065
1202053267 116.45501 39.9046
1202053398 116.45555 39.89908
1202053690 116.46694 39.89917
1202053700 116.46763 39.8992
1202053845 116.46826 39.8992
1202055757 116.47161 39.89937
1202056059 116.48202 39.90522
1202056107 116.48413 39.90909
1202056361 116.49575 39.92173
1202056409 116.50518 39.92185
1202056663 116.53262 39.92234
1202056711 116.54508 39.92257
1202056965 116.55709 39.91598
1202057013 116.55704 39.9154
1202057266 116.54112 39.9149
1202057314 116.53862 39.91509
1202057568 116.52692 39.91565
1202057616 116.52655 39.91575
1202057870 116.51608 39.9157
1202057918 116.51351 39.91547
1202058172 116.49157 39.91453
1202058220 116.4873 39.91442
1202058473 116.47284 39.91441
1202058521 116.47051 39.91447
1202058521 116.47051 39.91447
1202058775 116.45565 39.92767
1202058823 116.45535 39.93005
1202059077 116.44636 39.93993
1202059125 116.44569 39.93993
1202059379 116.43852 39.94001
1202059427 116.43853 39.94001
1202059681 116.42703 39.9397
1202059681 116.42703 39.9397
1202059729 116.42753 39.93597
1202059982 116.41612 39.9323
1202060030 116.41118 39.93233
1202060284 116.39704 39.93207
1202060332 116.39518 39.93207
1202060586 116.37869 39.93177
1202060634 116.37372 39.93161
1202060888 116.37363 39.92639
1202060936 116.37334 39.92893
1202061190 116.38539 39.93192
1202061238 116.38708 39.93198
1202061491 116.40251 39.93381
1202061539 116.40233 39.93829
1202061792 116.40177 39.95411
1202061840 116.40154 39.95645
1202062094 116.40144 39.96712
1202062142 116.40133 39.97115
1202062396 116.40442 39.99367
1202062444 116.41013 39.99378
1202062698 116.41552 39.99742
1202062746 116.41806 39.99568
1202064098 116.34785 39.9859
1202064287 116.34734 39.967
1202065550 116.33267 39.91278
1202065676 116.33052 39.9128
1202065852 116.32846 39.91495
1202065978 116.32847 39.91601
1202066154 116.33539 39.91709
1202066280 116.33673 39.9171
1202066455 116.33862 39.91942
1202066582 116.34498 39.92213
1202066757 116.35047 39.92234
1202066884 116.35363 39.92084
1202067059 116.35029 39.92081
1202067185 116.3502 39.92343
1202067361 116.34985 39.93009
1202067487 116.34938 39.94
1202067663 116.34855 39.96463
1202067789 116.34421 39.96648
1202067964 116.33571 39.96637
1202068091 116.32769 39.96627
1202068091 116.32769 39.96627
1202068266 116.32161 39.96618
1202068393 116.32102 39.96615
1202068568 116.31976 39.96633
1202068694 116.31453 39.96743
1202068870 116.31457 39.96866
1202068996 116.31457 39.96866
1202069172 116.31457 39.96866
1202069298 116.31938 39.9679
1202069473 116.31685 39.96568
1202069600 116.32775 39.96617
1202069775 116.33981 39.96622
1202069902 116.34665 39.96628
1202070077 116.36112 39.9664
1202070203 116.3769 39.96674
1202070379 116.39072 39.96713
1202070505 116.40456 39.96752
1202070680 116.42878 39.96798
1202070831 116.4404 39.96134
1202070982 116.44255 39.9635
1202070982 116.44255 39.9635
1202071109 116.44638 39.9649
1202071283 116.44345 39.9641
1202071283 116.44345 39.9641
1202071410 116.44274 39.96366
1202071585 116.43812 39.96336
1202071711 116.42598 39.96833
1202071887 116.42511 39.96637
1202072013 116.4235 39.96085
1202072188 116.41911 39.96081
1202072315 116.42254 39.95799
1202072490 116.43245 39.95822
1202072617 116.44004 39.96078
1202072792 116.44589 39.95781
1202072918 116.45235 39.95219
1202073094 116.45605 39.95518
1202073220 116.4623 39.96086
1202073396 116.4709 39.96864
1202073522 116.4816 39.96977
1202073697 116.4865 39.97063
1202073819 116.48969 39.9704
1202076915 116.48912 39.97069
1202077142 116.49711 39.96599
1202077216 116.49713 39.96315
1202077443 116.50605 39.94602
1202077518 116.51126 39.93952
1202077745 116.5366 39.93857
1202077820 116.53722 39.93069
1202078047 116.54572 39.92278
1202078122 116.53256 39.92246
1202078349 116.5123 39.92199
1202078424 116.51001 39.92201
1202078651 116.50732 39.92211
1202078725 116.50723 39.92209
1202078952 116.49005 39.92843
1202079027 116.49014 39.93023
1202079254 116.50998 39.92196
1202079329 116.51419 39.92213
1202079556 116.5339 39.9223
1202079631 116.54332 39.92248
1202079858 116.54775 39.92252
1202079933 116.53585 39.92241
1202080159 116.52544 39.93677
1202080233 116.52701 39.93555
1202080460 116.5348 39.93594
1202080535 116.5358 39.93823
1202080762 116.51539 39.94024
1202080837 116.50649 39.93789
1202081064 116.48452 39.9325
1202081139 116.48439 39.9325
1202081139 116.48439 39.9325
1202081366 116.46265 39.93248
1202081440 116.45747 39.93246
1202081668 116.44942 39.92705
1202081742 116.4458 39.9253
1202081969 116.4487 39.92404
1202082044 116.44864 39.92401
1202082271 116.44894 39.92268
1202082346 116.44453 39.92158
1202082573 116.43206 39.91684
1202082648 116.43153 39.91816
1202082875 116.43486 39.91633
1202082875 116.43486 39.91633
1202082949 116.43486 39.91441
1202083176 116.43069 39.90733
1202083251 116.42877 39.90685
1202083478 116.4261 39.90415
1202083780 116.4231 39.90374
1202083855 116.42338 39.90462
1202084082 116.4213 39.90479
1202084157 116.4213 39.90479
1202084384 116.4213 39.90479
1202084458 116.42104 39.90584
1202084685 116.42834 39.92151
1202084760 116.42782 39.93531
1202084987 116.39768 39.94766
1202085062 116.38209 39.9476
1202085289 116.3758 39.9672
1202086260 116.28221 39.95655
1202086387 116.29059 39.95742
1202086562 116.30122 39.95806
1202086689 116.30288 39.95261
1202086864 116.304 39.92565
1202086991 116.30321 39.90503
1202087165 116.32883 39.90602
1202087292 116.33831 39.90788
1202087467 116.33836 39.90595
1202087594 116.33636 39.90121
1202087769 116.33663 39.89186
1202087896 116.33664 39.89171
1202088071 116.33665 39.89152
1202088198 116.33667 39.8913
1202088373 116.32828 39.88685
1202088500 116.32477 39.88619
1202088674 116.33882 39.88825
1202088674 116.33882 39.88825
1202088801 116.34662 39.8879
1202088976 116.35754 39.88775
1202089103 116.36902 39.88775
1202089278 116.38363 39.88487
1202089405 116.3872 39.88491
1202089580 116.38121 39.87978
1202089707 116.3817 39.8668
1202089882 116.38324 39.86386
1202090008 116.38065 39.85314
1202090183 116.36774 39.84929
1202090309 116.3621 39.84951
1202090484 116.3651 39.84931
1202090611 116.35865 39.84858
1202091088 116.38827 39.85546
1202091215 116.3939 39.86066
1202091389 116.41329 39.86969
1202091516 116.42778 39.86929
1202091691 116.42817 39.87964
1202091818 116.4334 39.87277
1202091993 116.43349 39.87271
1202092120 116.42538 39.88293
1202092295 116.41907 39.89213
1202092422 116.40646 39.89157
1202092597 116.37988 39.88822
1202092724 116.36833 39.88785
1202092898 116.36814 39.87736
1202093025 116.36597 39.86602
1202093025 116.36597 39.86602
1202093200 116.36228 39.86368
1202093327 116.36594 39.86421
1202093502 116.36514 39.84977
1202093629 116.37384 39.84917
1202093804 116.37631 39.84882
1202093931 116.38066 39.85227
1202094106 116.39989 39.85546
1202094233 116.40789 39.85706
1202094407 116.40737 39.86783
1202094534 116.40737 39.86783
1202094709 116.40737 39.86783
1202094836 116.40737 39.86783
1202095011 116.40737 39.86783
1202095138 116.40737 39.86783
1202095313 116.40737 39.86783
1202095440 116.40737 39.86783
1202095615 116.40737 39.86783
1202095741 116.40737 39.86783
1202095916 116.40737 39.86783
1202096043 116.40737 39.86783
1202096218 116.40737 39.86783
1202096218 116.40737 39.86783
1202096345 116.40737 39.86783
1202096520 116.40737 39.86783
1202096647 116.40736 39.86784
1202096822 116.40736 39.86784
1202096949 116.40736 39.86784
1202097123 116.40736 39.86784
1202097250 116.40736 39.86784
1202097425 116.40736 39.86784
1202097552 116.40736 39.86784
1202097727 116.40736 39.86784
1202097854 116.40736 39.86784
1202098029 116.40736 39.86784
1202098156 116.40736 39.86784
1202098458 116.40736 39.86784
1202098632 116.40736 39.86784
1202098759 116.40736 39.86784
1202098934 116.40736 39.86784
1202099061 116.40736 39.86784
1202099236 116.40736 39.86784
1202099363 116.40736 39.86784
1202099538 116.40739 39.86785
1202099665 116.40739 39.86785
1202099840 116.40739 39.86785
1202099967 116.40739 39.86785
1202100141 116.40739 39.86785
1202100268 116.41113 39.87185
1202100443 116.41461 39.88331
1202100570 116.41283 39.89135
1202100570 116.41283 39.89135
1202100745 116.41935 39.90354
1202100872 116.42128 39.9042
1202101047 116.42295 39.91262
1202101174 116.42127 39.90692
1202101349 116.42216 39.90399
1202101475 116.42216 39.90399
1202101650 116.42216 39.90399
1202101777 116.42216 39.90399
1202101952 116.42216 39.90399
1202102079 116.42221 39.90395
1202102254 116.42224 39.9039
1202102381 116.42224 39.9039
1202102556 116.42224 39.9039
1202102683 116.42224 39.9039
1202102857 116.42224 39.9039
1202103159 116.42224 39.9039
1202103286 116.42224 39.90391
1202103461 116.42225 39.90391
1202103588 116.42225 39.90391
1202103763 116.42225 39.90391
1202104065 116.42224 39.90391
1202104192 116.42224 39.90391
1202104366 116.42224 39.90391
1202104493 116.42224 39.90391
1202104667 116.42224 39.90391
1202104794 116.42224 39.90391
1202104969 116.42224 39.90391
1202105096 116.42224 39.90391
1202105271 116.42224 39.90391
1202105398 116.42224 39.90391
1202105573 116.42224 39.90391
1202105700 116.42224 39.90391
1202105874 116.42224 39.90391
1202106001 116.42224 39.90391
1202106237 116.42224 39.90391
1202106544 116.42208 39.90403
1202106544 116.42208 39.90403
1202106544 116.42208 39.90403
1202106544 116.42208 39.90403
1202106544 116.42208 39.90403
1202106544 116.42208 39.90403
1202106544 116.42208 39.90403
1202106544 116.42208 39.90403
1202106544 116.42208 39.90403
1202109560 116.42212 39.90395
1202109560 116.42212 39.90395
1202109570 116.42212 39.90395
1202109861 116.42212 39.90395
1202109872 116.42212 39.90395
1202110163 116.42212 39.90395
1202110174 116.42212 39.90395
1202110465 116.42279 39.90407
1202110475 116.42287 39.90393
1202110767 116.4276 39.93779
1202110777 116.42768 39.93978
1202111069 116.41865 39.96725
1202111079 116.41864 39.96752
1202111370 116.42454 39.98205
1202111381 116.42523 39.98208
1202111672 116.42803 39.98616
1202111756 116.42843 39.98336
1202111974 116.41129 39.98201
1202112276 116.41488 39.98197
1202112360 116.42541 39.98208
1202112837 116.42837 39.98227
1202113101 116.41138 39.98203
1202113121 116.41138 39.98203
1202113406 116.40106 39.98012
1202113422 116.40106 39.98012
1202113657 116.39882 39.97391
1202114272 116.39127 39.97091
1202114399 116.39277 39.96844
1202114574 116.39276 39.96844
1202114701 116.39276 39.96844
1202114875 116.39276 39.96844
1202115002 116.39276 39.96844
1202115177 116.38845 39.96909
1202115304 116.39517 39.97383
1202115479 116.40107 39.9705
1202115606 116.40107 39.9705
1202115781 116.38837 39.96597
1202115908 116.38469 39.96171
1202116082 116.37483 39.96883
1202116208 116.58257 40.06657
1202116209 116.38395 39.97148
1202116384 116.39201 39.96708
1202116511 116.39601 39.96213
1202116686 116.40191 39.94993
1202116813 116.41113 39.94785
1202116813 116.41113 39.94785
1202116988 116.42727 39.93973
1202117115 116.42695 39.92613
1202117290 116.41997 39.92136
1202117417 116.42027 39.91591
1202117591 116.41458 39.91417
1202117718 116.40817 39.91422
1202117893 116.40085 39.91483
1202118020 116.40049 39.91696
1202118195 116.40047 39.90708
1202118322 116.40956 39.90676
1202118624 116.46041 39.90694
1202118799 116.47891 39.9067
1202118926 116.49024 39.90652
1202119100 116.49755 39.90653
1202119227 116.51944 39.90753
1202119402 116.51538 39.91515
1202119529 116.51193 39.91947
1202119704 116.4968 39.9219
1202119704 116.4968 39.9219
1202119831 116.48339 39.92169
1202120006 116.47321 39.92171
1202120133 116.46425 39.92186
1202120308 116.45912 39.91675
1202120434 116.45802 39.91966
1202120609 116.45652 39.92137
1202120736 116.45978 39.92136
1202120911 116.45927 39.91666
1202121038 116.45585 39.92063
1202121213 116.45563 39.93617
1202121340 116.45563 39.94959
1202121515 116.42944 39.96831
1202121642 116.41848 39.97103
1202121816 116.41808 39.98015
1202121943 116.42156 39.98745
1202122118 116.43541 39.98561
1202122118 116.43541 39.98561
1202122245 116.44672 40.00544
1202122420 116.47575 40.01277
1202122547 116.47586 40.01272
1202122722 116.4762 40.01257
1202122849 116.4762 40.01257
1202123024 116.47664 40.01242
1202123151 116.47664 40.01242
1202123325 116.47664 40.01242
1202123452 116.47664 40.01242
1202123627 116.47664 40.01242
1202123748 116.47664 40.01242
1202124428 116.49606 40.0011
1202124718 116.50066 40.00525
1202124899 116.50042 40.00558
1202124899 116.50042 40.00558
1202125285 116.4764 40.00043
1202125473 116.46667 39.99972
1202125587 116.46726 39.9972
1202125775 116.4672 39.99724
1202125889 116.4672 39.99724
1202126077 116.47675 39.9911
1202126190 116.47686 39.98338
1202126379 116.46083 39.97059
1202126379 116.46083 39.97059
1202126492 116.47822 39.95986
1202126681 116.48361 39.92659
1202126794 116.48116 39.92178
1202126982 116.47467 39.9269
1202127096 116.47076 39.92963
1202127284 116.4664 39.92946
1202127398 116.46525 39.92915
1202127699 116.45582 39.92757
1202127888 116.4551 39.95204
1202128001 116.45362 39.95326
1202128190 116.42856 39.96824
1202128303 116.41246 39.96784
1202128491 116.3978 39.96743
1202128605 116.37906 39.96689
1202128793 116.34992 39.96647
1202128907 116.34718 39.96385
1202129095 116.34749 39.95873
1202129208 116.34831 39.95722
1202129397 116.34879 39.95537
1202129510 116.34882 39.95406
1202129699 116.34931 39.94979
1202129812 116.34973 39.94851
1202129999 116.34997 39.9471
1202130113 116.35003 39.94616
1202130301 116.34995 39.9434
1202130414 116.34958 39.93138
1202130603 116.35027 39.90915
1202130716 116.35047 39.89972
1202130905 116.32513 39.8959
1202131018 116.32366 39.89586
1202131018 116.32366 39.89586
1202131206 116.31944 39.89594
1202131320 116.31876 39.89598
1202131508 116.31525 39.90359
1202131622 116.31525 39.90359
1202131810 116.32052 39.90604
1202131923 116.32879 39.90988
1202132112 116.33795 39.91703
1202132225 116.33859 39.92032
1202132414 116.34589 39.92235
1202132527 116.34323 39.92486
1202132715 116.34798 39.93082
1202132829 116.34928 39.93095
1202133017 116.35027 39.94394
1202133131 116.34954 39.9504
1202133319 116.34812 39.97353
1202133432 116.34905 39.97794
1202133621 116.34934 39.98022
1202133734 116.34931 39.98023
1202133923 116.35943 39.98002
1202133923 116.35943 39.98002
1202134036 116.35942 39.97575
1202134224 116.36378 39.96792
1202134338 116.3638 39.96663
1202134526 116.36473 39.95723
1202134640 116.37236 39.95667
1202134828 116.37726 39.96663
1202134941 116.37726 39.96663
1202135130 116.37726 39.96663
1202135243 116.37726 39.96663
1202135432 116.37726 39.96663
1202135545 116.37895 39.96663
1202135733 116.37895 39.96663
1202135847 116.39603 39.9673
1202136035 116.42833 39.9736
1202136149 116.42655 39.97597
1202136337 116.41855 39.97615
1202136639 116.4127 39.96808
1202136752 116.41093 39.96798
1202136940 116.40122 39.97368
1202137054 116.40238 39.97875
1202137242 116.40397 39.9787
1202137356 116.40339 39.98072
1202137544 116.4011 39.97932
1202137657 116.40129 39.97259
1202137846 116.40128 39.96539
1202137959 116.39764 39.96112
1202138148 116.39995 39.96723
1202138261 116.40363 39.96755
1202138449 116.40358 39.96755
1202138563 116.4109 39.9676
1202138563 116.4109 39.9676
1202138751 116.41825 39.96773
1202139166 116.4328 39.9663
1202139355 116.43494 39.96134
1202139468 116.44336 39.95948
1202139657 116.44436 39.95991
1202139770 116.44398 39.95999
1202139958 116.444 39.96043
1202140072 116.4439 39.96057
1202140260 116.4439 39.96057
1202140374 116.44413 39.96055
1202140562 116.45524 39.95111
1202140675 116.45553 39.93673
1202140864 116.45535 39.92355
1202140977 116.45531 39.91674
1202141166 116.46183 39.91228
1202141166 116.46183 39.91228
1202141279 116.46851 39.91232
1202141467 116.47554 39.9097
1202141581 116.47286 39.90737
1202141769 116.46483 39.907
1202141882 116.45761 39.9071
1202142071 116.45473 39.9039
1202142373 116.45197 39.90603
1202142486 116.45488 39.9009
1202142674 116.45496 39.88455
1202142788 116.45465 39.88381
1202142976 116.46115 39.88304
1202143090 116.47058 39.883
1202143278 116.48236 39.88223
1202143391 116.48385 39.88979
1202143580 116.48409 39.92128
1202143693 116.49591 39.92196
1202143882 116.50269 39.92436
1202143995 116.50284 39.9241
1202144183 116.50284 39.9241
1202144297 116.49707 39.92183
1202144485 116.48404 39.92371
1202144598 116.48395 39.94212
1202144786 116.46608 39.96831
1202144899 116.4719 39.97894
1202145088 116.48116 39.98715
1202145390 116.5007 40.00584
1202145503 116.5016 40.00667
1202145691 116.50157 40.00667
1202146113 116.50142 40.00661
1202146113 116.50142 40.00661
1202146113 116.50142 40.00661
1202146113 116.50142 40.00661
1202146113 116.50142 40.00661
1202146113 116.50142 40.00661
1202146113 116.50142 40.00661
1202146113 116.50142 40.00661
1202146113 116.50142 40.00661
1202146113 116.50142 40.00661
1202146113 116.50142 40.00661
1202146113 116.50142 40.00661
1202146113 116.50142 40.00661
1202146113 116.50142 40.00661
1202146113 116.50142 40.00661
1202146113 116.50142 40.00661
1202146113 116.50142 40.00661
1202146113 116.50142 40.00661
1202146113 116.50142 40.00661
1202146113 116.50142 40.00661
1202146113 116.50142 40.00661
1202146113 116.50142 40.00661
1202146113 116.50142 40.00661
1202209780 116.50143 40.00662
1202209780 116.50143 40.00662
1202209780 116.50143 40.00662
1202209780 116.50143 40.00662
1202209780 116.50143 40.00662
1202212132 116.50021 40.00602
1202212150 116.50021 40.00602
1202212434 116.50021 40.00602
1202212452 116.50021 40.00602
1202212735 116.48896 40.00436
1202212752 116.48818 40.00515
1202213037 116.47224 40.00492
1202213054 116.47227 40.00391
1202213339 116.46702 39.99745
1202213356 116.46702 39.99745
1202213640 116.46707 39.99748
1202213658 116.46707 39.99748
1202213942 116.46714 39.99747
1202213960 116.46714 39.99747
1202213960 116.46714 39.99747
1202214244 116.46718 39.99748
1202214244 116.46718 39.99748
1202214261 116.46718 39.99748
1202214546 116.4806 39.9885
1202214563 116.4806 39.9885
1202214848 116.4836 39.98137
1202214865 116.48362 39.97966
1202217243 116.54941 40.0642
1202217544 116.53178 40.04901
1202217818 116.51631 40.02302
1202217846 116.51413 40.01963
1202218120 116.49185 40.00211
1202218148 116.48985 40.00352
1202218422 116.4723 40.00274
1202218449 116.47238 40.00171
1202218724 116.46595 39.99804
1202218751 116.46699 39.99736
1202219026 116.46701 39.99735
1202219053 116.46701 39.99735
1202219327 116.46239 39.99605
1202219355 116.46179 39.99596
1202219629 116.4541 39.99955
1202219657 116.45613 39.99963
1202219931 116.47085 39.99507
1202219958 116.4743 39.99269
1202220233 116.48354 39.98318
1202220260 116.48352 39.97922
1202220535 116.49183 39.97528
1202220562 116.49333 39.97459
1202220738 116.48982 39.97047
1202221083 116.48974 39.97034
1202221083 116.48974 39.97034
1202223204 116.48985 39.97533
1202223254 116.48985 39.97533
1202223505 116.48363 39.9704
1202223555 116.47875 39.96981
1202223807 116.47542 39.9659
1202223857 116.47542 39.9659
1202224109 116.47527 39.96571
1202224109 116.47527 39.96571
1202224159 116.47527 39.96571
1202224411 116.47181 39.96415
1202224461 116.47822 39.95973
1202224712 116.45705 39.94841
1202225014 116.45546 39.93321
1202225064 116.45517 39.92634
1202225316 116.45239 39.91889
1202225366 116.45143 39.91876
1202225618 116.45186 39.91771
1202225668 116.45191 39.91771
1202225920 116.45196 39.91746
1202225970 116.45211 39.91751
1202226221 116.45206 39.91744
1202226271 116.4521 39.91744
1202226523 116.45222 39.9174
1202226573 116.45221 39.9174
1202226825 116.45207 39.91742
1202226875 116.45206 39.91742
1202227127 116.45204 39.91746
1202227177 116.45185 39.91749
1202227429 116.45162 39.91748
1202227479 116.45161 39.91748
1202227730 116.45177 39.91733
1202227780 116.45176 39.91733
1202228032 116.45193 39.91725
1202228082 116.45197 39.91719
1202228334 116.45218 39.91732
1202228384 116.45213 39.91736
1202228636 116.45219 39.91744
1202228686 116.45221 39.91747
1202228938 116.45228 39.91753
1202228988 116.45229 39.91753
1202229239 116.45245 39.91758
1202229289 116.45248 39.91762
1202229541 116.45234 39.91771
1202229591 116.45234 39.91771
1202229843 116.45229 39.91773
1202229893 116.45229 39.91773
1202230145 116.45262 39.91788
1202230195 116.45262 39.91788
1202230195 116.45262 39.91788
1202230446 116.44419 39.91847
1202230748 116.44414 39.92026
1202230798 116.44408 39.92041
1202231049 116.44162 39.92173
1202231099 116.43985 39.9216
1202231351 116.43989 39.9217
1202231401 116.43625 39.92267
1202231653 116.43132 39.92299
1202231653 116.43132 39.92299
1202231703 116.43132 39.92302
1202231954 116.42102 39.92312
1202232004 116.41893 39.92303
1202232256 116.40463 39.91992
1202232306 116.40462 39.91972
1202232558 116.41139 39.91758
1202232608 116.41165 39.91475
1202232860 116.42026 39.91678
1202232910 116.4201 39.9203
1202233162 116.42806 39.9281
1202233212 116.42793 39.93006
1202233463 116.42776 39.94552
1202233513 116.43032 39.94803
1202233765 116.47073 39.9766
1202233815 116.47875 39.98388
1202234117 116.54157 40.02523
1202234369 116.58342 40.05124
1202234419 116.58351 40.06078
1202234671 116.58674 40.0779
1202234721 116.58666 40.07824
1202234972 116.58064 40.07409
1202235022 116.58149 40.06882
1202235274 116.56867 40.0608
1202235274 116.56867 40.0608
1202235324 116.56382 40.06338
1202235576 116.56686 40.07211
1202235626 116.56542 40.07222
1202235878 116.56542 40.07222
1202235928 116.56542 40.07222
1202236179 116.56542 40.07222
1202236229 116.56542 40.07222
1202236481 116.56542 40.07222
1202236531 116.56542 40.07222
1202236783 116.56542 40.07222
1202236833 116.56542 40.07222
1202237085 116.56542 40.07222
1202237135 116.56542 40.07222
1202237387 116.56542 40.07222
1202237437 116.56542 40.07222
1202237618 116.56542 40.07222
1202237924 116.56546 40.07213
1202237924 116.56546 40.07213
1202237924 116.56546 40.07213
1202237924 116.56546 40.07213
1202237924 116.56546 40.07213
1202237924 116.56546 40.07213
1202237924 116.56546 40.07213
1202237924 116.56546 40.07213
1202237924 116.56546 40.07213
1202240948 116.56542 40.07221
1202240999 116.56542 40.07221
1202241250 116.56542 40.07221
1202241301 116.56542 40.07221
1202241552 116.56542 40.07221
1202241603 116.56542 40.07221
1202241854 116.56542 40.07221
1202241905 116.56542 40.07221
1202242156 116.56542 40.07221
1202242207 116.56542 40.07221
1202242457 116.56542 40.07221
1202242508 116.56542 40.07221
1202242759 116.56542 40.07221
1202243061 116.56542 40.07221
1202243112 116.56542 40.07221
1202243363 116.56542 40.07221
1202243414 116.56542 40.07221
1202243664 116.56542 40.07221
1202243715 116.56542 40.07221
1202243966 116.56542 40.07221
1202244017 116.56542 40.07221
1202244268 116.56542 40.07221
1202244319 116.56542 40.07221
1202244570 116.56542 40.07221
1202244621 116.56542 40.07221
1202244872 116.56542 40.07221
1202244923 116.56542 40.07221
1202245173 116.56542 40.07221
1202245224 116.56542 40.07221
1202245475 116.56542 40.07221
1202245526 116.56542 40.07221
1202245777 116.56505 40.0722
1202245828 116.56505 40.0722
1202246079 116.56417 40.07118
1202246130 116.56417 40.07118
1202246381 116.56417 40.07118
1202246432 116.56417 40.07118
1202246682 116.56297 40.06699
1202246733 116.56417 40.0618
1202246733 116.56417 40.0618
1202246984 116.54087 40.05691
1202248025 116.48296 39.96992
1202248214 116.48296 39.96992
1202248327 116.47765 39.96972
1202248516 116.46843 39.96648
1202248629 116.46025 39.95915
1202248818 116.45009 39.95016
1202248930 116.44478 39.94634
1202249120 116.44322 39.93516
1202249232 116.43482 39.93512
1202249422 116.42585 39.9324
1202249534 116.41128 39.93228
1202249723 116.41119 39.92414
1202249836 116.42101 39.92294
1202250025 116.42943 39.90548
1202250349 116.45589 39.90456
1202250439 116.45541 39.90489
1202250629 116.45582 39.90413
1202250741 116.45516 39.90577
1202250930 116.45805 39.89944
1202251042 116.46954 39.89925
1202251231 116.47172 39.90566
1202251344 116.46399 39.90736
1202251533 116.45125 39.9132
1202251835 116.45234 39.9215
1202252255 116.4524 39.92172
1202252255 116.4524 39.92172
1202253171 116.44735 39.92156
1202253401 116.4382 39.92566
1202253401 116.4382 39.92566
1202253472 116.43413 39.92849
1202253774 116.43347 39.93157
1202254004 116.43347 39.93157
1202254076 116.43347 39.93157
1202254306 116.43347 39.93157
1202254378 116.43347 39.93157
1202254608 116.43539 39.93229
1202254680 116.43729 39.93232
1202254910 116.44925 39.9323
1202254981 116.44925 39.9323
1202255211 116.44151 39.93251
1202255283 116.43974 39.9325
1202255513 116.42757 39.94002
1202255585 116.42224 39.93973
1202255815 116.41009 39.93957
1202255887 116.41028 39.93942
1202256117 116.41766 39.93955
1202256189 116.41951 39.93687
1202256419 116.40073 39.93208
1202256490 116.39002 39.9317
1202256720 116.37436 39.92124
1202256792 116.36775 39.92111
1202257022 116.36782 39.90778
1202257094 116.36891 39.90272
1202257324 116.38366 39.9005
1202257396 116.38537 39.90145
1202257626 116.36863 39.89849
1202257697 116.35906 39.89822
1202257928 116.35316 39.90148
1202258229 116.36808 39.90434
1202258301 116.36784 39.90905
1202258531 116.37111 39.92194
1202258603 116.37348 39.9264
1202258833 116.38709 39.93195
1202258904 116.38712 39.93194
1202258904 116.38712 39.93194
1202259134 116.38712 39.93194
1202259205 116.38712 39.93194
1202259435 116.38946 39.93196
1202259507 116.39939 39.93199
1202259737 116.43017 39.93216
1202259809 116.43345 39.93225
1202260039 116.43754 39.92672
1202260111 116.43754 39.92672
1202260413 116.43769 39.927
1202260643 116.4377 39.92705
1202260643 116.4377 39.92705
1202260944 116.44924 39.93158
1202261016 116.44921 39.93128
1202261246 116.44912 39.93236
1202261318 116.4386 39.93234
1202261548 116.4111 39.93229
1202261620 116.40279 39.932
1202261850 116.40237 39.93785
1202261922 116.40196 39.94403
1202262152 116.4038 39.93955
1202262223 116.40246 39.93377
1202262453 116.40274 39.92864
1202262525 116.4026 39.9325
1202262755 116.41246 39.93951
1202262827 116.41246 39.93951
1202263057 116.41741 39.93953
1202263129 116.41741 39.93953
1202263359 116.42499 39.93648
1202263430 116.42311 39.93645
1202263962 116.4439 39.92557
1202264034 116.44917 39.92675
1202264264 116.44937 39.93128
1202264336 116.4493 39.93189
1202264566 116.42842 39.93248
1202264638 116.42782 39.92476
1202264868 116.4045 39.91985
1202264939 116.4047 39.92108
1202265244 116.42282 39.92293
1202265290 116.42926 39.92295
1202265290 116.42926 39.92295
1202265546 116.44425 39.92318
1202265592 116.44753 39.92556
1202265848 116.45522 39.92092
1202265894 116.45471 39.91821
1202266149 116.47206 39.91427
1202266195 116.47842 39.91414
1202266451 116.48462 39.91141
1202266451 116.48462 39.91141
1202266497 116.48485 39.91408
1202266753 116.46655 39.9147
1202266799 116.46645 39.91473
1202267055 116.45778 39.92738
1202267101 116.45776 39.9274
1202267357 116.4578 39.92734
1202267403 116.45779 39.92735
1202267658 116.4578 39.92736
1202267704 116.4577 39.92743
1202267960 116.4578 39.92737
1202268006 116.45778 39.92741
1202268262 116.45773 39.92745
1202268308 116.45775 39.92745
1202268564 116.4578 39.92742
1202268610 116.4575 39.92738
1202268866 116.45368 39.92725
1202268912 116.44918 39.92742
1202269167 116.43376 39.93241
1202269469 116.43763 39.93259
1202269515 116.44244 39.93233
1202269771 116.44925 39.93136
1202269817 116.44925 39.93136
1202270073 116.45559 39.91167
1202270119 116.45483 39.9056
1202270375 116.472 39.90915
1202270420 116.46966 39.90892
1202270676 116.45579 39.92097
1202270978 116.47553 39.92156
1202271024 116.47848 39.92158
1202271280 116.49596 39.92767
1202271326 116.4959 39.915
1202271326 116.4959 39.915
1202271582 116.49594 39.93455
1202271628 116.49594 39.93455
1202271883 116.4822 39.95572
1202271929 116.47467 39.96268
1202272185 116.45672 39.98468
1202272487 116.45157 39.99654
1202272533 116.45167 39.99846
1202272789 116.46812 39.9982
1202272835 116.46597 39.99825
1202273091 116.46462 39.99183
1202273137 116.46301 39.99036
1202273392 116.47169 39.97899
1202273438 116.47195 39.97884
1202273694 116.46436 39.96338
1202273694 116.46436 39.96338
1202273740 116.45851 39.95746
1202273996 116.44926 39.94261
1202274041 116.44927 39.94018
1202274297 116.45379 39.93238
1202274343 116.45568 39.93716
1202274599 116.4263 39.97054
1202274645 116.43075 39.97734
1202274900 116.38837 39.98674
1202274946 116.37724 39.98646
1202275202 116.35467 39.99221
1202275248 116.35905 39.98993
1202275504 116.35265 39.9922
1202275550 116.35037 39.99209
1202275806 116.35304 40.00171
1202275852 116.35473 40.00112
1202276108 116.35826 39.99997
1202276153 116.35863 39.99997
1202276409 116.37289 39.97886
1202276455 116.37322 39.97557
1202276711 116.37493 39.97097
1202276757 116.37461 39.97125
1202277013 116.37282 39.95696
1202277059 116.37304 39.9511
1202277315 116.38998 39.93277
1202277361 116.39001 39.93199
1202277616 116.37549 39.91495
1202277778 116.37661 39.90438
1202278025 116.37838 39.88841
1202278044 116.37838 39.8884
1202278346 116.38054 39.85658
1202278628 116.37511 39.84436
1202278628 116.37511 39.84436
1202278648 116.37362 39.84464
1202280081 116.37841 39.84396
1202280268 116.38034 39.84782
1202280383 116.38099 39.85551
1202280568 116.40782 39.85557
1202280684 116.40732 39.86792
1202280870 116.41479 39.87906
1202280985 116.41278 39.89135
1202281180 116.41916 39.90354
1202281287 116.42193 39.90489
1202281474 116.42218 39.90389
1202281589 116.42218 39.90389
1202281776 116.42218 39.9039
1202281891 116.42218 39.9039
1202282077 116.42218 39.9039
1202282193 116.42218 39.9039
1202282379 116.42225 39.90406
1202282494 116.4127 39.89984
1202282681 116.3938 39.89903
1202282796 116.38749 39.90621
1202282983 116.35757 39.90604
1202282983 116.35757 39.90604
1202283098 116.34656 39.90931
1202283284 116.3401 39.90945
1202283586 116.33821 39.90815
1202283586 116.33821 39.90815
1202283702 116.33644 39.9019
1202283888 116.31599 39.89601
1202284003 116.30865 39.8956
1202284190 116.31645 39.89543
1202284305 116.33563 39.8962
1202284492 116.36813 39.89842
1202284607 116.36799 39.90497
1202284793 116.36496 39.91012
1202284909 116.36294 39.91293
1202285095 116.37352 39.91324
1202285397 116.39642 39.92049
1202285512 116.40028 39.91385
1202285699 116.41175 39.91416
1202286003 116.4273 39.91088
1202286116 116.42157 39.90723
1202286302 116.42065 39.90777
1202286418 116.4168 39.90228
1202286604 116.40679 39.89959
1202286719 116.40601 39.89181
1202286906 116.39727 39.88629
1202287021 116.39157 39.88223
1202287208 116.39563 39.88579
1202287323 116.406 39.88687
1202287323 116.406 39.88687
1202287510 116.4082 39.89582
1202287625 116.41397 39.9001
1202287811 116.42082 39.90362
1202287927 116.42954 39.90372
1202288113 116.46735 39.90356
1202288228 116.48308 39.90412
1202288415 116.48006 39.89915
1202288530 116.48012 39.89877
1202288717 116.48012 39.89877
1202288832 116.48012 39.89877
1202289018 116.48012 39.89877
1202289134 116.48012 39.89877
1202289436 116.46816 39.89923
1202289521 116.46816 39.89923
1202290174 116.47178 39.90227
1202290346 116.47179 39.90245
1202290476 116.47169 39.90663
1202290647 116.46542 39.9071
1202290777 116.45839 39.90733
1202291079 116.45567 39.91736
1202291251 116.4556 39.922
1202291381 116.44445 39.92149
1202291553 116.43783 39.91198
1202291683 116.43474 39.90832
1202291683 116.43474 39.90832
1202291855 116.42666 39.90379
1202291985 116.4228 39.90492
1202292156 116.42164 39.90478
1202292286 116.42107 39.90339
1202292458 116.42124 39.90333
1202292588 116.42128 39.90334
1202292760 116.4213 39.90335
1202292890 116.42132 39.90335
1202293062 116.42153 39.9034
1202293192 116.42203 39.90349
1202293364 116.42214 39.8993
1202293494 116.40333 39.89953
1202293665 116.3937 39.89894
1202293795 116.3784 39.89879
1202293966 116.36581 39.89839
1202294096 116.34328 39.89762
1202294268 116.32542 39.8887
1202294398 116.32038 39.88139
1202294570 116.32022 39.88708
1202294700 116.33427 39.88858
1202294871 116.34413 39.89009
1202295002 116.34661 39.89598
1202295173 116.34632 39.90377
1202295303 116.3465 39.91068
1202295475 116.34682 39.92171
1202295605 116.3472 39.92665
1202295777 116.34974 39.93782
1202295907 116.35698 39.9443
1202296079 116.36547 39.94701
1202296209 116.37954 39.9441
1202296380 116.38988 39.93891
1202296510 116.40433 39.93941
1202296682 116.42433 39.93969
1202296812 116.4299 39.93965
1202296984 116.43289 39.93963
1202297114 116.43289 39.93963
1202297286 116.45363 39.93992
1202297588 116.46329 39.95406
1202297889 116.46209 39.96023
1202298019 116.46222 39.96018
1202298191 116.46902 39.96693
1202298493 116.48364 39.9809
1202298623 116.48218 39.98769
1202298795 116.48229 39.98805
1202298925 116.48229 39.98805
1202298925 116.48229 39.98805
1202299097 116.48229 39.98805
1202299227 116.48229 39.98805
1202299398 116.48229 39.98805
1202299528 116.48223 39.98804
1202299700 116.48223 39.98804
1202299830 116.48231 39.98811
1202300002 116.48231 39.98811
1202300132 116.48231 39.98811
1202300304 116.48212 39.98821
1202300434 116.48212 39.98821
1202300736 116.48241 39.98834
1202300907 116.48236 39.98828
1202301037 116.49048 39.99607
1202301209 116.50062 40.00529
1202301209 116.50062 40.00529
1202301339 116.50025 40.00601
1202301511 116.50021 40.006
1202301631 116.50021 40.006
1202301938 116.50012 40.00601
1202301938 116.50012 40.00601
1202302857 116.51527 40.02113
1202302963 116.52361 40.0333
1202303159 116.53605 40.05437
1202303264 116.54883 40.06395
1202303461 116.55396 40.09274
1202303566 116.55617 40.10607
1202303566 116.55617 40.10607
1202303763 116.58078 40.13278
1202303868 116.60223 40.14929
1202304170 116.63603 40.19512
1202304366 116.64318 40.23177
1202304472 116.63533 40.24826
1202304668 116.63451 40.2793
1202304773 116.63642 40.28783
1202304970 116.64877 40.31409
1202305075 116.66121 40.32291
1202305272 116.71579 40.32716
1202305377 116.74611 40.33289
1202305679 116.80622 40.36146
1202305875 116.83285 40.37279
1202306177 116.84764 40.37856
1202306177 116.84764 40.37856
1202307854 116.85644 40.37974
1202307867 116.85644 40.37974
1202308156 116.85642 40.37918
1202308169 116.85641 40.37918
1202308470 116.85644 40.37844
1202308772 116.85982 40.38035
1202309062 116.84903 40.38763
1202309074 116.84904 40.38772
1202309074 116.84904 40.38772
1202309363 116.84891 40.38769
1202309376 116.84891 40.38769
1202309678 116.86406 40.3825
1202309979 116.87707 40.385
1202310027 116.87707 40.385
1202310281 116.87816 40.3853
1202310329 116.87816 40.3853
1202310583 116.88712 40.38342
1202310631 116.88887 40.38618
1202310885 116.89177 40.39021
1202310933 116.892 40.39106
1202311186 116.93347 40.40964
1202311234 116.94502 40.40727
1202311488 116.95131 40.40696
1202311536 116.95131 40.40696
1202311790 116.95131 40.40696
1202311838 116.95134 40.407
1202312092 116.9517 40.4086
1202312140 116.9517 40.4086
1202312394 116.9517 40.4086
1202312442 116.9517 40.4086
1202312695 116.9517 40.4086
1202312743 116.9517 40.4086
1202312997 116.95168 40.40846
1202313045 116.95165 40.40835
1202313299 116.95119 40.40703
1202313347 116.94839 40.40586
1202313601 116.88792 40.38937
1202313649 116.88517 40.38471
1202313903 116.84024 40.37504
1202313951 116.83991 40.37396
1202314204 116.84495 40.37081
1202314252 116.84538 40.3748
1202314506 116.8563 40.37977
1202314860 116.85642 40.37963
1202314860 116.85642 40.37963
1202314860 116.85642 40.37963
1202314860 116.85642 40.37963
1202314860 116.85642 40.37963
1202314860 116.85642 40.37963
1202314860 116.85642 40.37963
1202314860 116.85642 40.37963
1202314860 116.85642 40.37963
1202314860 116.85642 40.37963
1202314860 116.85642 40.37963
1202314860 116.85642 40.37963
1202314860 116.85642 40.37963
1202314860 116.85642 40.37963
1202314860 116.85642 40.37963
1202314860 116.85642 40.37963
1202314860 116.85642 40.37963
1202314860 116.85642 40.37963
1202314860 116.85642 40.37963
1202314860 116.85642 40.37963
1202314860 116.85642 40.37963
1202314860 116.85642 40.37963
1202383035 116.36153 39.88793
1202386658 116.85639 40.37977
1202386769 116.85831 40.37847
1202386960 116.86008 40.37788
1202387070 116.86663 40.37692
1202387262 116.89425 40.39527
1202387372 116.89221 40.4016
1202387487 116.89216 40.40157
1202387799 116.89218 40.40152
1202387799 116.89218 40.40152
1202387799 116.89218 40.40152
1202389004 116.89167 40.40158
1202389014 116.89167 40.40158
1202389315 116.88533 40.38488
1202389608 116.83982 40.36851
1202389617 116.83982 40.36851
1202389910 116.7943 40.35584
1202389919 116.79255 40.355
1202390212 116.72916 40.32816
1202390513 116.66601 40.32378
1202390815 116.63646 40.28824
1202390824 116.6364 40.28797
1202391117 116.61888 40.25721
1202391126 116.61711 40.25739
1202391419 116.6018 40.25851
1202391428 116.60176 40.25841
1202391730 116.60183 40.25865
1202392087 116.60184 40.25872
1202392087 116.60184 40.25872
1202392087 116.60184 40.25872
1202392087 116.60184 40.25872
1202392087 116.60184 40.25872
1202392087 116.60184 40.25872
1202392087 116.60184 40.25872
1202392087 116.60184 40.25872
1202392087 116.60184 40.25872
1202395164 116.63091 40.26308
1202395414 116.63639 40.28764
1202395465 116.63742 40.29222
1202395716 116.67694 40.3256
1202395767 116.69113 40.32676
1202396017 116.75694 40.33802
1202396068 116.76712 40.34286
1202396319 116.82168 40.36663
1202396370 116.82898 40.36733
1202396370 116.82898 40.36733
1202396621 116.86237 40.37524
1202396672 116.87583 40.38072
1202396922 116.89166 40.4016
1202397034 116.89165 40.4016
1202397461 116.89164 40.40164
1202397461 116.89164 40.40164
1202397461 116.89164 40.40164
1202397461 116.89164 40.40164
1202397461 116.89164 40.40164
1202397461 116.89164 40.40164
1202397461 116.89164 40.40164
1202397461 116.89164 40.40164
1202397461 116.89164 40.40164
1202397461 116.89164 40.40164
1202397461 116.89164 40.40164
1202397461 116.89164 40.40164
1202397461 116.89164 40.40164
1202397461 116.89164 40.40164
1202397461 116.89164 40.40164
1202397461 116.89164 40.40164
1202397461 116.89164 40.40164
1202397461 116.89164 40.40164
1202397461 116.89164 40.40164
1202397461 116.89164 40.40164
1202397461 116.89164 40.40164
1202397461 116.89164 40.40164
1202397461 116.89164 40.40164
1202413758 116.88899 40.39887
1202413809 116.89207 40.39402
1202414059 116.86071 40.37557
1202414059 116.86071 40.37557
1202414110 116.85838 40.37855
1202414361 116.85625 40.37986
1202469387 116.85627 40.37991
1202469555 116.85627 40.37991
1202469689 116.85627 40.37991
1202469856 116.85627 40.37991
1202469991 116.85627 40.37991
1202470158 116.85627 40.37991
1202470292 116.85627 40.37991
1202470460 116.85627 40.37991
1202470594 116.85627 40.37991
1202470762 116.85627 40.37991
1202470896 116.85627 40.37991
1202470896 116.85627 40.37991
1202471064 116.85626 40.37986
1202471198 116.85158 40.37509
1202471500 116.83994 40.37562
1202471667 116.83944 40.36959
1202471801 116.83997 40.37468
1202471955 116.84009 40.37428
1202472275 116.83989 40.37415
1202472275 116.83989 40.37415
1202472275 116.83989 40.37415
1202472275 116.83989 40.37415
1202472275 116.83989 40.37415
1202472275 116.83989 40.37415
1202472275 116.83989 40.37415
1202472275 116.83989 40.37415
1202474999 116.84005 40.37421
1202475416 116.83948 40.3741
1202475416 116.83948 40.3741
1202475416 116.83948 40.3741
1202475416 116.83948 40.3741
1202475416 116.83948 40.3741
1202475416 116.83948 40.3741
1202475416 116.83948 40.3741
1202475416 116.83948 40.3741
1202475416 116.83948 40.3741
1202475416 116.83948 40.3741
1202475416 116.83948 40.3741
1202475416 116.83948 40.3741
1202475416 116.83948 40.3741
1202475416 116.83948 40.3741
1202480181 116.86139 40.37473
1202480251 116.87429 40.38007
1202480483 116.89151 40.39031
1202480553 116.89173 40.39029
1202480785 116.88739 40.38363
1202480855 116.88154 40.38315
1202481087 116.83974 40.36855
1202481156 116.84095 40.36454
1202481389 116.8383 40.34626
1202481458 116.83345 40.33713
1202481690 116.81338 40.31789
1202481760 116.81459 40.3213
1202481992 116.82805 40.35468
1202482062 116.83141 40.36546
1202482294 116.84047 40.37467
1202482364 116.84036 40.37466
1202490925 116.84687 40.37954
1202490997 116.84685 40.37955
1202491273 116.85631 40.37979
1202491593 116.85645 40.37968
1202491593 116.85645 40.37968
1202491593 116.85645 40.37968
1202491593 116.85645 40.37968
1202491593 116.85645 40.37968
1202491593 116.85645 40.37968
1202491593 116.85645 40.37968
1202491593 116.85645 40.37968
1202491593 116.85645 40.37968
1202491593 116.85645 40.37968
1202491593 116.85645 40.37968
1202491593 116.85645 40.37968
1202491593 116.85645 40.37968
1202491593 116.85645 40.37968
1202491593 116.85645 40.37968
1202491593 116.85645 40.37968
1202491593 116.85645 40.37968
1202491593 116.85645 40.37968
1202491593 116.85645 40.37968
1202491593 116.85645 40.37968
1202491593 116.85645 40.37968
1202491593 116.85645 40.37968
