UTS Latitude Longitude
1201959246 116.40061 39.90605
1201959547 116.40121 39.9139
1201959655 116.40117 39.91159
1201959849 116.39245 39.90635
1201960150 116.36999 39.90594
1201960259 116.36032 39.90591
1201960452 116.34526 39.90589
1201960754 116.30746 39.90627
1201960862 116.3042 39.91806
1201961055 116.30415 39.93732
1201961357 116.3038 39.93521
1201961465 116.29717 39.93617
1201961659 116.29457 39.93605
1201961659 116.29457 39.93605
1201961960 116.29453 39.93601
1201962069 116.29447 39.93594
1201962262 116.29801 39.93612
1201962564 116.30398 39.92109
1201962866 116.30396 39.9109
1201963167 116.30279 39.90725
1201963275 116.30279 39.90725
1201963469 116.30417 39.89554
1201963770 116.30839 39.88508
1201963879 116.3096 39.8839
1201964072 116.30893 39.88465
1201964374 116.30571 39.88607
1201964977 116.30524 39.88425
1201965085 116.30674 39.88749
1201965689 116.3045 39.88829
1201965900 116.30418 39.9146
1201966184 116.30415 39.94355
1201966292 116.3026 39.95801
1201966485 116.32545 39.966
1201966787 116.332 39.97404
1201966895 116.3321 39.97224
1201967089 116.33208 39.97216
1201967390 116.33002 39.96662
1201967499 116.3283 39.96258
1201967692 116.3189 39.95565
1201967994 116.31117 39.95525
1201968102 116.31673 39.95939
1201968295 116.31757 39.96568
1201968597 116.34563 39.9664
1201968705 116.3546 39.96636
1201968899 116.37499 39.9711
1201969724 116.43857 40.01822
1201969931 116.48615 40.00571
1201970233 116.53804 40.02399
1201970274 116.55003 40.02797
1201970534 116.58126 40.04864
1201970836 116.58116 40.0776
1201970877 116.5838 40.07778
1201971138 116.58302 40.05095
1201971439 116.55272 40.02894
1201971481 116.55272 40.02894
1201971741 116.50443 40.00725
1201972084 116.47978 39.97669
1201972344 116.47343 39.97095
1201972646 116.45716 39.95638
1201972687 116.45465 39.95406
1201973248 116.41701 39.96835
1201973290 116.41686 39.96834
1201973550 116.41169 39.96805
1201973550 116.41169 39.96805
1201973893 116.38974 39.9673
1201974153 116.37688 39.96149
1201974455 116.36894 39.96988
1201974496 116.36872 39.96993
1201975058 116.36764 39.96794
1201975360 116.36764 39.96794
1201975661 116.36764 39.96794
1201975963 116.36764 39.96794
1201976265 116.36764 39.96794
1201976566 116.36438 39.96715
1201976868 116.36399 39.96558
1201976970 116.36469 39.95729
1201977170 116.36504 39.95266
1201977471 116.35322 39.94744
1201977573 116.35488 39.94572
1201977773 116.35376 39.94369
1201978075 116.34041 39.93792
1201978176 116.33927 39.94023
1201978376 116.33922 39.9405
1201978780 116.33922 39.94051
1201978980 116.33661 39.93736
1201979281 116.33386 39.93698
1201979383 116.34576 39.93868
1201979583 116.35034 39.94209
1201979885 116.37202 39.94852
1201979986 116.37351 39.96159
1201980186 116.37389 39.9809
1201980488 116.3969 39.98679
1201982126 116.39871 39.99934
1201982233 116.39871 39.99931
1201982428 116.39871 39.99931
1201982730 116.39869 39.9993
1201982836 116.39873 39.99929
1201983031 116.39875 39.99924
1201983333 116.39941 39.99744
1201983439 116.39653 39.99685
1201983635 116.3947 39.9873
1201983936 116.3816 39.97713
1201984043 116.37565 39.97543
1201984540 116.34535 39.96648
1201984646 116.33422 39.96648
1201984841 116.3301 39.96643
1201985143 116.32799 39.9563
1201985143 116.32799 39.9563
1201985249 116.31822 39.95562
1201985445 116.31102 39.95166
1201985745 116.31325 39.947
1201985852 116.31874 39.94348
1201986047 116.31954 39.93259
1201986349 116.31979 39.92221
1201986455 116.32846 39.92107
1201986952 116.35492 39.90577
1201987058 116.35748 39.90579
1201987254 116.36457 39.90577
1201987555 116.36971 39.90566
1201987662 116.36975 39.90566
1201987857 116.37981 39.90294
1201987857 116.37981 39.90294
1201988159 116.38552 39.89965
1201988265 116.38428 39.89898
1201988460 116.37838 39.89871
1201988762 116.36802 39.88463
1201988868 116.36222 39.882
1201989064 116.36114 39.88324
1201989365 116.36114 39.88324
1201989472 116.36112 39.88323
1201989667 116.35992 39.88513
1201989969 116.3684 39.89135
1201990075 116.36825 39.89345
1201990075 116.36825 39.89345
1201990270 116.36825 39.88837
1201990572 116.38128 39.87696
1201990678 116.38004 39.86962
1201991175 116.4208 39.86351
1201991282 116.41842 39.86433
1201991477 116.41461 39.88312
1201991779 116.41004 39.8956
1201991885 116.40596 39.89371
1201992080 116.32042 39.90593
1201992080 116.32042 39.90593
1201992382 116.40428 39.88739
1201992488 116.40428 39.88739
1201992684 116.3893 39.885
1201992684 116.3893 39.885
1201992985 116.37786 39.88814
1201993091 116.3698 39.88803
1201993287 116.35798 39.88815
1201993589 116.32147 39.88886
1201993695 116.31519 39.88858
1201993890 116.3151 39.89042
1201994192 116.3205 39.88145
1201994298 116.3205 39.87579
1201994502 116.32206 39.87122
1201994795 116.31565 39.86685
1201994901 116.29447 39.86534
1201995097 116.25364 39.86581
1201995398 116.20469 39.83813
1201995505 116.20521 39.81587
1201995700 116.17577 39.78266
1201996002 116.13573 39.74664
1201996108 116.12811 39.73715
1201996303 116.11167 39.72657
1201996605 116.06813 39.71491
1201996711 116.05285 39.71225
1201996933 116.00562 39.70251
1201997208 115.99297 39.69886
1201997315 115.98565 39.69653
1201997510 115.97753 39.68348
1201997812 115.97514 39.63619
1201997918 115.98769 39.62959
1201998113 115.99178 39.63047
1201998281 115.99178 39.63047
1202033368 115.99177 39.63047
1202033669 115.99177 39.63047
1202033711 115.99177 39.63047
1202033971 115.9918 39.63047
1202034272 115.99194 39.62947
1202034573 115.97372 39.62558
1202034875 115.95821 39.61516
1202034917 115.95821 39.61516
1202035177 115.95821 39.61516
1202035478 115.95821 39.61516
1202035780 115.95821 39.61516
1202036082 115.95821 39.61516
1202036685 115.95821 39.61516
1202036987 115.95821 39.61516
1202037288 115.95835 39.61387
1202037330 115.95835 39.61387
1202037590 115.9588 39.62612
1202037892 115.97822 39.62934
1202037933 115.98245 39.62964
1202037933 115.98245 39.62964
1202038193 115.99213 39.62992
1202038495 115.99214 39.63048
1202038537 115.99214 39.63048
1202038797 115.99214 39.63048
1202038797 115.99214 39.63048
1202039098 115.99214 39.63048
1202039140 115.99214 39.63048
1202039702 115.99214 39.63048
1202039743 115.99214 39.63048
1202040003 115.99214 39.63048
1202040305 115.99214 39.63048
1202040347 115.99214 39.63048
1202040908 115.99214 39.63048
1202041433 115.99182 39.63048
1202046036 115.99172 39.63064
1202046325 115.99172 39.63064
1202046337 115.99172 39.63064
1202046337 115.99172 39.63064
1202046639 115.99172 39.63064
1202046928 115.99172 39.63064
1202046941 115.99172 39.63064
1202047242 115.9906 39.62954
1202047532 115.9738 39.6453
1202047544 115.97401 39.64739
1202047846 115.9773 39.68158
1202048135 115.97968 39.69072
1202048147 115.98045 39.69178
1202048449 116.00581 39.70175
1202048751 116.00581 39.70175
1202049052 116.00571 39.70177
1202049342 116.00571 39.70177
1202049354 116.00571 39.70177
1202049656 116.00571 39.70177
1202049945 116.00784 39.70317
1202049957 116.00963 39.7038
1202050259 116.06972 39.71501
1202050548 116.11289 39.7273
1202050561 116.11463 39.72849
1202050862 116.13545 39.74143
1202051151 116.15356 39.75632
1202051163 116.15429 39.75731
1202051465 116.18534 39.7902
1202051754 116.20164 39.81359
1202051766 116.20241 39.81486
1202052068 116.21048 39.84369
1202052357 116.22804 39.84425
1202052370 116.22859 39.84359
1202052671 116.22859 39.84359
1202052961 116.22815 39.8442
1202053275 116.24955 39.86365
1202053564 116.27353 39.87015
1202053576 116.27371 39.86999
1202053878 116.28006 39.85062
1202053878 116.28006 39.85062
1202054167 116.28808 39.85016
1202054167 116.28808 39.85016
1202054481 116.30356 39.86588
1202054771 116.32504 39.86678
1202054783 116.32504 39.86678
1202055085 116.32678 39.8741
1202055374 116.32678 39.8741
1202055386 116.32678 39.8741
1202055688 116.32678 39.8741
1202055990 116.32682 39.87411
1202056291 116.31888 39.87488
1202056593 116.31175 39.87495
1202056895 116.3059 39.88064
1202057184 116.30961 39.87605
1202057196 116.30961 39.87605
1202057498 116.3111 39.88354
1202057787 116.31089 39.88423
1202057800 116.31089 39.88423
1202058101 116.31491 39.88588
1202058390 116.3118 39.88287
1202058403 116.31176 39.88289
1202058708 116.30863 39.87609
1202059009 116.30651 39.87605
1202059114 116.30583 39.87601
1202059311 116.30497 39.88473
1202059612 116.2966 39.88695
1202059718 116.29665 39.88809
1202059914 116.30269 39.89251
1202060216 116.30269 39.89274
1202060321 116.30273 39.89275
1202060517 116.29667 39.88848
1202060819 116.29288 39.88983
1202060924 116.28997 39.89555
1202061121 116.29601 39.89615
1202061422 116.30012 39.90596
1202061422 116.30012 39.90596
1202061528 116.30012 39.90596
1202061724 116.30012 39.90596
1202062026 116.3022 39.90493
1202062131 116.30396 39.90075
1202062327 116.30403 39.8865
1202062629 116.30089 39.88053
1202062734 116.30419 39.88302
1202062931 116.3132 39.88855
1202063232 116.31069 39.88629
1202063338 116.30654 39.88461
1202063534 116.30448 39.8921
1202063836 116.30452 39.90137
1202063941 116.30452 39.90137
1202064137 116.30452 39.90137
1202064439 116.30393 39.90057
1202064544 116.2996 39.89596
1202064741 116.2961 39.9045
1202065147 116.28895 39.88915
1202065343 116.29272 39.88721
1202065645 116.29269 39.88722
1202065750 116.2927 39.88721
1202065946 116.29266 39.88723
1202066248 116.29311 39.88809
1202066353 116.30033 39.8886
1202066353 116.30033 39.8886
1202066550 116.29936 39.88869
1202066851 116.29996 39.89551
1202066957 116.2978 39.89603
1202067153 116.28911 39.90274
1202067455 116.28197 39.90706
1202067560 116.28202 39.90705
1202067756 116.28008 39.9116
1202068058 116.28881 39.91168
1202068163 116.28695 39.91614
1202068661 116.29312 39.92256
1202068767 116.30131 39.92257
1202068963 116.30397 39.91354
1202068963 116.30397 39.91354
1202069265 116.30415 39.90187
1202069566 116.3042 39.88808
1202069868 116.30121 39.87989
1202069973 116.30121 39.87989
1202070170 116.30475 39.87132
1202070471 116.30433 39.87208
1202071807 116.2709 39.87777
1202072106 116.25931 39.91649
1202072408 116.24692 39.916
1202072410 116.24692 39.91596
1202072709 116.23396 39.9062
1202073011 116.22357 39.89514
1202073014 116.22363 39.89477
1202073313 116.22795 39.88257
1202073313 116.22795 39.88257
1202073614 116.22973 39.88825
1202073617 116.23016 39.88826
1202073916 116.24778 39.89209
1202074218 116.24778 39.89209
1202074220 116.24778 39.89209
1202074519 116.24778 39.89209
1202074821 116.25583 39.88825
1202074823 116.25583 39.88825
1202075123 116.25825 39.89152
1202075424 116.25814 39.88827
1202075726 116.26825 39.88897
1202076027 116.26844 39.94278
1202076030 116.2685 39.94332
1202076329 116.29657 39.95873
1202076631 116.30104 39.96949
1202076633 116.30104 39.96949
1202076932 116.30097 39.96575
1202077234 116.30275 39.95198
1202077237 116.30282 39.95177
1202077836 116.28595 39.9205
1202077839 116.28591 39.92052
1202078138 116.28961 39.92268
1202078440 116.29753 39.93474
1202078442 116.29741 39.93458
1202078741 116.28502 39.93288
1202079043 116.28946 39.93129
1202079345 116.30382 39.92181
1202079646 116.30386 39.90946
1202079649 116.30386 39.90942
1202079948 116.29262 39.92282
1202080250 116.26884 39.93208
1202080252 116.26879 39.93245
1202080551 116.26836 39.95987
1202080853 116.26182 39.94579
1202080853 116.26182 39.94579
1202080856 116.26128 39.94579
1202081155 116.22494 39.95366
1202081456 116.20323 39.94303
1202082060 116.19421 39.94473
1202082062 116.19417 39.9449
1202082361 116.19189 39.92968
1202082666 116.19367 39.92895
1202082965 116.21908 39.92328
1202083266 116.25671 39.92317
1202083269 116.25698 39.92317
1202083568 116.27385 39.94528
1202084975 116.4015 39.95765
1202085040 116.40766 39.95771
1202085342 116.41518 39.95797
1202085562 116.40167 39.95486
1202085643 116.39981 39.95016
1202085945 116.37792 39.95004
1202086165 116.37486 39.97215
1202086768 116.36388 40.00525
1202087067 116.36849 40.01433
1202087369 116.36398 40.0002
1202087671 116.34627 40.00894
1202087972 116.34109 40.01832
1202087975 116.34109 40.01832
1202088274 116.33731 40.00999
1202088576 116.35874 39.99993
1202088578 116.35907 39.99993
1202090492 116.41323 39.89994
1202091095 116.35736 39.88799
1202091698 116.29607 39.90816
1202092058 116.28896 39.90982
1202092302 116.2889 39.89897
1202125388 116.21453 39.87407
1202125690 116.21453 39.87407
1202125798 116.21453 39.87407
1202125798 116.21453 39.87407
1202125992 116.21453 39.87407
1202126293 116.21453 39.87407
1202126402 116.21453 39.87407
1202126595 116.21453 39.87407
1202126897 116.21453 39.87407
1202127005 116.21453 39.87407
1202127198 116.21453 39.87407
1202127500 116.21453 39.87407
1202127608 116.21602 39.87423
1202127802 116.2245 39.86732
1202128103 116.23144 39.85299
1202128212 116.23143 39.85295
1202128405 116.23143 39.85295
1202128405 116.23143 39.85295
1202128707 116.22678 39.84661
1202128815 116.23165 39.8514
1202129008 116.23197 39.86505
1202129310 116.23396 39.87493
1202129418 116.23396 39.87493
1202129612 116.23473 39.8749
1202129913 116.24704 39.87605
1202130022 116.24702 39.88211
1202130215 116.25375 39.89567
1202130625 116.33462 39.89608
1202130818 116.33607 39.89916
1202131120 116.339 39.91184
1202131227 116.33875 39.90979
1202131421 116.33703 39.91038
1202131529 116.33552 39.9067
1202131722 116.32943 39.90629
1202131831 116.33042 39.90155
1202132024 116.33623 39.89672
1202132326 116.33661 39.89227
1202132434 116.33598 39.89102
1202132627 116.34411 39.88814
1202132929 116.3575 39.88545
1202133037 116.35742 39.88071
1202133231 116.35988 39.88191
1202133532 116.36055 39.88199
1202133640 116.35754 39.87933
1202133834 116.35416 39.87884
1202134136 116.35306 39.87883
1202134244 116.3525 39.88452
1202134437 116.35258 39.88684
1202134739 116.34914 39.8882
1202134847 116.33145 39.88861
1202135040 116.3284 39.89426
1202135342 116.32845 39.89126
1202135450 116.32459 39.8892
1202135644 116.33162 39.89594
1202135945 116.34618 39.90391
1202135945 116.34618 39.90391
1202136054 116.34184 39.90392
1202136247 116.33111 39.89617
1202136549 116.32431 39.89154
1202136657 116.32203 39.88872
1202136850 116.32026 39.88868
1202137152 116.31809 39.88317
1202137260 116.31717 39.88322
1202137454 116.31515 39.89012
1202137755 116.32284 39.90062
1202137864 116.32467 39.90601
1202138057 116.32658 39.90766
1202138467 116.30408 39.90648
1202138660 116.30435 39.88417
1202139264 116.30615 39.87097
1202139565 116.31213 39.87202
1202139674 116.31165 39.87835
1202139867 116.30556 39.88313
1202140169 116.30775 39.88746
1202140277 116.31364 39.88889
1202140470 116.31435 39.88972
1202140772 116.31324 39.88734
1202140880 116.30762 39.88506
1202140880 116.30762 39.88506
1202141074 116.30474 39.88628
1202141375 116.30397 39.90213
1202141484 116.29851 39.8959
1202142087 116.28275 39.8953
1202142280 116.27377 39.89189
1202142582 116.28544 39.89538
1202142690 116.28985 39.88994
1202142884 116.29818 39.88855
1202143185 116.30094 39.88212
1202143294 116.29312 39.88154
1202143487 116.29987 39.88121
1202143487 116.29987 39.88121
1202143789 116.31952 39.88875
1202143897 116.3343 39.88841
1202144090 116.3424 39.88195
1202144392 116.3405 39.88537
1202145421 116.33627 39.89568
1202145710 116.32285 39.89926
1202145723 116.32276 39.90025
1202146024 116.34015 39.90573
1202146314 116.33624 39.9009
1202146326 116.33607 39.89966
1202146628 116.3203 39.89841
1202146917 116.30742 39.89595
1202146929 116.30646 39.89595
1202147231 116.3043 39.89929
1202147520 116.3044 39.92189
1202147533 116.3044 39.92189
1202147834 116.29874 39.92674
1202147834 116.29874 39.92674
1202148124 116.29874 39.92674
1202148124 116.29874 39.92674
1202148136 116.29874 39.92674
1202148438 116.29875 39.92673
1202148727 116.29871 39.92671
1202148739 116.29871 39.92671
1202149041 116.29871 39.92671
1202149330 116.29877 39.92673
1202149343 116.29877 39.92673
1202149644 116.30381 39.92391
1202149873 116.30243 39.92006
1202149873 116.30243 39.92006
1202150175 116.30067 39.91903
1202150251 116.30067 39.91903
1202150552 116.30067 39.91903
1202150778 116.30068 39.91902
1202150854 116.30068 39.91902
1202151156 116.30068 39.91902
1202151457 116.30053 39.91954
1202151759 116.30053 39.91954
1202152045 116.30396 39.91488
1202152061 116.30396 39.91419
1202152362 116.30434 39.9196
1202152664 116.32201 39.92205
1202152966 116.3366 39.92185
1202153252 116.34732 39.92228
1202153267 116.34791 39.92229
1202153569 116.3509 39.91838
1202153855 116.35023 39.91397
1202153871 116.35023 39.91397
1202154172 116.35022 39.9089
1202154458 116.3634 39.90583
1202154474 116.36505 39.90581
1202154775 116.37867 39.9058
1202155062 116.39856 39.90639
1202155379 116.40973 39.90672
1202155379 116.40973 39.90672
1202155665 116.42002 39.90693
1202155665 116.42002 39.90693
1202155680 116.42064 39.90694
1202156267 116.43032 39.89878
1202156283 116.43032 39.89878
1202156584 116.42683 39.89631
1202156871 116.4182 39.89595
1202156886 116.41789 39.89596
1202157474 116.41388 39.88443
1202157489 116.41425 39.88378
1202157791 116.39915 39.87072
1202158077 116.3827 39.86799
1202158093 116.3827 39.86799
1202158394 116.35837 39.86924
1202158681 116.35594 39.87671
1202158998 116.35415 39.87874
1202159299 116.3526 39.88791
1202159601 116.32139 39.88874
1202160204 116.27633 39.86915
1202160491 116.28039 39.86906
1202160506 116.28063 39.86811
1202161094 116.28059 39.83522
1202161411 116.28054 39.83927
1202161697 116.26946 39.88154
1202162014 116.2684 39.90532
1202162301 116.28885 39.90601
1202162316 116.28902 39.9053
1202162904 116.3029 39.90754
1202162919 116.30278 39.90726
1202163507 116.2974 39.88713
1202163523 116.29741 39.88714
1202163824 116.30401 39.88761
1202164111 116.3149 39.8897
1202164126 116.3151 39.88946
1202164428 116.30972 39.88598
1202164714 116.30484 39.89502
1202164729 116.30562 39.89534
1202165031 116.30391 39.90335
1202165333 116.30666 39.86383
1202165634 116.3396 39.83247
1202165920 116.33636 39.80558
1202165936 116.33622 39.80553
1202166238 116.32196 39.79665
1202166524 116.33126 39.78365
1202166539 116.32979 39.78364
1202166841 116.32812 39.80043
1202167127 116.33989 39.82527
1202167143 116.34049 39.82731
1202167444 116.3216 39.83068
1202167730 116.3216 39.83068
1202167746 116.3216 39.83068
1202168334 116.30203 39.83803
1202168349 116.30351 39.83716
1202168651 116.3148 39.84673
1202168937 116.34072 39.85184
1202169253 116.33695 39.88844
1202169539 116.31478 39.89201
1202169555 116.31461 39.89152
1202169856 116.31149 39.88662
1202169856 116.31149 39.88662
1202170143 116.30538 39.8964
1202170158 116.30465 39.89763
1202170460 116.30392 39.90032
1202170460 116.30392 39.90032
1202170746 116.29625 39.89598
1202170746 116.29625 39.89598
1202170761 116.29606 39.89695
1202171063 116.30282 39.90739
1202171349 116.30445 39.92208
1202171365 116.30445 39.92208
1202171666 116.28038 39.92308
1202171953 116.27588 39.92698
1202171968 116.27667 39.92685
1202172571 116.28881 39.9059
1202172873 116.29958 39.90595
1202173159 116.3039 39.90097
1202173476 116.30392 39.90075
1202173763 116.30392 39.90075
1202174366 116.23025 39.89589
1202174381 116.22835 39.89589
1202174969 116.22518 39.87561
1202174985 116.225 39.8745
1202175286 116.21808 39.87413
1202175588 116.21606 39.87429
1202175633 116.21504 39.87434
1202210049 116.21441 39.87416
1202210351 116.21441 39.87416
1202210460 116.21441 39.87416
1202210653 116.21441 39.87416
1202210954 116.21441 39.87416
1202211064 116.21441 39.87416
1202211256 116.21441 39.87416
1202211558 116.21441 39.87416
1202211667 116.21441 39.87416
1202211859 116.21441 39.87416
1202212161 116.21441 39.87416
1202212270 116.21441 39.87416
1202212463 116.21441 39.87416
1202212874 116.21441 39.87416
1202213066 116.21441 39.87416
1202213368 116.22547 39.88375
1202213477 116.22609 39.88805
1202213669 116.2517 39.88825
1202213669 116.2517 39.88825
1202214080 116.2689 39.88367
1202214273 116.27175 39.89191
1202214574 116.26636 39.89633
1202214684 116.26798 39.88605
1202215178 116.27708 39.85039
1202215287 116.27975 39.83967
1202215479 116.28709 39.84037
1202215781 116.28842 39.84339
1202215890 116.28486 39.84207
1202216083 116.28492 39.84191
1202216384 116.28394 39.83518
1202216493 116.2807 39.83847
1202216705 116.2772 39.85349
1202216987 116.27359 39.89567
1202217097 116.29434 39.89572
1202217289 116.33184 39.89603
1202217591 116.36849 39.89837
1202217700 116.3816 39.89875
1202217892 116.39261 39.89871
1202218194 116.40063 39.90153
1202218303 116.40086 39.90314
1202218303 116.40086 39.90314
1202218496 116.40072 39.90406
1202218797 116.40054 39.90696
1202218907 116.40241 39.91162
1202219098 116.40054 39.91084
1202219400 116.38564 39.90615
1202219509 116.37689 39.90585
1202219701 116.36656 39.90862
1202220112 116.36733 39.90872
1202220305 116.36772 39.90628
1202220606 116.36795 39.8999
1202220716 116.36795 39.8999
1202220908 116.36809 39.89167
1202221210 116.36798 39.87026
1202221210 116.36798 39.87026
1202221319 116.36556 39.85813
1202221319 116.36556 39.85813
1202221511 116.3664 39.84923
1202221813 116.37251 39.84091
1202221922 116.37414 39.84945
1202222115 116.38046 39.85553
1202222416 116.38133 39.87629
1202222526 116.38121 39.88193
1202222718 116.38724 39.88867
1202223020 116.40489 39.89142
1202223129 116.39613 39.89087
1202223321 116.38681 39.88888
1202223623 116.38681 39.88888
1202223732 116.38426 39.88853
1202223925 116.36909 39.88799
1202224226 116.36794 39.88635
1202224336 116.36794 39.88635
1202224528 116.36794 39.88635
1202224830 116.36794 39.88635
1202224939 116.36794 39.88635
1202224939 116.36794 39.88635
1202224939 116.36794 39.88635
1202225131 116.36794 39.88635
1202225433 116.36097 39.88269
1202225542 116.35943 39.88521
1202225735 116.35753 39.88638
1202226036 116.3574 39.8877
1202226146 116.35735 39.88793
1202226338 116.33518 39.88858
1202228160 116.32815 39.87724
1202228442 116.3206 39.87824
1202228462 116.32064 39.87671
1202228462 116.32064 39.87671
1202228763 116.3084 39.87599
1202229046 116.30882 39.87596
1202229065 116.31006 39.87597
1202229367 116.30822 39.88104
1202229649 116.30494 39.88504
1202229668 116.30457 39.88631
1202229970 116.30434 39.91965
1202230252 116.30395 39.91154
1202230272 116.30395 39.91144
1202230573 116.30393 39.90989
1202230856 116.30387 39.90787
1202230875 116.30387 39.90787
1202231177 116.30396 39.90185
1202231459 116.3041 39.88313
1202231478 116.30458 39.88339
1202231780 116.30891 39.88541
1202232062 116.31492 39.88342
1202232082 116.31512 39.88312
1202232383 116.31484 39.88707
1202232665 116.30447 39.89174
1202232685 116.30447 39.89176
1202232987 116.30419 39.91335
1202233269 116.30363 39.9518
1202233288 116.30359 39.95227
1202233590 116.29787 39.95696
1202233872 116.29784 39.95288
1202233892 116.29792 39.95227
1202234193 116.32669 39.93691
1202234475 116.34717 39.93204
1202234495 116.34716 39.93131
1202234795 116.34298 39.93168
1202235399 116.32722 39.92696
1202235681 116.31318 39.92262
1202235700 116.31068 39.92263
1202236002 116.27749 39.92029
1202236002 116.27749 39.92029
1202236284 116.27724 39.90523
1202236284 116.27724 39.90523
1202236304 116.27724 39.90523
1202236605 116.29061 39.89974
1202236888 116.29909 39.90592
1202236907 116.29945 39.90591
1202237209 116.30412 39.89854
1202237491 116.3046 39.88157
1202237510 116.30477 39.87985
1202237812 116.30312 39.88202
1202238094 116.30558 39.87252
1202238114 116.30577 39.86953
1202238415 116.31654 39.86142
1202238698 116.3084 39.85994
1202238717 116.3084 39.85994
1202239301 116.31166 39.87757
1202239320 116.31157 39.87891
1202239632 116.3059 39.8808
1202239904 116.30477 39.88599
1202239924 116.30477 39.88599
1202240225 116.30595 39.88614
1202240508 116.30546 39.87432
1202240527 116.30573 39.87121
1202240829 116.33571 39.86668
1202241111 116.37855 39.86805
1202241130 116.37855 39.86805
1202241432 116.38159 39.86451
1202241714 116.37091 39.85595
1202241734 116.36812 39.85588
1202242035 116.34195 39.8619
1202242318 116.33337 39.88863
1202242337 116.33316 39.88874
1202242639 116.30489 39.88488
1202242921 116.30439 39.92206
1202242940 116.30439 39.92206
1202243242 116.29541 39.93058
1202243524 116.29583 39.93621
1202243544 116.29584 39.93624
1202243845 116.27876 39.9239
1202244128 116.2773 39.90565
1202244147 116.27733 39.90384
1202244449 116.28749 39.89594
1202244750 116.32048 39.89572
1202245073 116.3559 39.86744
1202246862 116.40242 39.85714
1202246976 116.39071 39.85576
1202247163 116.38604 39.86011
1202247465 116.38607 39.86035
1202247579 116.38613 39.8621
1202247767 116.38323 39.86237
1202248068 116.38323 39.86237
1202248182 116.38323 39.86237
1202248182 116.38323 39.86237
1202248370 116.37803 39.86173
1202248672 116.34354 39.84969
1202248786 116.32806 39.8479
1202249275 116.28961 39.86521
1202249389 116.27782 39.86427
1202249577 116.26118 39.86436
1202249878 116.24348 39.85658
1202249992 116.2322 39.85534
1202250180 116.22429 39.85076
1202250482 116.20668 39.81788
1202250596 116.19412 39.79616
1202250783 116.15547 39.77175
1202250783 116.15547 39.77175
1202251085 116.1026 39.71148
1202251199 116.08709 39.68474
1202251387 116.07118 39.64003
1202251688 116.05255 39.59827
1202251802 116.04516 39.60014
1202251995 116.0377 39.59324
1202252291 116.0393 39.59271
1202252406 116.03933 39.59263
1202252593 116.03933 39.59263
1202252895 116.03933 39.59263
1202253009 116.03933 39.59263
1202253196 116.03933 39.59263
1202253498 116.03933 39.59263
1202253612 116.03933 39.59263
1202253800 116.03933 39.59263
1202254216 116.03933 39.59263
1202254403 116.03933 39.59263
1202254705 116.03933 39.59263
1202254819 116.03933 39.59263
1202255006 116.03933 39.59263
1202255308 116.03933 39.59263
1202255422 116.03933 39.59263
1202255610 116.03681 39.5971
1202255911 115.99205 39.60095
1202256026 115.98095 39.6157
1202256213 115.98951 39.62955
1202256448 115.9918 39.63049
1202278863 116.24529 40.11719
1202278863 116.24529 40.11719
1202291836 115.99208 39.63051
1202292138 115.99199 39.6305
1202292300 115.99199 39.6305
1202292439 115.99193 39.63048
1202293043 115.98347 39.6297
1202293507 115.97854 39.68918
1202293646 115.98517 39.69296
1202293948 115.98517 39.69296
1202294110 115.98517 39.69296
1202294249 115.98517 39.69296
1202294551 115.98517 39.69296
1202294714 115.98517 39.69296
1202294853 115.98517 39.69296
1202295154 115.98513 39.69295
1202295154 115.98513 39.69295
1202295317 115.98513 39.69295
1202295456 115.98513 39.69295
1202295758 115.98513 39.69295
1202295920 115.98513 39.69295
1202296059 115.98513 39.69295
1202296361 115.98513 39.69295
1202296524 115.98523 39.69293
1202296663 115.9848 39.69366
1202296964 116.02412 39.70582
1202297127 116.05657 39.71297
1202297266 116.08131 39.71665
1202297729 116.13306 39.74
1202297868 116.1471 39.74866
1202298170 116.17921 39.78585
1202298332 116.16821 39.7997
1202298472 116.14909 39.80144
1202298773 116.15287 39.80877
1202299377 116.19981 39.81081
1202299539 116.20322 39.82746
1202299678 116.20279 39.84132
1202299980 116.22041 39.84329
1202300142 116.20231 39.87369
1202300281 116.21751 39.89575
1202300583 116.24771 39.906
1202300746 116.24831 39.90599
1202300885 116.24859 39.90603
1202301186 116.25861 39.89924
1202301349 116.25859 39.89373
1202301488 116.25844 39.88191
1202301790 116.25382 39.86231
1202301952 116.25424 39.86079
1202302091 116.24672 39.85785
1202302393 116.24775 39.85781
1202302556 116.24775 39.85781
1202302695 116.24763 39.858
1202302695 116.24763 39.858
1202302996 116.25211 39.85648
1202303159 116.2575 39.86237
1202303298 116.26024 39.8682
1202303600 116.31131 39.88305
1202303762 116.30874 39.8812
1202303901 116.31017 39.87613
1202304203 116.31185 39.87475
1202304366 116.30924 39.87607
1202304505 116.3054 39.87757
1202304806 116.30925 39.85818
1202304969 116.29596 39.85822
1202304969 116.29596 39.85822
1202305108 116.28724 39.85518
1202305410 116.28771 39.85625
1202305711 116.29376 39.85989
1202305975 116.28785 39.85169
1202305975 116.28785 39.85169
1202307580 116.2886 39.85251
1202307881 116.30832 39.86588
1202308050 116.46675 39.92304
1202308050 116.46675 39.92304
1202308183 116.31412 39.89536
1202308485 116.31679 39.89551
1202308653 116.30444 39.90128
1202308786 116.30266 39.89597
1202309088 116.29899 39.90602
1202309257 116.30446 39.90978
1202309390 116.30412 39.93072
1202309691 116.31817 39.94926
1202309860 116.3179 39.9501
1202309993 116.31805 39.94627
1202310295 116.31806 39.94525
1202310439 116.31146 39.94487
1202312954 116.30804 39.93963
1202313243 116.3053 39.93986
1202313256 116.30437 39.94015
1202313567 116.31432 39.96865
1202313847 116.31546 39.96572
1202313859 116.3152 39.96548
1202314176 116.3194 39.9378
1202314450 116.31969 39.92237
1202314462 116.32098 39.92196
1202314764 116.32948 39.9075
1202315053 116.31495 39.90985
1202315066 116.3132 39.90987
1202315367 116.30376 39.90776
1202315656 116.32276 39.90403
1202315669 116.32284 39.90236
1202315971 116.32745 39.90128
1202316260 116.32743 39.90127
1202316272 116.32744 39.90127
1202316863 116.30444 39.90378
1202316875 116.30465 39.90463
1202317177 116.30418 39.89738
1202317466 116.27484 39.86861
1202317479 116.27529 39.86778
1202317780 116.28522 39.86049
1202317780 116.28522 39.86049
1202318070 116.28433 39.86207
1202318082 116.28433 39.86207
1202318384 116.28436 39.86489
1202318673 116.29811 39.88029
1202318685 116.29962 39.88108
1202318987 116.30451 39.89801
1202319289 116.29598 39.90351
1202319590 116.30286 39.9075
1202319880 116.30575 39.87043
1202319892 116.30573 39.86876
1202320194 116.28822 39.86255
1202320483 116.28809 39.8647
1202320495 116.28779 39.86504
1202320796 116.27345 39.8716
1202320797 116.6262 39.8716
1202321085 116.30428 39.89208
1202321399 116.30481 39.93977
1202321689 116.35253 39.9431
1202321701 116.35429 39.94364
1202322003 116.41751 39.94798
1202322292 116.4264 39.95808
1202322304 116.42771 39.95809
1202322606 116.42862 39.95321
1202322895 116.42924 39.95933
1202322908 116.42909 39.95876
1202323209 116.42644 39.94746
1202323499 116.43017 39.93419
1202323511 116.43017 39.93419
1202323813 116.41963 39.93482
1202324102 116.41032 39.94728
1202324114 116.41023 39.94781
1202324416 116.37303 39.94753
1202324705 116.35 39.9215
1202324718 116.35001 39.92005
1202325019 116.36006 39.91185
1202325309 116.35605 39.90603
1202325321 116.35464 39.906
1202325321 116.35464 39.906
1202325645 116.2919 39.90627
1202325912 116.26354 39.90626
1202325924 116.26179 39.90626
1202326226 116.26098 39.92079
1202326515 116.2586 39.91
1202326528 116.25848 39.9098
1202326829 116.25352 39.91927
1202327119 116.25264 39.91925
1202327131 116.25319 39.91928
1202327433 116.26905 39.93014
1202327734 116.27794 39.95611
1202328036 116.27451 39.95639
1202328325 116.27516 39.95569
1202328338 116.27734 39.95582
1202328639 116.28406 39.96528
1202328929 116.28569 39.96573
1202328941 116.28599 39.96619
1202329243 116.2907 39.962
1202329532 116.30988 39.96376
1202329544 116.31264 39.9648
1202329846 116.37374 39.9642
1202330148 116.37535 39.95213
1202330456 116.36542 39.94988
1202330738 116.34964 39.93001
1202330751 116.34978 39.92813
1202331061 116.33035 39.90634
1202331342 116.32446 39.90784
1202331354 116.3237 39.90771
1202331945 116.30401 39.89963
1202331957 116.30408 39.89895
1202332261 116.34244 39.89212
1202332548 116.3722 39.86907
1202332561 116.37465 39.86924
1202333466 116.37747 39.8583
1202333767 116.34123 39.85599
1202334068 116.33082 39.87586
1202334357 116.33023 39.8833
1202334370 116.32928 39.88337
1202334671 116.31812 39.87483
1202334961 116.30431 39.88678
1202334973 116.30429 39.88899
1202335275 116.30068 39.88187
1202335564 116.2343 39.85746
1202335878 116.22525 39.84879
1202336167 116.26687 39.87141
1202336180 116.2689 39.8723
1202336771 116.29057 39.87904
1202336783 116.28956 39.87885
1202337085 116.24318 39.86121
1202337374 116.20601 39.83166
1202337386 116.20639 39.82898
1202337688 116.15952 39.77572
1202337977 116.13106 39.73891
1202337990 116.12998 39.73825
1202338291 116.10902 39.72462
1202338581 116.04679 39.71155
1202338593 116.04405 39.71198
1202338895 116.00908 39.7022
1202339184 116.00983 39.69223
1202339196 116.00977 39.6912
1202339498 116.02459 39.66997
1202339787 116.02507 39.66852
1202340101 116.02507 39.66852
1202340403 116.02507 39.66852
1202340403 116.02507 39.66852
1202340705 116.02507 39.66852
1202340994 116.02507 39.66852
1202341006 116.02507 39.66852
1202341308 116.02507 39.66852
1202341597 116.02678 39.65466
1202341610 116.02662 39.6529
1202341911 115.97402 39.64774
1202342201 115.99215 39.63027
1202342213 115.99194 39.63046
1202342382 115.99181 39.63047
1202342869 115.9918 39.63046
1202342869 115.9918 39.63046
1202342869 115.9918 39.63046
1202342869 115.9918 39.63046
1202342869 115.9918 39.63046
1202342869 115.9918 39.63046
1202342869 115.9918 39.63046
1202342869 115.9918 39.63046
1202342869 115.9918 39.63046
1202342869 115.9918 39.63046
1202342869 115.9918 39.63046
1202342869 115.9918 39.63046
1202342869 115.9918 39.63046
1202342869 115.9918 39.63046
1202342869 115.9918 39.63046
1202342869 115.9918 39.63046
1202342869 115.9918 39.63046
1202342869 115.9918 39.63046
1202342869 115.9918 39.63046
1202342869 115.9918 39.63046
1202342869 115.9918 39.63046
1202342869 115.9918 39.63046
1202342869 115.9918 39.63046
1202386632 115.99166 39.63079
1202387045 115.99199 39.6305
1202387236 115.99073 39.63307
1202387367 115.99088 39.63326
1202406038 115.99114 39.63218
1202411267 115.99064 39.633
1202412960 115.99053 39.62993
1202413114 115.9918 39.63048
1202475127 115.99214 39.63053
1202475429 115.99214 39.63053
1202475536 115.98869 39.62958
1202475536 115.98869 39.62958
1202475731 115.97524 39.63526
1202476032 115.97412 39.64797
1202476140 115.97412 39.64798
1202476334 115.96775 39.6552
1202476636 115.96057 39.65956
1202476803 115.96021 39.65967
1202490157 115.96742 39.65537
1202490446 115.97548 39.63426
1202490459 115.97593 39.63267
1202490760 115.98786 39.62977
1202491050 115.98837 39.6296
1202491062 115.98837 39.6296
1202491364 115.98837 39.6296
1202491653 115.98851 39.6294
1202491665 115.9885 39.62897
1202491967 115.98661 39.62632
1202492256 115.98661 39.62632
1202492269 115.98661 39.62632
