UTS Latitude Longitude
1201959503 116.35999 39.94368
1201959803 116.36002 39.94366
1201960103 116.36001 39.94369
1201960403 116.36004 39.94372
1201960703 116.36003 39.94374
1201961003 116.36002 39.94373
1201961603 116.35998 39.94372
1201961903 116.36002 39.94382
1201962803 116.36004 39.94374
1201963103 116.36007 39.94368
1201963103 116.36007 39.94368
1201963403 116.35999 39.94365
1201963403 116.35999 39.94365
1201964003 116.36006 39.94365
1201964303 116.36006 39.94373
1201964903 116.36009 39.94384
1201965203 116.36013 39.94375
1201965503 116.36022 39.94392
1201965803 116.36004 39.94395
1201966103 116.35999 39.94377
1201966403 116.36012 39.9437
1201966703 116.36003 39.94371
1201967003 116.35996 39.94376
1201967303 116.36001 39.94388
1201967603 116.35991 39.94392
1201967903 116.36002 39.94385
1201968203 116.36 39.9439
1201968503 116.35754 39.94142
1201968803 116.32862 39.93704
1201969103 116.3198 39.95057
1201969703 116.342 39.94933
1201970303 116.33779 39.9272
1201970603 116.3388 39.91761
1201971011 116.33743 39.90569
1201971203 116.33699 39.90366
1201971503 116.33606 39.89957
1201971803 116.3365 39.89268
1201971803 116.3365 39.89268
1201972103 116.33769 39.88816
1201972103 116.33769 39.88816
1201972403 116.35156 39.88803
1201972703 116.3735 39.88785
1201973003 116.3786 39.88521
1201980774 116.32833 39.92439
1201980802 116.32815 39.92555
1201980802 116.32815 39.92555
1201981102 116.32768 39.93067
1201981402 116.33568 39.937
1201981702 116.34884 39.93909
1201982002 116.35554 39.93913
1201982302 116.36567 39.94704
1201982602 116.36547 39.95087
1201982902 116.36386 39.96898
1201983202 116.36338 39.98468
1201983502 116.35886 39.99317
1201983802 116.36217 40.00276
1201984102 116.34745 40.02373
1201984402 116.3596 40.03027
1201984702 116.36087 40.03752
1201985004 116.36092 40.03749
1201985302 116.36085 40.03747
1201986202 116.36068 40.03772
1201986502 116.36078 40.0376
1201986802 116.36082 40.03752
1201987102 116.36095 40.03744
1201987702 116.3608 40.03768
1201988002 116.36085 40.03766
1201988302 116.36092 40.03748
1201988602 116.361 40.03748
1201988902 116.36088 40.03749
1201989202 116.36087 40.03747
1201989502 116.35189 40.03642
1201989502 116.35189 40.03642
1201989802 116.3431 40.02817
1201990102 116.35402 40.01277
1201990402 116.37298 39.98093
1201990702 116.35982 39.97538
1201991002 116.35497 39.97594
1201991302 116.35502 39.97594
1201991602 116.35515 39.97594
1201991901 116.35242 39.97531
1201992201 116.34882 39.95545
1201992501 116.35106 39.94241
1201992801 116.3602 39.94391
1201993101 116.36017 39.94388
1201993401 116.36017 39.94387
1201993701 116.3601 39.94379
1201994001 116.36005 39.94384
1201994301 116.3602 39.94388
1201994601 116.36025 39.94388
1201994901 116.36026 39.94389
1201995201 116.3602 39.94388
1201995501 116.36021 39.94385
1201995801 116.36016 39.94386
1201996101 116.36022 39.94386
1201996401 116.36011 39.94385
1201996701 116.36012 39.94384
1201997001 116.36015 39.94385
1201997301 116.36015 39.9439
1201997601 116.3601 39.94399
1201997901 116.36016 39.94383
1201998201 116.36018 39.94383
1201998201 116.36018 39.94383
1201998801 116.36015 39.94393
1201999101 116.36022 39.94385
1201999401 116.36015 39.94394
1201999701 116.36014 39.94393
1202000301 116.36023 39.94387
1202000601 116.36025 39.94383
1202000901 116.3602 39.94386
1202001201 116.36021 39.94381
1202001501 116.3602 39.94381
1202001801 116.36021 39.94377
1202002101 116.36023 39.94379
1202002401 116.36021 39.94378
1202003001 116.36013 39.94387
1202003301 116.36013 39.94385
1202003601 116.36012 39.94387
1202003901 116.36007 39.94388
1202004201 116.36012 39.94384
1202005101 116.36012 39.94386
1202005401 116.36029 39.94389
1202006001 116.36016 39.9439
1202006301 116.36016 39.9439
1202006601 116.36014 39.94389
1202006901 116.36015 39.94388
1202006901 116.36015 39.94388
1202007201 116.3602 39.94395
1202007501 116.36011 39.94389
1202007801 116.3601 39.94392
1202008101 116.36016 39.94384
1202008401 116.36019 39.94386
1202008701 116.36016 39.94387
1202009001 116.36014 39.94389
1202009301 116.36015 39.94386
1202009601 116.36015 39.94393
1202010200 116.36025 39.94387
1202010500 116.36025 39.94382
1202010800 116.36015 39.94388
1202011100 116.36026 39.94381
1202011400 116.36041 39.94371
1202011700 116.36014 39.94385
1202012000 116.36018 39.94379
1202012300 116.36025 39.94383
1202012600 116.36021 39.94381
1202012900 116.36025 39.94382
1202013200 116.3603 39.94386
1202013500 116.36022 39.94387
1202013800 116.3602 39.94385
1202014100 116.36021 39.94379
1202014400 116.36026 39.94384
1202014700 116.36027 39.9437
1202015000 116.36028 39.94375
1202015300 116.36034 39.94374
1202015600 116.36028 39.94378
1202015600 116.36028 39.94378
1202015900 116.3603 39.9439
1202016200 116.3602 39.94381
1202016500 116.36012 39.94379
1202016800 116.36017 39.94381
1202017100 116.3603 39.94374
1202017400 116.36032 39.94378
1202017700 116.36025 39.94385
1202018000 116.36015 39.94391
1202018300 116.36021 39.94386
1202018600 116.36041 39.94379
1202018900 116.36021 39.94383
1202019200 116.36021 39.94378
1202019500 116.3602 39.94379
1202020100 116.36029 39.94379
1202020400 116.36029 39.94379
1202020700 116.36033 39.94375
1202021000 116.36032 39.94369
1202021300 116.36034 39.94373
1202021900 116.36029 39.9438
1202022200 116.36029 39.9438
1202022500 116.36021 39.94384
1202022800 116.36017 39.94394
1202023100 116.36011 39.94403
1202023400 116.36018 39.94392
1202023700 116.36021 39.94399
1202024600 116.36019 39.94386
1202024900 116.36021 39.94382
1202025200 116.36023 39.94378
1202025500 116.36021 39.94382
1202025800 116.3602 39.94382
1202026100 116.36022 39.94382
1202026400 116.36023 39.94385
1202026700 116.36015 39.94387
1202027300 116.36029 39.94382
1202027899 116.36031 39.94381
1202028199 116.36034 39.94384
1202028499 116.36035 39.94385
1202028799 116.36026 39.94384
1202029099 116.3602 39.94382
1202029399 116.36025 39.94375
1202029699 116.36026 39.94381
1202029999 116.36029 39.94381
1202030299 116.3602 39.94388
1202030599 116.36021 39.94391
1202031199 116.36019 39.94391
1202031499 116.36018 39.94389
1202031799 116.3601 39.94391
1202032099 116.36006 39.94397
1202032699 116.3603 39.94384
1202032999 116.36034 39.94381
1202032999 116.36034 39.94381
1202033299 116.36021 39.9439
1202033599 116.36019 39.94387
1202034199 116.36027 39.94384
1202034499 116.36018 39.94394
1202034799 116.3602 39.94389
1202035099 116.36021 39.94388
1202035399 116.36016 39.94396
1202035999 116.36012 39.94398
1202036299 116.36028 39.94377
1202036599 116.36019 39.94389
1202037199 116.36027 39.94359
1202037499 116.36021 39.9437
1202037799 116.36015 39.94375
1202038099 116.36025 39.94383
1202038399 116.36023 39.94392
1202038699 116.36018 39.9439
1202038999 116.36015 39.94384
1202039299 116.36017 39.94392
1202039599 116.36013 39.94393
1202039899 116.36021 39.94387
1202040199 116.36021 39.94388
1202040499 116.3602 39.94386
1202040799 116.36034 39.94371
1202041399 116.36026 39.94384
1202041999 116.36018 39.94396
1202042299 116.36025 39.94388
1202042599 116.36035 39.94386
1202042899 116.36023 39.94392
1202043199 116.36017 39.94389
1202043499 116.36025 39.94391
1202043799 116.36041 39.94385
1202044099 116.36023 39.94393
1202044699 116.36017 39.94388
1202044999 116.36016 39.94389
1202045299 116.36022 39.94382
1202045598 116.36025 39.94395
1202045898 116.36021 39.94378
1202046198 116.36023 39.94384
1202046498 116.36032 39.944
1202046798 116.36048 39.94391
1202047098 116.36039 39.94387
1202047398 116.36052 39.94382
1202047698 116.36054 39.94394
1202048298 116.36053 39.94397
1202048598 116.36051 39.94392
1202048898 116.36038 39.94389
1202049198 116.36039 39.94392
1202049498 116.36037 39.94389
1202049798 116.36036 39.94397
1202050098 116.36024 39.94388
1202050398 116.36016 39.94386
1202050398 116.36016 39.94386
1202050698 116.36022 39.9438
1202050998 116.36025 39.94375
1202051298 116.3602 39.94377
1202051598 116.36019 39.94358
1202051898 116.36018 39.94351
1202052198 116.36024 39.94356
1202052498 116.36028 39.94372
1202052798 116.36029 39.94371
1202053098 116.36033 39.9437
1202053398 116.36033 39.94366
1202053698 116.3603 39.94374
1202053998 116.36264 39.94635
1202054298 116.40489 39.94766
1202054598 116.41795 39.95797
1202054898 116.43335 39.95778
1202055198 116.42879 39.95807
1202056098 116.39915 39.9558
1202056398 116.39795 39.95003
1202056698 116.41801 39.94808
1202056998 116.4277 39.92567
1202057298 116.42881 39.91066
1202057598 116.46171 39.90347
1202057898 116.51805 39.90749
1202058198 116.56348 39.9081
1202058498 116.57097 39.91337
1202058798 116.54852 39.91486
1202059098 116.53719 39.91508
1202059098 116.53719 39.91508
1202059398 116.52436 39.91591
1202059698 116.50406 39.91483
1202059998 116.48306 39.90957
1202060298 116.48355 39.9005
1202060598 116.48334 39.8826
1202060898 116.49687 39.87942
1202061198 116.49475 39.87936
1202061498 116.47586 39.88321
1202061798 116.45545 39.88371
1202062098 116.44719 39.89246
1202062398 116.42187 39.89232
1202062698 116.40753 39.8917
1202062998 116.40027 39.89942
1202063298 116.39061 39.8988
1202063597 116.3696 39.89852
1202063898 116.35912 39.90254
1202064197 116.35736 39.90503
1202064497 116.35711 39.91164
1202065097 116.34012 39.91714
1202065397 116.33322 39.91392
1202065697 116.3285 39.91412
1202065997 116.3285 39.91812
1202066015 116.32855 39.91875
1202066297 116.32854 39.92089
1202066597 116.32743 39.93285
1202066897 116.3196 39.93631
1202067197 116.31176 39.93843
1202067497 116.30033 39.95237
1202067797 116.2974 39.95742
1202067797 116.2974 39.95742
1202068097 116.30101 39.96044
1202068397 116.30192 39.96102
1202068697 116.30522 39.97492
1202068997 116.30509 39.9777
1202069297 116.30897 39.98393
1202069597 116.30911 39.99927
1202069897 116.31162 40.01506
1202070197 116.31065 40.03149
1202070497 116.30413 40.03532
1202070797 116.27428 40.03249
1202071097 116.26124 40.03031
1202071397 116.25926 40.02144
1202071697 116.25914 40.02871
1202071997 116.27013 40.0269
1202072297 116.28392 39.99973
1202072597 116.30119 39.9645
1202072897 116.31949 39.96588
1202073197 116.38137 39.96688
1202073497 116.38918 39.94767
1202073797 116.40227 39.93972
1202074097 116.41469 39.93957
1202074397 116.41217 39.94804
1202074697 116.37361 39.9615
1202074997 116.33937 39.96641
1202075297 116.30266 39.9615
1202075597 116.28214 39.95821
1202075597 116.28214 39.95821
1202075897 116.28048 39.96551
1202076197 116.28189 39.96429
1202076497 116.28377 39.97808
1202076497 116.28377 39.97808
1202076797 116.34996 39.98549
1202077097 116.4169 39.98742
1202077397 116.46765 39.97381
1202077697 116.52972 40.02099
1202077997 116.58276 40.05026
1202078297 116.58664 40.07909
1202078597 116.58231 40.0623
1202078897 116.55984 40.06155
1202079497 116.54999 40.07012
1202080097 116.51649 40.02361
1202080397 116.47622 40.02038
1202080697 116.44864 40.01952
1202080997 116.43549 40.03076
1202081450 116.4032 40.02698
1202081597 116.40145 40.00963
1202082196 116.37244 39.98501
1202082543 116.36738 39.94751
1202082796 116.36042 39.94396
1202083096 116.36057 39.94388
1202083396 116.36081 39.94381
1202083696 116.36056 39.94393
1202083996 116.36045 39.94399
1202084296 116.36045 39.94398
1202084596 116.36027 39.94414
1202084896 116.36039 39.94399
1202085196 116.3605 39.94398
1202085196 116.3605 39.94398
1202085496 116.36032 39.94401
1202085796 116.36037 39.944
1202086096 116.36035 39.94398
1202086396 116.36041 39.94396
1202086696 116.36012 39.94415
1202086996 116.36011 39.94416
1202087296 116.36026 39.94401
1202087596 116.36045 39.94383
1202087896 116.36056 39.94366
1202088196 116.36061 39.94369
1202088496 116.36041 39.94379
1202088796 116.36032 39.94396
1202089096 116.3604 39.94386
1202089396 116.36036 39.9439
1202089696 116.36008 39.94401
1202089996 116.36017 39.9439
1202090296 116.3602 39.94399
1202090596 116.36005 39.94385
1202091196 116.36029 39.94393
1202091496 116.36055 39.94396
1202091796 116.36048 39.94392
1202092096 116.36035 39.94387
1202092396 116.36044 39.94394
1202092696 116.36051 39.94387
1202092996 116.36039 39.94399
1202093296 116.3604 39.94406
1202093596 116.36045 39.94398
1202093896 116.36053 39.94387
1202093896 116.36053 39.94387
1202094196 116.36055 39.94382
1202094496 116.36061 39.94378
1202094796 116.36057 39.94391
1202095096 116.36048 39.94398
1202095396 116.36054 39.94399
1202095696 116.36076 39.9438
1202095996 116.36045 39.94399
1202096296 116.36061 39.94396
1202096596 116.36059 39.94398
1202096896 116.36066 39.94394
1202097196 116.36067 39.94392
1202097496 116.36057 39.94395
1202097796 116.36058 39.94392
1202098096 116.36071 39.9439
1202098396 116.36066 39.9439
1202098696 116.36062 39.94393
1202098996 116.36065 39.94388
1202099296 116.36055 39.94394
1202099595 116.36065 39.94379
1202099895 116.36025 39.94436
1202100195 116.36017 39.9446
1202100495 116.36 39.94468
1202100795 116.36044 39.94415
1202101095 116.36032 39.94426
1202101395 116.36059 39.94388
1202101695 116.36062 39.94393
1202101995 116.36063 39.94396
1202102295 116.36073 39.94389
1202102595 116.36074 39.94379
1202102595 116.36074 39.94379
1202102895 116.36069 39.94369
1202103195 116.36045 39.94395
1202103495 116.36044 39.94395
1202103795 116.36041 39.94394
1202104095 116.36045 39.94377
1202104395 116.3605 39.94363
1202104695 116.36061 39.94382
1202104995 116.36046 39.94395
1202105295 116.36037 39.94398
1202105595 116.36042 39.94396
1202105895 116.36042 39.94394
1202106195 116.36044 39.94393
1202106495 116.36047 39.9439
1202106795 116.3604 39.94379
1202107095 116.3603 39.94377
1202107395 116.36038 39.94383
1202107695 116.36033 39.94393
1202107995 116.36035 39.944
1202108295 116.36043 39.94397
1202108595 116.36034 39.94405
1202109195 116.36038 39.94401
1202109495 116.36041 39.94399
1202109795 116.36058 39.94385
1202110095 116.36059 39.94386
1202110395 116.36069 39.94382
1202110695 116.36071 39.94379
1202110995 116.36072 39.94385
1202111295 116.3607 39.94384
1202111295 116.3607 39.94384
1202111595 116.36053 39.94373
1202111895 116.36039 39.94396
1202112195 116.36053 39.9437
1202112495 116.36027 39.94354
1202112795 116.36038 39.94371
1202113095 116.36036 39.94381
1202113395 116.36019 39.94384
1202113695 116.36019 39.94387
1202113995 116.35994 39.94402
1202114295 116.35998 39.9441
1202114595 116.35936 39.94449
1202114895 116.35913 39.94466
1202115195 116.35908 39.94469
1202115495 116.35935 39.94455
1202115795 116.35939 39.94439
1202116095 116.36093 39.94419
1202116395 116.36035 39.94383
1202116695 116.36022 39.94391
1202116995 116.36033 39.94383
1202117295 116.3604 39.94342
1202117595 116.36047 39.94353
1202117894 116.36052 39.94362
1202118194 116.36078 39.94396
1202118494 116.36077 39.94372
1202118794 116.36068 39.94394
1202119094 116.36068 39.94375
1202119394 116.36077 39.94377
1202119694 116.36072 39.94369
1202119994 116.36074 39.94371
1202119994 116.36074 39.94371
1202120594 116.36109 39.94352
1202120894 116.36087 39.94369
1202121194 116.36075 39.94371
1202121494 116.36066 39.94351
1202121794 116.36067 39.94358
1202122094 116.36061 39.94367
1202122394 116.36058 39.94361
1202122694 116.36061 39.94365
1202122994 116.36059 39.94341
1202123294 116.36058 39.94351
1202123594 116.36046 39.94335
1202123894 116.36045 39.94375
1202124194 116.36051 39.94397
1202124794 116.36048 39.94394
1202125094 116.36056 39.94396
1202125394 116.36062 39.94294
1202125994 116.36059 39.94395
1202126294 116.36051 39.94391
1202126594 116.36053 39.9439
1202126894 116.36041 39.94402
1202127194 116.36035 39.94405
1202127494 116.3604 39.94398
1202127794 116.36049 39.94397
1202128094 116.3605 39.94401
1202128397 116.3605 39.944
1202128694 116.36055 39.94394
1202128694 116.36055 39.94394
1202128994 116.36056 39.94394
1202129294 116.36074 39.94385
1202129594 116.36049 39.94397
1202129894 116.36049 39.94394
1202130194 116.36061 39.94379
1202130494 116.36067 39.94379
1202130794 116.36071 39.94384
1202131094 116.36067 39.94386
1202131394 116.36083 39.94382
1202131694 116.36075 39.94385
1202131994 116.3607 39.94383
1202132294 116.36094 39.94378
1202132594 116.36069 39.94374
1202132894 116.36064 39.94377
1202133194 116.36065 39.94375
1202133494 116.36039 39.94383
1202133794 116.36079 39.9438
1202134094 116.36086 39.9438
1202134394 116.36083 39.94382
1202134694 116.36068 39.94379
1202134994 116.36077 39.94374
1202135294 116.36071 39.94401
1202135593 116.35715 39.94357
1202135893 116.33939 39.9371
1202136193 116.31979 39.93766
1202136493 116.30833 39.93122
1202136793 116.3036 39.95242
1202137093 116.3142 39.96833
1202137393 116.31987 39.97187
1202137693 116.32791 39.96689
1202137693 116.32791 39.96689
1202137993 116.32774 39.97463
1202138293 116.32679 39.99116
1202138593 116.30971 39.99278
1202139193 116.31253 40.01073
1202139493 116.3096 40.02823
1202139793 116.31933 40.03427
1202140093 116.3311 40.02989
1202140393 116.33055 40.03561
1202140693 116.33475 40.03722
1202140993 116.34861 40.03548
1202141293 116.34317 40.02819
1202141593 116.34526 40.01402
1202141893 116.34206 40.00637
1202142193 116.34667 39.99304
1202142493 116.36298 39.98586
1202142793 116.37317 39.97557
1202143393 116.34731 39.9854
1202143993 116.30934 39.99467
1202144293 116.28869 39.99575
1202144593 116.28224 40.00476
1202144893 116.28017 40.00897
1202145493 116.26652 40.0014
1202145793 116.27636 40.00038
1202146093 116.26945 40.00147
1202146093 116.26945 40.00147
1202146393 116.2533 39.99651
1202146393 116.2533 39.99651
1202146693 116.25529 40.0047
1202146993 116.25131 40.00472
1202147293 116.23088 39.99813
1202147593 116.23043 39.99787
1202147893 116.25432 40.0047
1202148193 116.27241 40.00118
1202148779 116.27294 39.97048
1202149065 116.29751 39.97071
1202149365 116.30171 39.9619
1202149665 116.35094 39.96627
1202149965 116.37582 39.96708
1202150265 116.35688 39.96661
1202150565 116.34733 39.97523
1202150865 116.32875 39.97915
1202151165 116.32714 39.99421
1202151465 116.33194 39.99887
1202151765 116.33673 40.00878
1202152035 116.33812 40.0096
1202152056 116.33812 40.0096
1202152365 116.33864 40.0126
1202152665 116.34601 40.00469
1202152965 116.33389 39.99198
1202153265 116.3305 39.99699
1202153565 116.35751 39.99997
1202153865 116.36827 40.00026
1202154165 116.36902 39.99741
1202154465 116.37194 39.98683
1202154765 116.3881 39.96709
1202155065 116.4319 39.96718
1202155365 116.45551 39.94562
1202155665 116.45539 39.9279
1202155665 116.45539 39.9279
1202155965 116.45537 39.91363
1202156564 116.45577 39.93207
1202156864 116.45561 39.94769
1202157164 116.43934 39.96238
1202157464 116.40331 39.96771
1202157764 116.39269 39.96711
1202158064 116.39677 39.96409
1202158364 116.39679 39.95583
1202158664 116.39239 39.95238
1202159264 116.37521 39.95007
1202159864 116.38997 39.93245
1202160164 116.39932 39.93204
1202160464 116.40222 39.94388
1202160764 116.41156 39.95782
1202161064 116.41898 39.96296
1202161964 116.35753 39.97545
1202162564 116.35508 39.97601
1202162864 116.35507 39.97605
1202163164 116.35499 39.97598
1202163764 116.35507 39.97599
1202164064 116.35497 39.97583
1202164364 116.35479 39.97594
1202164364 116.35479 39.97594
1202164964 116.34887 39.94089
1202165264 116.35945 39.94335
1202165564 116.36019 39.94381
1202165864 116.36005 39.94375
1202166164 116.36019 39.94384
1202166464 116.36015 39.94381
1202166764 116.36018 39.94383
1202167064 116.36016 39.94376
1202167364 116.36015 39.9437
1202167664 116.36006 39.94378
1202167964 116.36008 39.9438
1202168264 116.36018 39.94375
1202168564 116.36005 39.94374
1202168864 116.36004 39.9437
1202169164 116.3601 39.94379
1202169464 116.36 39.94378
1202169764 116.36006 39.94388
1202170064 116.36002 39.94382
1202170364 116.35993 39.94386
1202170664 116.35982 39.94386
1202170964 116.36008 39.94378
1202171264 116.36011 39.94385
1202171564 116.36012 39.94379
1202171864 116.36002 39.94376
1202172464 116.36011 39.94386
1202172764 116.36001 39.9439
1202173064 116.36022 39.94383
1202173064 116.36022 39.94383
1202173364 116.36012 39.94379
1202173664 116.36003 39.94379
1202174263 116.36008 39.94375
1202174863 116.36021 39.94368
1202175163 116.3602 39.94365
1202175463 116.36007 39.94379
1202175763 116.3599 39.9437
1202176063 116.35996 39.9438
1202176363 116.36007 39.94366
1202176663 116.35999 39.94381
1202176963 116.36006 39.94382
1202179063 116.35992 39.9439
1202179663 116.36004 39.94382
1202180263 116.36004 39.94387
1202180563 116.36011 39.94387
1202180863 116.36012 39.94379
1202181163 116.36002 39.94385
1202181463 116.36007 39.94398
1202181763 116.36001 39.94391
1202181763 116.36001 39.94391
1202182063 116.36014 39.94381
1202182363 116.36002 39.94386
1202182963 116.36003 39.94383
1202183263 116.3601 39.94388
1202183563 116.36013 39.94392
1202183863 116.36008 39.9439
1202184463 116.36013 39.94388
1202184763 116.36005 39.9438
1202185063 116.36012 39.94384
1202185363 116.36006 39.94377
1202185663 116.36006 39.94383
1202185963 116.36008 39.94371
1202186263 116.36011 39.94375
1202186563 116.36008 39.94377
1202187163 116.36008 39.94382
1202187463 116.36005 39.94386
1202187764 116.36012 39.94377
1202188063 116.36015 39.94383
1202188363 116.36025 39.94384
1202188663 116.36015 39.94387
1202188963 116.36 39.94368
1202189263 116.36012 39.94384
1202189563 116.36005 39.94386
1202189863 116.36008 39.94382
1202190163 116.36002 39.94395
1202190463 116.36017 39.9438
1202190463 116.36017 39.9438
1202190763 116.36016 39.94383
1202190763 116.36016 39.94383
1202191063 116.36007 39.94375
1202191363 116.36006 39.94381
1202191663 116.36 39.94385
1202191963 116.36013 39.94381
1202192262 116.3601 39.94376
1202192562 116.36007 39.94391
1202192862 116.36013 39.94381
1202193162 116.36003 39.9438
1202193462 116.36025 39.94377
1202193762 116.3604 39.9438
1202194062 116.36006 39.9438
1202194362 116.3602 39.94382
1202194662 116.36016 39.94382
1202194962 116.36016 39.94377
1202195262 116.36008 39.94376
1202195562 116.36002 39.9437
1202195862 116.36009 39.94378
1202196162 116.36015 39.94387
1202196462 116.36009 39.94372
1202196762 116.36016 39.94391
1202197062 116.36016 39.94379
1202197362 116.3601 39.94379
1202197662 116.36014 39.94375
1202197962 116.3601 39.94382
1202198262 116.36012 39.94373
1202198562 116.36008 39.94379
1202198862 116.36012 39.94378
1202199162 116.36006 39.94378
1202199462 116.3603 39.94383
1202199462 116.3603 39.94383
1202199762 116.36018 39.94376
1202200062 116.3601 39.94386
1202200362 116.36033 39.94376
1202200662 116.36019 39.94379
1202200962 116.36021 39.94378
1202201262 116.36002 39.94382
1202201562 116.36013 39.94382
1202201862 116.35985 39.94366
1202202162 116.36016 39.94379
1202202462 116.35975 39.94368
1202202762 116.35991 39.94373
1202203062 116.36014 39.94375
1202203362 116.35999 39.94373
1202203662 116.36015 39.94382
1202203962 116.36002 39.9437
1202204262 116.35993 39.94375
1202204562 116.36009 39.94378
1202204862 116.36008 39.94356
1202205162 116.35999 39.94366
1202205462 116.35991 39.94371
1202205762 116.36 39.94377
1202206362 116.36008 39.94379
1202206662 116.36027 39.94369
1202206962 116.36018 39.94378
1202207262 116.36009 39.94374
1202207562 116.36015 39.94388
1202207862 116.36022 39.94367
1202208162 116.36013 39.94379
1202208162 116.36013 39.94379
1202208462 116.36018 39.94368
1202208762 116.35991 39.9441
1202209062 116.36014 39.94376
1202209362 116.36015 39.94365
1202209662 116.36007 39.94361
1202209962 116.36014 39.94387
1202210261 116.36003 39.94386
1202210561 116.36005 39.94375
1202210861 116.36003 39.94374
1202211161 116.36007 39.9438
1202211461 116.36012 39.94381
1202211761 116.36004 39.94376
1202212061 116.36017 39.94385
1202212361 116.36012 39.94377
1202212661 116.36013 39.94378
1202212961 116.36007 39.94373
1202213261 116.35998 39.94392
1202213561 116.36014 39.94385
1202213861 116.3602 39.94375
1202214161 116.36011 39.94379
1202214461 116.35998 39.94402
1202214761 116.36041 39.94414
1202215061 116.36019 39.9438
1202215361 116.36026 39.94381
1202215661 116.36035 39.94383
1202215961 116.36046 39.94365
1202216261 116.36077 39.94356
1202216561 116.36059 39.94325
1202216861 116.36068 39.94353
1202216861 116.36068 39.94353
1202217161 116.36047 39.94362
1202217461 116.36013 39.94379
1202217761 116.36018 39.94377
1202218061 116.36016 39.94384
1202218361 116.36011 39.94379
1202218661 116.36001 39.94383
1202218961 116.3601 39.9438
1202219261 116.36011 39.94378
1202219561 116.36006 39.94383
1202219861 116.36005 39.94383
1202220161 116.36005 39.9438
1202220761 116.36017 39.94388
1202221061 116.36075 39.94333
1202221361 116.35996 39.9458
1202221661 116.35964 39.94576
1202221961 116.3492 39.9538
1202222261 116.36488 39.95456
1202222561 116.36555 39.94821
1202222861 116.3669 39.92883
1202223161 116.36715 39.92203
1202223461 116.36736 39.91586
1202223761 116.36641 39.91025
1202224061 116.35993 39.92478
1202224361 116.36231 39.93928
1202224661 116.36316 39.94647
1202225261 116.36619 39.945
1202225561 116.36522 39.95461
1202225561 116.36522 39.95461
1202225861 116.3647 39.95572
1202226161 116.36559 39.94788
1202226461 116.36951 39.9413
1202226761 116.366 39.94684
1202227061 116.37365 39.95658
1202227361 116.36777 39.95676
1202227661 116.34432 39.95687
1202227960 116.33862 39.95687
1202227960 116.33862 39.95687
1202228260 116.31673 39.9599
1202228560 116.31124 39.97594
1202228860 116.31006 39.98874
1202229160 116.3237 39.99146
1202229460 116.31063 39.99059
1202229760 116.31064 39.9906
1202230060 116.32661 39.99006
1202230360 116.30073 39.98431
1202230660 116.30688 39.99854
1202230960 116.31141 40.01544
1202231260 116.3067 40.0292
1202231560 116.31935 40.03425
1202231860 116.33474 40.03723
1202232160 116.33565 40.03789
1202232460 116.3308 40.03576
1202232760 116.32015 40.04772
1202233075 116.3071 40.05752
1202233360 116.30712 40.06195
1202233660 116.30676 40.05699
1202233960 116.30098 40.04964
1202234260 116.30353 40.03663
1202234260 116.30353 40.03663
1202234560 116.31885 40.02971
1202234860 116.33225 40.02952
1202235160 116.33712 40.02932
1202235458 116.34257 40.02776
1202235760 116.35093 40.03091
1202236060 116.34924 40.03414
1202236360 116.34184 40.02976
1202236660 116.34589 40.02856
1202236960 116.34785 40.03897
1202237260 116.33558 40.03787
1202237560 116.32659 40.03459
1202237860 116.33084 40.02292
1202238160 116.34121 40.01876
1202238439 116.34597 40.00734
1202238451 116.34597 40.00734
1202238760 116.33378 39.99925
1202239060 116.32646 39.99156
1202239360 116.30996 39.98594
1202239660 116.27694 39.97419
1202239960 116.28155 39.96073
1202240260 116.27056 39.96809
1202240560 116.27409 39.98271
1202240860 116.2897 39.99219
1202241160 116.30156 39.96244
1202241460 116.32841 39.96123
1202241760 116.3343 39.94655
1202242360 116.37382 39.94792
1202242686 116.37324 39.98523
1202242960 116.40169 39.99176
1202242960 116.40169 39.99176
1202243260 116.38812 39.98699
1202243560 116.37193 39.97547
1202243860 116.35352 39.96661
1202244160 116.32838 39.96657
1202244460 116.32031 39.95048
1202244760 116.31951 39.93155
1202245060 116.29406 39.92279
1202245360 116.25747 39.92327
1202245660 116.2285 39.92386
1202245960 116.19897 39.92354
1202246259 116.18303 39.92731
1202246558 116.1641 39.92421
1202246859 116.178 39.92784
1202247159 116.1936 39.93396
1202247459 116.20872 39.95005
1202247759 116.2351 39.9493
1202248059 116.26727 39.94555
1202248359 116.29318 39.94469
1202248659 116.33505 39.937
1202248959 116.3601 39.94333
1202249259 116.34031 39.93777
1202249559 116.30357 39.94193
1202249859 116.29122 39.93614
1202250159 116.31559 39.93773
1202250459 116.35587 39.94393
1202250759 116.36001 39.94377
1202251059 116.36009 39.94379
1202251359 116.3601 39.94379
1202251659 116.36014 39.94383
1202251659 116.36014 39.94383
1202251959 116.35978 39.94393
1202252259 116.36019 39.94386
1202252559 116.36017 39.94378
1202253159 116.36026 39.94379
1202253759 116.35989 39.94371
1202254059 116.36007 39.94379
1202254359 116.36016 39.94388
1202254659 116.36009 39.94398
1202254959 116.36008 39.94372
1202255259 116.36015 39.94381
1202255559 116.36007 39.94378
1202255859 116.35999 39.94386
1202256159 116.36009 39.94381
1202256459 116.35998 39.94388
1202256759 116.36008 39.94381
1202257059 116.35993 39.94393
1202257359 116.36014 39.94384
1202257659 116.35997 39.94383
1202257959 116.36002 39.94387
1202258259 116.36006 39.94384
1202258559 116.36005 39.94385
1202258859 116.36005 39.94382
1202259159 116.36005 39.94387
1202259759 116.35995 39.94381
1202260059 116.36007 39.94378
1202260359 116.36013 39.94364
1202260359 116.36013 39.94364
1202260659 116.36007 39.94375
1202260959 116.35998 39.9438
1202261259 116.36005 39.94368
1202261559 116.36022 39.94377
1202261859 116.35999 39.94368
1202262159 116.36001 39.94376
1202262459 116.36011 39.94358
1202262759 116.35994 39.94376
1202263359 116.36013 39.94383
1202263958 116.36015 39.94379
1202264258 116.36007 39.94382
1202264558 116.36001 39.94385
1202264858 116.36004 39.94377
1202265158 116.36001 39.94391
1202265458 116.36007 39.94381
1202265758 116.36005 39.9438
1202266058 116.36002 39.94383
1202266358 116.36025 39.94388
1202266658 116.35998 39.94395
1202266958 116.36006 39.94385
1202267258 116.36003 39.94387
1202267558 116.36012 39.94388
1202267858 116.36011 39.9438
1202268158 116.36008 39.94378
1202268458 116.36004 39.94382
1202268758 116.36004 39.94389
1202269058 116.36009 39.94375
1202269058 116.36009 39.94375
1202269358 116.36003 39.94383
1202269658 116.36004 39.94385
1202269958 116.3601 39.94384
1202270258 116.36004 39.94382
1202270558 116.36003 39.94382
1202270858 116.36012 39.94381
1202271458 116.36011 39.94372
1202271758 116.36007 39.94373
1202272058 116.36012 39.94382
1202272358 116.36006 39.94379
1202272658 116.36011 39.94377
1202272958 116.36011 39.9437
1202273258 116.36012 39.9439
1202273558 116.36009 39.94374
1202273858 116.36027 39.9436
1202274158 116.36019 39.94384
1202274458 116.36013 39.94383
1202274758 116.36012 39.94386
1202275058 116.36016 39.94381
1202275358 116.36015 39.94381
1202275658 116.36007 39.94378
1202276258 116.3601 39.94385
1202276558 116.36014 39.94378
1202276858 116.36015 39.94386
1202277458 116.36021 39.94382
1202277758 116.36014 39.94382
1202277758 116.36014 39.94382
1202278058 116.36003 39.94377
1202278358 116.36012 39.94374
1202278658 116.36011 39.94382
1202278958 116.3601 39.94373
1202279258 116.36015 39.94371
1202279558 116.36019 39.94377
1202279858 116.36016 39.94379
1202280158 116.35993 39.94378
1202280458 116.3601 39.94375
1202280758 116.36006 39.94372
1202281058 116.36013 39.94376
1202281358 116.36021 39.94377
1202281657 116.36017 39.94372
1202281957 116.36012 39.94378
1202282257 116.36014 39.94382
1202282557 116.36005 39.9437
1202282857 116.36023 39.94376
1202283157 116.36021 39.9438
1202283457 116.36011 39.94379
1202284057 116.35999 39.94375
1202284357 116.36025 39.94372
1202284657 116.36013 39.94375
1202284957 116.36009 39.94382
1202285556 116.36032 39.94383
1202285857 116.3602 39.94381
1202286157 116.36022 39.94377
1202286457 116.3603 39.94372
1202286457 116.3603 39.94372
1202286757 116.36025 39.9438
1202287057 116.36033 39.94373
1202287357 116.36022 39.94383
1202287657 116.36019 39.94379
1202287957 116.35998 39.94376
1202288257 116.36016 39.94375
1202288557 116.36016 39.94381
1202288857 116.3601 39.94382
1202289157 116.35998 39.9437
1202289457 116.36011 39.9438
1202289757 116.36028 39.9438
1202290057 116.36011 39.94381
1202290360 116.36019 39.94384
1202290657 116.3602 39.94365
1202290957 116.36009 39.9438
1202291257 116.36009 39.94383
1202291557 116.36022 39.94373
1202291857 116.35999 39.94374
1202292157 116.36006 39.94374
1202292457 116.35982 39.94384
1202292757 116.36007 39.94379
1202293057 116.36003 39.94379
1202293357 116.36009 39.94375
1202293657 116.36009 39.94367
1202293957 116.36014 39.94377
1202294257 116.36005 39.9438
1202294557 116.3601 39.94374
1202294857 116.36011 39.94372
1202295157 116.36013 39.94394
1202295157 116.36013 39.94394
1202295457 116.36013 39.94367
1202295757 116.36008 39.9437
1202296057 116.36009 39.94378
1202296357 116.36003 39.94378
1202296657 116.36 39.94376
1202296957 116.35995 39.94375
1202297257 116.36013 39.94388
1202297557 116.3601 39.94379
1202297857 116.36009 39.94382
1202298157 116.36006 39.94388
1202298457 116.36002 39.94365
1202298757 116.36014 39.94388
1202299057 116.36005 39.94383
1202299357 116.35994 39.94406
1202299657 116.36014 39.94388
1202299956 116.35995 39.94395
1202300256 116.36001 39.94401
1202300556 116.36011 39.94396
1202300856 116.36001 39.94399
1202301156 116.36021 39.94382
1202301456 116.36038 39.9438
1202301756 116.36023 39.94373
1202302056 116.36027 39.94379
1202302356 116.3605 39.94359
1202302656 116.36032 39.94367
1202302656 116.36032 39.94367
1202302956 116.36036 39.94365
1202303556 116.36026 39.94366
1202303856 116.36029 39.94362
1202303856 116.36029 39.94362
1202304156 116.36041 39.94361
1202304456 116.36027 39.94371
1202304756 116.36021 39.94378
1202305056 116.36008 39.94382
1202305356 116.36021 39.94376
1202305956 116.3601 39.94381
1202306256 116.36005 39.94383
1202306556 116.36008 39.94383
1202306856 116.36013 39.94387
1202307156 116.35978 39.94352
1202307456 116.36011 39.94373
1202307756 116.36084 39.94383
1202308056 116.35781 39.93369
1202308356 116.35801 39.93722
1202308656 116.37465 39.97022
1202308956 116.35175 40.01635
1202309256 116.34377 40.03447
1202309556 116.34837 40.03167
1202309856 116.36388 40.03852
1202310156 116.34671 40.02899
1202310456 116.33803 40.02939
1202310756 116.33493 40.03733
1202311056 116.34801 40.03832
1202311356 116.34325 40.0282
1202311656 116.36213 40.00223
1202312011 116.39248 39.96713
1202312256 116.44464 39.95881
1202312556 116.45554 39.91107
1202312856 116.45744 39.88974
1202313156 116.46599 39.89207
1202313456 116.46359 39.89238
1202313756 116.45574 39.89225
1202314056 116.44394 39.89249
1202314356 116.42316 39.89233
1202314656 116.40454 39.89962
1202314956 116.3783 39.89885
1202315256 116.36056 39.90261
1202315556 116.35959 39.91434
1202315856 116.3501 39.92754
1202316156 116.36032 39.92701
1202316456 116.35692 39.90611
1202316756 116.37519 39.90325
1202317056 116.37703 39.90042
1202317356 116.37703 39.90038
1202317655 116.36486 39.90274
1202317955 116.35966 39.90807
1202318255 116.35956 39.924
1202318555 116.35023 39.93113
1202319155 116.35957 39.9441
1202319455 116.36625 39.93925
1202319755 116.34506 39.93879
1202320055 116.29366 39.9448
1202320655 116.26872 39.94895
1202320955 116.2742 39.96125
1202321255 116.26604 39.97174
1202321555 116.28141 39.97544
1202321855 116.29016 39.99219
1202322155 116.30926 39.99507
1202322455 116.33029 39.99154
1202322755 116.34611 39.99956
1202323055 116.35665 40.01057
1202323355 116.34218 40.02902
1202323655 116.35916 40.03807
1202323955 116.35796 40.02996
1202324255 116.34649 40.02057
1202324555 116.36339 40.00025
1202324845 116.36287 39.98976
1202324848 116.36287 39.98976
1202325155 116.40949 39.98726
1202325455 116.46319 39.96968
1202325755 116.5222 40.01829
1202326055 116.58117 40.04857
1202326355 116.58425 40.07963
1202326655 116.57966 40.05967
1202326955 116.54825 40.06337
1202327255 116.52843 40.04275
1202327555 116.50669 40.02277
1202327855 116.47407 40.02021
1202328155 116.46084 40.01427
1202328455 116.4617 39.99614
1202328755 116.47672 39.98311
1202329055 116.48331 39.97813
1202329355 116.48816 39.95808
1202329655 116.48189 39.95662
1202329955 116.46899 39.96656
1202329955 116.46899 39.96656
1202330255 116.45388 39.95354
1202330555 116.43343 39.95832
1202330855 116.42891 39.95801
1202331155 116.40809 39.95775
1202331455 116.42514 39.94802
1202331755 116.45233 39.93235
1202332055 116.46967 39.93236
1202332355 116.49295 39.93396
1202332655 116.48401 39.93612
1202332955 116.46808 39.96705
1202333255 116.43127 39.98793
1202333555 116.39006 39.98687
1202333855 116.36168 40.00326
1202334155 116.34313 40.02779
1202334455 116.34549 40.02029
1202334755 116.3463 40.00196
1202335055 116.34785 39.979
1202335354 116.34931 39.97527
1202335758 116.34849 39.93855
1202335758 116.34849 39.93855
1202335954 116.35863 39.94355
1202336254 116.36002 39.94384
1202336555 116.36002 39.94382
1202336854 116.36014 39.94374
1202337154 116.36011 39.94374
1202337754 116.36009 39.94382
1202338054 116.36008 39.94379
1202338354 116.36018 39.9438
1202338654 116.36015 39.94381
1202338654 116.36015 39.94381
1202338954 116.36019 39.94379
1202339254 116.36011 39.9438
1202339554 116.3601 39.94376
1202339854 116.35997 39.94367
1202340154 116.36002 39.94371
1202340454 116.36006 39.94375
1202340754 116.36001 39.94372
1202341054 116.36018 39.94384
1202341354 116.36016 39.94381
1202341654 116.36008 39.94375
1202341954 116.35998 39.94373
1202342254 116.36 39.94385
1202342554 116.36002 39.94384
1202342854 116.36005 39.94377
1202343154 116.36007 39.94373
1202343454 116.36009 39.94376
1202343754 116.36003 39.94379
1202344054 116.36008 39.94387
1202344354 116.36006 39.94386
1202344654 116.36007 39.94382
1202344954 116.36012 39.94389
1202345254 116.36006 39.94382
1202345554 116.36006 39.94378
1202345854 116.36019 39.94375
1202346454 116.36009 39.94372
1202347054 116.36015 39.94371
1202347354 116.36008 39.94379
1202347354 116.36008 39.94379
1202347654 116.36002 39.94384
1202347954 116.36012 39.94355
1202348254 116.36009 39.94367
1202348554 116.35997 39.94378
1202348854 116.35999 39.94375
1202349154 116.36008 39.94365
1202349454 116.36011 39.94383
1202350654 116.36013 39.9438
1202350954 116.36023 39.94392
1202351254 116.3598 39.94372
1202351554 116.36007 39.94381
1202352154 116.36006 39.94381
1202352454 116.36014 39.94388
1202352754 116.35992 39.94378
1202353054 116.36016 39.94388
1202353354 116.3601 39.94384
1202353953 116.36041 39.9438
1202354253 116.36011 39.94383
1202354553 116.36004 39.94376
1202354853 116.36 39.94388
1202355153 116.36 39.94375
1202355453 116.36038 39.94375
1202355753 116.36005 39.94389
1202356053 116.36008 39.94383
1202356353 116.36005 39.94381
1202356353 116.36005 39.94381
1202356653 116.3602 39.94374
1202356953 116.36014 39.94377
1202357253 116.36001 39.9438
1202357553 116.3604 39.94366
1202357853 116.35997 39.94376
1202358153 116.36007 39.94367
1202358453 116.36003 39.94365
1202358753 116.36016 39.94361
1202359053 116.35993 39.94374
1202359353 116.36035 39.94355
1202359653 116.36014 39.94372
1202359953 116.36018 39.94374
1202360253 116.36026 39.94369
1202360553 116.36033 39.94376
1202360853 116.36017 39.94385
1202361153 116.36033 39.94373
1202361453 116.36024 39.94379
1202361753 116.36008 39.94379
1202362053 116.36003 39.94384
1202362353 116.36007 39.94384
1202362953 116.36009 39.94377
1202363253 116.36003 39.94376
1202363553 116.36014 39.94371
1202363853 116.36007 39.94381
1202364153 116.35998 39.94381
1202364453 116.36009 39.94377
1202364753 116.36021 39.94384
1202365053 116.3601 39.94373
1202365053 116.3601 39.94373
1202365353 116.36013 39.94374
1202365653 116.36003 39.94375
1202365953 116.36007 39.94379
1202366253 116.36011 39.94372
1202366553 116.36022 39.94367
1202366853 116.3601 39.94374
1202367153 116.36009 39.94372
1202367453 116.36005 39.94376
1202367753 116.36006 39.94376
1202368053 116.36014 39.94379
1202368353 116.36011 39.94378
1202368653 116.36011 39.94377
1202368953 116.36017 39.94373
1202369253 116.36015 39.94356
1202369553 116.3601 39.94369
1202369853 116.36008 39.94373
1202370153 116.36009 39.9437
1202370453 116.36008 39.94378
1202370753 116.36013 39.94372
1202371053 116.36022 39.9437
1202371352 116.36012 39.94373
1202371652 116.36018 39.94367
1202371952 116.36014 39.94369
1202372252 116.36017 39.94369
1202372555 116.36016 39.94371
1202372852 116.36023 39.94368
1202373152 116.36035 39.94361
1202373452 116.36013 39.94376
1202373752 116.36012 39.94375
1202374052 116.36011 39.9437
1202374352 116.36019 39.94368
1202374652 116.36004 39.94375
1202374952 116.35984 39.94396
1202375252 116.3601 39.9438
1202375552 116.36005 39.94379
1202375852 116.36005 39.94378
1202376152 116.3601 39.94377
1202376452 116.36013 39.94391
1202376752 116.36016 39.94376
1202377052 116.36013 39.94347
1202377352 116.35997 39.94378
1202377652 116.36012 39.94372
1202377952 116.35997 39.94374
1202378252 116.36004 39.9437
1202378852 116.3601 39.94374
1202379152 116.36022 39.94378
1202379452 116.36018 39.94369
1202379752 116.36004 39.9438
1202380052 116.36014 39.94378
1202380352 116.36017 39.94379
1202380652 116.36005 39.94388
1202380952 116.36015 39.94374
1202381252 116.36016 39.94379
1202381552 116.36008 39.94386
1202381852 116.36006 39.94368
1202382152 116.36005 39.94376
1202382452 116.36 39.94378
1202382452 116.36 39.94378
1202382752 116.36014 39.94377
1202383052 116.36009 39.94374
1202383352 116.36013 39.94384
1202383652 116.36013 39.9438
1202383952 116.36017 39.94383
1202384252 116.35999 39.94375
1202384552 116.36002 39.94372
1202384852 116.36007 39.94363
1202385152 116.35999 39.94354
1202385452 116.35983 39.9438
1202385752 116.35988 39.94385
1202386052 116.36 39.94388
1202386352 116.36004 39.94385
1202386652 116.35993 39.94388
1202386952 116.35987 39.94397
1202387252 116.35988 39.94395
1202387552 116.36019 39.94383
1202387852 116.36009 39.94382
1202388152 116.36008 39.94375
1202388452 116.36013 39.94373
1202388752 116.36045 39.94367
1202389051 116.36027 39.94373
1202389351 116.36061 39.94354
1202389651 116.36024 39.94371
1202390251 116.36015 39.94361
1202390551 116.36018 39.94365
1202390851 116.36013 39.94372
1202391151 116.36016 39.94368
1202391151 116.36016 39.94368
1202391451 116.36016 39.94367
1202391751 116.3601 39.94372
1202392051 116.36001 39.94371
1202392351 116.36006 39.94372
1202392651 116.36003 39.94367
1202392951 116.36016 39.94382
1202393251 116.36009 39.94369
1202393551 116.36015 39.94387
1202393851 116.36005 39.94371
1202394151 116.3604 39.94315
1202394451 116.35982 39.94547
1202394751 116.35148 39.95083
1202395051 116.35464 39.97525
1202395351 116.35934 39.9839
1202395651 116.35892 39.99253
1202395951 116.3587 40.0075
1202396251 116.3453 40.02502
1202396551 116.3442 40.03876
1202396851 116.35165 40.01601
1202397455 116.38123 39.95013
1202397751 116.39355 39.95237
1202398051 116.40153 39.95017
1202398351 116.41015 39.94781
1202398651 116.42324 39.94814
1202398951 116.42894 39.91136
1202399251 116.4496 39.89217
1202399551 116.45799 39.88827
1202399851 116.45836 39.88897
1202399851 116.45836 39.88897
1202400151 116.4633 39.89192
1202400451 116.45593 39.89194
1202400751 116.43188 39.89867
1202401051 116.41504 39.90706
1202401351 116.38468 39.90624
1202401651 116.3578 39.90597
1202401951 116.33956 39.89658
1202402251 116.30395 39.88621
1202402551 116.2968 39.88618
1202402851 116.28905 39.89534
1202403151 116.27756 39.91048
1202403451 116.27888 39.93009
1202403751 116.29868 39.93672
1202404051 116.32099 39.93718
1202404351 116.34326 39.93284
1202404649 116.3495 39.93873
1202404951 116.39653 39.94755
1202405251 116.40231 39.93502
1202405551 116.40257 39.9284
1202405851 116.41194 39.91472
1202406151 116.41208 39.9016
1202406451 116.40418 39.89147
1202406751 116.38773 39.88892
1202407050 116.38486 39.88847
1202407350 116.38113 39.88819
1202407650 116.37912 39.88819
1202407950 116.36144 39.88667
1202408250 116.36579 39.88185
1202408550 116.37713 39.88177
1202408550 116.37713 39.88177
1202408850 116.39146 39.87554
1202409150 116.38163 39.86683
1202409450 116.36401 39.85524
1202409750 116.34264 39.86771
1202410050 116.34408 39.88534
1202410350 116.35032 39.91724
1202410650 116.37323 39.95067
1202410950 116.38698 39.98652
1202411250 116.39476 39.99215
1202411253 116.39476 39.99215
1202411550 116.397 39.99691
1202411850 116.40748 39.98702
1202412150 116.41813 39.98118
1202412450 116.39938 39.98725
1202412750 116.37447 39.9866
1202413050 116.37278 39.94998
1202413350 116.37385 39.94797
1202413650 116.38106 39.9524
1202413950 116.38925 39.94762
1202414250 116.42706 39.93989
1202414550 116.44039 39.93514
1202414850 116.42818 39.92187
1202415150 116.40576 39.9068
1202415450 116.37728 39.90589
1202415750 116.36402 39.91402
1202416248 116.35317 39.91278
1202416350 116.36484 39.91306
1202416950 116.36188 39.93076
1202417250 116.36604 39.94638
1202417250 116.36604 39.94638
1202417686 116.36612 39.96641
1202417889 116.41222 39.96774
1202418150 116.44212 39.95284
1202418450 116.43303 39.94459
1202418750 116.41921 39.94838
1202419050 116.38969 39.94772
1202419350 116.38002 39.95231
1202419650 116.37554 39.95222
1202419950 116.36415 39.96514
1202420250 116.35844 39.98059
1202420550 116.35523 39.9804
1202420850 116.35508 39.97599
1202421150 116.35507 39.97603
1202421450 116.34872 39.97528
1202421750 116.34974 39.94886
1202422050 116.35702 39.94371
1202422050 116.35702 39.94371
1202422350 116.36001 39.94384
1202422650 116.36 39.94375
1202422950 116.35997 39.94377
1202423250 116.36003 39.9438
1202423550 116.36005 39.94379
1202423850 116.36016 39.9438
1202424150 116.36015 39.94379
1202424450 116.36019 39.94381
1202424750 116.36007 39.94387
1202425050 116.36027 39.94388
1202425349 116.36009 39.94381
1202425649 116.3601 39.94378
1202425949 116.36004 39.94377
1202425949 116.36004 39.94377
1202426249 116.3601 39.94396
1202426549 116.36011 39.94388
1202426849 116.3602 39.94377
1202427149 116.3599 39.94374
1202427449 116.36008 39.94377
1202427749 116.36 39.94382
1202428049 116.36012 39.94379
1202428349 116.36002 39.94383
1202428649 116.35994 39.9439
1202428949 116.35994 39.9438
1202429249 116.36005 39.9438
1202429549 116.36006 39.94379
1202429849 116.36014 39.94387
1202430149 116.36004 39.9438
1202430449 116.36007 39.94386
1202430749 116.36004 39.94386
1202431049 116.36003 39.94385
1202431349 116.36005 39.94386
1202431649 116.36009 39.94383
1202431949 116.36008 39.94373
1202432249 116.35999 39.94373
1202432549 116.36013 39.94396
1202432849 116.36003 39.94375
1202433148 116.3636 39.94374
1202433149 116.36003 39.94374
1202433449 116.36001 39.94373
1202433749 116.36005 39.94371
1202434049 116.36002 39.94377
1202434349 116.35992 39.94368
1202434651 116.36001 39.94374
1202434651 116.36001 39.94374
1202434949 116.36004 39.94365
1202435249 116.36 39.94372
1202435549 116.36006 39.94378
1202435849 116.36022 39.94379
1202437349 116.36002 39.94376
1202438849 116.36 39.94379
1202439149 116.36004 39.94386
1202439449 116.36005 39.94382
1202439749 116.36009 39.94393
1202440049 116.36011 39.94392
1202440349 116.3601 39.94375
1202440649 116.36012 39.94376
1202440949 116.36 39.94378
1202441249 116.3601 39.94373
1202441549 116.36005 39.94378
1202441849 116.36001 39.94381
1202442149 116.3601 39.94381
1202442449 116.36008 39.94381
1202442749 116.36025 39.94375
1202443049 116.36014 39.94379
1202443348 116.36008 39.94374
1202443348 116.36008 39.94374
1202443948 116.36002 39.94369
1202444248 116.36008 39.94373
1202444548 116.36009 39.94378
1202444848 116.36009 39.94373
1202445148 116.36005 39.94383
1202445448 116.36013 39.94387
1202445748 116.3601 39.94384
1202446048 116.36024 39.94368
1202446348 116.36018 39.94376
1202446648 116.36019 39.94388
1202446948 116.36018 39.94389
1202447248 116.36035 39.94381
1202447548 116.36023 39.94395
1202447848 116.3601 39.94375
1202448148 116.36013 39.94384
1202448448 116.36014 39.94383
1202448748 116.36008 39.94382
1202449048 116.36013 39.94385
1202449348 116.36012 39.94386
1202449648 116.36013 39.94376
1202449948 116.36005 39.94369
1202450248 116.36017 39.94375
1202450548 116.36008 39.94375
1202450848 116.36015 39.94382
1202451148 116.3601 39.94373
1202451448 116.36018 39.94374
1202451748 116.36023 39.94365
1202452048 116.36009 39.94376
1202452048 116.36009 39.94376
1202452348 116.3605 39.94384
1202452648 116.36 39.94378
1202452948 116.36005 39.94385
1202453248 116.36003 39.94374
1202453548 116.36015 39.94374
1202453848 116.36009 39.94378
1202454148 116.36023 39.94374
1202454448 116.36017 39.94383
1202454748 116.36012 39.94384
1202455048 116.36011 39.94376
1202455348 116.36015 39.94376
1202455648 116.36016 39.94386
1202455948 116.36013 39.94381
1202456248 116.36009 39.94365
1202456548 116.36011 39.94369
1202456848 116.3601 39.94381
1202457148 116.36011 39.94376
1202457448 116.36019 39.9437
1202457748 116.36021 39.94368
1202458048 116.36014 39.94372
1202458348 116.3602 39.94365
1202458648 116.36016 39.94378
1202458948 116.3601 39.94372
1202459248 116.3602 39.94375
1202459548 116.3601 39.94374
1202459848 116.35999 39.94379
1202460148 116.36005 39.94369
1202460448 116.36007 39.94374
1202460748 116.35991 39.9437
1202460748 116.35991 39.9437
1202461047 116.35971 39.94361
1202461347 116.36012 39.94381
1202461647 116.35998 39.94372
1202461947 116.35999 39.94375
1202462247 116.36004 39.94363
1202462547 116.36024 39.94376
1202462847 116.36004 39.94371
1202463147 116.36017 39.94383
1202463447 116.35999 39.94368
1202463747 116.36009 39.94381
1202464047 116.36006 39.94378
1202464347 116.35995 39.94386
1202464647 116.35951 39.94392
1202464947 116.36003 39.94353
1202465247 116.36003 39.94379
1202465547 116.36011 39.94383
1202465847 116.35996 39.94377
1202466147 116.3601 39.94381
1202466447 116.36041 39.94352
1202466747 116.36015 39.94378
1202467047 116.36018 39.94371
1202467347 116.36012 39.94352
1202467647 116.35866 39.94407
1202467947 116.354 39.94342
1202468247 116.34931 39.93367
1202468547 116.35031 39.905
1202468847 116.34299 39.87437
1202469147 116.32229 39.86685
1202469447 116.28846 39.86716
1202469447 116.28846 39.86716
1202469747 116.28896 39.87081
1202470047 116.28903 39.87071
1202470347 116.28893 39.87068
1202470647 116.28893 39.87067
1202470947 116.28884 39.87073
1202471247 116.28904 39.87863
1202471547 116.29644 39.88338
1202471847 116.2889 39.8911
1202472147 116.30392 39.88637
1202472447 116.31789 39.88851
1202472747 116.33603 39.88814
1202473047 116.31546 39.89208
1202473347 116.31169 39.88293
1202473647 116.31027 39.88576
1202473947 116.27453 39.86911
1202474247 116.27951 39.84338
1202474547 116.2886 39.8477
1202474847 116.28787 39.84621
1202475147 116.30318 39.84506
1202475447 116.32004 39.84638
1202475747 116.35566 39.8527
1202476047 116.38111 39.85923
1202476347 116.38169 39.86449
1202476647 116.35935 39.86904
1202476947 116.35788 39.87512
1202477247 116.35706 39.88512
1202477547 116.34624 39.88831
1202477847 116.34155 39.86799
1202478147 116.34766 39.86657
1202478147 116.34766 39.86657
1202478447 116.36822 39.86926
1202478747 116.36837 39.89027
1202479046 116.35794 39.89816
1202479346 116.35058 39.91158
1202479646 116.35018 39.94707
1202479946 116.35158 39.95094
1202480246 116.34968 39.93971
1202480546 116.35917 39.94406
1202480846 116.3591 39.94416
1202481146 116.35911 39.94421
1202481446 116.35909 39.94426
1202481746 116.3593 39.94409
1202482046 116.35913 39.94428
1202482346 116.35916 39.94418
1202482646 116.359 39.94433
1202482946 116.35911 39.94415
1202483246 116.35909 39.9442
1202483546 116.35919 39.94414
1202483846 116.35914 39.94411
1202484146 116.35924 39.94402
1202484446 116.35925 39.94391
1202484746 116.35921 39.94392
1202485046 116.35904 39.94416
1202485346 116.35921 39.94396
1202485646 116.35915 39.944
1202485646 116.35915 39.944
1202485646 116.35915 39.944
1202485946 116.35921 39.94398
1202486246 116.35907 39.94411
1202486546 116.35902 39.94422
1202486846 116.35894 39.94429
1202486846 116.35894 39.94429
1202487146 116.35918 39.94399
1202487446 116.35911 39.94409
1202487746 116.35903 39.94415
1202488046 116.35898 39.94436
1202488346 116.35917 39.94398
1202488646 116.35894 39.94402
1202488946 116.35917 39.94391
1202489246 116.35935 39.94388
1202489548 116.35938 39.94388
1202489846 116.35935 39.94388
1202490146 116.35934 39.94392
1202490446 116.35929 39.94408
1202490746 116.35937 39.94391
1202491046 116.35933 39.94385
1202491346 116.35856 39.94389
1202491646 116.35019 39.93105
1202491946 116.35036 39.90999
1202492246 116.34648 39.90554
