UTS Latitude Longitude
1201959284 116.40458 39.92418
1201959313 116.40465 39.9254
1201959346 116.40465 39.9254
1201959387 116.40462 39.9231
1201959481 116.40472 39.92077
1201959497 116.40467 39.92118
1201959510 116.40435 39.9212
1201959515 116.40423 39.9213
1201959590 116.40435 39.92108
1201959593 116.40435 39.92108
1201959594 111.13727 39.92108
1201959599 116.4045 39.921
1201959645 116.40472 39.92242
1201959715 116.4047 39.92275
1201959763 116.41065 39.9229
1201959842 116.41395 39.9229
1201959967 116.42698 39.92307
1201960024 116.4289 39.92298
1201960091 116.42835 39.9272
1201961131 117.0679 39.96903
1201961151 116.74225 40.0209
1201961164 116.64945 40.03547
1201961175 116.61367 40.04115
1201961232 116.58047 40.04678
1201961327 116.58345 40.05145
1201961344 116.58358 40.05177
1201961366 116.5837 40.05203
1201961366 116.5837 40.05203
1201961384 116.58378 40.05227
1201961481 116.58423 40.0534
1201961590 116.58427 40.05485
1201961624 116.58427 40.05552
1201961750 116.58393 40.05742
1201961789 116.58392 40.0578
1201961830 116.58377 40.05892
1201961861 116.58362 40.05945
1201961941 116.58343 40.06073
1201962441 116.58343 40.06073
1201963176 116.55558 40.0625
1201963227 116.54952 40.06437
1201963438 116.53502 40.05348
1201963974 116.49953 40.02223
1201963974 116.49953 40.02223
1201964189 116.4888 40.01422
1201964219 116.48883 40.01307
1201964246 116.48907 40.01242
1201964358 116.48723 40.00842
1201964407 116.48545 40.00805
1201964411 116.48555 40.00808
1201965317 116.48625 40.00695
1201965488 116.48207 40.00435
1201965626 116.46742 40.00388
1201965711 116.46617 39.99908
1201965775 116.467 39.99737
1201966100 116.46705 39.99713
1201966191 116.46223 39.9959
1201966333 116.45675 39.99883
1201966360 116.4568 39.9995
1201966368 116.45698 39.9996
1201966744 116.45857 39.99965
1201966800 116.46168 39.9961
1201966995 116.47618 39.9833
1201967206 116.47998 39.97683
1201967314 116.4792 39.97628
1201967392 116.4787 39.9758
1201967470 116.47838 39.97523
1201967474 116.47835 39.97532
1201967537 116.48232 39.97213
1201967713 116.49682 39.97058
1201967802 116.49828 39.97537
1201967841 116.49828 39.97537
1201967865 116.49848 39.97502
1201967904 116.4969 39.97455
1201968001 116.49693 39.97537
1201968412 116.49703 39.97312
1201968415 116.49703 39.97273
1201968465 116.4941 39.97067
1201968595 116.48542 39.97067
1201968649 116.48285 39.97178
1201968721 116.47838 39.97477
1201968799 116.4764 39.97347
1201969004 116.46065 39.9594
1201969107 116.4564 39.95563
1201969151 116.45412 39.95373
1201969217 116.45273 39.95252
1201969232 116.45232 39.95228
1201969256 116.4522 39.95213
1201969256 116.4522 39.95213
1201969268 116.45207 39.95202
1201969299 116.45192 39.95185
1201969328 116.45105 39.95108
1201969353 116.45063 39.95072
1201969366 116.45042 39.95062
1201969398 116.44938 39.94975
1201969403 116.44928 39.94968
1201969464 116.44748 39.95063
1201969482 116.44713 39.95013
1201969613 116.43907 39.94967
1201969675 116.43603 39.94843
1201969724 116.43532 39.94795
1201969812 116.43317 39.94562
1201969834 116.43305 39.9455
1201969869 116.43243 39.94523
1201969895 116.43198 39.9448
1201969904 116.43187 39.94462
1201969942 116.4316 39.9441
1201969942 116.4316 39.9441
1201969949 116.43152 39.94395
1201969952 116.43148 39.94388
1201969971 116.431 39.94352
1201969998 116.43073 39.94353
1201970183 116.42882 39.94358
1201970202 116.42833 39.94355
1201970246 116.42787 39.94392
1201970329 116.42722 39.9476
1201970385 116.4254 39.94827
1201970509 116.41555 39.94807
1201970683 116.40187 39.95448
1201970699 116.40185 39.95475
1201970708 116.40172 39.95488
1201970728 116.40158 39.95498
1201970769 116.40163 39.95532
1201970792 116.40173 39.95552
1201970828 116.40157 39.95637
1201970890 116.40205 39.95588
1201971070 116.40158 39.95762
1201971146 116.39913 39.9558
1201971187 116.3976 39.95563
1201971270 116.39412 39.9557
1201971386 116.38893 39.95813
1201971582 116.38612 39.95532
1201971806 116.38605 39.95557
1201971806 116.38605 39.95557
1201971978 116.3869 39.95543
1201972083 116.3869 39.95543
1201972102 116.38743 39.95528
1201972102 116.38743 39.95528
1201972119 116.38725 39.95495
1201972211 116.3879 39.95117
1201972244 116.38787 39.94955
1201972306 116.38787 39.94955
1201972596 116.40433 39.96758
1201972652 116.40792 39.96758
1201972669 116.40803 39.96752
1201972680 116.40833 39.9675
1201972680 116.40833 39.9675
1201972707 116.40905 39.9675
1201972909 116.4151 39.96763
1201972921 116.41568 39.96765
1201973082 116.4185 39.96688
1201973232 116.41832 39.97327
1201973285 116.41842 39.97547
1201973913 116.46135 40.00573
1201973936 116.4614 40.00487
1201973940 116.46142 40.00473
1201973981 116.46143 40.00242
1201974015 116.46145 39.99992
1201974094 116.45767 39.99977
1201974109 116.45742 39.99963
1201974386 116.4571 39.9996
1201974424 116.46113 40.00013
1201974597 116.4689 39.99617
1201974694 116.4783 39.99007
1201974704 116.47802 39.99002
1201974737 116.47802 39.99002
1201974869 116.4758 39.98797
1201975514 116.47595 39.9885
1201975560 116.47423 39.98818
1201975662 116.46668 39.99305
1201975875 116.4543 39.98575
1201975911 116.45493 39.98603
1201975954 116.45783 39.9875
1201976011 116.4572 39.98847
1201976052 116.45653 39.99138
1201976198 116.4622 39.99287
1201976233 116.46232 39.99247
1201976477 116.46253 39.9921
1201976493 116.46283 39.99213
1201976571 116.4631 39.99177
1201976574 116.4631 39.99177
1201976675 116.45992 39.98725
1201976731 116.46252 39.98492
1201976781 116.46433 39.98382
1201976813 116.46603 39.98282
1201976917 116.47588 39.98803
1201976927 116.47585 39.98795
1201977111 116.47607 39.98802
1201977465 116.47803 39.98842
1201977467 116.47793 39.98833
1201977470 116.47777 39.98818
1201977611 116.46188 39.99565
1201977647 116.46177 39.99587
1201977710 116.4571 39.99587
1201977847 116.44258 39.99428
1201977872 116.44215 39.99397
1201977906 116.44215 39.99397
1201978111 116.46127 39.99592
1201978275 116.47178 40.00365
1201978561 116.49063 40.00332
1201978574 116.49085 40.00365
1201978644 116.49253 40.00578
1201978899 116.4789 40.00725
1201978932 116.47685 40.00743
1201979034 116.46715 40.00733
1201979083 116.46698 40.006
1201979132 116.46708 40.005
1201979177 116.4672 40.0011
1201979351 116.4782 39.99715
1201979351 116.4782 39.99715
1201979384 116.47833 39.99715
1201979422 116.47965 39.99633
1201979465 116.48008 39.99592
1201979469 116.48007 39.9959
1201979481 116.4802 39.99533
1201979505 116.48013 39.99443
1201979540 116.47797 39.99407
1201979566 116.47752 39.99273
1201979672 116.47822 39.99005
1201979722 116.47702 39.98888
1201979740 116.47685 39.98873
1201979748 116.47668 39.98858
1201979941 116.46158 39.98928
1201979946 116.46145 39.98937
1201980006 116.4612 39.99138
1201980049 116.46025 39.99228
1201980076 116.46087 39.9915
1201980160 116.46052 39.99
1201980215 116.46123 39.98945
1201980215 116.46123 39.98945
1201980218 116.46123 39.98945
1201980218 116.46123 39.98945
1201980284 116.46153 39.98927
1201980326 116.45957 39.98715
1201980406 116.45663 39.99073
1201980439 116.45658 39.99152
1201980445 116.45663 39.99165
1201980512 116.45665 39.9948
1201980512 116.45665 39.9948
1201980594 116.45712 39.99962
1201980618 116.45712 39.99962
1201980644 116.45718 39.99975
1201980688 116.45668 39.99962
1201980735 116.45655 39.99603
1201980853 116.45687 39.98915
1201980961 116.45725 39.98497
1201981048 116.46045 39.98173
1201981113 116.46122 39.97842
1201981763 116.48348 39.93325
1201981994 116.493 39.93402
1201982016 116.49318 39.93405
1201982071 116.49308 39.93225
1201982127 116.49465 39.9311
1201982158 116.49465 39.9311
1201982283 116.49295 39.9303
1201982295 116.49275 39.93018
1201982306 116.49282 39.93012
1201982353 116.49398 39.93018
1201982368 116.49573 39.93017
1201982470 116.49602 39.93472
1201982501 116.49857 39.9355
1201982510 116.49887 39.93558
1201982510 116.49887 39.93558
1201982596 116.51005 39.93882
1201982635 116.5103 39.93888
1201982870 116.5037 39.95373
1201982885 116.5037 39.95403
1201983626 116.50295 39.95473
1201983688 116.50147 39.9569
1201983699 116.50137 39.957
1201983699 116.50137 39.957
1201983766 116.49805 39.95952
1201983807 116.49805 39.95952
1201983845 116.49907 39.9602
1201983924 116.49893 39.95948
1201983985 116.49747 39.9633
1201983985 116.49747 39.9633
1201984091 116.49722 39.96977
1201984140 116.49715 39.97035
1201984232 116.49385 39.9706
1201984357 116.48417 39.97088
1201984435 116.4836 39.96998
1201984463 116.48208 39.9698
1201984538 116.47635 39.9697
1201984556 116.47653 39.96963
1201984592 116.47655 39.9689
1201984724 116.46922 39.9664
1201984897 116.46023 39.95902
1201984946 116.45993 39.95897
1201985013 116.45468 39.95397
1201985071 116.45128 39.95478
1201985157 116.44917 39.95587
1201985223 116.44498 39.95868
1201985258 116.44405 39.9592
1201985369 116.43682 39.96402
1201985786 116.39643 39.96763
1201985790 116.39632 39.96763
1201985800 116.3961 39.9677
1201985806 116.39608 39.9678
1201985839 116.39623 39.96915
1201985861 116.39623 39.96915
1201985956 116.39598 39.96962
1201985974 116.3958 39.96997
1201986142 116.40122 39.96887
1201986192 116.40112 39.96703
1201986268 116.40502 39.96737
1201986591 116.41095 39.96763
1201987310 116.41095 39.96763
1201987790 116.41095 39.96763
1201987802 116.41095 39.96763
1201989707 116.36305 39.98223
1201989718 116.36305 39.98223
1201989784 116.36333 39.98035
1201989784 116.36333 39.98035
1201989807 116.36345 39.979
1201989974 116.3551 39.97523
1201990372 116.3463 39.93908
1201990372 116.3463 39.93908
1201990414 116.34578 39.94133
1201990445 116.34578 39.94133
1201990493 116.34613 39.93938
1201990527 116.34615 39.93907
1201990789 116.35698 39.94423
1201990864 116.36557 39.94697
1201991048 116.36562 39.94703
1201991117 116.37108 39.9473
1201991311 116.38772 39.94388
1201991336 116.38768 39.94507
1201991769 116.4225 39.9323
1201991814 116.42065 39.9324
1201991814 116.42065 39.9324
1201992089 116.41987 39.92603
1201992128 116.42002 39.92535
1201992154 116.42005 39.9236
1201992225 116.41872 39.92317
1201992255 116.41705 39.92305
1201992298 116.41193 39.9231
1201992373 116.40555 39.923
1201992455 116.40152 39.92303
1201992485 116.40115 39.923
1201992547 116.39648 39.9222
1201992724 116.37585 39.92132
1201992773 116.37395 39.92132
1201992871 116.36922 39.92273
1201992903 116.36873 39.92272
1201993034 116.36767 39.92268
1201993200 116.35935 39.92253
1201993250 116.35457 39.92247
1201993332 116.34818 39.9223
1201993544 116.33067 39.9254
1201993552 116.33052 39.92545
1201993599 116.33052 39.92545
1201993673 116.32827 39.92545
1201993701 116.32802 39.92615
1201993759 116.32795 39.92653
1201993824 116.32758 39.93088
1201993936 116.32042 39.93117
1201994037 116.31617 39.93108
1201994150 116.305 39.93118
1201994349 116.27908 39.9311
1201994792 116.25658 39.97188
1201995265 116.20093 39.97608
1201995308 116.20093 39.97608
1201995363 116.20078 39.97625
1201995469 116.20348 39.97182
1201995671 116.21197 39.97178
1201995969 116.25415 39.9721
1201995998 116.25442 39.97212
1201996377 116.29938 39.98288
1201996390 116.29953 39.98267
1201996411 116.29965 39.98215
1201996414 116.29963 39.98197
1201996677 116.32733 39.99138
1201996698 116.32733 39.99138
1201996725 116.32823 39.99138
1201997097 116.32975 39.9915
1201997107 116.3304 39.99155
1201997225 116.34195 39.9918
1201997331 116.35112 39.99217
1201997331 116.35112 39.99217
1201997411 116.35862 39.99235
1201997529 116.36338 40.0001
1201997676 116.3694 40.00033
1201997853 116.37527 39.99282
1201997875 116.37547 39.99278
1201998158 116.37977 39.98095
1201998184 116.38112 39.98102
1201998287 116.38793 39.9757
1201998502 116.40112 39.97187
1201998525 116.40117 39.97038
1201998644 116.40158 39.958
1201998959 116.41937 39.94012
1201999036 116.4195 39.93562
1201999089 116.4196 39.93267
1201999153 116.4196 39.92815
1201999271 116.4201 39.92055
1201999320 116.4244 39.92057
1201999349 116.4244 39.92057
1201999481 116.42023 39.92055
1201999513 116.42013 39.92195
1201999515 116.42012 39.9221
1201999518 116.4201 39.92227
1201999530 116.42007 39.92263
1201999674 116.41972 39.93207
1201999792 116.41945 39.93937
1201999901 116.41925 39.94725
1201999912 116.41925 39.94742
1201999958 116.4191 39.94758
1202000300 116.3656 39.94928
1202000380 116.36495 39.95642
1202000488 116.36403 39.96615
1202000654 116.36408 39.96988
1202000692 116.36408 39.96988
1202000832 116.3666 39.97538
1202001073 116.37307 39.96015
1202001109 116.37305 39.95927
1202001241 116.37753 39.96142
1202001292 116.37902 39.96167
1202001295 116.37905 39.96183
1202001731 116.45543 39.9482
1202001960 116.4654 39.94347
1202002013 116.4654 39.94347
1202002208 116.46568 39.9436
1202002223 116.46607 39.94367
1202002286 116.46667 39.94377
1202002291 116.46665 39.94387
1202002320 116.46602 39.94363
1202002369 116.46592 39.94357
1202002617 116.46562 39.94357
1202002643 116.46305 39.94313
1202002992 116.44682 39.92212
1202003016 116.44473 39.9215
1202003093 116.44027 39.92185
1202003171 116.43748 39.92238
1202003213 116.43603 39.92273
1202003246 116.43458 39.9243
1202003276 116.43462 39.924
1202003322 116.43715 39.92552
1202003345 116.43785 39.92567
1202003680 116.43757 39.92617
1202003687 116.43758 39.92638
1202003998 116.43798 39.92793
1202003998 116.43798 39.92793
1202004935 116.43693 39.92902
1202005020 116.44342 39.9324
1202005260 116.46057 39.9325
1202005330 116.46597 39.93245
1202005436 116.47587 39.93247
1202005827 116.50722 39.9444
1202005842 116.50718 39.9445
1202005843 116.50718 39.9445
1202006114 116.49702 39.97052
1202006214 116.49412 39.97252
1202007625 116.49287 40.00582
1202026252 116.49287 40.00582
1202026259 116.49287 40.00582
1202026344 116.49267 40.00573
1202026787 119.55525 41.03118
1202027888 119.56672 41.03063
1202028085 116.44693 39.9955
1202028093 116.44198 39.99377
1202028301 116.45638 39.99843
1202028408 116.45693 39.9979
1202029487 116.45653 39.99678
1202030204 114.42473 39.1902
1202030204 114.42473 39.1902
1202031688 114.42473 39.1902
1202031794 114.42473 39.1902
1202031797 114.42473 39.1902
1202032070 114.42473 39.1902
1202032257 114.42473 39.1902
1202032260 114.42473 39.1902
1202032262 114.42473 39.1902
1202033338 116.41298 39.95258
1202033446 116.4115 39.94987
1202033800 116.3715 39.94752
1202033869 116.36907 39.94747
1202033869 116.36907 39.94747
1202033970 116.36583 39.94728
1202034053 116.35992 39.94543
1202034105 116.35625 39.94433
1202034292 116.3467 39.93918
1202034376 116.34452 39.9427
1202034508 116.33567 39.94637
1202034566 116.33523 39.94652
1202034730 116.32872 39.94505
1202034843 116.32695 39.94282
1202035281 116.3318 39.9462
1202035320 116.33277 39.94622
1202035320 116.33277 39.94622
1202035338 116.33438 39.94638
1202035418 116.34212 39.94875
1202035551 116.34052 39.95517
1202035644 116.34815 39.9567
1202035844 116.36048 39.95672
1202035922 116.36892 39.95668
1202035966 116.37267 39.95693
1202036239 116.3882 39.96195
1202036443 116.39902 39.96123
1202036490 116.40097 39.9609
1202036700 116.41147 39.96098
1202037592 116.4334 39.95973
1202037933 116.42903 39.95845
1202037933 116.42903 39.95845
1202038012 116.42837 39.95612
1202038040 116.42842 39.95567
1202038122 116.43323 39.95837
1202038248 116.44035 39.96125
1202038314 116.43852 39.96297
1202038891 116.42642 40.01053
1202038929 116.42637 40.01072
1202039009 116.42653 40.00742
1202039046 116.42738 40.0074
1202040665 116.4608 40.01012
1202040716 116.46235 40.01008
1202040749 116.46388 40.01018
1202040813 116.46685 40.0076
1202040859 116.46695 40.00607
1202041151 116.45983 39.98737
1202041223 116.46247 39.98472
1202041261 116.46247 39.98472
1202041399 116.4638 39.99107
1202041576 116.47253 40.00037
1202041681 116.47608 40.00435
1202041775 116.4844 40.00588
1202041999 116.49377 40.00653
1202042013 116.49408 40.00687
1202042063 116.49525 40.00805
1202042102 116.49608 40.00782
1202045292 116.49957 40.00628
1202045362 116.49612 40.0079
1202045369 116.4959 40.00783
1202045427 116.49412 40.00633
1202048729 116.48512 40.00927
1202051712 116.4767 40.00425
1202051774 116.47228 40.00385
1202051785 116.4723 40.00368
1202051785 116.4723 40.00368
1202051866 116.47267 39.99768
1202051905 116.47173 39.9948
1202052058 116.47173 39.9869
1202052187 116.46175 39.97842
1202054545 116.34003 39.8327
1202054573 116.34003 39.83325
1202054783 116.34155 39.85925
1202054841 116.3419 39.86195
1202055029 116.34342 39.876
1202055044 116.3436 39.87623
1202056386 116.35102 39.88797
1202056394 116.3513 39.888
1202056427 116.3513 39.888
1202056443 116.35182 39.88763
1202056445 116.35183 39.88768
1202056544 116.35698 39.88788
1202056755 116.37165 39.88787
1202056774 116.37215 39.8878
1202056774 116.37215 39.8878
1202056791 116.37243 39.88783
1202056811 116.37358 39.88788
1202056834 116.37382 39.8879
1202056927 116.3756 39.88793
1202056946 116.3758 39.88795
1202057013 116.3761 39.88795
1202057038 116.37735 39.88797
1202057210 116.38828 39.8889
1202057422 116.40533 39.89133
1202057496 116.4121 39.89158
1202057585 116.41217 39.8922
1202057713 116.41185 39.89808
1202057835 116.4123 39.89858
1202057965 116.41243 39.89898
1202058051 116.41188 39.9062
1202058059 116.41168 39.90607
1202058214 116.41153 39.90948
1202058285 116.41125 39.9109
1202058301 116.41133 39.9109
1202058304 116.41137 39.9109
1202058316 116.41167 39.91118
1202058323 116.41175 39.91133
1202058344 116.41173 39.91172
1202058364 116.41165 39.91177
1202058424 116.41158 39.91225
1202058451 116.41163 39.9139
1202058536 116.41138 39.91633
1202058555 116.4115 39.9176
1202058649 116.41133 39.92233
1202058656 116.4113 39.92237
1202058774 116.41088 39.9279
1202058837 116.41075 39.92953
1202058857 116.4109 39.93038
1202058866 116.41097 39.93042
1202058873 116.41112 39.93057
1202058882 116.4111 39.93052
1202058891 116.41082 39.93012
1202058896 116.41083 39.93018
1202058928 116.41075 39.92938
1202058940 116.41075 39.92915
1202059026 116.4111 39.9275
1202059076 116.4111 39.9275
1202059363 116.41113 39.9247
1202059383 116.41115 39.9243
1202059383 116.41115 39.9243
1202059449 116.4112 39.92373
1202059578 116.41402 39.92295
1202059629 116.41863 39.92292
1202059737 116.42727 39.92375
1202059813 116.42777 39.92103
1202060254 116.44383 39.95232
1202060254 116.44383 39.95232
1202060278 116.44448 39.95298
1202060291 116.44478 39.95318
1202060322 116.44548 39.95383
1202060347 116.44577 39.95407
1202060424 116.4472 39.9554
1202061174 116.57937 40.04678
1202061500 116.58658 40.07743
1202061528 116.5865 40.07858
1202061557 116.5865 40.07858
1202061627 116.58557 40.0799
1202061658 116.5834 40.07952
1202061665 116.58327 40.07952
1202061675 116.58298 40.07948
1202061709 116.58235 40.07933
1202061709 116.58235 40.07933
1202061709 116.58235 40.07933
1202061709 116.58235 40.07933
1202061769 116.58088 40.07652
1202061919 116.58153 40.06877
1202061997 116.58242 40.06313
1202061997 116.58242 40.06313
1202062016 116.58248 40.0627
1202062257 116.56423 40.06128
1202062322 116.55627 40.06242
1202062392 116.54958 40.06428
1202062602 116.54098 40.05695
1202062689 116.53513 40.05367
1202062811 116.52723 40.04033
1202063189 116.4994 40.02212
1202063416 116.46773 40.02328
1202063435 116.46748 40.02305
1202063444 116.4673 40.02295
1202063444 116.4673 40.02295
1202063511 116.46688 40.02282
1202063543 116.46568 40.02273
1202063547 116.46558 40.02273
1202063631 116.46458 40.02227
1202063645 116.4646 40.02213
1202063659 116.46462 40.02188
1202063667 116.46463 40.02172
1202063708 116.46465 40.02108
1202063746 116.46472 40.0198
1202063812 116.46468 40.01908
1202063870 116.46362 40.01462
1202063955 116.46273 40.0146
1202064093 116.4617 40.01458
1202064239 116.46103 40.01317
1202064310 116.46112 40.01068
1202064393 116.46142 40.00395
1202064497 116.45727 39.99972
1202064562 116.45645 39.99783
1202064618 116.45402 39.99707
1202064656 116.45402 39.99707
1202064672 116.4537 39.9969
1202064752 116.45403 39.99943
1202064795 116.45655 39.99943
1202065141 116.45658 39.99905
1202065307 116.44205 39.99383
1202065952 116.37497 39.98908
1202066025 116.37497 39.98908
1202066074 116.37497 39.98908
1202066118 116.37808 39.98913
1202067023 116.38128 39.96167
1202067056 116.38143 39.96173
1202067151 116.38755 39.96175
1202067212 116.38798 39.96185
1202067494 116.40218 39.95432
1202067599 116.40107 39.95188
1202067608 116.40112 39.95182
1202067636 116.40173 39.95238
1202067658 116.40173 39.95115
1202067678 116.40183 39.95013
1202067712 116.4017 39.94733
1202067725 116.402 39.94713
1202067737 116.40233 39.94725
1202068184 116.42828 39.93202
1202068323 116.43433 39.92633
1202068376 116.4345 39.9241
1202068376 116.4345 39.9241
1202068433 116.43452 39.92332
1202068667 116.43985 39.92127
1202068667 116.43985 39.92127
1202068680 116.43968 39.92093
1202068714 116.43765 39.92112
1202068886 116.4348 39.9134
1202068941 116.43488 39.9133
1202068965 116.43487 39.91203
1202069033 116.43483 39.9107
1202069083 116.43482 39.90888
1202069102 116.4351 39.90862
1202069458 116.4351 39.90862
1202069529 116.4372 39.91192
1202069595 116.44298 39.912
1202069700 116.44867 39.91195
1202069807 116.45172 39.90972
1202069868 116.45205 39.90805
1202069896 116.45188 39.90763
1202069930 116.44987 39.90945
1202069962 116.45088 39.90978
1202070055 116.4521 39.91137
1202070126 116.45142 39.91145
1202070236 116.4549 39.91177
1202070404 116.45595 39.91307
1202070404 116.45595 39.91307
1202070416 116.45603 39.91325
1202070463 116.45525 39.91782
1202070642 116.4555 39.92767
1202070738 116.45558 39.93453
1202070957 116.45398 39.95273
1202070998 116.45265 39.95358
1202071009 116.45242 39.95375
1202071072 116.44978 39.95555
1202071118 116.4494 39.95578
1202071166 116.44908 39.95593
1202071290 116.44805 39.9567
1202071295 116.44793 39.95678
1202071310 116.4477 39.95693
1202071333 116.44715 39.95728
1202071373 116.44545 39.95863
1202071404 116.44545 39.95863
1202071469 116.44498 39.9604
1202071557 116.44462 39.96022
1202072389 116.57937 40.0468
1202072629 116.58242 40.07933
1202072639 116.5822 40.07932
1202072669 116.58185 40.07928
1202072673 116.58185 40.07928
1202072820 116.58097 40.07655
1202073181 116.56363 40.06435
1202073214 116.56423 40.06153
1202073312 116.54997 40.06413
1202073312 116.54997 40.06413
1202073457 116.53493 40.05343
1202073593 116.52907 40.04388
1202073593 116.52907 40.04388
1202073967 116.5 40.00615
1202073973 116.49987 40.00623
1202074045 116.49622 40.00785
1202074071 116.49558 40.00707
1202074090 116.49528 40.00667
1202074112 116.4948 40.0061
1202112455 116.51817 39.95973
1202112455 116.51817 39.95973
1202112802 116.53012 39.96417
1202113167 116.54742 39.96305
1202117453 116.4929 40.00598
1202117850 116.46197 40.00038
1202117973 116.45648 39.99783
1202117973 116.45648 39.99783
1202118147 116.45657 39.99723
1202119039 116.4565 39.99542
1202119039 116.4565 39.99542
1202125458 116.40243 39.93215
1202125533 116.40885 39.93202
1202125559 116.41003 39.93208
1202125647 116.41703 39.93217
1202125692 116.4183 39.93217
1202125750 116.4219 39.93217
1202125926 116.42768 39.92455
1202126084 116.43272 39.92097
1202126084 116.43272 39.92097
1202126123 116.43352 39.92065
1202126370 116.43488 39.91517
1202126412 116.43497 39.91497
1202126434 116.43483 39.91477
1202126607 116.43482 39.91292
1202126696 116.4349 39.91067
1202126767 116.43673 39.9092
1202126803 116.43673 39.9092
1202126874 116.43768 39.91015
1202126900 116.43763 39.91095
1202126903 116.43763 39.91112
1202126908 116.43765 39.91123
1202127014 116.43055 39.91278
1202127047 116.43015 39.91425
1202127354 116.42935 39.93935
1202127523 116.45452 39.9399
1202127626 116.45173 39.94022
1202127655 116.45173 39.94022
1202127795 116.4493 39.94482
1202127822 116.4493 39.94547
1202127825 116.44932 39.94568
1202127825 116.44932 39.94568
1202127830 116.4493 39.94608
1202127830 116.4493 39.94608
1202127841 116.44908 39.94657
1202127933 116.44222 39.94757
1202127977 116.43927 39.94958
1202128028 116.43672 39.94898
1202128070 116.43605 39.94842
1202128081 116.43587 39.94827
1202128140 116.43513 39.94773
1202128187 116.43512 39.94762
1202128770 116.3732 39.95638
1202128818 116.36968 39.95665
1202128912 116.36868 39.95535
1202128917 116.3685 39.95538
1202129064 116.36505 39.95578
1202129091 116.3649 39.95667
1202129175 116.36408 39.96522
1202129362 116.3676 39.97215
1202129389 116.36773 39.97158
1202129522 116.36438 39.96677
1202130024 116.30545 39.9625
1202130193 116.301 39.96862
1202130256 116.30045 39.97202
1202130335 116.29992 39.97757
1202130341 116.30002 39.97793
1202130391 116.29993 39.97778
1202130433 116.29985 39.98075
1202130433 116.29985 39.98075
1202130483 116.30072 39.98083
1202130664 116.31043 39.97992
1202130743 116.31118 39.97572
1202130839 116.3115 39.97493
1202130896 116.31173 39.97568
1202130935 116.31173 39.97568
1202131021 116.3107 39.9794
1202131021 116.3107 39.9794
1202131130 116.31052 39.98385
1202131254 116.3189 39.97997
1202131356 116.3191 39.97507
1202131500 116.31925 39.9719
1202131543 116.31935 39.9701
1202131604 116.31955 39.96627
1202131643 116.3184 39.96607
1202131690 116.31822 39.96607
1202132067 116.31745 39.96605
1202132116 116.31847 39.96555
1202132637 116.3958 39.96263
1202132676 116.3969 39.96167
1202132696 116.39712 39.96142
1202132709 116.39743 39.96108
1202132747 116.39743 39.96108
1202132758 116.39793 39.96138
1202132758 116.39793 39.96138
1202132772 116.39818 39.96098
1202132772 116.39818 39.96098
1202132807 116.3987 39.96053
1202132813 116.3988 39.96053
1202132831 116.39885 39.96043
1202132841 116.39893 39.96027
1202132869 116.40078 39.96037
1202133109 116.39873 39.94985
1202133120 116.39887 39.94982
1202133137 116.39917 39.9499
1202133449 116.42745 39.94487
1202133483 116.426 39.94328
1202133512 116.42268 39.94328
1202133592 116.42247 39.93993
1202133728 116.4198 39.93957
1202133754 116.41953 39.93933
1202133881 116.42503 39.93492
1202133935 116.42518 39.93723
1202134148 116.42883 39.93887
1202134155 116.42897 39.93892
1202134179 116.42985 39.93928
1202134188 116.42995 39.93927
1202134196 116.42993 39.9391
1202134224 116.43012 39.93847
1202134320 116.43023 39.93418
1202134357 116.43023 39.9348
1202134385 116.43023 39.93573
1202134388 116.43023 39.93605
1202134458 116.43015 39.93942
1202134628 116.44838 39.93998
1202134761 116.45585 39.94748
1202134892 116.456 39.95163
1202134933 116.456 39.95163
1202134946 116.45592 39.95137
1202135278 116.45127 39.92215
1202135313 116.44917 39.92215
1202135460 116.4476 39.92218
1202135527 116.44697 39.92223
1202135875 116.44472 39.9216
1202136078 116.4388 39.92577
1202136116 116.43725 39.92547
1202136146 116.43652 39.92552
1202136184 116.43652 39.92557
1202136313 116.43293 39.92958
1202138232 116.43243 39.92967
1202138235 116.43215 39.92968
1202138266 116.43035 39.92988
1202138266 116.43035 39.92988
1202138273 116.43037 39.92997
1202138273 116.43037 39.92997
1202138331 116.42912 39.93013
1202139638 116.47822 40.12698
1202139642 116.47817 40.12702
1202139726 116.47643 40.12592
1202139788 116.47703 40.1292
1202139793 116.47693 40.12917
1202139977 116.47897 40.1279
1202140015 116.47885 40.12782
1202140509 116.40148 40.16265
1202141551 116.26692 40.18958
1202141791 116.23475 40.19125
1202142011 116.21892 40.19827
1202142042 116.2172 40.19835
1202142042 116.2172 40.19835
1202142064 116.21607 40.19843
1202142173 116.2183 40.19828
1202142839 116.26327 40.12138
1202142878 116.26327 40.12138
1202142882 116.26327 40.12138
1202143117 116.29118 40.09395
1202143482 116.30622 40.05678
1202143522 116.30227 40.05608
1202144429 116.31743 40.01183
1202144635 116.32725 39.99433
1202144713 116.32678 39.99433
1202144840 116.32643 39.9943
1202144898 116.32652 39.99187
1202144983 116.32717 39.98513
1202145751 116.42268 39.9676
1202146076 116.45542 39.95022
1202146083 116.45542 39.95003
1202146280 116.45538 39.93565
1202146302 116.45533 39.9349
1202146364 116.45535 39.93427
1202146377 116.45535 39.93403
1202146394 116.45528 39.93363
1202146512 116.45532 39.93318
1202146618 116.46067 39.93268
1202146645 116.46095 39.93287
1202146724 116.45768 39.93283
1202146765 116.45768 39.93283
1202146796 116.45832 39.9324
1202146838 116.4608 39.93113
1202146863 116.46087 39.93068
1202146868 116.46087 39.93055
1202146899 116.46058 39.92893
1202146987 116.46078 39.92572
1202147005 116.46133 39.92573
1202147055 116.46512 39.92565
1202147089 116.46538 39.92583
1202147111 116.46648 39.92562
1202147181 116.46668 39.92928
1202147241 116.46498 39.9291
1202147270 116.46463 39.92898
1202147284 116.46423 39.92885
1202147390 116.4627 39.9284
1202147442 116.4627 39.9284
1202147472 116.46175 39.92818
1202147591 116.45823 39.92758
1202147767 116.4558 39.93938
1202147788 116.45582 39.93945
1202147808 116.4554 39.93998
1202147894 116.44918 39.94187
1202147907 116.44917 39.94213
1202147965 116.44912 39.94435
1202148042 116.44912 39.94435
1202148159 116.44917 39.94665
1202148245 116.44908 39.94923
1202148287 116.44942 39.94952
1202148298 116.4497 39.94978
1202148344 116.45067 39.95062
1202149070 116.46027 39.95902
1202149265 116.45108 39.95512
1202149391 116.45057 39.95515
1202149929 116.41987 39.99215
1202149959 116.41987 39.99215
1202149976 116.4201 39.99222
1202149986 116.42 39.99235
1202150007 116.41985 39.9924
1202150026 116.41832 39.9923
1202150119 116.41782 39.9907
1202150163 116.41792 39.99048
1202150163 116.41792 39.99048
1202150412 116.42115 39.98782
1202150460 116.42042 39.98777
1202150484 116.41935 39.98777
1202150780 116.42523 39.96857
1202151070 116.44332 39.95387
1202151239 116.43947 39.94785
1202151423 116.43472 39.93993
1202151437 116.43358 39.93992
1202151503 116.43007 39.9397
1202151509 116.42992 39.93972
1202151697 116.42777 39.9305
1202151719 116.42777 39.9302
1202151757 116.42787 39.92873
1202151810 116.4279 39.92768
1202151836 116.428 39.92733
1202152296 116.4263 39.90378
1202152371 116.42287 39.90418
1202152392 116.42287 39.90418
1202152442 116.42267 39.90615
1202152469 116.42352 39.9064
1202152507 116.42382 39.90658
1202152571 116.4262 39.9039
1202152668 116.42132 39.9036
1202152719 116.42077 39.90363
1202152775 116.41463 39.9005
1202152810 116.41443 39.90037
1202152821 116.41415 39.90022
1202152844 116.41388 39.9001
1202152874 116.41283 39.89982
1202153093 116.40777 39.89958
1202153105 116.40755 39.89948
1202153207 116.40613 39.89948
1202153270 116.4058 39.89687
1202153314 116.40585 39.89622
1202153404 116.4091 39.89587
1202153482 116.41052 39.89465
1202153521 116.41052 39.89465
1202153548 116.41043 39.89553
1202153570 116.41063 39.8957
1202153616 116.41122 39.8959
1202153624 116.41122 39.8959
1202153627 116.41122 39.8959
1202153634 116.4116 39.89575
1202153653 116.41198 39.89588
1202153766 116.41247 39.8921
1202153824 116.40715 39.8915
1202153837 116.40693 39.89148
1202154084 116.39525 39.88575
1202154124 116.39313 39.88522
1202154254 116.38752 39.88497
1202154282 116.3872 39.88493
1202154308 116.38697 39.88465
1202154335 116.38688 39.88465
1202154385 116.38482 39.88275
1202154424 116.38382 39.88263
1202154488 116.3839 39.88435
1202154562 116.37918 39.8848
1202154607 116.37888 39.8848
1202154703 116.3759 39.88205
1202154715 116.37565 39.88183
1202154773 116.37318 39.88187
1202154807 116.37173 39.88182
1202154815 116.37152 39.88182
1202154822 116.37133 39.88183
1202154851 116.3705 39.88187
1202155020 116.36953 39.8819
1202155038 116.36908 39.88192
1202155127 116.36798 39.88192
1202155191 116.36205 39.88195
1202155303 116.35773 39.88203
1202155330 116.35575 39.88203
1202155371 116.35575 39.88203
1202155428 116.35308 39.88208
1202155533 116.35255 39.88687
1202155555 116.35255 39.88757
1202155593 116.35275 39.88782
1202155634 116.35668 39.88787
1202155832 116.36655 39.88785
1202155991 116.36837 39.8911
1202156022 116.36833 39.89143
1202156095 116.3684 39.89363
1202156218 116.36833 39.89773
1202156358 116.375 39.89862
1202156364 116.37522 39.89862
1202156377 116.37538 39.8986
1202156390 116.37552 39.89858
1202156491 116.38482 39.89887
1202156563 116.38852 39.89913
1202156686 116.39945 39.8994
1202156733 116.40002 39.89942
1202156857 116.40045 39.90088
1202156876 116.40055 39.90137
1202156887 116.40055 39.90137
1202156969 116.40052 39.90555
1202157059 116.40053 39.90787
1202157073 116.40058 39.90805
1202157086 116.40058 39.90805
1202157089 116.40058 39.90805
1202157133 116.4006 39.91108
1202157295 116.39632 39.92175
1202157382 116.39392 39.922
1202157465 116.38473 39.9212
1202157525 116.37727 39.9213
1202157552 116.37675 39.9213
1202157574 116.37608 39.92127
1202157681 116.3711 39.92248
1202157742 116.3687 39.92272
1202157844 116.36063 39.92252
1202157895 116.3591 39.92253
1202158056 116.34872 39.92233
1202158165 116.3395 39.92095
1202158323 116.3296 39.9218
1202158456 116.32908 39.92178
1202158586 116.3276 39.93053
1202158689 116.32727 39.93558
1202158834 116.31963 39.93705
1202158968 116.31967 39.93775
1202158983 116.31953 39.93888
1202159180 116.32042 39.95048
1202159285 116.3292 39.95092
1202159355 116.32923 39.95617
1202159403 116.33342 39.95655
1202159414 116.33373 39.95653
1202159469 116.33638 39.95675
1202159575 116.33885 39.95942
1202159584 116.33883 39.95958
1202161268 116.3439 39.94333
1202161366 116.34608 39.93948
1202161416 116.34603 39.93917
1202161629 116.34943 39.93678
1202162593 116.3199 39.92678
1202162803 116.29432 39.92283
1202162844 116.29432 39.92283
1202163656 116.25842 39.87113
1202163656 116.25842 39.87113
1202163882 116.25038 39.85892
1202163902 116.25055 39.8586
1202164073 116.25497 39.85377
1202164073 116.25497 39.85377
1202164200 116.25228 39.8557
1202164281 116.25047 39.85858
1202164389 116.25803 39.86265
1202164461 116.25858 39.86457
1202164592 116.2586 39.87787
1202164643 116.26135 39.87968
1202164676 116.26172 39.87967
1202164695 116.26317 39.87987
1202164715 116.26507 39.87993
1202164765 116.26953 39.87922
1202165305 116.27503 39.9453
1202165461 116.29227 39.94513
1202165668 116.3188 39.93732
1202165850 116.3365 39.93633
1202165911 116.33778 39.93603
1202165938 116.33917 39.93585
1202166005 116.34202 39.93577
1202166068 116.34322 39.93427
1202166106 116.34323 39.93377
1202166106 116.34323 39.93377
1202166111 116.34328 39.9337
1202166111 116.34328 39.9337
1202166121 116.3434 39.93385
1202166149 116.3433 39.93427
1202166167 116.34335 39.9355
1202166224 116.3461 39.93605
1202166360 116.34732 39.93612
1202166364 116.34712 39.9375
1202166386 116.34728 39.9378
1202166452 116.35188 39.93908
1202166483 116.3523 39.93912
1202166796 116.369 39.94967
1202166807 116.36837 39.94965
1202166843 116.36837 39.94965
1202166895 116.36597 39.94962
1202166980 116.36563 39.94753
1202166980 116.36563 39.94753
1202167325 116.36668 39.93175
1202167484 116.37747 39.93167
1202167604 116.38987 39.9319
1202167662 116.3903 39.92717
1202167750 116.39327 39.9237
1202167771 116.39337 39.92283
1202167775 116.3934 39.92277
1202167865 116.38457 39.92108
1202167970 116.37408 39.92275
1202168027 116.37387 39.92632
1202168079 116.37362 39.9305
1202168102 116.37397 39.93128
1202168166 116.38308 39.93195
1202168201 116.38317 39.93193
1202168280 116.39405 39.93207
1202168361 116.4021 39.93195
1202168497 116.4106 39.93222
1202168545 116.41098 39.93265
1202168575 116.4109 39.93318
1202168604 116.41077 39.93568
1202168642 116.41068 39.93817
1202168652 116.41068 39.93828
1202168715 116.41455 39.93952
1202168715 116.41455 39.93952
1202168770 116.41873 39.93955
1202168794 116.41873 39.93955
1202168796 116.41873 39.93955
1202168799 116.41873 39.93955
1202168982 116.43288 39.93958
1202168999 116.433 39.93913
1202169012 116.4329 39.93922
1202169237 116.44417 39.93305
1202169336 116.44912 39.93235
1202169367 116.4493 39.93233
1202169396 116.45185 39.93233
1202169420 116.45303 39.93235
1202169425 116.45362 39.93237
1202169434 116.45428 39.93242
1202169596 116.45557 39.9399
1202169711 116.44465 39.93995
1202169814 116.43862 39.9399
1202170186 116.4023 39.94832
1202170225 116.4023 39.94832
1202170259 116.4022 39.94993
1202170278 116.40208 39.95073
1202170281 116.40207 39.951
1202170284 116.40205 39.95127
1202170479 116.4023 39.9483
1202170513 116.40203 39.95005
1202170659 116.41193 39.95588
1202170840 116.42332 39.95802
1202170860 116.42453 39.95803
1202170863 116.42483 39.95803
1202170866 116.42512 39.95803
1202170904 116.42873 39.95822
1202171628 116.4118 40.02337
1202171666 116.4118 40.02337
1202171693 116.41168 40.02358
1202171729 116.4117 40.02437
1202171735 116.4117 40.0246
1202171740 116.4117 40.0247
1202171919 116.41175 40.0155
1202171954 116.41175 40.0155
1202171966 116.4113 40.01552
1202171970 116.4113 40.01552
1202171984 116.4113 40.01552
1202184373 116.49392 40.00593
1202184373 116.49392 40.00593
1202187743 116.49452 40.00582
1202198419 116.49348 40.00818
1202198434 116.49362 40.0079
1202198439 116.49358 40.00797
1202198450 116.49378 40.00748
1202198459 116.49393 40.0071
1202198474 116.4933 40.00875
1202198479 116.49327 40.00887
1202198490 116.4931 40.0093
1202198499 116.49427 40.00625
1202198503 116.49402 40.00693
1202198527 116.49408 40.00672
1202198532 116.49405 40.00685
1202198539 116.4941 40.0067
1202198543 116.49412 40.00667
1202203937 116.1243 40.20857
1202204012 116.49412 40.00595
1202204058 116.49427 40.00588
1202204058 116.49427 40.00588
1202204058 116.49427 40.00588
1202211431 116.45652 39.99652
1202211492 116.45665 39.99257
1202211579 116.45873 39.98752
1202211629 116.46148 39.98873
1202211669 116.46282 39.9901
1202211755 116.46595 39.98775
1202211938 116.46327 39.98512
1202212253 116.45085 39.98685
1202212314 116.45418 39.9877
1202212419 116.45813 39.98775
1202212454 116.4575 39.98837
1202212480 116.45707 39.98863
1202212563 116.4566 39.99552
1202212640 116.45672 39.99927
1202212724 116.45655 39.99838
1202212748 116.45652 39.99622
1202212748 116.45652 39.99622
1202212813 116.45668 39.99357
1202212843 116.45677 39.99257
1202212914 116.45685 39.98912
1202212975 116.4591 39.98717
1202213157 116.46183 39.9785
1202213531 116.46037 39.9592
1202213664 116.46178 39.95675
1202213664 116.46178 39.95675
1202213762 116.462 39.95097
1202213915 116.45863 39.9458
1202213922 116.4583 39.94582
1202214051 116.4492 39.94448
1202214091 116.44965 39.94232
1202214201 116.44462 39.93992
1202214369 116.43775 39.93513
1202214418 116.43732 39.9342
1202214458 116.43735 39.93353
1202214699 116.4302 39.93743
1202214713 116.43012 39.9375
1202214920 116.4303 39.93727
1202214931 116.42997 39.93813
1202215108 116.43013 39.93747
1202215177 116.42892 39.93242
1202215290 116.4274 39.93243
1202215309 116.42713 39.93238
1202215332 116.42828 39.932
1202215503 116.43433 39.923
1202215538 116.43425 39.92205
1202215551 116.43483 39.9215
1202215555 116.43498 39.92137
1202215639 116.43755 39.91992
1202215682 116.43757 39.92012
1202215755 116.43503 39.91602
1202215770 116.43487 39.9158
1202215784 116.43482 39.91537
1202215841 116.43487 39.91482
1202215891 116.43485 39.91448
1202216025 116.43487 39.91387
1202216069 116.43483 39.91348
1202216083 116.43482 39.91315
1202216219 116.42982 39.90723
1202216225 116.42965 39.90727
1202216279 116.42775 39.90723
1202216279 116.42775 39.90723
1202216334 116.42603 39.90715
1202216352 116.42595 39.90713
1202216720 116.42468 39.90717
1202216842 116.4228 39.9071
1202216950 116.42162 39.90825
1202217282 116.42148 39.90702
1202217446 116.41893 39.90703
1202217530 116.41738 39.90703
1202217614 116.41642 39.90695
1202217804 116.41468 39.90677
1202217826 116.41388 39.90677
1202217961 116.40825 39.90675
1202218064 116.4074 39.90677
1202218148 116.4046 39.9066
1202218269 116.40228 39.90658
1202218390 116.39333 39.9063
1202218398 116.3932 39.90633
1202218434 116.39278 39.90628
1202218468 116.39048 39.90622
1202218709 116.38367 39.9015
1202218746 116.38367 39.9015
1202218859 116.38987 39.89897
1202218994 116.40075 39.89968
1202219010 116.40032 39.89883
1202219404 116.40097 39.90077
1202219472 116.40537 39.90107
1202219472 116.40537 39.90107
1202219521 116.40885 39.90078
1202219538 116.40882 39.90087
1202219581 116.40813 39.901
1202219678 116.40155 39.89938
1202219723 116.39963 39.8993
1202219728 116.39952 39.89932
1202219798 116.39387 39.89888
1202219951 116.38598 39.8989
1202220031 116.38075 39.8988
1202220061 116.3794 39.89877
1202220079 116.37897 39.89877
1202220161 116.37633 39.89867
1202220193 116.37607 39.89867
1202220223 116.37565 39.89863
1202220237 116.37543 39.89852
1202220285 116.37312 39.8986
1202220302 116.37277 39.89857
1202220407 116.37092 39.89853
1202220534 116.37027 39.89843
1202220541 116.37012 39.89845
1202220603 116.36577 39.89835
1202220660 116.36045 39.89815
1202220716 116.3576 39.89808
1202221076 116.3153 39.89602
1202221100 116.31523 39.89663
1202221105 116.31523 39.89653
1202221139 116.31518 39.89688
1202221182 116.31675 39.897
1202221258 116.31543 39.897
1202221536 116.31527 39.8989
1202221746 116.32648 39.90575
1202221769 116.3281 39.9057
1202221772 116.32822 39.90552
1202221887 116.33545 39.90103
1202221890 116.33543 39.90097
1202221913 116.33528 39.90042
1202221944 116.33528 39.90042
1202221977 116.33615 39.90123
1202222025 116.33697 39.90108
1202222076 116.33933 39.9017
1202222076 116.33933 39.9017
1202222153 116.34607 39.90168
1202222266 116.34298 39.90473
1202222321 116.34012 39.9047
1202222339 116.34053 39.90575
1202222372 116.34053 39.90575
1202222372 116.34053 39.90575
1202222417 116.33995 39.90193
1202222479 116.3428 39.89965
1202222876 116.32667 39.88337
1202222911 116.32628 39.8833
1202222953 116.32442 39.88313
1202222953 116.32442 39.88313
1202222958 116.32387 39.88317
1202223091 116.31562 39.88823
1202223439 116.27267 39.867
1202223493 116.27147 39.86497
1202223514 116.2731 39.86475
1202223547 116.27255 39.86698
1202224000 116.28808 39.86163
1202224155 116.28805 39.86198
1202224195 116.28847 39.86483
1202224663 116.30102 39.87997
1202224792 116.30012 39.87967
1202224830 116.2987 39.87718
1202224883 116.30152 39.87723
1202224979 116.30065 39.88032
1202224979 116.30065 39.88032
1202225007 116.30027 39.88083
1202225088 116.30798 39.88487
1202225140 116.31065 39.88503
1202225158 116.31073 39.88483
1202225177 116.31097 39.8841
1202225206 116.31122 39.88333
1202225279 116.31283 39.88282
1202225402 116.31828 39.88303
1202225431 116.31883 39.88322
1202225554 116.3191 39.88308
1202225554 116.3191 39.88308
1202225576 116.31937 39.88295
1202225677 116.31948 39.88303
1202225685 116.31967 39.88313
1202225696 116.31985 39.88327
1202225834 116.32047 39.88307
1202226086 116.3328 39.88638
1202226242 116.3448 39.88672
1202226305 116.34688 39.88785
1202226381 116.34807 39.8879
1202226602 116.34832 39.88787
1202226652 116.34715 39.88772
1202226752 116.34737 39.88717
1202226786 116.3449 39.88843
1202226935 116.34167 39.88867
1202227046 116.32852 39.88945
1202227137 116.32842 39.89428
1202227174 116.32842 39.89428
1202227588 116.32833 39.89363
1202227588 116.32833 39.89363
1202227590 116.32837 39.89352
1202227590 116.32837 39.89352
1202227593 116.3284 39.89337
1202227593 116.3284 39.89337
1202227739 116.32047 39.88885
1202227969 116.33938 39.88803
1202228000 116.33938 39.88803
1202228238 116.34627 39.88788
1202228359 116.35157 39.8879
1202228372 116.35192 39.88785
1202228381 116.35212 39.88785
1202228428 116.35268 39.88675
1202228455 116.35268 39.88562
1202228455 116.35268 39.88562
1202228508 116.35323 39.88192
1202228758 116.35728 39.88182
1202228814 116.3606 39.88188
1202229059 116.3661 39.88778
1202229116 116.37047 39.88775
1202229178 116.37632 39.88787
1202229200 116.37705 39.88807
1202229212 116.37803 39.88805
1202229260 116.37817 39.88807
1202229436 116.37807 39.89807
1202229570 116.38107 39.90057
1202229910 116.38667 39.92178
1202229910 116.38667 39.92178
1202229950 116.38678 39.92182
1202229970 116.38722 39.92182
1202230033 116.3875 39.92208
1202230175 116.3904 39.93192
1202230205 116.39027 39.92788
1202230260 116.39703 39.9282
1202230288 116.39877 39.9306
1202230405 116.40028 39.92397
1202230569 116.40043 39.914
1202230665 116.4028 39.91385
1202230691 116.40355 39.91398
1202230775 116.41095 39.91398
1202230775 116.41095 39.91398
1202230974 116.41162 39.91545
1202232088 116.41443 39.926
1202232228 116.41988 39.92328
1202232388 116.41123 39.92382
1202232412 116.41107 39.92465
1202232414 116.41105 39.9248
1202232417 116.41107 39.92505
1202232452 116.41115 39.92697
1202232521 116.41333 39.93155
1202232521 116.41333 39.93155
1202232681 116.41062 39.93825
1202232832 116.41038 39.94355
1202232908 116.4103 39.94763
1202233009 116.4101 39.9494
1202233182 116.41228 39.95768
1202233291 116.41198 39.96327
1202233380 116.41185 39.96645
1202233475 116.41185 39.96733
1202233713 116.41147 39.97367
1202233802 116.41107 39.98133
1202233919 116.41088 39.99318
1202234019 116.41115 39.99682
1202234038 116.4111 39.99708
1202234148 116.41102 39.99733
1202234202 116.40728 39.99752
1202234266 116.40702 39.99762
1202234279 116.40658 39.99757
1202234296 116.4064 39.99753
1202234319 116.40607 39.9975
1202234329 116.40585 39.99753
1202234335 116.4057 39.99755
1202234379 116.40465 39.9975
1202234421 116.40408 39.99747
1202234439 116.40385 39.99752
1202234477 116.4031 39.99743
1202234489 116.4027 39.99748
1202234642 116.39637 39.99755
1202234650 116.39628 39.99792
1202234689 116.39628 39.99792
1202234748 116.39727 39.99823
1202234888 116.40142 39.99688
1202234899 116.40145 39.99675
1202234946 116.40147 39.99512
1202235059 116.40113 39.99085
1202235133 116.39915 39.98915
1202235133 116.39915 39.98915
1202235164 116.399 39.98872
1202235281 116.39963 39.99083
1202235302 116.40032 39.9909
1202235493 116.4101 39.98702
1202235599 116.41117 39.98708
1202235629 116.4144 39.98727
1202235679 116.41687 39.9873
1202235878 116.40105 39.99062
1202235937 116.40113 39.99085
1202235976 116.4013 39.9924
1202236030 116.4013 39.99362
1202236036 116.40135 39.99373
1202236080 116.40138 39.99703
1202236171 116.40143 40.00088
1202236297 116.40803 40.00578
1202236336 116.40803 40.00578
1202236350 116.40815 40.00605
1202236440 116.40193 40.00423
1202236531 116.40147 40.003
1202237254 116.40187 39.9978
1202237562 116.40547 39.98173
1202237583 116.40642 39.98178
1202237684 116.4113 39.97455
1202237744 116.41157 39.96897
1202237923 116.41305 39.96753
1202237944 116.41307 39.96748
1202237988 116.41722 39.96765
1202238027 116.4197 39.96775
1202238027 116.4197 39.96775
1202238337 116.43245 39.95818
1202238355 116.43332 39.95815
1202238358 116.43332 39.95822
1202238364 116.4334 39.95815
1202238368 116.43328 39.95823
1202238496 116.43878 39.95443
1202238540 116.43955 39.95502
1202238768 116.45327 39.95285
1202238840 116.4564 39.95555
1202238890 116.45957 39.9584
1202239003 116.46775 39.96605
1202239144 116.46605 39.97487
1202239170 116.46587 39.97547
1202239193 116.46453 39.9763
1202239193 116.46453 39.9763
1202239209 116.4635 39.97697
1202239248 116.4633 39.97705
1202239273 116.46263 39.97747
1202239359 116.46177 39.97827
1202239407 116.46615 39.98232
1202239470 116.46043 39.98647
1202239529 116.45678 39.99042
1202239562 116.45673 39.99117
1202239671 116.4565 39.99543
1202239810 116.45108 39.99457
1202239870 116.44907 39.99332
1202239886 116.44923 39.99322
1202240088 116.45795 39.99972
1202240090 116.45815 39.99972
1202240093 116.4585 39.99978
1202240125 116.4612 40.0002
1202240207 116.46697 40.00057
1202240244 116.46742 40.00073
1202240351 116.4636 40.00603
1202240351 116.4636 40.00603
1202240383 116.46463 40.00675
1202240428 116.46233 40.00663
1202240449 116.46223 40.00638
1202240466 116.46228 40.0065
1202240575 116.46705 40.0042
1202240636 116.46718 40.00098
1202240636 116.46718 40.00098
1202240676 116.46552 40.00055
1202241049 116.46648 39.99993
1202241420 116.46692 40.0006
1202241482 116.47243 40.0004
1202241500 116.47255 39.9995
1202241524 116.47267 39.99775
1202241661 116.48088 39.98828
1202241833 116.48142 39.98795
1202242112 116.48373 39.97213
1202242321 116.48533 39.96417
1202242407 116.48365 39.97073
1202242472 116.48363 39.97077
1202242530 116.4904 39.9706
1202243393 116.47333 39.97795
1202243403 116.47315 39.97812
1202243506 116.46738 39.98193
1202243512 116.46725 39.98202
1202243678 116.47588 39.98813
1202243711 116.47587 39.98833
1202243937 116.47587 39.98833
1202243980 116.474 39.98818
1202244052 116.46867 39.99173
1202244129 116.46657 39.99312
1202244337 116.45655 39.99358
1202244375 116.45658 39.99318
1202244441 116.46133 39.99585
1202244832 116.49442 40.00557
1202244858 116.4945 40.00575
1202244872 116.49447 40.00595
1202267417 116.49515 40.00603
1202267427 116.49493 40.00607
1202274208 116.49487 40.00597
1202284686 116.4945 40.00612
1202284738 116.49445 40.00602
1202286322 116.49445 40.00602
1202290702 116.78155 40.34975
1202290846 116.80603 40.36135
1202291049 116.83153 40.36767
1202291168 116.83523 40.37072
1202294637 116.8366 40.37187
1202294690 116.83628 40.37182
1202294953 116.83848 40.3736
1202297576 116.83837 40.37262
1202297599 116.83838 40.372
1202297625 116.83863 40.37167
1202297646 116.83922 40.37172
1202297795 116.84477 40.36902
1202298168 116.88668 40.38328
1202298774 116.98995 40.35968
1202298783 116.99015 40.35962
1202298815 116.99122 40.3596
1202300266 117.10625 40.39277
1202300408 117.10705 40.39337
1202300416 117.10685 40.3934
1202300565 117.10837 40.3945
1202301021 117.12023 40.40155
1202301527 117.14388 40.39653
1202301555 117.14477 40.39662
1202301667 117.14393 40.39652
1202301684 117.14382 40.39597
1202324275 117.14375 40.396
1202324298 117.14393 40.39485
1202324361 117.14448 40.39522
1202324408 117.1447 40.39587
1202324429 117.1448 40.39638
1202324443 117.14495 40.39665
1202324945 117.14395 40.39648
1202324990 117.14225 40.3933
1202325008 117.1428 40.39323
1202325652 117.1428 40.39323
1202325658 117.1428 40.39323
1202325877 117.14387 40.39602
1202346099 117.14355 40.39608
1202349460 117.1433 40.39577
1202349464 117.14328 40.39565
1202349482 117.14323 40.39555
1202374522 117.14343 40.39653
1202374527 117.14343 40.39663
1202374533 117.14343 40.39638
1202374596 117.14308 40.39597
1202374648 117.14203 40.39373
1202374661 117.14132 40.39388
1202374666 117.14152 40.39428
1202374726 117.14535 40.39818
1202374755 117.14372 40.39635
1202374793 117.14325 40.39603
1202374796 117.14317 40.39603
1202374808 117.14318 40.39587
1202374812 117.14305 40.39575
1202374827 117.1426 40.39497
1202380603 117.14455 40.39727
1202380636 117.14538 40.39728
1202381548 117.14398 40.39652
1202381569 117.14377 40.3961
1202388393 117.14423 40.39588
1202388436 117.14242 40.39313
1202390632 117.1438 40.39592
1202407448 117.14388 40.39602
1202409678 117.14378 40.39597
1202409693 117.14352 40.39598
1202409701 117.14347 40.39603
1202409718 117.14352 40.39575
1202409784 117.14417 40.39208
1202410095 117.1433 40.39723
1202412266 117.14337 40.39632
1202414401 117.1435 40.39613
1202414652 117.1457 40.39587
1202414655 117.14568 40.39588
1202414658 117.14565 40.3959
1202414661 117.14562 40.39592
1202414670 117.14548 40.39595
1202414673 117.14547 40.39595
1202414678 117.14523 40.39598
1202414713 117.14453 40.39673
1202414769 117.14217 40.39465
1202414800 117.14213 40.39567
1202414804 117.14193 40.3957
1202414811 117.14187 40.39577
1202414820 117.14203 40.39582
1202414826 117.14198 40.39583
1202414834 117.14235 40.39587
1202414893 117.1419 40.39185
1202414902 117.14218 40.39363
1202414908 117.14215 40.39418
1202414948 117.14295 40.39583
1202415012 117.143 40.3955
1202415017 117.14262 40.3947
1202415091 117.13473 40.37647
1202415109 117.14107 40.39042
1202415142 117.1443 40.39547
1202416568 117.14653 40.39643
1202416716 117.14428 40.40087
1202416722 117.14427 40.40073
1202416725 117.14425 40.40065
1202416770 117.14467 40.3982
1202416786 117.14488 40.39705
1202416793 117.14497 40.39655
1202416806 117.14498 40.39648
1202416825 117.14502 40.39627
1202416832 117.14502 40.39623
1202416856 117.14498 40.3964
1202416872 117.14498 40.39645
1202418126 117.1449 40.3967
1202418140 117.14472 40.39675
1202419067 117.14402 40.39643
1202426092 117.14632 40.39212
1202465184 117.14365 40.39603
1202465206 117.14385 40.39652
1202465235 117.14467 40.39662
1202465239 117.14473 40.39657
1202489092 117.14372 40.39395
