UTS Latitude Longitude
1201959205 116.43917 39.95477
1201959506 116.44082 39.95913
1201959786 116.43622 39.95379
1201959808 116.43536 39.95385
1201960110 116.42869 39.95343
1201961130 116.42802 39.95183
1201961298 116.42803 39.95185
1201961431 116.42803 39.95185
1201961599 116.42803 39.95185
1201961732 116.42803 39.95185
1201962034 116.42805 39.95185
1201962335 116.42801 39.95188
1201962637 116.42801 39.95188
1201962939 116.42775 39.9518
1201963107 116.42775 39.9518
1201963107 116.42775 39.9518
1201963240 116.42775 39.9518
1201963409 116.42777 39.95181
1201963710 116.42796 39.95187
1201963844 116.42796 39.95187
1201964012 116.4334 39.95751
1201964145 116.427 39.9583
1201964314 116.42642 39.94969
1201964447 116.41908 39.95197
1201964615 116.40994 39.9494
1201964748 116.39567 39.94771
1201964917 116.36524 39.94724
1201965050 116.35312 39.94338
1201965219 116.34925 39.93758
1201965352 116.34933 39.93288
1201965520 116.34916 39.93002
1201965653 116.35009 39.92042
1201965822 116.35021 39.90761
1201965955 116.34779 39.89706
1201966124 116.32445 39.89602
1201966425 116.31569 39.892
1201966558 116.3158 39.89174
1201966727 116.32309 39.89537
1201967029 116.3152 39.8997
1201967162 116.31527 39.90563
1201967330 116.32153 39.90971
1201967463 116.32797 39.90967
1201967463 116.32797 39.90967
1201967632 116.32943 39.91266
1201967765 116.33545 39.91268
1201967934 116.33775 39.91277
1201968067 116.34543 39.91257
1201968235 116.34726 39.91254
1201968368 116.34905 39.91262
1201969907 116.35053 40.02154
1201970097 116.33694 40.03571
1201970208 116.33615 40.03685
1201970399 116.32898 40.03505
1201970510 116.32593 40.03681
1201970701 116.3259 40.03723
1201970812 116.3228 40.03445
1201971002 116.30926 40.03626
1201971113 116.30572 40.03524
1201971304 116.30688 40.02812
1201971415 116.30835 40.01822
1201971605 116.30918 40.004
1201971717 116.30663 39.99859
1201971907 116.29085 39.99584
1201972018 116.28336 39.9985
1201972320 116.28049 40.00203
1201972622 116.28831 39.9954
1201972812 116.29425 39.98294
1201972923 116.30012 39.9826
1201973114 116.30035 39.97188
1201973225 108.49254 31.95295
1201973225 108.49254 31.95295
1201973415 116.30149 39.96389
1201973527 116.30158 39.96374
1201973828 116.30221 39.95664
1201974019 116.30361 39.94531
1201974130 116.30368 39.93864
1201974320 116.30378 39.93299
1201974432 116.30375 39.93176
1201974622 116.30379 39.92568
1201974733 116.30364 39.92379
1201974924 116.30388 39.91868
1201975035 116.30394 39.91796
1201975225 116.30411 39.91186
1201975337 116.30413 39.90807
1201975527 116.30413 39.8982
1201975638 116.3041 39.89161
1201975829 116.30343 39.88397
1201975940 116.29795 39.88084
1201976130 116.27687 39.87612
1201976242 116.2684 39.885
1201976432 116.26834 39.89995
1201976543 116.26839 39.90328
1201976734 116.27269 39.90615
1201976734 116.27269 39.90615
1201976845 116.27606 39.90618
1201977035 116.28279 39.9062
1201977146 116.28461 39.90616
1201977337 116.28767 39.90619
1201977447 116.28771 39.90618
1201977638 116.28875 39.90618
1201977749 116.28875 39.90618
1201977939 116.29865 39.90609
1201978050 116.3045 39.90463
1201978241 116.31063 39.90553
1201978352 116.31115 39.89921
1201978654 116.31113 39.89592
1201978844 116.30681 39.89591
1201978955 116.30412 39.89367
1201979146 116.30419 39.88774
1201979257 116.30484 39.87935
1201979447 116.30629 39.86348
1201979559 116.30389 39.8588
1201979749 116.30296 39.86223
1201979860 116.30326 39.86553
1201980051 116.30822 39.86728
1201980162 116.30618 39.8703
1201980352 116.30611 39.87163
1201980464 116.30923 39.8736
1201980654 116.31147 39.8814
1201980765 116.31313 39.88291
1201980956 116.31509 39.887
1201981067 116.31647 39.88829
1201981257 116.33599 39.88838
1201981369 116.35112 39.88805
1201981670 116.36104 39.8879
1201981861 116.36507 39.88685
1201981972 116.36733 39.88776
1201982162 116.37619 39.88799
1201982274 116.38167 39.88814
1201982575 116.39578 39.89071
1201982766 116.41482 39.8916
1201982877 116.42132 39.89204
1201983067 116.4377 39.89224
1201983179 116.43681 39.89835
1201983369 116.46659 39.90357
1201983480 116.47176 39.90631
1201983671 116.46703 39.90723
1201983782 116.46697 39.90844
1201983972 116.47205 39.91135
1201984084 116.47188 39.91219
1201984274 116.47193 39.91565
1201984274 116.47193 39.91565
1201984385 116.47221 39.92128
1201984576 116.49262 39.92171
1201984687 116.4955 39.92173
1201984877 116.4993 39.93026
1201984988 116.5022 39.92887
1201985179 116.49752 39.9303
1201985290 116.49591 39.926
1201985481 116.48548 39.92173
1201985592 116.4731 39.92166
1201985782 116.46693 39.9285
1201985947 116.46684 39.92896
1201986846 116.45511 39.92778
1201987035 116.44775 39.92558
1201987147 116.43991 39.92444
1201987337 116.43477 39.92283
1201987449 116.43128 39.9231
1201987751 116.41133 39.92311
1201987940 116.41103 39.93075
1201988052 116.41858 39.93217
1201988052 116.41858 39.93217
1201988242 116.41972 39.93196
1201988354 116.41966 39.93583
1201988543 116.4193 39.94761
1201988656 116.4193 39.95048
1201988845 116.41871 39.96562
1201988957 116.41863 39.96672
1201989147 116.41293 39.96804
1201989259 116.40909 39.96789
1201989448 116.40177 39.96796
1201989561 116.40641 39.9636
1201989750 116.41173 39.95786
1201989862 116.41883 39.95722
1201990052 116.41905 39.94894
1201990164 116.41933 39.94144
1201990353 116.41953 39.93216
1201990466 116.41964 39.92793
1201990655 116.41642 39.91426
1201990655 116.41642 39.91426
1201990767 116.40972 39.91425
1201990957 116.4081 39.90913
1201991069 116.41145 39.90908
1201991258 116.40804 39.91434
1201991370 116.40112 39.91406
1201991559 116.40218 39.91166
1201991671 116.40149 39.91401
1201991860 116.40464 39.9172
1201991973 116.4046 39.92343
1201992162 116.41089 39.93314
1201992275 116.41066 39.9381
1201992464 116.41038 39.94616
1201992576 116.41013 39.94942
1201992765 116.41051 39.94221
1201992878 116.41073 39.93575
1201993067 116.39982 39.93209
1201993180 116.38973 39.93208
1201993369 116.37302 39.93158
1201993481 116.36893 39.92794
1201993670 116.36789 39.92862
1201993783 116.367 39.92639
1201993972 116.36718 39.92174
1201994084 116.36737 39.91747
1201994274 116.36749 39.91699
1201994386 116.36731 39.92119
1201994575 116.36683 39.93096
1201994688 116.36458 39.93126
1201995179 116.32334 39.93741
1201995291 116.33344 39.93674
1201995480 116.34328 39.93438
1201995593 116.34564 39.93101
1201995593 116.34564 39.93101
1201995782 116.35 39.91965
1201995894 116.35014 39.91825
1201996084 116.34978 39.91496
1201996385 116.34997 39.91291
1201996498 116.3499 39.90829
1201996687 116.35038 39.90048
1201996799 116.3571 39.89771
1201996989 116.36009 39.89324
1201997101 116.35952 39.89569
1201997290 116.3655 39.89827
1201997403 116.37572 39.89854
1201997704 116.37851 39.88831
1201997894 116.3837 39.88506
1201998006 116.38692 39.88228
1201998195 116.39238 39.87116
1201998195 116.39238 39.87116
1201998308 116.39117 39.86264
1202037481 116.38464 39.8579
1202037782 116.37584 39.86954
1202038032 116.34224 39.86681
1202038334 116.33951 39.84578
1202038385 116.34275 39.84871
1202038635 116.3551 39.84455
1202038937 116.37165 39.84918
1202038988 116.37379 39.84916
1202039239 116.38071 39.85349
1202039290 116.38073 39.85375
1202039540 116.38068 39.85923
1202039591 116.3807 39.86013
1202039842 116.37125 39.86921
1202039842 116.37125 39.86921
1202040144 116.34273 39.88231
1202040195 116.3427 39.88559
1202040445 116.34258 39.89432
1202040747 116.3504 39.90566
1202040798 116.35054 39.90965
1202041049 116.34989 39.92759
1202041350 116.34891 39.95695
1202041401 116.3485 39.96456
1202041703 116.34717 39.98953
1202041703 116.34717 39.98953
1202041954 116.34681 40.00013
1202042005 116.34681 40.00013
1202042255 116.34681 40.00013
1202042306 116.34681 40.00013
1202042557 116.34681 40.00013
1202042608 116.34681 40.00013
1202042859 116.34681 40.00013
1202042859 116.34681 40.00013
1202042910 116.34681 40.00013
1202043160 116.34648 40.00603
1202043211 116.35096 40.00669
1202044813 116.34982 39.94794
1202045064 116.33425 39.93707
1202045114 116.32572 39.93711
1202045396 116.32738 39.93173
1202045416 116.32738 39.93173
1202045668 116.32024 39.92703
1202045718 116.31951 39.92278
1202046019 116.29433 39.92297
1202046271 116.29834 39.93601
1202046321 116.29954 39.93937
1202046573 116.31741 39.93746
1202046623 116.31862 39.93742
1202046623 116.31862 39.93742
1202046874 116.333 39.93667
1202046924 116.33582 39.9368
1202047176 116.3463 39.9386
1202047226 116.34995 39.93893
1202047478 116.35743 39.93529
1202048674 116.35294 39.93302
1202048741 116.35474 39.93517
1202048976 116.36437 39.94676
1202049042 116.36741 39.94704
1202049277 116.37309 39.93809
1202049344 116.37328 39.93516
1202049579 116.3737 39.92564
1202049881 116.36772 39.92114
1202049947 116.3673 39.92008
1202050182 116.36745 39.91498
1202050249 116.36752 39.91436
1202050484 116.35852 39.91704
1202050551 116.35085 39.9172
1202050786 116.339 39.91707
1202050852 116.33719 39.91706
1202051087 116.33303 39.91698
1202051154 116.33775 39.91703
1202051389 116.33779 39.92784
1202051456 116.33782 39.92907
1202051691 116.33591 39.93774
1202051992 116.32817 39.96568
1202052059 116.32796 39.96628
1202052294 116.3225 39.9662
1202052361 116.32181 39.96621
1202052596 116.31929 39.96876
1202052662 116.3193 39.96989
1202052897 116.32149 39.975
1202052963 116.32654 39.97514
1202053198 116.34555 39.97511
1202053265 116.34689 39.97512
1202053500 116.35922 39.97519
1202053566 116.36318 39.97527
1202053801 116.37642 39.97542
1202053868 116.38181 39.97535
1202054103 116.38835 39.96626
1202054170 116.3866 39.96174
1202054170 116.3866 39.96174
1202054405 116.38205 39.96617
1202054471 116.38373 39.96683
1202054706 116.41811 39.96793
1202054773 116.42858 39.96821
1202055008 116.44798 39.95652
1202055075 116.45101 39.95454
1202055310 116.45554 39.9379
1202055376 116.45549 39.93307
1202055611 116.45534 39.92165
1202055678 116.45529 39.91765
1202055913 116.45127 39.91246
1202055913 116.45127 39.91246
1202055979 116.45111 39.91294
1202056214 116.44434 39.92398
1202056281 116.44428 39.93118
1202056516 116.44428 39.93635
1202056583 116.44422 39.9394
1202056818 116.43721 39.94609
1202056884 116.43513 39.94748
1202057119 116.42806 39.95152
1202057186 116.42806 39.95152
1202057421 116.42805 39.95152
1202057488 116.42805 39.95152
1202057723 116.42805 39.95152
1202057789 116.42805 39.95152
1202058024 116.42807 39.95152
1202058091 116.4281 39.95152
1202058326 116.42812 39.95152
1202058393 116.42815 39.95152
1202058628 116.42815 39.95152
1202058694 116.42815 39.95152
1202058929 116.4282 39.95151
1202058996 116.42821 39.95147
1202059231 116.42824 39.95289
1202059298 116.42863 39.95306
1202060093 116.4286 39.95313
1202060261 116.43341 39.95688
1202060261 116.43341 39.95688
1202060395 116.42927 39.95822
1202060563 116.42597 39.95489
1202060697 116.41999 39.94844
1202060864 116.41433 39.95266
1202060998 116.41218 39.9501
1202061166 116.41 39.94825
1202061300 116.41885 39.94777
1202061468 116.41901 39.94799
1202061769 116.42372 39.95274
1202061903 116.42642 39.94927
1202062071 116.41897 39.95229
1202062205 116.41296 39.95268
1202062372 116.41878 39.94797
1202062506 116.41933 39.94222
1202062673 116.42737 39.93574
1202062807 116.43023 39.93223
1202062975 116.43354 39.92311
1202063109 116.4295 39.92354
1202063277 116.43134 39.92557
1202063578 116.43048 39.9232
1202063712 116.42887 39.92335
1202063880 116.42071 39.92302
1202064014 116.4203 39.92304
1202064182 116.42012 39.91827
1202064316 116.41294 39.91414
1202064316 116.41294 39.91414
1202064483 116.41228 39.91422
1202064617 116.41171 39.91443
1202064785 116.41168 39.9102
1202064919 116.41152 39.90816
1202065087 116.4117 39.90563
1202065221 116.40639 39.90441
1202065388 116.40532 39.90497
1202065522 116.40528 39.90808
1202065690 116.40774 39.91295
1202065824 116.40526 39.91418
1202065992 116.40106 39.91402
1202066126 116.39639 39.92075
1202066293 116.38842 39.92188
1202066427 116.38239 39.92105
1202066595 116.38 39.92116
1202066729 116.3762 39.92133
1202066896 116.37201 39.92124
1202067030 116.37111 39.92259
1202067198 116.36349 39.92257
1202067332 116.35548 39.92246
1202067500 116.34366 39.92221
1202067634 116.34038 39.92209
1202067801 116.33957 39.92205
1202067801 116.33957 39.92205
1202067935 116.33888 39.92202
1202068103 116.3386 39.91813
1202068237 116.33874 39.91387
1202068405 116.33875 39.91002
1202068539 116.33796 39.90717
1202068706 116.3319 39.90657
1202068840 116.3284 39.90624
1202069008 116.32444 39.90642
1202069142 116.32076 39.9062
1202069310 116.31802 39.90621
1202069444 116.314 39.90624
1202069611 116.30581 39.90622
1202069745 116.30475 39.90621
1202069913 116.30322 39.90623
1202070047 116.30234 39.90625
1202070215 116.30061 39.90623
1202070349 116.29482 39.90644
1202070516 116.28777 39.90633
1202070650 116.27668 39.90631
1202070818 116.26881 39.90635
1202070952 116.25991 39.90634
1202071120 116.24061 39.90622
1202071254 116.22993 39.90619
1202071421 116.22912 39.90277
1202071555 116.22912 39.90277
1202071723 116.22356 39.90267
1202071857 116.21343 39.90621
1202071857 116.21343 39.90621
1202071857 116.21343 39.90621
1202071857 116.21343 39.90621
1202072025 116.19401 39.90622
1202072159 116.19292 39.90769
1202072326 116.19917 39.9061
1202072460 116.20984 39.90613
1202072628 116.21452 39.9061
1202072762 116.2221 39.90614
1202072930 116.24205 39.90616
1202073064 116.26124 39.90619
1202073231 116.26734 39.9061
1202073365 116.27661 39.90622
1202073533 116.28022 39.91159
1202073667 116.29226 39.9117
1202073835 116.30286 39.9114
1202073969 116.31393 39.90978
1202074136 116.32688 39.90959
1202074270 116.32849 39.91643
1202074438 116.3383 39.91706
1202074572 116.34689 39.9171
1202074739 116.3499 39.92784
1202074874 116.35495 39.9369
1202075041 116.36202 39.93705
1202075175 116.36177 39.93158
1202075343 116.35895 39.92308
1202075343 116.35895 39.92308
1202075477 116.35839 39.91739
1202075644 116.35665 39.91274
1202075778 116.35694 39.90887
1202075946 116.35712 39.89911
1202076080 116.35707 39.89838
1202076248 116.35712 39.89413
1202076382 116.35732 39.88604
1202076548 116.35756 39.87774
1202076682 116.3591 39.87442
1202076850 116.35982 39.87432
1202076984 116.3577 39.87501
1202077152 116.35752 39.87987
1202077286 116.35733 39.88637
1202077453 116.35721 39.88744
1202077587 116.35715 39.89512
1202077755 116.35707 39.89737
1202077889 116.35246 39.89915
1202078057 116.3467 39.89723
1202078191 116.34695 39.88908
1202078358 116.33998 39.88867
1202078492 116.32536 39.88874
1202078660 116.31566 39.88839
1202078794 116.30619 39.88452
1202078962 116.30097 39.88057
1202079096 116.30659 39.88418
1202079263 116.31217 39.88288
1202079397 116.31515 39.8883
1202079397 116.31515 39.8883
1202079565 116.32319 39.89333
1202079699 116.32284 39.89889
1202079867 116.32939 39.90632
1202080001 116.33418 39.9128
1202080168 116.34381 39.9127
1202080302 116.34987 39.91269
1202080470 116.35144 39.90986
1202080604 116.35169 39.90596
1202080772 116.33832 39.90611
1202080906 116.31859 39.90623
1202081073 116.31009 39.90627
1202081207 116.3046 39.90623
1202081375 116.30106 39.90624
1202081509 116.29531 39.90628
1202081677 116.28569 39.90634
1202081811 116.27889 39.90893
1202081978 116.28374 39.90889
1202082112 116.28947 39.91168
1202082280 116.29768 39.91203
1202082414 116.31019 39.91
1202129916 116.38092 39.85983
1202130081 116.3866 39.86239
1202130217 116.38189 39.86385
1202130383 116.38053 39.85946
1202130519 116.37371 39.8558
1202130685 116.34332 39.84946
1202130820 116.33943 39.83667
1202130820 116.33943 39.83667
1202130985 116.3351 39.82401
1202131121 116.33526 39.8216
1202131287 116.33801 39.82127
1202131423 116.34007 39.82649
1202131589 116.34003 39.84317
1202131725 116.35029 39.84447
1202131890 116.35882 39.84495
1202131890 116.35882 39.84495
1202132026 116.35858 39.85759
1202132192 116.35822 39.86624
1202132328 116.36823 39.87055
1202132494 116.37577 39.87742
1202132630 116.37685 39.88167
1202132795 116.38375 39.88281
1202132931 116.37937 39.88797
1202133131 116.3826 39.88808
1202135039 116.37376 39.93102
1202135334 116.37101 39.92298
1202136023 116.36914 39.90766
1202136540 116.37574 39.9212
1202137143 116.40402 39.92298
1202137229 116.40641 39.9229
1202137445 116.42726 39.92297
1202137531 116.42845 39.92273
1202137833 116.43972 39.94867
1202138436 116.48673 39.99214
1202138652 116.50055 40.0052
1202139557 116.46455 40.03914
1202140246 116.43088 40.03258
1202140462 116.41163 40.03051
1202140763 116.4109 40.01618
1202140849 116.40986 40.00811
1202141065 116.4107 39.99729
1202141753 116.41174 39.9685
1202142271 116.42812 39.95358
1202142572 116.42799 39.95219
1202142658 116.42802 39.95219
1202142960 116.42806 39.95218
1202143176 116.42814 39.95217
1202143261 116.42814 39.95217
1202143865 116.42803 39.95217
1202144166 116.42787 39.95213
1202144382 116.42785 39.95209
1202144770 116.42792 39.95208
1202144986 116.42797 39.95205
1202145349 116.4286 39.95301
1202146265 116.43333 39.95761
1202146556 116.42622 39.95241
1202146559 116.42617 39.95224
1202146858 116.41033 39.94731
1202146861 116.41033 39.94705
1202147159 116.41047 39.94173
1202147162 116.41046 39.94166
1202147461 116.41087 39.9326
1202147464 116.41087 39.9326
1202147763 116.41102 39.92887
1202147766 116.41098 39.92911
1202148064 116.41949 39.93101
1202148067 116.4195 39.93087
1202148366 116.42585 39.93213
1202148369 116.42585 39.93213
1202148668 116.43651 39.93225
1202148671 116.43651 39.93225
1202148969 116.43468 39.92568
1202148972 116.43454 39.92563
1202149271 116.42369 39.92314
1202149274 116.42336 39.92314
1202149877 116.40439 39.91401
1202150176 116.40481 39.91752
1202150179 116.40485 39.91768
1202150478 116.40234 39.92297
1202150481 116.40206 39.92297
1202150779 116.3919 39.93209
1202150782 116.39172 39.93211
1202151081 116.37574 39.93168
1202151084 116.37574 39.93168
1202151383 116.36607 39.9313
1202151386 116.36582 39.93129
1202151684 116.35301 39.93107
1202151986 116.34932 39.94006
1202151989 116.3493 39.94038
1202152288 116.34754 39.9818
1202152290 116.34752 39.98204
1202152589 116.34557 39.9857
1202152592 116.34505 39.98569
1202153195 116.32683 39.98829
1202153494 116.32725 39.97909
1202153497 116.32727 39.97877
1202153796 116.32793 39.96655
1202153799 116.32793 39.96655
1202154098 116.3289 39.95655
1202154100 116.3289 39.95655
1202154399 116.33785 39.93168
1202154402 116.33784 39.93159
1202154701 116.34669 39.93096
1202154704 116.34669 39.93096
1202155005 116.34855 39.93094
1202155304 116.36602 39.93118
1202155307 116.36642 39.9312
1202155606 116.37102 39.92192
1202155609 116.37102 39.92192
1202155910 116.3713 39.9167
1202156209 116.37027 39.90991
1202156511 116.3701 39.90814
1202156514 116.37008 39.90809
1202156812 116.36914 39.90592
1202156815 116.36914 39.90592
1202157114 116.36791 39.9024
1202157117 116.36792 39.90229
1202157117 116.36792 39.90229
1202157416 116.36804 39.89995
1202157419 116.36804 39.89995
1202158019 116.37797 39.89964
1202158022 116.37796 39.89972
1202158321 116.36801 39.90535
1202158324 116.36801 39.90535
1202158622 116.36773 39.91217
1202158625 116.36773 39.91217
1202158924 116.3544 39.91713
1202158927 116.3544 39.91713
1202159229 116.34955 39.93798
1202159527 116.37423 39.96557
1202159530 116.37426 39.96609
1202159831 116.37487 39.99269
1202160434 116.38824 39.96885
1202160733 116.38739 39.95166
1202160736 116.38739 39.95142
1202161035 116.37005 39.94751
1202161336 116.32956 39.93692
1202161638 116.28553 39.94648
1202161641 116.28505 39.94641
1202161940 116.26805 39.93762
1202161942 116.26806 39.9373
1202162244 116.26766 39.90658
1202162543 116.26076 39.90266
1202162546 116.26076 39.90266
1202162847 116.26729 39.90624
1202163149 116.2774 39.91049
1202163448 116.29528 39.91182
1202163451 116.29528 39.91182
1202163749 116.32037 39.90971
1202163752 116.3206 39.9097
1202164051 116.3332 39.91571
1202164054 116.33318 39.91581
1202164353 116.34984 39.9149
1202164356 116.34983 39.91489
1202164654 116.3524 39.91216
1202164654 116.3524 39.91216
1202164657 116.35245 39.91195
1202164657 116.35245 39.91195
1202164959 116.35724 39.89905
1202165258 116.36761 39.8984
1202165261 116.36761 39.8984
1202165559 116.37849 39.89129
1202165562 116.37849 39.89129
1202165861 116.3818 39.89384
1202165864 116.38169 39.89384
1202166163 116.36807 39.90403
1202166166 116.36807 39.90431
1202166464 116.35897 39.90594
1202166467 116.35852 39.90594
1202166766 116.34957 39.89759
1202167068 116.30461 39.89586
1202167071 116.30436 39.89588
1202167369 116.29588 39.88672
1202167372 116.29598 39.88664
1202167671 116.30133 39.88857
1202167674 116.30139 39.88856
1202167973 116.31912 39.88861
1202167976 116.31954 39.88862
1202168274 116.3458 39.86707
1202168576 116.35861 39.85738
1202168579 116.35869 39.85733
1202168878 116.35835 39.86757
1202169179 116.38616 39.86383
1202169182 116.38644 39.86383
1202212473 116.38687 39.88324
1202212698 116.38897 39.88236
1202212774 116.38916 39.88074
1202213075 116.39236 39.85733
1202213301 116.38176 39.85585
1202213377 116.38089 39.85585
1202213377 116.38089 39.85585
1202213603 116.37496 39.84904
1202213679 116.37341 39.84918
1202213905 116.36626 39.84926
1202213980 116.36397 39.84934
1202214282 116.3736 39.84916
1202214508 116.38084 39.84993
1202214584 116.38078 39.85256
1202214810 116.38063 39.85465
1202214885 116.38068 39.85519
1202215111 116.38589 39.8623
1202215187 116.38502 39.85939
1202215413 116.38168 39.86825
1202215413 116.38168 39.86825
1202215715 116.34225 39.86681
1202215790 116.33017 39.86686
1202216016 116.30621 39.86922
1202216092 116.305 39.87962
1202216318 116.30426 39.91218
1202216620 116.2944 39.94447
1202216695 116.28411 39.94731
1202216921 116.28242 39.9515
1202216997 116.27855 39.95354
1202217223 116.28209 39.95671
1202217299 116.28544 39.95656
1202217525 116.29742 39.95673
1202217600 116.29829 39.95921
1202217826 116.30404 39.96152
1202217902 116.31046 39.96379
1202218128 116.31214 39.96441
1202218204 116.31293 39.96474
1202218430 116.31336 39.97034
1202218505 116.31199 39.97407
1202218731 116.31899 39.9773
1202218807 116.31869 39.97961
1202219033 116.31865 39.98143
1202219109 116.31892 39.97672
1202219334 116.31928 39.9693
1202219410 116.31935 39.96692
1202219636 116.31642 39.96047
1202219712 116.31716 39.9559
1202220013 116.33963 39.95679
1202220239 116.34249 39.94747
1202220315 116.34381 39.94324
1202220541 116.34374 39.93836
1202220617 116.34796 39.93871
1202220843 116.35799 39.93575
1202220918 116.35799 39.93575
1202220918 116.35799 39.93575
1202221144 116.36353 39.94656
1202221446 116.36497 39.95624
1202221522 116.36466 39.95888
1202221748 116.36391 39.96607
1202222049 116.34756 39.98143
1202222125 116.34731 39.98493
1202222351 116.3213 39.98476
1202222427 116.3211 39.98442
1202222653 116.32728 39.97711
1202222653 116.32728 39.97711
1202222728 116.32745 39.9761
1202222953 116.32795 39.96647
1202222953 116.32795 39.96647
1202224506 116.35034 39.90478
1202224697 116.36286 39.89825
1202224807 116.36812 39.89409
1202225000 116.36979 39.89411
1202225109 116.36967 39.89143
1202225300 116.3681 39.88827
1202225411 116.36808 39.88238
1202225603 116.36124 39.86918
1202225712 116.35864 39.8676
1202225904 116.36743 39.86858
1202226014 116.36834 39.87707
1202226206 116.36843 39.8854
1202226377 116.36843 39.8854
1202227359 116.36851 39.88706
1202227467 116.37789 39.88812
1202227661 116.37812 39.89819
1202227769 116.38533 39.89874
1202227962 116.38897 39.8896
1202228070 116.39477 39.89156
1202228264 116.39962 39.89925
1202228371 116.40086 39.90314
1202228564 116.40065 39.90582
1202228673 116.40068 39.90979
1202228866 116.40212 39.917
1202228974 116.40475 39.92242
1202229168 116.40498 39.92296
1202229276 116.39688 39.92242
1202229469 116.37923 39.92121
1202229578 116.37411 39.92219
1202229771 116.37386 39.93109
1202229879 116.37397 39.93128
1202230073 116.3732 39.9379
1202230181 116.37347 39.94297
1202230374 116.37343 39.95183
1202230483 116.37429 39.96665
1202230483 116.37429 39.96665
1202230676 116.37586 39.98084
1202230784 116.38373 39.98106
1202230978 116.38828 39.96703
1202231086 116.39482 39.96717
1202231279 116.42884 39.96797
1202231388 116.43048 39.96179
1202231689 116.42793 39.95197
1202231883 116.42794 39.95198
1202231991 116.42794 39.95198
1202232184 116.42797 39.95195
1202232293 116.42793 39.95197
1202232486 116.42798 39.95202
1202232594 116.42798 39.95202
1202232788 116.42798 39.95202
1202232896 116.42798 39.95202
1202233089 116.42798 39.95202
1202233198 116.42798 39.95202
1202233391 116.42798 39.95202
1202233391 116.42798 39.95202
1202233499 116.42798 39.95202
1202233693 116.42798 39.95205
1202233861 116.42846 39.95306
1202234762 116.43343 39.95647
1202234770 116.43345 39.95655
1202235064 116.42605 39.95389
1202235072 116.42612 39.95326
1202235366 116.41898 39.95267
1202235374 116.41845 39.95271
1202235675 116.41131 39.94772
1202235977 116.38599 39.9476
1202236278 116.35005 39.94791
1202237606 116.30484 40.03299
1202237850 116.30736 40.02531
1202238152 116.3089 40.00341
1202238454 116.29915 39.9852
1202238756 116.30015 39.97468
1202239114 116.3018 39.96079
1202239418 116.30127 39.94226
1202239717 116.2902 39.93293
1202240019 116.28897 39.90816
1202240264 116.28796 39.90631
1202240320 116.281 39.90632
1202240623 116.2597 39.90629
1202240867 116.25882 39.90336
1202241169 116.25867 39.91511
1202241527 116.28372 39.9228
1202241772 116.28692 39.92307
1202242130 116.29394 39.91547
1202242677 116.31609 39.90973
1202242734 116.32092 39.90966
1202244184 116.36732 39.90878
1202245391 116.36823 39.90225
1202245693 116.3702 39.90826
1202245994 116.37583 39.91714
1202246051 116.37977 39.92111
1202246353 116.40156 39.92288
1202247258 116.45496 39.918
1202247503 116.47157 39.91435
1202247804 116.50249 39.9147
1202247861 116.50745 39.91501
1202248106 116.52356 39.91581
1202248464 116.53772 39.92511
1202248464 116.53772 39.92511
1202248709 116.54128 39.94437
1202248766 116.54305 39.94946
1202249011 116.54991 39.95193
1202249614 116.50431 39.93732
1202249671 116.49572 39.93489
1202249916 116.48355 39.95227
1202249916 116.48355 39.95227
1202250218 116.45139 39.98302
1202250274 116.45666 39.98478
1202250576 116.46199 39.99477
1202251123 116.45665 39.99309
1202251424 116.47137 39.9784
1202251782 116.46783 39.98166
1202253234 116.42032 39.91616
1202253291 116.41619 39.91425
1202253894 116.38988 39.92191
1202254139 116.37279 39.91317
1202254196 116.36804 39.9134
1202254497 116.36798 39.89893
1202254742 116.36812 39.88894
1202255044 116.36813 39.87049
1202255101 116.36811 39.87004
1202255402 116.38063 39.85958
1202314614 116.38081 39.86031
1202314751 116.3868 39.86276
1202314916 116.38176 39.86813
1202315052 116.39956 39.87047
1202315218 116.40752 39.86437
1202315354 116.41485 39.86399
1202315519 116.42151 39.86413
1202315655 116.42595 39.86009
1202315821 116.43209 39.86102
1202315957 116.43554 39.86425
1202316123 116.43274 39.86448
1202316259 116.42436 39.86374
1202316424 116.41718 39.85637
1202316726 116.40825 39.8508
1202316862 116.40805 39.85391
1202317028 116.408 39.85449
1202317164 116.40325 39.85592
1202317329 116.39362 39.86894
1202317465 116.39264 39.88172
1202317631 116.39454 39.88329
1202317767 116.39431 39.88333
1202317933 116.40128 39.88679
1202318069 116.40546 39.88688
1202318069 116.40546 39.88688
1202318234 116.41945 39.89199
1202318370 116.43868 39.89159
1202318536 116.45218 39.90278
1202318672 116.48365 39.90574
1202318838 116.48389 39.93074
1202318974 116.48321 39.95357
1202319139 116.47272 39.97027
1202319275 116.47957 39.97644
1202319441 116.48862 39.97415
1202319577 116.4865 39.97524
1202319743 116.48374 39.96576
1202319879 116.48787 39.96059
1202320044 116.48349 39.94823
1202320346 116.4835 39.94084
1202320648 116.46679 39.93246
1202320784 116.45612 39.93249
1202320949 116.44502 39.93238
1202321085 116.44113 39.93219
1202321251 116.44191 39.92562
1202321387 116.43644 39.92262
1202321553 116.429 39.92331
1202321553 116.429 39.92331
1202321689 116.42016 39.923
1202321854 116.41439 39.91424
1202321990 116.40758 39.91079
1202322156 116.40101 39.91399
1202322292 116.40018 39.92087
1202322456 116.40041 39.91297
1202322593 116.40168 39.90649
1202323848 116.4442 39.9254
1202324103 116.45609 39.93351
1202324149 116.45566 39.93954
1202324405 116.45075 39.94728
1202324451 116.44944 39.9471
1202324451 116.44944 39.9471
1202324707 116.43746 39.95193
1202324753 116.43357 39.95206
1202325008 116.42853 39.95332
1202326144 116.43205 39.95833
1202326399 116.41924 39.95084
1202326446 116.41895 39.95274
1202326701 116.40294 39.95787
1202326748 116.40295 39.95767
1202327002 116.41893 39.95493
1202327049 116.41602 39.95271
1202327304 116.41039 39.94513
1202327351 116.4105 39.94159
1202327351 116.4105 39.94159
1202327606 116.41126 39.93727
1202327653 116.41079 39.93449
1202327907 116.42722 39.93207
1202327954 116.43311 39.93231
1202328209 116.44876 39.93232
1202328256 116.45475 39.93225
1202328511 116.4731 39.93232
1202328511 116.4731 39.93232
1202328558 116.48036 39.93234
1202328812 116.49403 39.93035
1202328859 116.49582 39.92846
1202329114 116.48867 39.93295
1202329161 116.48409 39.93355
1202329416 116.46364 39.96989
1202329462 116.4558 39.97503
1202329717 116.40538 39.98737
1202329764 116.40138 39.98975
1202330019 116.40016 40.00532
1202330066 116.40021 40.00569
1202330321 116.40137 39.99387
1202330367 116.40139 39.99259
1202330622 116.40162 39.99743
1202330669 116.40176 40.00194
1202330924 116.41154 40.01803
1202330971 116.41178 40.02488
1202331225 116.41969 40.03983
1202331273 116.41969 40.04005
1202331527 116.42659 40.03812
1202331574 116.4266 40.03816
1202331829 116.41601 40.04028
1202331876 116.41579 40.0361
1202332130 116.41128 40.03091
1202332177 116.41145 40.02544
1202332432 116.41058 40.00333
1202332479 116.41098 39.99823
1202332734 116.41779 39.98793
1202332781 116.41779 39.98784
1202333035 116.41863 39.96824
1202333082 116.41863 39.96824
1202333337 116.4191 39.94858
1202333384 116.4191 39.94858
1202333639 116.41535 39.94328
1202333686 116.41508 39.94342
1202333940 116.41053 39.93938
1202333987 116.41074 39.93571
1202334242 116.38997 39.93381
1202334289 116.38974 39.93849
1202334530 116.38783 39.94235
1202335258 116.38783 39.93981
1202335269 116.38781 39.93961
1202335560 116.39026 39.92724
1202335571 116.39016 39.92817
1202335861 116.36323 39.93118
1202335873 116.36103 39.93112
1202336163 116.3495 39.90598
1202336174 116.34807 39.90592
1202336476 116.3338 39.90599
1202336766 116.37913 39.90578
1202336778 116.38097 39.90584
1202337068 116.4106 39.90482
1202337079 116.41184 39.90477
1202337370 116.42352 39.89911
1202337381 116.42352 39.89911
1202337671 116.42963 39.91181
1202337683 116.4306 39.91209
1202337973 116.43449 39.92246
1202337984 116.43449 39.92246
1202338275 116.42013 39.92307
1202338286 116.42013 39.92307
1202338575 116.42066 39.90744
1202338587 116.42066 39.90744
1202338877 116.42421 39.90361
1202338888 116.42559 39.90358
1202339179 116.42549 39.8962
1202339190 116.42475 39.89616
1202339480 116.41243 39.89451
1202339492 116.41246 39.89346
1202339782 116.39474 39.8924
1202340095 116.39268 39.89872
1202340385 116.4166 39.89584
1202340397 116.41661 39.89584
1202340397 116.41661 39.89584
1202340687 116.41199 39.90656
1202340687 116.41199 39.90656
1202340698 116.41199 39.90656
1202340989 116.41177 39.90497
1202341000 116.41096 39.90481
1202341290 116.4479 39.90699
1202341302 116.44981 39.90702
1202341592 116.4658 39.91053
1202341603 116.4668 39.91057
1202341893 116.47603 39.90899
1202341905 116.47599 39.90899
1202342195 116.45619 39.90918
1202342206 116.45607 39.91019
1202342497 116.44388 39.9074
1202342508 116.44303 39.90729
1202342798 116.4304 39.89904
1202342810 116.43193 39.89833
1202343100 116.42307 39.86983
1202343111 116.42067 39.86998
1202344210 116.38545 39.86237
1202344403 116.38073 39.86154
1202344511 116.38169 39.86925
1202344727 116.37853 39.88712
1202344813 116.37393 39.88808
1202345007 116.37057 39.88796
1202345115 116.36808 39.88207
1202345416 116.37598 39.8692
1202345610 116.38486 39.86382
1202345718 116.3866 39.86234
1202346215 116.38605 39.86081
1202346260 116.3879 39.85888
1202346562 116.39422 39.83691
1202346864 116.39559 39.81184
1202347120 116.39928 39.80303
1202347165 116.40648 39.80345
1202347422 116.43156 39.80286
1202347467 116.43769 39.80305
1202347724 116.42312 39.80181
1202347769 116.41889 39.80166
1202348025 116.40184 39.80324
1202348070 116.39685 39.80309
1202348327 116.39426 39.81565
1202348372 116.3938 39.8154
1202348629 116.39546 39.82803
1202348674 116.39506 39.83379
1202348930 116.39272 39.85582
1202348975 116.3881 39.85717
1202399751 116.38174 39.86694
1202399916 116.36872 39.86901
1202400053 116.35792 39.86842
1202400218 116.36138 39.86523
1202400355 116.35835 39.8615
1202400519 116.35304 39.85226
1202400656 116.32949 39.84787
1202400820 116.32749 39.84825
1202400957 116.33772 39.84747
1202401122 116.35314 39.85133
1202401259 116.35711 39.84443
1202401423 116.35983 39.85373
1202401560 116.38615 39.85555
1202401725 116.40724 39.85535
1202401862 116.40794 39.85704
1202402027 116.40843 39.86051
1202402164 116.40629 39.85593
1202402164 116.40629 39.85593
1202402328 116.37393 39.85574
1202402465 116.34738 39.85047
1202402630 116.32698 39.84771
1202402767 116.32029 39.84641
1202402932 116.31271 39.84692
1202403069 116.3148 39.84673
1202403233 116.32252 39.84765
1202403370 116.33965 39.84192
1202403535 116.33507 39.82361
1202403672 116.33834 39.82113
1202403836 116.34741 39.81877
1202403974 116.36095 39.81283
1202404138 116.35934 39.81268
1202404275 116.34923 39.81813
1202404440 116.34573 39.81938
1202404577 116.34573 39.81938
1202404741 116.34573 39.81938
1202404879 116.34573 39.81938
1202405043 116.34402 39.81997
1202405180 116.34227 39.82942
1202405345 116.34303 39.8445
1202405482 116.35281 39.84444
1202405646 116.35917 39.84932
1202405646 116.35917 39.84932
1202405783 116.36654 39.84923
1202405948 116.37997 39.84791
1202406085 116.3806 39.85432
1202406250 116.38069 39.85943
1202406387 116.38598 39.85994
1202406551 116.38163 39.86887
1202406688 116.38125 39.87796
1202406853 116.37866 39.88628
1202406990 116.37866 39.88629
1202407155 116.3825 39.88807
1202407292 116.38699 39.88403
1202407456 116.39173 39.87794
1202407593 116.39469 39.87538
1202407757 116.39281 39.87949
1202407894 116.38889 39.8822
1202408059 116.3812 39.87854
1202408196 116.37715 39.87026
1202408360 116.36003 39.86818
1202408497 116.34207 39.86465
1202408662 116.33092 39.84783
1202408799 116.32467 39.84573
1202408964 116.31549 39.84675
1202409101 116.30658 39.84565
1202409265 116.29743 39.84347
1202409402 116.29248 39.84148
1202409567 116.28824 39.84335
1202409704 116.27998 39.84062
1202409704 116.27998 39.84062
1202409869 116.27716 39.86011
1202410006 116.26917 39.88227
1202410170 116.26836 39.89822
1202410307 116.2683 39.90258
1202410472 116.27687 39.90624
1202410609 116.27738 39.90947
1202410774 116.289 39.91276
1202410911 116.2937 39.92255
1202411075 116.30516 39.92257
1202411212 116.31583 39.92217
1202411377 116.30486 39.92309
1202411514 116.3041 39.90985
1202411679 116.30436 39.88344
1202411816 116.29948 39.86578
1202411980 116.2878 39.85834
1202412117 116.28799 39.85401
1202412282 116.29487 39.85436
1202412419 116.2927 39.85423
1202412583 116.28795 39.85776
1202412721 116.2979 39.86538
1202412885 116.30622 39.8704
1202413022 116.30545 39.88282
1202413187 116.31995 39.88856
1202413187 116.31995 39.88856
1202413324 116.32045 39.88148
1202413488 116.32046 39.88479
1202413626 116.32048 39.88568
1202413790 116.32973 39.88859
1202414092 116.34941 39.88806
1202414229 116.34942 39.88827
1202414393 116.3526 39.88538
1202414530 116.35751 39.88494
1202414695 116.35747 39.88785
1202414832 116.3572 39.89759
1202414997 116.35162 39.89989
1202415134 116.3434 39.90187
1202415298 116.3293 39.90349
1202415435 116.32814 39.90705
1202416339 116.32776 39.90782
1202416509 116.33692 39.91263
1202416640 116.3453 39.91254
1202416811 116.35085 39.9125
1202416942 116.35397 39.91071
1202417113 116.36532 39.91021
1202417244 116.36616 39.90761
1202417244 116.36616 39.90761
1202417414 116.35013 39.90697
1202417545 116.34329 39.8964
1202417716 116.34256 39.86984
1202417847 116.34027 39.84908
1202418018 116.33689 39.82716
1202418149 116.32992 39.81988
1202418319 116.32684 39.81449
1202418450 116.32799 39.81581
1202418621 116.3321 39.82174
1202418752 116.3411 39.82783
1202418923 116.34009 39.8442
1202419054 116.35259 39.84454
1202419224 116.35891 39.8489
1202419355 116.36426 39.84939
1202419526 116.36838 39.8493
1202419657 116.36684 39.86057
1202419827 116.37044 39.86954
1202419957 116.34767 39.86721
1202420128 116.34272 39.89001
1202420259 116.33648 39.89657
1202420430 116.33623 39.89585
1202420561 116.33627 39.89589
1202420731 116.33767 39.90584
1202420731 116.33767 39.90584
1202420862 116.34609 39.91254
1202421033 116.35398 39.91258
1202421164 116.36005 39.91178
1202421335 116.36762 39.90711
1202421466 116.36792 39.89871
1202421636 116.35838 39.89832
1202421767 116.3571 39.90544
1202421938 116.36513 39.90806
1202422069 116.36454 39.90595
1202422240 116.33852 39.90612
1202422371 116.31874 39.90622
1202422541 116.30674 39.90623
1202422672 116.28887 39.90636
1202422843 116.26893 39.90633
1202422974 116.26847 39.90633
1202423145 116.25855 39.91171
1202423276 116.25866 39.91867
1202423446 116.25851 39.91024
1202423577 116.26711 39.90623
1202423748 116.27401 39.9062
1202423879 116.2853 39.90625
1202424050 116.30028 39.90601
1202424181 116.30826 39.90605
1202424351 116.3148 39.8992
1202424482 116.31557 39.90675
1202424653 116.32898 39.90884
1202424784 116.33748 39.9128
1202424784 116.33748 39.9128
1202424955 116.35026 39.91052
1202425086 116.35622 39.90576
1202425256 116.37652 39.90574
1202425387 116.39006 39.9061
1202425558 116.40482 39.90659
1202425689 116.42186 39.90703
1202425860 116.44348 39.90694
1202425991 116.45479 39.90388
1202426161 116.45514 39.89806
1202426292 116.45489 39.87969
1202426463 116.44981 39.87077
1202426594 116.45335 39.86554
1202426765 116.4262 39.85746
1202426896 116.42866 39.85469
1202427066 116.42614 39.85683
1202427197 116.41408 39.85589
1202427368 116.3881 39.85769
1202427499 116.3876 39.86243
1202481748 116.41295 39.86969
1202482049 116.43783 39.89608
1202482268 116.42836 39.92396
1202482350 116.42798 39.93628
1202482570 116.43335 39.93526
1202482652 116.43825 39.93728
1202482872 116.43576 39.94695
1202482954 116.4294 39.9492
1202483173 116.42892 39.95316
1202483317 116.42885 39.95316
1202484299 116.43355 39.95717
1202484347 116.43188 39.9583
1202484601 116.42086 39.94845
1202484649 116.41954 39.94838
1202484901 116.4104 39.94813
1202484949 116.41013 39.94836
1202485203 116.41174 39.94984
1202485251 116.41214 39.94992
1202485505 116.41285 39.95087
1202485553 116.41284 39.95106
1202485806 116.41283 39.95156
1202485854 116.41283 39.95156
1202486108 116.41198 39.95006
1202486156 116.41183 39.95002
1202486410 116.40989 39.94924
1202486458 116.40998 39.94839
1202486711 116.4274 39.93925
1202486759 116.42784 39.93161
1202487013 116.43716 39.902
1202487061 116.44639 39.90223
1202487315 116.47136 39.89502
1202487363 116.47122 39.89225
1202487616 116.47669 39.88859
1202487664 116.47669 39.88859
1202487918 116.47653 39.8877
1202487966 116.47512 39.88727
1202488220 116.46722 39.8922
1202488268 116.46701 39.89214
1202488569 116.4838 39.89908
1202488823 116.48396 39.91708
1202488871 116.4858 39.92159
1202488871 116.4858 39.92159
1202489125 116.50147 39.92042
1202489173 116.50147 39.92043
1202489426 116.48365 39.92167
1202489474 116.47856 39.92175
1202489728 116.46343 39.92047
1202489776 116.46344 39.9183
1202490030 116.46154 39.91581
1202490030 116.46154 39.91581
1202490078 116.45656 39.91765
1202490331 116.45528 39.89731
1202490379 116.45512 39.88991
1202490633 116.4361 39.85767
1202490681 116.42597 39.85735
1202490935 116.38189 39.85583
1202490983 116.38308 39.85549
1202491236 116.3866 39.8539
1202491284 116.38612 39.85395
1202491538 116.40559 39.85548
1202491586 116.40731 39.85545
1202491839 116.40766 39.86207
1202491887 116.40749 39.86266
1202492141 116.39313 39.86331
1202492189 116.39325 39.85805
