UTS Latitude Longitude
1201960016 116.37038 39.94767
1201960076 116.3681 39.9476
1201960076 116.3681 39.9476
1201960911 116.33953 39.94848
1201961274 116.3202 39.95047
1201961634 116.31505 39.93087
1201962268 116.31352 39.93707
1201962993 116.34625 39.92682
1201963369 116.35083 39.91757
1201964501 116.36638 39.93828
1201964862 116.37343 39.95263
1201965222 116.3848 39.97087
1201980371 116.38515 39.93202
1201982352 116.36007 39.96267
1201982397 116.36002 39.96325
1201982652 116.36647 39.9663
1201983012 116.40903 39.96763
1201983372 116.429 39.9609
1201983419 116.42855 39.96097
1201983813 116.42722 39.95828
1201984181 116.41912 39.94965
1201984602 116.41957 39.93288
1201984609 116.41957 39.93288
1201984970 116.41997 39.9237
1201985330 116.41372 39.91412
1201985695 116.41155 39.9092
1201985745 116.411 39.90923
1201986294 116.40268 39.93217
1201986656 116.40195 39.96012
1201986987 116.39217 39.96647
1201987348 116.3993 39.96062
1201987907 116.39593 39.9501
1201988004 116.39157 39.95013
1201988377 116.39657 39.94433
1201989116 116.37902 39.94775
1201989389 116.36585 39.94785
1201989765 116.36382 39.97472
1201990433 116.363 39.98918
1202034221 116.3864 39.97138
1202035060 116.30325 39.9528
1202035422 116.29293 39.92285
1202035632 116.28455 39.92273
1202036113 116.30957 39.90612
1202036376 116.33182 39.90578
1202036828 116.3374 39.89103
1202037377 116.32298 39.8953
1202037747 116.32242 39.90527
1202037749 116.32252 39.9053
1202037752 116.3226 39.90543
1202038351 116.33493 39.92692
1202039049 116.3731 39.95615
1202039292 116.37113 39.96705
1202039311 116.36908 39.96693
1202039672 116.35935 39.97868
1202039672 116.35935 39.97868
1202041084 116.36408 39.96252
1202041444 116.3655 39.94837
1202041748 116.3661 39.94207
1202042109 116.354 39.93108
1202042514 116.3398 39.93113
1202042958 116.33798 39.9233
1202043318 116.34257 39.93103
1202043682 116.36097 39.93097
1202044105 116.3728 39.93155
1202045277 116.37587 39.93803
1202047632 116.37243 39.94848
1202067966 116.40988 39.96757
1202069708 116.365 39.95147
1202069771 116.36303 39.9514
1202069811 116.36432 39.9514
1202070171 116.37025 39.94717
1202070894 116.42827 39.92138
1202071254 116.43095 39.902
1202072933 116.50293 39.8694
1202073294 116.58602 39.86617
1202073656 116.62973 39.86807
1202073998 116.65002 39.88945
1202074359 116.63875 39.8933
1202074728 116.6138 39.90573
1202077951 116.41295 39.89975
1202077951 116.41295 39.89975
1202078312 116.39393 39.89893
1202078672 116.3603 39.89835
1202078816 116.35482 39.89823
1202078816 116.35482 39.89823
1202079600 116.33647 39.88838
1202080186 116.32055 39.88077
1202081602 116.31762 39.93105
1202081962 116.32835 39.91037
1202082324 116.3344 39.89653
1202082348 116.3345 39.89667
1202082711 116.32927 39.90605
1202082996 116.33773 39.91702
1202083357 116.34977 39.93415
1202083644 116.37675 39.95
1202084004 116.36578 39.94785
1202084127 116.36518 39.95338
1202084487 116.35028 39.91723
1202085207 116.30135 39.89165
1202085290 116.29913 39.89175
1202085359 116.29445 39.89002
1202085364 116.29417 39.88998
1202085728 116.24353 39.89578
1202086089 116.21892 39.91022
1202086167 116.21442 39.9098
1202086527 116.22838 39.90617
1202087146 116.28173 39.92278
1202087518 116.32643 39.92173
1202087518 116.32643 39.92173
1202087878 116.34982 39.9301
1202088598 116.3607 40.02142
1202089020 116.41135 40.0312
1202089743 116.40663 40.06948
1202090111 116.43305 40.08733
1202090183 116.43285 40.0909
1202090543 116.40743 40.08497
1202120188 116.38605 39.971
1202120569 116.375 39.9702
1202120931 116.37918 39.97135
1202121292 116.3677 39.96687
1202121840 116.35997 39.9513
1202122026 116.35635 39.94957
1202122026 116.35635 39.94957
1202122080 116.35628 39.94993
1202122459 116.35797 39.94913
1202122822 116.36607 39.94705
1202123186 116.38727 39.94737
1202123186 116.38727 39.94737
1202123546 116.4167 39.948
1202123910 116.42852 39.91357
1202124132 116.43475 39.9057
1202124833 116.42942 39.91183
1202124836 116.42967 39.91182
1202124836 116.42967 39.91182
1202125197 116.4487 39.907
1202126032 116.44422 39.92148
1202126260 116.43222 39.92582
1202126632 116.42578 39.94813
1202126834 116.40208 39.9507
1202127722 116.3917 39.95017
1202128083 116.38835 39.97867
1202128686 116.35138 39.99432
1202129052 116.36 39.9924
1202129414 116.39747 39.98687
1202129774 116.46868 39.96638
1202130134 116.48353 39.91098
1202130505 116.47172 39.89925
1202131433 116.47173 39.9014
1202131835 116.47172 39.9022
1202131938 116.4717 39.9062
1202132298 116.45718 39.9071
1202132663 116.4505 39.90713
1202133381 116.44823 39.90715
1202133744 116.42892 39.90797
1202134034 116.4205 39.90438
1202134494 116.41558 39.90153
1202134494 116.41558 39.90153
1202134854 116.41177 39.90882
1202135215 116.40458 39.91965
1202135582 116.39702 39.93218
1202135853 116.3878 39.94742
1202136573 116.40145 39.99387
1202136933 116.40397 40.02927
1202137293 116.40773 40.0561
1202137293 116.40773 40.0561
1202137703 116.4021 40.06322
1202137940 116.40757 40.05348
1202138482 116.42273 40.031
1202139458 116.4166 39.98203
1202149374 116.38648 39.97102
1202149734 116.37875 39.97125
1202149860 116.38488 39.96808
1202150222 116.36418 39.96685
1202150514 116.3635 39.98327
1202150856 116.3595 39.97688
1202151521 116.33092 39.99175
1202151881 116.334 39.99425
1202152241 116.3469 39.99012
1202152367 116.34522 39.98763
1202152878 116.34885 39.94077
1202153160 116.34403 39.93558
1202153424 116.33645 39.93215
1202153487 116.33757 39.93202
1202153875 116.31962 39.93345
1202153984 116.3225 39.93633
1202154059 116.3244 39.93693
1202154423 116.32795 39.92675
1202154853 116.33678 39.91703
1202155213 116.34308 39.91477
1202155327 116.34315 39.9141
1202155742 116.33902 39.91408
1202156104 116.33858 39.92113
1202156465 116.33607 39.93725
1202156709 116.33067 39.95632
1202157069 116.34872 39.95428
1202157362 116.34848 39.9656
1202157664 116.3386 39.97285
1202157765 116.34015 39.97293
1202157767 116.34038 39.97293
1202158130 116.35 39.945
1202158130 116.35 39.945
1202159063 116.35153 39.90867
1202159235 116.35188 39.90733
1202202893 116.36713 39.93617
1202202987 116.3667 39.93595
1202203746 116.31527 39.89675
1202204106 116.32928 39.90838
1202204349 116.33735 39.91703
1202211740 116.35 39.9309
1202214819 116.36487 39.9392
1202215179 116.3659 39.94682
1202215976 116.37048 39.9472
1202216336 116.37785 39.97165
1202219998 116.38617 39.97075
1202220719 116.37562 39.93803
1202222825 116.37612 39.93758
1202223213 116.37682 39.93783
1202223956 116.35887 39.93047
1202229819 116.35923 39.9283
1202230180 116.37357 39.93153
1202230872 116.37703 39.93768
1202231159 116.373 39.93912
1202231957 116.37945 39.9523
1202233635 116.38167 39.95018
1202233995 116.37253 39.98513
1202234355 116.34337 40.0271
1202235435 116.23095 40.19908
1202235703 116.23927 40.2024
1202235703 116.23927 40.2024
1202236079 116.22378 40.19912
1202236439 116.23625 40.1705
1202236799 116.26227 40.12502
1202237538 116.31865 40.05055
1202237620 116.31988 40.04778
1202237841 116.32192 40.03912
1202238767 116.33617 40.02938
1202238914 116.34063 40.02973
1202239305 116.34628 40.00648
1202239691 116.39417 40.00358
1202239771 116.39933 40.00377
1202239771 116.39933 40.00377
1202240135 116.40125 39.98888
1202240329 116.41425 39.98723
1202240689 116.44943 39.98013
1202241111 116.46373 39.99097
1202241259 116.46215 39.99412
1202241515 116.46017 39.98267
1202241875 116.44703 39.95713
1202242225 116.44422 39.93997
1202242586 116.43843 39.93993
1202243499 116.41837 39.95303
1202244280 116.38893 39.96183
1202244632 116.38277 39.97152
1202244993 116.3892 39.94785
1202244993 116.3892 39.94785
1202245353 116.42892 39.93213
1202245661 116.43763 39.92893
1202246041 116.41958 39.93917
1202246402 116.39003 39.93982
1202246669 116.38878 39.94748
1202246915 116.3792 39.95005
1202246978 116.37612 39.94998
1202247623 116.38565 39.97115
1202247999 116.3871 39.971
1202300001 116.45645 39.87177
1202302280 116.38773 39.9446
1202302296 116.38767 39.94632
1202302658 116.37858 39.9521
1202302676 116.37687 39.95238
1202303037 116.38915 39.95238
1202303691 116.39932 39.95745
1202304083 116.38972 39.95013
1202304226 116.37897 39.95003
1202304587 116.34963 39.94232
1202304947 116.34997 39.89798
1202305318 116.31983 39.89832
1202305687 116.3292 39.90595
1202305989 116.33958 39.9124
1202306252 116.33358 39.90475
1202306427 116.33187 39.90367
1202306680 116.33003 39.91412
1202307042 116.34687 39.9248
1202307952 116.35523 39.95473
1202321949 116.29717 39.97017
1202322310 116.31155 39.93825
1202322674 116.35785 39.93807
1202338276 116.35932 39.92845
1202338636 116.33512 39.93708
1202351628 116.29513 39.97015
1202351988 116.31288 39.96487
1202352348 116.37638 39.97125
1202394143 116.3673 39.93593
1202466268 116.36733 39.9362
1202466652 116.36558 39.94982
