UTS Latitude Longitude
1201959384 117.01317 40.23837
1201959684 117.00816 40.24122
1201959984 117.00816 40.24135
1201960584 117.00816 40.24131
1201960884 117.00817 40.24126
1201961184 117.0081 40.24145
1201961484 117.0081 40.24143
1201961784 117.00813 40.24131
1201962084 117.00815 40.2413
1201962384 117.00816 40.24135
1201962684 117.00817 40.24138
1201962984 117.00817 40.24135
1201963284 117.00818 40.24145
1201963584 117.00818 40.24144
1201963884 117.00817 40.24135
1201964184 117.0082 40.24113
1201964484 117.00818 40.24145
1201964784 117.00822 40.24085
1201965084 117.00817 40.24134
1201965384 117.00819 40.24139
1201965684 117.00817 40.24135
1201965984 117.00816 40.2413
1201966284 117.00817 40.24135
1201966584 117.00816 40.24141
1201966584 117.00816 40.24141
1201966884 117.00814 40.24143
1201967484 117.00809 40.2415
1201967784 117.0081 40.2415
1201968084 117.00815 40.24146
1201968384 117.00815 40.24142
1201968684 117.0081 40.24149
1201968984 117.00812 40.24148
1201969284 117.00817 40.24143
1201969584 117.00819 40.24146
1201969884 117.00817 40.24147
1201970184 117.00817 40.24129
1201970484 117.00819 40.24143
1201970784 117.00815 40.24131
1201971083 117.00081 40.24127
1201971383 117.00818 40.24141
1201971964 117.00813 40.24141
1201971975 117.00813 40.24141
1201972283 117.00817 40.24138
1201972583 117.00819 40.24146
1201972883 117.00819 40.24142
1201973783 117.00817 40.2414
1201974083 117.00817 40.24135
1201974383 117.00821 40.24141
1201974683 117.00818 40.24144
1201974983 117.00819 40.24138
1201975283 117.00816 40.24134
1201975583 117.00818 40.24142
1201975883 117.0082 40.24144
1201976483 117.00815 40.24138
1201976783 117.00816 40.24144
1201977083 117.00816 40.24135
1201977383 117.00815 40.2414
1201977683 117.00815 40.24135
1201977983 117.00817 40.24138
1201978283 117.00816 40.24136
1201978883 117.00812 40.24135
1201979183 117.00816 40.24125
1201979483 117.00817 40.24133
1201979783 117.00812 40.24141
1201980083 117.00814 40.24138
1201980383 117.00812 40.24139
1201980683 117.00813 40.24148
1201980983 117.00812 40.24137
1201981283 117.00811 40.24144
1201981583 117.00813 40.24144
1201981883 117.00815 40.24145
1201982183 117.00814 40.24141
1201982483 117.00814 40.24141
1201982783 117.00815 40.24139
1201983083 117.00814 40.24141
1201983383 117.00816 40.2414
1201983683 117.00816 40.24142
1201983983 117.00815 40.24141
1201983983 117.00815 40.24141
1201984283 117.00812 40.24142
1201984283 117.00812 40.24142
1201984583 117.0081 40.24143
1201984883 117.00811 40.24139
1201985183 117.0081 40.24139
1201985483 117.00813 40.24134
1201985783 117.00807 40.2414
1201986083 117.00811 40.24139
1201986383 117.00809 40.24142
1201986683 117.0081 40.2414
1201986983 117.00811 40.24143
1201987283 117.00812 40.24142
1201987583 117.00806 40.24142
1201987882 117.00809 40.24143
1201988182 117.00812 40.24146
1201988482 117.00812 40.24147
1201988782 117.00816 40.24144
1201989082 117.00811 40.24141
1201989382 117.00815 40.24142
1201989682 117.00813 40.24139
1201989982 117.00813 40.24144
1201990282 117.00817 40.24145
1201990582 117.0081 40.24131
1201990882 117.0081 40.24147
1201991182 117.00815 40.24155
1201991482 117.00812 40.24156
1201991782 117.0081 40.24152
1201992082 117.00805 40.24143
1201992382 117.00809 40.24154
1201992682 117.00814 40.24143
1201992982 117.00812 40.24142
1201992982 117.00812 40.24142
1201993282 117.00816 40.24131
1201993582 117.00812 40.24137
1201993882 117.00815 40.24138
1201994182 117.00808 40.24138
1201994482 117.00808 40.24134
1201994782 117.00811 40.24138
1201995082 117.00808 40.24142
1201995382 117.00822 40.24114
1201995982 117.00815 40.24135
1201996282 117.00817 40.24136
1201996582 117.00818 40.24144
1201996882 117.00812 40.24141
1201997182 117.00822 40.2415
1201997782 117.00816 40.24148
1201998082 117.00811 40.24136
1201998982 117.00814 40.24144
1201999282 117.00814 40.24137
1201999582 117.00815 40.24138
1202000182 117.00811 40.24142
1202000482 117.00811 40.24141
1202000782 117.00814 40.24134
1202001082 117.00812 40.24135
1202001382 117.00816 40.24133
1202001682 117.00815 40.24114
1202001682 117.00815 40.24114
1202001982 117.00812 40.24122
1202002282 117.00817 40.24118
1202002582 117.00814 40.24118
1202003182 117.00811 40.24139
1202003482 117.00813 40.24134
1202003782 117.00811 40.24132
1202004082 117.00816 40.24136
1202004981 117.00809 40.2414
1202005281 117.00805 40.24131
1202006344 117.00807 40.24147
1202006781 117.00819 40.24146
1202007081 117.00815 40.2415
1202007381 117.00815 40.24149
1202007681 117.00813 40.24152
1202007981 117.00814 40.24135
1202008281 117.00816 40.24142
1202008581 117.00816 40.24145
1202008881 117.00815 40.24146
1202009181 117.00817 40.24142
1202009481 117.00816 40.24137
1202009781 117.00821 40.24141
1202010381 117.00811 40.24146
1202010381 117.00811 40.24146
1202010681 117.0081 40.24145
1202010981 117.00813 40.24147
1202011581 117.00815 40.2415
1202011881 117.00813 40.24141
1202012181 117.00806 40.2416
1202012481 117.00804 40.24154
1202012781 117.0081 40.24146
1202013081 117.00807 40.24143
1202013381 117.00809 40.24132
1202013681 117.00808 40.24122
1202014281 117.00808 40.24125
1202014581 117.00813 40.24139
1202014881 117.0081 40.24121
1202015181 117.00805 40.24118
1202015481 117.00808 40.24133
1202015781 117.00806 40.24126
1202016081 117.00805 40.24129
1202016381 117.0081 40.24133
1202016681 117.00811 40.2414
1202016981 117.00812 40.24138
1202017281 117.00811 40.2414
1202017581 117.00814 40.24141
1202017881 117.00815 40.24137
1202018181 117.00811 40.24144
1202018481 117.00809 40.24145
1202018781 117.00816 40.2414
1202019081 117.00818 40.24141
1202019081 117.00818 40.24141
1202019381 117.00818 40.24148
1202019681 117.00815 40.24151
1202019981 117.00814 40.24139
1202020281 117.00818 40.2414
1202020581 117.00818 40.24142
1202020881 117.00815 40.24147
1202021181 117.00812 40.24142
1202021780 117.00811 40.24141
1202022080 117.00811 40.24134
1202022380 117.00814 40.24136
1202022680 117.00814 40.24137
1202022980 117.00811 40.24135
1202023280 117.00811 40.24131
1202023580 117.00814 40.24134
1202023880 117.00811 40.24134
1202024180 117.00814 40.24121
1202024780 117.0081 40.24142
1202025080 117.00812 40.24144
1202025380 117.00818 40.24137
1202025680 117.00815 40.2414
1202026280 117.00815 40.24132
1202026580 117.00813 40.24137
1202026880 117.0081 40.24143
1202027480 117.00815 40.24137
1202027780 117.00808 40.24139
1202028080 117.00815 40.24137
1202028380 117.00814 40.24136
1202028680 117.00815 40.24138
1202028980 117.00818 40.24137
1202029281 117.00814 40.24137
1202029580 117.00814 40.2414
1202029880 117.00813 40.24138
1202030180 117.00814 40.24139
1202030480 117.00811 40.24137
1202030780 117.00814 40.24142
1202031080 117.0081 40.24143
1202031380 117.00816 40.2414
1202031680 117.00814 40.2414
1202031980 117.00819 40.24146
1202032280 117.00813 40.24133
1202032580 117.00812 40.24144
1202033180 117.00834 40.24111
1202033480 117.00817 40.24147
1202033780 117.00817 40.24151
1202034080 117.00815 40.24141
1202034380 117.00815 40.24151
1202034680 117.00813 40.24148
1202034980 117.00813 40.24148
1202035280 117.00814 40.24148
1202035880 117.00811 40.24146
1202036180 117.00814 40.24149
1202036480 117.00814 40.24161
1202036480 117.00814 40.24161
1202036780 117.00816 40.24139
1202037380 117.00811 40.24138
1202037680 117.00816 40.24132
1202037980 117.00809 40.24141
1202038580 117.00815 40.24148
1202038879 117.00813 40.24151
1202039479 117.00812 40.24147
1202039779 117.00816 40.24155
1202040079 117.00816 40.24148
1202040377 117.0084 40.24167
1202040679 117.00809 40.24147
1202041579 117.00818 40.24142
1202041879 117.00814 40.24139
1202042179 117.0081 40.24151
1202042479 117.00814 40.24139
1202042779 117.00805 40.24151
1202043079 117.0081 40.24144
1202043379 117.0081 40.24143
1202043679 117.00811 40.24143
1202043979 117.00812 40.24142
1202044279 117.00815 40.24137
1202044579 117.00817 40.24142
1202044879 117.00817 40.24135
1202045179 117.00809 40.24134
1202045179 117.00809 40.24134
1202045479 117.0081 40.24146
1202045779 117.00815 40.24125
1202046079 117.00814 40.24133
1202046379 117.00813 40.24135
1202046679 117.00815 40.24131
1202046979 117.00814 40.24131
1202047279 117.00813 40.24135
1202047579 117.00809 40.24138
1202047879 117.00814 40.24134
1202048179 117.00813 40.24131
1202048479 117.00814 40.24136
1202048779 117.00818 40.24143
1202049079 117.00816 40.24138
1202049379 117.00816 40.24144
1202049679 117.00815 40.24142
1202049979 117.00815 40.2414
1202050279 117.00818 40.24124
1202050579 117.00818 40.24148
1202050879 117.00815 40.24131
1202051179 117.00814 40.2414
1202051479 117.00818 40.24134
1202051779 117.00816 40.24133
1202052079 117.00815 40.2413
1202052379 117.0131 40.24141
1202052679 117.00977 40.2047
1202052979 117.01403 40.15686
1202052979 117.01403 40.15686
1202053279 116.9749 40.14485
1202053579 116.90629 40.15247
1202053879 116.83281 40.1507
1202053879 116.83281 40.1507
1202054179 116.76372 40.14033
1202054479 116.70535 40.1236
1202054779 116.66317 40.11511
1202055079 116.6161 40.11659
1202055378 116.58199 40.11577
1202055978 116.58086 40.07224
1202056278 116.57877 40.06262
1202057478 116.56442 40.0715
1202057778 116.56439 40.07146
1202058078 116.56442 40.07152
1202058378 116.56442 40.0715
1202058401 116.56444 40.0715
1202058678 116.56444 40.0715
1202058978 116.56442 40.07147
1202059278 116.56437 40.07149
1202059578 116.56438 40.07149
1202059878 116.56442 40.07149
1202060478 116.56438 40.07147
1202060778 116.5644 40.0715
1202061078 116.56442 40.0715
1202061378 116.5644 40.07153
1202061678 116.56443 40.07151
1202061978 116.56443 40.07146
1202062278 116.56443 40.07149
1202062578 116.56443 40.07147
1202062578 116.56443 40.07147
1202062878 116.5644 40.07148
1202063178 116.56438 40.07146
1202063478 116.56437 40.07146
1202063778 116.56438 40.07147
1202064078 116.5644 40.07145
1202064378 116.5644 40.07145
1202064678 116.56441 40.07144
1202064978 116.56438 40.07146
1202065278 116.56437 40.07146
1202065578 116.56441 40.07147
1202065878 116.5644 40.07146
1202066178 116.56265 40.06823
1202066478 116.583 40.06005
1202066778 116.58104 40.07204
1202067078 116.58053 40.07494
1202067378 116.58197 40.07478
1202067673 116.5871 40.07757
1202067978 116.58416 40.05425
1202068278 116.55177 40.02857
1202068578 116.49197 39.99607
1202068878 116.47434 39.96265
1202069178 116.48364 39.92748
1202069478 116.45892 39.90337
1202069778 116.43672 39.89653
1202070078 116.43995 39.87795
1202070378 116.42208 39.86993
1202070678 116.38231 39.86994
1202070978 116.35811 39.86453
1202071278 116.35832 39.86516
1202071278 116.35832 39.86516
1202071578 116.35786 39.87424
1202071877 116.35553 39.88191
1202072177 116.36757 39.88779
1202072477 116.37782 39.88798
1202072778 116.40601 39.89148
1202073077 116.4095 39.89794
1202073377 116.40619 39.88885
1202073677 116.40624 39.8904
1202073977 116.40548 39.90065
1202074277 116.40952 39.90918
1202074577 116.427 39.90706
1202074877 116.47154 39.90148
1202075177 116.47111 39.89
1202075477 116.47212 39.90757
1202075777 116.47215 39.92112
1202076077 116.48235 39.93243
1202076377 116.49668 39.95279
1202076677 116.49714 39.95284
1202076977 116.49709 39.95279
1202077277 116.49711 39.9528
1202077577 116.49723 39.95278
1202077877 116.49732 39.95205
1202078177 116.4972 39.95206
1202078477 116.49726 39.9521
1202078777 116.49725 39.95204
1202079077 116.4973 39.95209
1202079377 116.49719 39.95195
1202079677 116.49724 39.95198
1202079977 116.49729 39.95201
1202080277 116.49729 39.95204
1202080577 116.49727 39.95201
1202080877 116.4973 39.95202
1202081177 116.49731 39.95203
1202081477 116.49723 39.95199
1202081777 116.49726 39.95204
1202082377 116.49728 39.95203
1202082677 116.49732 39.95204
1202082977 116.49733 39.95205
1202083277 116.49733 39.95207
1202083577 116.49731 39.95201
1202083877 116.49731 39.95201
1202084177 116.49732 39.95202
1202084477 116.49731 39.952
1202084777 116.49726 39.95196
1202085077 116.4973 39.952
1202085377 116.49731 39.95203
1202085677 116.49732 39.95198
1202086277 116.4973 39.95201
1202086577 116.49727 39.95205
1202087177 116.49732 39.95201
1202087477 116.49727 39.95199
1202087777 116.49725 39.95203
1202088077 116.49728 39.95199
1202088376 116.49734 39.95202
1202088676 116.49728 39.95204
1202088676 116.49728 39.95204
1202088976 116.49724 39.952
1202089276 116.49724 39.95201
1202089576 116.49726 39.95203
1202089876 116.49714 39.95206
1202090176 116.49717 39.95202
1202090476 116.49725 39.95202
1202091376 116.49721 39.95201
1202091676 116.49714 39.95201
1202091976 116.49727 39.95199
1202092276 116.49733 39.952
1202092576 116.49729 39.95202
1202092876 116.49735 39.95202
1202093176 116.4973 39.95201
1202093476 116.49733 39.95204
1202093776 116.49731 39.952
1202094076 116.49727 39.952
1202094376 116.49731 39.95204
1202094676 116.4973 39.95202
1202094976 116.49731 39.95203
1202095276 116.49734 39.95205
1202095576 116.49732 39.95204
1202095876 116.49732 39.95205
1202096176 116.4973 39.95203
1202096476 116.4973 39.95197
1202096776 116.49732 39.952
1202097076 116.4973 39.952
1202097376 116.49732 39.95202
1202097376 116.49732 39.95202
1202097676 116.49732 39.95203
1202097976 116.4973 39.95205
1202098276 116.4974 39.95209
1202098576 116.49731 39.95202
1202098876 116.49727 39.95206
1202099176 116.49728 39.952
1202099476 116.49735 39.95203
1202099776 116.49728 39.95206
1202100076 116.49733 39.95202
1202100376 116.49729 39.95202
1202100676 116.49727 39.95206
1202100976 116.4973 39.95208
1202101276 116.4973 39.95205
1202101576 116.49732 39.95204
1202101876 116.49731 39.95206
1202102176 116.49728 39.95197
1202102476 116.49731 39.95199
1202102776 116.49729 39.952
1202103076 116.49727 39.95201
1202103376 116.49729 39.95198
1202103676 116.49726 39.95199
1202103976 116.49729 39.95204
1202104276 116.49734 39.95204
1202104576 116.49727 39.95202
1202105475 116.49722 39.95197
1202105775 116.4973 39.952
1202106075 116.49731 39.95195
1202106075 116.49731 39.95195
1202106375 116.4973 39.95195
1202106675 116.49734 39.95201
1202106975 116.49729 39.952
1202107275 116.49726 39.95201
1202107575 116.49723 39.95206
1202107875 116.49723 39.95203
1202108175 116.49728 39.95198
1202108475 116.49732 39.952
1202108775 116.49742 39.95199
1202109075 116.49735 39.95196
1202109375 116.49734 39.95202
1202109675 116.49737 39.95199
1202109975 116.49731 39.952
1202110575 116.49724 39.952
1202110875 116.49746 39.95224
1202111175 116.49861 39.95327
1202111475 116.48387 39.96594
1202111775 116.49139 39.96013
1202112065 116.48815 39.95497
1202112347 116.48815 39.95497
1202112675 116.48969 39.95414
1202112975 116.48973 39.95415
1202113275 116.48977 39.95417
1202113575 116.48973 39.95397
1202113875 116.48978 39.95414
1202114175 116.48967 39.95427
1202114475 116.48365 39.93592
1202114775 116.4744 39.90968
1202114775 116.4744 39.90968
1202115075 116.46372 39.91184
1202115375 116.47226 39.92115
1202115676 116.46342 39.9287
1202115975 116.44933 39.94227
1202116275 116.43847 39.95059
1202116575 116.42315 39.94839
1202116875 116.3915 39.94973
1202117175 116.37559 39.95273
1202117775 116.37173 39.96655
1202118075 116.39286 39.97141
1202118375 116.40122 39.97316
1202119275 116.40546 39.94763
1202119575 116.42775 39.93492
1202119875 116.43764 39.92086
1202120175 116.43466 39.92234
1202120475 116.4289 39.94349
1202120775 116.43937 39.95496
1202121075 116.43918 39.96338
1202121375 116.44206 39.96288
1202121675 116.44169 39.95689
1202121974 116.44474 39.96524
1202122274 116.44968 39.95894
1202122574 116.43511 39.95369
1202122874 116.44339 39.95931
1202123174 116.45524 39.94659
1202123474 116.44779 39.95854
1202123474 116.44779 39.95854
1202123774 116.44066 39.9485
1202124074 116.43833 39.93803
1202124371 116.43741 39.93379
1202124674 116.41393 39.93231
1202124974 116.40317 39.92595
1202125274 116.40994 39.93206
1202125574 116.42322 39.93867
1202125874 116.45529 39.93879
1202126172 116.45608 39.93282
1202126474 116.48232 39.93237
1202126774 116.48415 39.94813
1202127074 116.49709 39.95277
1202127374 116.49708 39.95279
1202127674 116.49713 39.95278
1202127974 116.4971 39.9528
1202128274 116.4971 39.95276
1202128574 116.4974 39.95206
1202128874 116.49725 39.95208
1202129174 116.4973 39.95211
1202129474 116.49724 39.9521
1202129774 116.49732 39.9521
1202130074 116.49729 39.95209
1202130374 116.49721 39.95211
1202130674 116.49719 39.952
1202131274 116.49721 39.95207
1202131574 116.49726 39.95209
1202131874 116.49731 39.9521
1202132174 116.49726 39.95208
1202132174 116.49726 39.95208
1202132474 116.49733 39.9521
1202132774 116.49734 39.95209
1202133074 116.49728 39.95202
1202133374 116.49722 39.95205
1202133677 116.49727 39.95206
1202133974 116.49729 39.95207
1202134274 116.49726 39.9521
1202134574 116.49729 39.95205
1202134874 116.49722 39.95203
1202135174 116.49724 39.95202
1202135474 116.48997 39.95429
1202135774 116.49009 39.95451
1202136074 116.48247 39.95546
1202136374 116.4582 39.94879
1202137175 116.43896 39.9497
1202137274 116.43607 39.94849
1202137874 116.44142 39.96779
1202138174 116.41909 39.96828
1202138473 116.41152 39.9688
1202138773 116.41242 39.95435
1202139373 116.41103 39.92866
1202139973 116.40189 39.91164
1202140273 116.40047 39.90668
1202140873 116.44945 39.90732
1202140873 116.44945 39.90732
1202141173 116.44414 39.9121
1202141173 116.44414 39.9121
1202141473 116.44389 39.90918
1202142073 116.44384 39.90917
1202142373 116.44401 39.90892
1202142673 116.4437 39.90883
1202142973 116.43574 39.90721
1202143273 116.41683 39.90708
1202143873 116.39659 39.91848
1202144473 116.36925 39.923
1202144773 116.35935 39.92258
1202144805 116.35934 39.92252
1202145073 116.34291 39.92222
1202145373 116.3194 39.92222
1202145673 116.28259 39.92271
1202145973 116.29509 39.92244
1202146273 116.30401 39.91064
1202146573 116.30424 39.88916
1202146873 116.31332 39.85386
1202147173 116.35869 39.84964
1202147473 116.3597 39.83136
1202147773 116.35895 39.83909
1202148073 116.3586 39.85872
1202148373 116.35824 39.86789
1202148673 116.35784 39.87636
1202148973 116.35751 39.88654
1202149273 116.35743 39.88746
1202149573 116.34685 39.89639
1202149573 116.34685 39.89639
1202149873 116.35481 39.90414
1202149873 116.35481 39.90414
1202150173 116.35716 39.90466
1202150473 116.34965 39.90634
1202150773 116.34033 39.8966
1202151073 116.31979 39.89546
1202151373 116.32397 39.90128
1202151673 116.32932 39.90474
1202151973 116.3307 39.91266
1202152273 116.33735 39.91702
1202152573 116.34693 39.91706
1202152873 116.34953 39.91705
1202153173 116.3501 39.92312
1202153473 116.35458 39.9437
1202153773 116.38733 39.94741
1202154073 116.38887 39.95765
1202154373 116.39833 39.96086
1202154673 116.40122 39.95764
1202155272 116.42667 39.94729
1202155572 116.43036 39.93419
1202155872 116.427 39.93236
1202156172 116.42821 39.92364
1202156472 116.42844 39.91791
1202156772 116.42941 39.90673
1202157072 116.42698 39.90702
1202157372 116.43013 39.90686
1202157675 116.4283 39.92898
1202157972 116.42758 39.94484
1202158272 116.38191 39.94762
1202158872 116.35371 39.95095
1202159172 116.36524 39.95051
1202159472 116.378 39.94481
1202159772 116.39103 39.9394
1202160072 116.40009 39.93949
1202160672 116.41588 39.92292
1202160972 116.42011 39.92402
1202161272 116.42759 39.94046
1202162072 116.45533 39.94944
1202162172 116.45701 39.94842
1202162472 116.48559 39.95855
1202162772 116.49903 39.95324
1202165640 116.49722 39.95199
1202166072 116.49731 39.95212
1202166372 116.4973 39.95206
1202166672 116.49732 39.95213
1202166972 116.49729 39.95208
1202167272 116.49733 39.95211
1202167272 116.49733 39.95211
1202167572 116.49731 39.95209
1202167872 116.49737 39.9521
1202168172 116.49732 39.95204
1202168472 116.49729 39.95205
1202168772 116.49738 39.95202
1202169072 116.49732 39.95203
1202169672 116.49733 39.95209
1202169972 116.49735 39.95207
1202170272 116.49727 39.95205
1202170572 116.4973 39.95201
1202170872 116.49728 39.95198
1202171172 116.49728 39.95202
1202171471 116.49733 39.95201
1202171771 116.49731 39.95203
1202172371 116.49731 39.95203
1202172671 116.49731 39.952
1202172971 116.49731 39.95197
1202173271 116.49731 39.95201
1202173571 116.49732 39.95201
1202173871 116.49723 39.95207
1202174471 116.49729 39.95207
1202174771 116.49733 39.95206
1202175371 116.49728 39.95205
1202175671 116.49729 39.95201
1202175971 116.49719 39.95201
1202175971 116.49719 39.95201
1202176271 116.49725 39.95207
1202176571 116.4972 39.95209
1202176871 116.49728 39.95204
1202178671 116.4973 39.95209
1202178971 116.49732 39.95209
1202179571 116.49723 39.95209
1202179871 116.4973 39.95211
1202180171 116.4973 39.9521
1202180471 116.49729 39.95207
1202180771 116.49732 39.95211
1202181071 116.49726 39.95212
1202181371 116.49733 39.95211
1202182271 116.49731 39.95205
1202183171 116.4973 39.95209
1202183471 116.49735 39.95212
1202183773 116.49732 39.95211
1202184071 116.49727 39.95211
1202184071 116.49727 39.95211
1202184371 116.4973 39.95209
1202184671 116.49726 39.9521
1202184671 116.49726 39.9521
1202184971 116.49729 39.95207
1202185271 116.49725 39.95205
1202185571 116.49728 39.95202
1202185871 116.4973 39.95203
1202186171 116.49735 39.95209
1202186771 116.49742 39.95205
1202187371 116.49736 39.95203
1202187671 116.49727 39.95209
1202187970 116.49727 39.95209
1202188270 116.49724 39.95203
1202188570 116.49727 39.95204
1202188870 116.49733 39.95205
1202189170 116.49737 39.95205
1202189470 116.49732 39.95207
1202189770 116.49732 39.95204
1202190070 116.49731 39.95199
1202190370 116.49728 39.9521
1202190670 116.49725 39.95204
1202190970 116.49722 39.95199
1202191270 116.49729 39.95205
1202191570 116.49723 39.95201
1202191870 116.4972 39.95196
1202192170 116.49724 39.95203
1202192470 116.49724 39.95199
1202192770 116.49725 39.95202
1202193370 116.49729 39.95204
1202193370 116.49729 39.95204
1202193670 116.4973 39.95202
1202193970 116.49731 39.95201
1202194270 116.49729 39.952
1202194570 116.49729 39.95198
1202194870 116.49737 39.952
1202195170 116.49737 39.95193
1202195470 116.49735 39.95203
1202195770 116.49736 39.95198
1202196070 116.49735 39.95204
1202196370 116.49732 39.95202
1202196670 116.49729 39.95206
1202197270 116.49721 39.95207
1202197570 116.49725 39.95201
1202197870 116.4973 39.95198
1202198170 116.49734 39.952
1202198470 116.49737 39.95198
1202198770 116.49501 39.95233
1202199070 116.48835 39.95489
1202199670 116.48973 39.95418
1202199970 116.48992 39.95418
1202200570 116.48979 39.95424
1202200870 116.48182 39.95657
1202201170 116.46233 39.95015
1202201470 116.45264 39.9337
1202201770 116.44931 39.94514
1202202070 116.43862 39.95425
1202202070 116.43862 39.95425
1202202370 116.43541 39.95358
1202202670 116.4115 39.95788
1202202970 116.40156 39.95015
1202203270 116.38299 39.95236
1202203570 116.35536 39.95661
1202203870 116.34919 39.94046
1202204170 116.36384 39.9311
1202204469 116.37655 39.93174
1202204769 116.36708 39.94023
1202205069 116.36477 39.95653
1202205369 116.34923 39.95047
1202205969 116.32964 39.95257
1202206268 116.32797 39.96617
1202206569 116.30607 39.9623
1202206869 116.31853 39.95555
1202207169 116.3357 39.96612
1202207469 116.39178 39.96729
1202207769 116.4472 39.95711
1202208069 116.45544 39.91765
1202208369 116.47033 39.90706
1202208669 116.46585 39.90681
1202208969 116.47193 39.91392
1202209269 116.46675 39.92905
1202209869 116.44782 39.95675
1202210169 116.38978 39.96724
1202210469 116.34782 39.97817
1202210769 116.35927 39.97643
1202210769 116.35927 39.97643
1202211069 116.38132 39.97548
1202211669 116.40111 39.97395
1202211969 116.41056 39.96758
1202212269 116.41248 39.95025
1202212569 116.42744 39.94206
1202212869 116.42842 39.92402
1202213169 116.44034 39.92087
1202213769 116.479 39.93244
1202214069 116.48468 39.9526
1202214369 116.49738 39.95218
1202214669 116.49727 39.95208
1202214969 116.49727 39.95206
1202215269 116.4973 39.95208
1202215569 116.49732 39.952
1202215869 116.49731 39.95203
1202216169 116.49734 39.95204
1202216469 116.49723 39.95214
1202216769 116.49727 39.95205
1202217069 116.49724 39.95203
1202217369 116.49729 39.95204
1202217669 116.49728 39.95207
1202217969 116.49722 39.95209
1202218269 116.49728 39.95209
1202218569 116.49728 39.95207
1202218869 116.49724 39.95205
1202219169 116.49722 39.95209
1202219469 116.49722 39.9521
1202219469 116.49722 39.9521
1202219769 116.49725 39.95206
1202220069 116.49727 39.95202
1202220369 116.49729 39.9521
1202220669 116.49723 39.95215
1202220968 116.49541 39.9525
1202221568 116.48994 39.9542
1202221868 116.48951 39.95257
1202222168 116.48986 39.95498
1202222468 116.48976 39.9543
1202222768 116.48972 39.95429
1202223068 116.48995 39.95448
1202223368 116.48976 39.95457
1202223668 116.48961 39.95418
1202223968 116.48971 39.95451
1202223968 116.48971 39.95451
1202224268 116.48363 39.93217
1202224568 116.47194 39.90431
1202224868 116.46304 39.89901
1202225168 116.45614 39.9105
1202225468 116.45516 39.91211
1202225768 116.4716 39.90584
1202226068 116.48275 39.9035
1202226368 116.5234 39.90507
1202226668 116.52067 39.90843
1202226968 116.51137 39.92435
1202227568 116.49741 39.952
1202227868 116.49743 39.95197
1202228168 116.49744 39.95193
1202228168 116.49744 39.95193
1202228468 116.49739 39.95194
1202229073 116.49741 39.95198
1202229368 116.49741 39.95189
1202229668 116.49742 39.95199
1202229968 116.49157 39.96019
1202230268 116.49701 39.96979
1202230568 116.49677 39.96964
1202230868 116.49669 39.96965
1202231168 116.49682 39.96955
1202231230 116.49685 39.96961
1202231468 116.49683 39.96953
1202231768 116.49576 39.97066
1202232068 116.49047 39.97056
1202232368 116.49045 39.97056
1202232668 116.49045 39.97055
1202232968 116.49045 39.97058
1202233268 116.49758 39.96408
1202233568 116.48564 39.95861
1202234507 116.44464 39.93991
1202235107 116.41945 39.94323
1202235407 116.45172 39.95947
1202235707 116.49799 40.00124
1202235707 116.49799 40.00124
1202236007 116.56344 40.03358
1202236307 116.58197 40.07138
1202236607 116.58053 40.07644
1202236907 116.56352 40.06452
1202237207 116.55111 40.06374
1202237507 116.52675 40.03921
1202237807 116.50754 40.01134
1202238107 116.48146 39.98806
1202238407 116.4617 39.97839
1202238707 116.4629 39.96143
1202239007 116.46166 39.95597
1202239307 116.46809 39.95187
1202239607 116.48365 39.92501
1202239907 116.47143 39.90222
1202240207 116.4787 39.89725
1202240507 116.48018 39.89916
1202240807 116.48388 39.9208
1202241107 116.46779 39.96713
1202241407 116.41748 39.98775
1202241707 116.3956 39.98724
1202242007 116.40112 39.98195
1202242307 116.41151 39.9689
1202242606 116.40996 39.94922
1202242906 116.42056 39.93958
1202243206 116.42925 39.93241
1202243506 116.43042 39.90713
1202243806 116.48351 39.90364
1202244106 116.48321 39.87563
1202244406 116.47186 39.87817
1202244406 116.47186 39.87817
1202244706 116.47155 39.89749
1202245006 116.47191 39.90959
1202245306 116.48406 39.91596
1202245606 116.48401 39.91492
1202245902 116.4834 39.89902
1202246206 116.46007 39.8919
1202246501 116.48376 39.89261
1202246806 116.48395 39.94049
1202247106 116.48919 39.96159
1202247406 116.49701 39.97056
1202247706 116.49706 39.9669
1202248306 116.49732 39.95209
1202248606 116.49728 39.9521
1202249206 116.49729 39.9521
1202249506 116.49727 39.95209
1202249806 116.49729 39.95212
1202250106 116.49725 39.95207
1202250406 116.49731 39.95208
1202250706 116.4973 39.9521
1202251006 116.49729 39.95209
1202251306 116.49724 39.95211
1202251606 116.49733 39.95208
1202251906 116.49731 39.95209
1202252206 116.4973 39.95204
1202252506 116.4972 39.95204
1202252806 116.49727 39.95206
1202253106 116.49732 39.95207
1202253406 116.49736 39.95213
1202253706 116.49731 39.95205
1202254006 116.49729 39.95207
1202254306 116.49736 39.95209
1202254606 116.49731 39.95208
1202254906 116.49727 39.95208
1202255206 116.4973 39.95205
1202255506 116.49737 39.9521
1202255806 116.49733 39.95207
1202256106 116.49729 39.95202
1202256406 116.49732 39.95205
1202256706 116.49732 39.95205
1202257006 116.49729 39.95207
1202257306 116.49727 39.95207
1202257606 116.49728 39.95199
1202257906 116.49728 39.95202
1202258206 116.49729 39.95203
1202258506 116.4973 39.95203
1202258806 116.49728 39.95205
1202259105 116.49732 39.95201
1202259405 116.49732 39.95203
1202259705 116.49728 39.95205
1202260005 116.49725 39.95206
1202260305 116.49728 39.95204
1202260605 116.49732 39.95205
1202260905 116.49736 39.95196
1202261205 116.49726 39.95199
1202261805 116.49729 39.95202
1202261805 116.49729 39.95202
1202262105 116.49734 39.95199
1202262405 116.4972 39.95198
1202263005 116.49722 39.95199
1202263305 116.49724 39.95205
1202263905 116.49718 39.95201
1202264505 116.49732 39.9521
1202264805 116.49732 39.95203
1202265105 116.4973 39.95201
1202265405 116.4973 39.95207
1202265705 116.49723 39.95208
1202266005 116.49733 39.95205
1202266605 116.49734 39.95204
1202266905 116.49735 39.95203
1202267205 116.49738 39.95201
1202267505 116.49733 39.95208
1202267805 116.49731 39.95208
1202268108 116.49735 39.95209
1202268405 116.49734 39.95213
1202268705 116.49731 39.95203
1202269005 116.49729 39.95206
1202269305 116.49731 39.95202
1202269605 116.49734 39.95204
1202269905 116.49732 39.95204
1202270205 116.49731 39.95206
1202270505 116.49729 39.95202
1202270805 116.49729 39.95206
1202271105 116.4973 39.95205
1202271405 116.49733 39.95203
1202271705 116.49739 39.95206
1202272005 116.49727 39.95204
1202272305 116.49733 39.95204
1202272905 116.49731 39.95208
1202273205 116.49743 39.952
1202273505 116.49727 39.95208
1202273805 116.49731 39.95209
1202274105 116.49728 39.95202
1202274405 116.49722 39.95205
1202274705 116.49728 39.95201
1202275005 116.49728 39.952
1202275305 116.49725 39.952
1202275605 116.49727 39.952
1202276204 116.49724 39.95207
1202276504 116.49726 39.95207
1202276804 116.49728 39.952
1202277104 116.49727 39.9521
1202277404 116.49731 39.95207
1202277704 116.49724 39.95206
1202278004 116.49731 39.95205
1202278304 116.49727 39.95207
1202278604 116.49727 39.95195
1202278904 116.49723 39.95206
1202279204 116.49729 39.95203
1202279504 116.49727 39.95204
1202279504 116.49727 39.95204
1202279804 116.49735 39.95204
1202280104 116.49732 39.95204
1202280404 116.49731 39.95197
1202280704 116.49735 39.95205
1202281004 116.49735 39.95196
1202281304 116.49733 39.95204
1202281604 116.49735 39.95202
1202281904 116.49735 39.95196
1202282204 116.49735 39.95203
1202282504 116.49731 39.95203
1202282804 116.49733 39.95207
1202283404 116.49732 39.95202
1202283704 116.49735 39.95207
1202284004 116.49732 39.95195
1202284304 116.49729 39.95204
1202284604 116.49729 39.95208
1202284904 116.49738 39.95204
1202285504 116.49742 39.95248
1202285804 116.48963 39.95427
1202286104 116.48198 39.95633
1202286404 116.4547 39.95208
1202287004 116.44686 39.96697
1202287304 116.44519 39.96576
1202287604 116.46042 39.96729
1202287904 116.52347 40.01876
1202287904 116.52347 40.01876
1202288204 116.5785 40.04628
1202288504 116.58371 40.05063
1202288804 116.5815 40.06913
1202289404 116.58225 40.07153
1202289701 116.59242 40.03743
1202290004 116.56927 40.034
1202290304 116.54453 40.02493
1202290604 116.49892 40.00119
1202290904 116.49772 39.97995
1202291204 116.49753 39.96247
1202291504 116.48236 39.95712
1202291804 116.45654 39.94822
1202292104 116.44443 39.93989
1202292404 116.43764 39.92242
1202292704 116.42038 39.92305
1202293003 116.42074 39.90745
1202293303 116.42053 39.90459
1202293603 116.41214 39.90381
1202293903 116.42017 39.919
1202294205 116.42856 39.93938
1202294503 116.43028 39.9387
1202294803 116.43072 39.94055
1202295403 116.43945 39.96026
1202295703 116.44114 39.96091
1202296003 116.48395 39.98864
1202296303 116.55758 40.03079
1202296603 116.58266 40.07572
1202296903 116.57937 40.07997
1202296903 116.57937 40.07997
1202297203 116.58051 40.10109
1202297503 116.60674 40.11646
1202297803 116.60678 40.11646
1202298103 116.6068 40.1164
1202298403 116.60679 40.11642
1202298703 116.61965 40.11637
1202299003 116.66614 40.11468
1202299303 116.70696 40.12319
1202299603 116.76773 40.14131
1202299903 116.82778 40.1496
1202300203 116.90122 40.15247
1202300503 116.97151 40.14567
1202300803 117.04448 40.145
1202301103 117.09944 40.14415
1202301703 117.04905 40.14549
1202302003 117.01177 40.17068
1202302303 117.00837 40.18866
1202302895 117.0079 40.24139
1202303203 117.00791 40.24124
1202303503 117.00794 40.24126
1202303803 117.00791 40.2412
1202304103 117.00793 40.2412
1202304403 117.00787 40.24135
1202304703 117.00788 40.24131
1202305003 117.00789 40.24127
1202305303 117.00789 40.24133
1202305303 117.00789 40.24133
1202305603 117.00788 40.24126
1202305603 117.00788 40.24126
1202305903 117.0079 40.24124
1202306203 117.00788 40.24127
1202306503 117.0079 40.24124
1202307103 117.00786 40.24127
1202307403 117.0079 40.24114
1202308003 117.00791 40.24123
1202308303 117.00796 40.24113
1202308603 117.0079 40.24121
1202308903 117.0079 40.24145
1202309203 117.00793 40.24136
1202309502 117.0079 40.24131
1202309802 117.0079 40.24131
1202310102 117.0079 40.24124
1202310402 117.00788 40.2413
1202310702 117.0079 40.24139
1202311302 117.00786 40.24139
1202312202 117.0079 40.24138
1202312802 117.00788 40.24145
1202313102 117.00785 40.24146
1202313402 117.00787 40.24134
1202313702 117.00783 40.24131
1202314002 117.00784 40.24144
1202314302 117.00792 40.24139
1202314302 117.00792 40.24139
1202314602 117.00791 40.2414
1202314902 117.00792 40.24139
1202315202 117.00788 40.24132
1202315502 117.00789 40.24135
1202315802 117.00789 40.24135
1202316102 117.0079 40.2414
1202316402 117.00787 40.24141
1202316702 117.00788 40.24141
1202317002 117.0079 40.24141
1202317302 117.00794 40.24145
1202317602 117.00792 40.24145
1202317874 117.00792 40.2413
1202317893 117.00792 40.2413
1202318502 117.00792 40.24132
1202318802 117.00792 40.2413
1202319402 117.00795 40.24135
1202319702 117.00789 40.24131
1202320002 117.00792 40.24137
1202320302 117.00789 40.2414
1202320602 117.00792 40.24135
1202320902 117.00788 40.24129
1202321202 117.00789 40.24136
1202321502 117.00789 40.24123
1202321802 117.00782 40.24137
1202322102 117.00786 40.24136
1202322402 117.00785 40.24136
1202322702 117.00787 40.24135
1202323002 117.00788 40.24134
1202323002 117.00788 40.24134
1202323302 117.00787 40.24134
1202323602 117.00787 40.24132
1202323901 117.00789 40.24132
1202324202 117.00787 40.24133
1202324502 117.00786 40.24134
1202324802 117.00789 40.24132
1202325102 117.00789 40.24138
1202325402 117.0079 40.24129
1202325701 117.00788 40.24134
1202326001 117.00784 40.24139
1202326301 117.00786 40.24135
1202326601 117.00788 40.24137
1202326901 117.00787 40.24139
1202327201 117.00786 40.24134
1202327501 117.00787 40.24138
1202328101 117.00788 40.24142
1202328401 117.00783 40.24137
1202328701 117.00785 40.24135
1202329001 117.00784 40.24129
1202329301 117.0078 40.2414
1202329601 117.00785 40.24131
1202329901 117.00783 40.24141
1202330201 117.0078 40.24142
1202330501 117.00789 40.24126
1202330801 117.00785 40.24139
1202331101 117.00784 40.24139
1202331401 117.00782 40.24145
1202331701 117.0078 40.24141
1202331701 117.0078 40.24141
1202332001 117.00783 40.24141
1202332301 117.00786 40.24145
1202332601 117.00791 40.24137
1202332901 117.0079 40.24141
1202333201 117.00787 40.24133
1202333496 117.00789 40.24122
1202334101 117.00788 40.24138
1202334401 117.00787 40.24131
1202334701 117.00784 40.24133
1202335001 117.00791 40.24143
1202335301 117.0079 40.2414
1202335601 117.00792 40.24143
1202336201 117.00787 40.24135
1202336501 117.00786 40.24137
1202336801 117.00786 40.24153
1202337101 117.00788 40.24146
1202337401 117.00788 40.24138
1202337701 117.0079 40.24134
1202338001 117.00789 40.2414
1202338301 117.00789 40.24135
1202338601 117.00791 40.24131
1202338901 117.00788 40.24128
1202339201 117.00786 40.24127
1202339501 117.0079 40.24117
1202339801 117.00787 40.24131
1202340101 117.00789 40.2413
1202340401 117.00786 40.24135
1202340401 117.00786 40.24135
1202340701 117.00791 40.24138
1202341001 117.00789 40.2413
1202341301 117.00786 40.24135
1202341601 117.00791 40.24134
1202341901 117.00788 40.24133
1202342201 117.00789 40.24133
1202342501 117.00797 40.24126
1202342800 117.00795 40.24138
1202343100 117.00793 40.24141
1202343400 117.00791 40.24134
1202343700 117.00793 40.2413
1202344000 117.00794 40.24142
1202344300 117.00788 40.24139
1202344600 117.00789 40.2413
1202344900 117.00789 40.24132
1202345200 117.00789 40.24129
1202345500 117.00787 40.2413
1202346100 117.00793 40.24123
1202346700 117.00785 40.2413
1202347000 117.00789 40.24125
1202347300 117.00786 40.2413
1202347600 117.00789 40.24124
1202347900 117.00786 40.24121
1202348200 117.00781 40.24116
1202348500 117.00783 40.24128
1202348800 117.0079 40.2412
1202349100 117.00786 40.24137
1202349100 117.00786 40.24137
1202349400 117.00784 40.24131
1202350600 117.00783 40.24154
1202350900 117.00786 40.24161
1202351500 117.00785 40.24161
1202352100 117.00789 40.2415
1202352400 117.00787 40.24157
1202352700 117.00792 40.24137
1202353300 117.0079 40.24142
1202353600 117.00789 40.2414
1202354200 117.00789 40.24137
1202354800 117.0079 40.24135
1202355100 117.00781 40.24155
1202355400 117.00786 40.24151
1202355700 117.00789 40.24142
1202356000 117.00787 40.24144
1202356300 117.00786 40.2415
1202356600 117.00787 40.24153
1202356900 117.00787 40.24146
1202357200 117.00789 40.24149
1202357500 117.00787 40.24139
1202357800 117.00791 40.24142
1202357800 117.00791 40.24142
1202358100 117.00789 40.2414
1202358400 117.00792 40.24132
1202358700 117.00789 40.24144
1202359000 117.00789 40.2414
1202359300 117.00785 40.24134
1202359599 117.00779 40.24128
1202359899 117.00786 40.24132
1202360199 117.00789 40.24133
1202360499 117.00787 40.24128
1202360799 117.00784 40.2413
1202361399 117.00785 40.24129
1202361699 117.00787 40.24141
1202361999 117.00793 40.24135
1202362299 117.00786 40.24139
1202362899 117.00785 40.24134
1202363199 117.0079 40.24131
1202363499 117.00791 40.24136
1202363799 117.00787 40.24135
1202364099 117.00789 40.24138
1202364399 117.0079 40.24156
1202364699 117.00789 40.24135
1202364999 117.0079 40.24132
1202365599 117.00787 40.24133
1202365899 117.00783 40.24142
1202366199 117.00788 40.24139
1202366499 117.00788 40.2414
1202366499 117.00788 40.2414
1202366799 117.00787 40.24136
1202367099 117.00785 40.24137
1202367399 117.00778 40.24142
1202367699 117.00784 40.24133
1202367999 117.00789 40.24138
1202368299 117.00786 40.24131
1202368599 117.00782 40.24114
1202368899 117.00782 40.24122
1202369199 117.00778 40.2412
1202369799 117.00781 40.24138
1202370099 117.00784 40.24129
1202370399 117.00785 40.24127
1202370699 117.0079 40.24129
1202370999 117.00789 40.2413
1202371299 117.00787 40.24128
1202371599 117.00793 40.24124
1202371899 117.00791 40.2413
1202372199 117.00783 40.24141
1202372499 117.00789 40.2414
1202372799 117.00791 40.24132
1202373099 117.00788 40.24141
1202373399 117.0079 40.24136
1202373699 117.00789 40.24136
1202373999 117.00788 40.24139
1202374299 117.0079 40.24138
1202374599 117.00789 40.2414
1202374899 117.00788 40.24134
1202375199 117.00792 40.24136
1202375199 117.00792 40.24136
1202375499 117.00791 40.24138
1202375799 117.00794 40.24139
1202376099 117.00794 40.24141
1202376398 117.0079 40.24138
1202376698 117.00789 40.24134
1202376998 117.00787 40.24141
1202377298 117.00792 40.24143
1202377598 117.00794 40.24138
1202377898 117.00789 40.24145
1202378198 117.00792 40.24141
1202378498 117.0079 40.24141
1202378798 117.00787 40.2415
1202379098 117.00789 40.24139
1202379398 117.00789 40.24148
1202379698 117.00787 40.24136
1202379998 117.00795 40.24149
1202380298 117.00792 40.24134
1202380598 117.00789 40.24151
1202380898 117.00791 40.24152
1202381198 117.00792 40.24187
1202381494 117.00791 40.24149
1202381798 117.00789 40.24141
1202382098 117.00788 40.24106
1202382398 117.00787 40.24139
1202382698 117.00789 40.24137
1202383298 117.00782 40.24144
1202383598 117.00791 40.24151
1202383898 117.00791 40.24143
1202383898 117.00791 40.24143
1202384498 117.00787 40.24141
1202384798 117.00796 40.24144
1202385098 117.00791 40.24139
1202385698 117.00798 40.24135
1202385998 117.00799 40.24136
1202386298 117.00789 40.24135
1202386598 117.00788 40.24137
1202387198 117.00788 40.2414
1202387498 117.00789 40.24143
1202388098 117.0078 40.24153
1202388400 117.00783 40.24151
1202388698 117.00783 40.24141
1202388998 117.00787 40.24148
1202389295 117.00795 40.24138
1202389598 117.00797 40.24123
1202389898 117.00793 40.24128
1202390198 117.0079 40.24131
1202390498 117.00786 40.24136
1202390798 117.0079 40.24131
1202391098 117.00789 40.24129
1202391398 117.00788 40.24134
1202391698 117.00792 40.24126
1202391998 117.0079 40.24123
1202392298 117.00791 40.24129
1202392598 117.00791 40.24125
1202392598 117.00791 40.24125
1202392898 117.00788 40.24129
1202393198 117.00784 40.24126
1202393498 117.00789 40.24126
1202393797 117.00791 40.24123
1202394097 117.00786 40.24137
1202394397 117.00787 40.24123
1202394697 117.00789 40.24138
1202394997 117.00792 40.24128
1202395297 117.00792 40.2414
1202395597 117.00792 40.24135
1202395897 117.00794 40.24127
1202396197 117.0079 40.24133
1202396497 117.00788 40.24137
1202396797 117.0079 40.24137
1202397097 117.00789 40.24142
1202397397 117.00792 40.24125
1202397697 117.00788 40.24138
1202397997 117.00787 40.24143
1202398297 117.00789 40.24139
1202398597 117.00785 40.24151
1202398897 117.00786 40.24149
1202399197 117.00785 40.24143
1202399497 117.00787 40.24142
1202399797 117.00786 40.24143
1202400097 117.00787 40.24145
1202400397 117.00791 40.24142
1202400697 117.00793 40.24135
1202400997 117.00793 40.24134
1202401297 117.00791 40.24131
1202401297 117.00791 40.24131
1202401597 117.00793 40.24136
1202401897 117.00786 40.24137
1202402197 117.0079 40.2414
1202402497 117.00789 40.24139
1202402797 117.0079 40.24141
1202403097 117.00789 40.24138
1202403397 117.0079 40.24139
1202403697 117.00794 40.24139
1202403997 117.00796 40.24125
1202404281 117.00789 40.24139
1202404289 117.00789 40.24139
1202404597 117.00793 40.24134
1202404897 117.00793 40.24133
1202405197 117.00793 40.24134
1202405497 117.00795 40.24138
1202405797 117.00791 40.24135
1202406097 117.0079 40.24135
1202406397 117.00789 40.24136
1202406697 117.00791 40.24138
1202406997 117.01474 40.2436
1202407297 117.04336 40.27239
1202407597 117.07272 40.27215
1202407897 117.07273 40.27214
1202408197 117.07272 40.27216
1202408497 117.07274 40.2722
1202408797 117.07269 40.27217
1202409097 117.07268 40.27217
1202409397 117.07269 40.27222
1202409697 117.0727 40.27218
1202409996 117.07272 40.27218
1202409996 117.07272 40.27218
1202410296 117.07269 40.27222
1202410596 117.07269 40.27217
1202410896 117.0727 40.27223
1202411196 117.07266 40.27219
1202411496 117.07269 40.27222
1202411796 117.07273 40.27221
1202412096 117.07274 40.27224
1202412396 117.07272 40.27222
1202412696 117.07269 40.27222
1202412996 117.07272 40.27236
1202413296 117.0727 40.27227
1202413596 117.07273 40.27221
1202413896 117.07268 40.27224
1202414196 117.07431 40.27372
1202414496 117.054 40.27533
1202414796 117.02759 40.26232
1202415096 117.01819 40.24522
1202415396 117.00781 40.24134
1202415696 117.00777 40.24145
1202415996 117.00781 40.24143
1202416296 117.00785 40.24149
1202416596 117.00786 40.24135
1202416896 117.0079 40.24138
1202417196 117.00789 40.24136
1202417496 117.00784 40.24141
1202417796 117.00782 40.24143
1202418096 117.00787 40.24146
1202418396 117.00789 40.2414
1202418696 117.00785 40.24143
1202418696 117.00785 40.24143
1202418996 117.00788 40.24135
1202419296 117.00785 40.24141
1202419596 117.00786 40.24139
1202419896 117.00797 40.2415
1202420196 117.00792 40.24143
1202420496 117.00789 40.24138
1202420796 117.0079 40.24144
1202421096 117.00788 40.24143
1202421396 117.00788 40.24146
1202421696 117.00789 40.24146
1202421996 117.0079 40.24137
1202422296 117.00784 40.24134
1202422596 117.00785 40.24136
1202422896 117.00789 40.24139
1202423196 117.00787 40.24141
1202423496 117.00787 40.24134
1202423796 117.00787 40.2414
1202424096 117.00789 40.24135
1202424396 117.00787 40.24135
1202424696 117.00785 40.24135
1202424996 117.00788 40.24126
1202425296 117.00791 40.24121
1202425596 117.00785 40.2411
1202425896 117.00784 40.24129
1202426196 117.00787 40.24124
1202426496 117.00788 40.24127
1202426795 117.00788 40.24124
1202427095 117.00786 40.24121
1202427395 117.00788 40.24133
1202427395 117.00788 40.24133
1202427695 117.00787 40.24137
1202427995 117.00788 40.24133
1202428295 117.00789 40.24125
1202428595 117.00791 40.24121
1202428895 117.0079 40.24139
1202429195 117.0079 40.24137
1202429495 117.00791 40.24138
1202429795 117.00787 40.24129
1202430095 117.00787 40.24133
1202430395 117.00788 40.24137
1202430695 117.00791 40.24142
1202430995 117.00784 40.24136
1202431295 117.00786 40.24136
1202431595 117.00787 40.24134
1202431895 117.00786 40.24131
1202432195 117.00786 40.24123
1202432495 117.00789 40.24126
1202432795 117.00786 40.24136
1202433095 117.00788 40.24126
1202433395 117.00787 40.24143
1202433695 117.00787 40.24137
1202433995 117.00784 40.24134
1202434295 117.0078 40.24131
1202434595 117.0078 40.24133
1202434895 117.00787 40.24124
1202435195 117.00788 40.24145
1202435498 117.00781 40.24136
1202435795 117.00779 40.24128
1202436093 117.00787 40.2412
1202437295 117.00779 40.24151
1202438795 117.00789 40.24138
1202439095 117.00791 40.24136
1202439395 117.00786 40.24143
1202439695 117.00789 40.24141
1202439995 117.00786 40.24142
1202440295 117.00785 40.24162
1202440595 117.00787 40.24142
1202441195 117.00789 40.24132
1202441495 117.00786 40.24141
1202441795 117.00787 40.24138
1202442095 117.00787 40.24141
1202442395 117.00787 40.24148
1202442695 117.00789 40.24143
1202442995 117.00792 40.24138
1202443295 117.00789 40.24146
1202443594 117.00786 40.24145
1202443894 117.0079 40.24137
1202444194 117.00792 40.24145
1202444494 117.00791 40.24132
1202444794 117.00787 40.24116
1202444794 117.00787 40.24116
1202445094 117.00787 40.24135
1202445394 117.00792 40.24139
1202445694 117.00787 40.24139
1202445994 117.00782 40.2413
1202446294 117.00784 40.2413
1202446594 117.00789 40.24131
1202446894 117.00785 40.2413
1202447194 117.00786 40.24132
1202447494 117.00786 40.24133
1202447794 117.00788 40.24135
1202448094 117.00788 40.24138
1202448394 117.00793 40.24139
1202448694 117.00784 40.24141
1202448994 117.00787 40.24134
1202449294 117.00787 40.24136
1202449594 117.00788 40.24138
1202449894 117.00787 40.24135
1202450194 117.00788 40.24138
1202450494 117.0079 40.24138
1202450794 117.0079 40.24136
1202451094 117.00789 40.24139
1202451394 117.00791 40.24134
1202451694 117.00787 40.24135
1202451994 117.00785 40.24125
1202452294 117.00788 40.24134
1202452594 117.00787 40.24135
1202452894 117.00785 40.24137
1202453194 117.00788 40.24135
1202453494 117.00782 40.2414
1202453494 117.00782 40.2414
1202453794 117.00784 40.24131
1202454094 117.00788 40.24137
1202454394 117.0079 40.24138
1202454694 117.00787 40.24131
1202454994 117.00785 40.24136
1202455294 117.00783 40.24139
1202455594 117.0078 40.24128
1202455894 117.01226 40.24124
1202456194 117.01129 40.20917
1202456494 117.01268 40.16493
1202456794 117.01623 40.14156
1202457094 117.01028 40.17942
1202457394 117.01507 40.2307
1202457694 117.00787 40.24132
1202457994 117.0078 40.24132
1202458294 117.00793 40.24122
1202458594 117.00802 40.24121
1202458894 117.00792 40.24133
1202459194 117.00795 40.24132
1202459494 117.0079 40.24134
1202459794 117.00785 40.24138
1202460094 117.00793 40.24135
1202460393 117.00786 40.24143
1202460693 117.00787 40.24137
1202460993 117.0079 40.24143
1202461293 117.00786 40.24138
1202461593 117.0079 40.24139
1202461893 117.00789 40.24147
1202462193 117.00787 40.24138
1202462193 117.00787 40.24138
1202462493 117.00797 40.24137
1202462793 117.00793 40.24137
1202463093 117.00791 40.24135
1202463393 117.00792 40.24143
1202463693 117.00791 40.24139
1202463993 117.00791 40.2414
1202464293 117.0079 40.24134
1202464593 117.00787 40.24143
1202464893 117.00787 40.24144
1202465193 117.0079 40.24138
1202465493 117.00791 40.2413
1202465793 117.00791 40.24129
1202466093 117.00789 40.24143
1202466393 117.00789 40.24131
1202466693 117.00788 40.24148
1202466993 117.00788 40.2415
1202467293 117.00787 40.24158
1202467591 117.00789 40.24158
1202467893 117.00791 40.24144
1202468193 117.00788 40.24117
1202468493 117.00786 40.24111
1202468793 117.00788 40.24134
1202469093 117.00789 40.24135
1202469393 117.00784 40.24146
1202469693 117.00786 40.24145
1202469993 117.00789 40.2414
1202470293 117.01721 40.24501
1202470593 117.0414 40.27186
1202470893 117.07007 40.27508
1202470893 117.07007 40.27508
1202471193 117.0729 40.27241
1202471493 117.07261 40.27219
1202471793 117.07262 40.27227
1202472093 117.07261 40.27222
1202472393 117.0727 40.27221
1202472693 117.07258 40.27224
1202472993 117.07261 40.27224
1202473293 117.07258 40.27222
1202473593 117.0726 40.27221
1202473893 117.0726 40.27219
1202474193 117.07262 40.27221
1202474493 117.07262 40.2722
1202474793 117.0726 40.27219
1202475093 117.07262 40.2722
1202475393 117.07264 40.27219
1202475693 117.07268 40.27224
1202475993 117.07266 40.27219
1202476293 117.07268 40.27212
1202476593 117.07267 40.27218
1202476892 117.07263 40.27221
1202477193 117.07263 40.27223
1202477492 117.07262 40.27213
1202477792 117.07262 40.27216
1202478092 117.07266 40.27221
1202478392 117.07263 40.2722
1202478692 117.0726 40.27215
1202478992 117.07264 40.27221
1202479292 117.07263 40.27226
1202479592 117.07262 40.27222
1202479592 117.07262 40.27222
1202479892 117.07261 40.27222
1202480192 117.07264 40.27224
1202480492 117.07261 40.27226
1202480792 117.07262 40.27227
1202481092 117.07263 40.2723
1202481392 117.0726 40.27231
1202481692 117.0726 40.27216
1202481992 117.07262 40.27224
1202482292 117.07262 40.27225
1202482592 117.07261 40.27224
1202482892 117.07257 40.27217
1202483192 117.07258 40.27218
1202483492 117.07261 40.27227
1202483792 117.07258 40.27209
1202484092 117.07253 40.27217
1202484392 117.0726 40.27216
1202484692 117.07259 40.27235
1202484994 117.07255 40.2723
1202485292 117.07257 40.27228
1202485592 117.0726 40.27226
1202485892 117.0726 40.27229
1202486192 117.07263 40.27228
1202486492 117.07263 40.27228
1202486792 117.07264 40.27236
1202487092 117.07262 40.27228
1202487392 117.07266 40.27235
1202487692 117.07264 40.2723
1202487992 117.07267 40.27226
1202488292 117.07264 40.27216
1202488292 117.07264 40.27216
1202488592 117.07264 40.27229
1202488892 117.07257 40.27224
1202489192 117.07261 40.27227
1202489492 117.07263 40.2723
1202489792 117.07266 40.27229
1202490092 117.07266 40.27227
1202490392 117.07259 40.27217
1202490685 117.0726 40.27219
1202490689 117.0726 40.27219
1202490992 117.07262 40.27223
1202491292 117.07261 40.27217
1202491592 117.0726 40.27214
1202491892 117.07261 40.2722
1202492192 117.07262 40.27222
