UTS Latitude Longitude
1201959410 116.48005 39.95768
1201959462 116.48008 39.95777
1201959466 116.4802 39.95778
1201959485 116.48083 39.957
1201959785 116.48368 39.92572
1201959986 116.48007 39.90505
1201960088 116.45773 39.90427
1201960388 116.47677 40.08857
1201960688 116.47677 40.08857
1201960988 116.47677 40.08857
1201961288 116.47677 40.08857
1201961588 116.47677 40.08857
1201961888 116.47677 40.08857
1201963353 116.47677 40.08857
1201963653 116.47677 40.08857
1201963953 116.47677 40.08857
1201964553 116.47677 40.08857
1201964553 116.47677 40.08857
1201964853 116.47677 40.08857
1201964853 116.47677 40.08857
1201965453 116.47677 40.08857
1201965753 116.47677 40.08857
1201966353 116.47677 40.08857
1201966526 116.44128 39.86787
1201967652 116.4415 39.86795
1201970256 114.613 40.94268
1201970280 114.51205 40.78002
1201970315 114.4938 40.7883
1201970521 113.76532 40.81725
1201971121 113.49592 42.84293
1201971421 113.39742 42.90507
1201971721 113.39742 42.90507
1201972321 113.39742 42.90507
1201972621 113.39742 42.90507
1201973283 113.39742 42.90507
1201973583 113.39742 42.90507
1201973883 113.39742 42.90507
1201974183 113.39742 42.90507
1201974483 113.39742 42.90507
1201974783 113.39742 42.90507
1201974907 113.39742 42.90507
1201996202 113.39742 42.90507
1201996502 113.39742 42.90507
1201996802 113.39742 42.90507
1201997102 113.39742 42.90507
1201997212 116.35375 40.07083
1201997283 116.36222 40.07453
1201997323 116.36167 40.07728
1201997323 116.36167 40.07728
1201997356 116.3637 40.07762
1201997392 116.36463 40.07628
1202034765 116.32797 40.07835
1202034870 116.3119 40.07365
1202034911 116.31062 40.07718
1202034920 116.31047 40.07773
1202034923 116.31035 40.07775
1202034958 116.3077 40.0759
1202034989 116.30597 40.07755
1202035003 116.30552 40.07823
1202035006 116.30558 40.07828
1202035019 116.30572 40.07842
1202036950 116.30577 40.07865
1202036959 116.3056 40.07887
1202036962 116.3056 40.07893
1202036973 116.30575 40.07897
1202037005 116.30705 40.078
1202037041 116.30795 40.0772
1202037061 116.30852 40.0768
1202037061 116.30852 40.0768
1202037111 116.31133 40.07817
1202037152 116.31535 40.07913
1202037192 116.31703 40.076
1202037209 116.31727 40.0754
1202037239 116.31763 40.07507
1202037268 116.32073 40.07587
1202037271 116.32083 40.07587
1202037283 116.32185 40.07622
1202037360 116.32888 40.07815
1202037418 116.3325 40.07855
1202037517 116.34325 40.07908
1202037580 116.3494 40.0794
1202037583 116.34943 40.07947
1202037605 116.34925 40.07962
1202037610 116.34908 40.07962
1202039121 116.3487 40.07973
1202039126 116.34857 40.07973
1202039145 116.34797 40.07968
1202039148 116.34795 40.07962
1202039151 116.34797 40.0796
1202039155 116.34805 40.07947
1202039259 116.36093 40.07985
1202039302 116.36148 40.0774
1202039314 116.36162 40.07735
1202039321 116.36183 40.07737
1202039353 116.36358 40.07763
1202039388 116.36405 40.07628
1202039399 116.36458 40.07635
1202039602 116.36463 40.07625
1202044337 116.36462 40.0763
1202044340 116.36468 40.07617
1202051625 116.36447 40.07657
1202051628 116.36442 40.07642
1202051642 116.36438 40.07628
1202051679 116.36452 40.07685
1202051684 116.36455 40.07698
1202051693 116.36468 40.07748
1202051698 116.36475 40.07775
1202051701 116.36478 40.07788
1202051706 116.36487 40.0782
1202051709 116.3649 40.07833
1202051729 116.3656 40.08077
1202051732 116.36583 40.08145
1202051778 116.36455 40.07642
1202053189 116.36442 40.07615
1202053201 116.364 40.07617
1202053233 116.3637 40.0773
1202053243 116.36348 40.0775
1202053254 116.36268 40.0776
1202053262 116.36213 40.07825
1202053272 116.36138 40.08117
1202053277 116.36123 40.08113
1202053306 116.36127 40.07947
1202053312 116.36133 40.07922
1202053351 116.36205 40.07493
1202053359 116.3618 40.07447
1202053565 116.3407 40.06308
1202053620 116.34092 40.05972
1202053642 116.34097 40.0593
1202053650 116.34093 40.05912
1202053685 116.33762 40.05852
1202053704 116.33622 40.05832
1202053739 116.33422 40.05798
1202053786 116.33337 40.06143
1202053798 116.33187 40.06148
1202053832 116.33098 40.06407
1202053950 116.3167 40.06262
1202054011 116.31228 40.06578
1202059071 116.21232 39.09923
1202059371 116.04615 38.90258
1202059671 116.0227 38.88235
1202059795 116.45948 39.98687
1202059902 116.4637 39.99077
1202059921 116.46387 39.99128
1202059921 116.46387 39.99128
1202059966 116.46193 39.9953
1202059979 116.46187 39.99567
1202060010 116.46098 39.99597
1202060056 116.45703 39.99583
1202060089 116.45655 39.99565
1202060123 116.45618 39.99348
1202060165 116.45708 39.99478
1202060188 116.45677 39.9933
1202060213 116.45668 39.99243
1202060289 116.45687 39.9891
1202060337 116.4592 39.98705
1202060397 116.46073 39.98608
1202060412 116.46073 39.98597
1202060415 116.46077 39.98585
1202060419 116.46077 39.98597
1202060437 116.4597 39.98663
1202060491 116.45958 39.98685
1202060497 116.45913 39.98672
1202060522 116.50766 40.00893
1202060522 116.50766 40.00893
1202060577 116.45185 39.98335
1202060685 116.44873 39.97982
1202060943 116.406 39.98727
1202060948 116.40503 39.98682
1202061109 116.38147 39.98687
1202061128 116.38137 39.98877
1202061128 116.38137 39.98877
1202061141 116.38128 39.9894
1202061275 116.38035 40.0052
1202061278 116.38028 40.00518
1202061324 116.38028 40.00068
1202061367 116.37568 40.00068
1202061431 116.37415 40.00047
1202061437 116.374 40.00042
1202061444 116.37405 40.00018
1202061450 116.37413 39.99992
1202061453 116.37407 39.99985
1202061500 116.37405 39.99625
1202061504 116.37437 39.99623
1202061561 116.3806 39.99637
1202061568 116.3807 39.99595
1202061692 116.38137 39.98257
1202061733 116.38117 39.9819
1202061799 116.38128 39.98148
1202061814 116.3814 39.98107
1202061820 116.38188 39.98092
1202061865 116.38687 39.98093
1202061924 116.38777 39.9758
1202062034 116.3878 39.97157
1202062042 116.38755 39.97158
1202062133 116.38815 39.9769
1202062160 116.3857 39.97298
1202062166 116.38512 39.97277
1202062172 116.38482 39.97237
1202062184 116.38478 39.97182
1202062230 116.38802 39.97138
1202062280 116.38797 39.96657
1202062295 116.38665 39.96658
1202062305 116.38662 39.96687
1202062436 116.40447 39.96742
1202064952 116.47778 39.84563
1202065059 116.458 39.83285
1202065359 116.38795 39.83072
1202065401 116.38133 39.83062
1202065464 116.37603 39.83057
1202065481 116.37602 39.83198
1202065481 116.4063 39.92285
1202065481 116.37602 39.83198
1202065481 116.4063 39.92285
1202065484 116.37613 39.832
1202065513 116.3777 39.8321
1202065524 116.37805 39.83262
1202065528 116.37802 39.83273
1202065938 116.37782 39.83273
1202065941 116.37775 39.8327
1202066575 116.37767 39.83272
1202066584 116.35287 39.85968
1202066587 116.36812 39.84675
1202068033 116.3782 39.83253
1202068049 116.37775 39.832
1202068087 116.37622 39.83197
1202068087 116.37622 39.83197
1202068111 116.37603 39.83053
1202068152 116.37308 39.8305
1202068155 116.37333 39.83002
1202068158 116.37363 39.82955
1202068167 116.3736 39.82982
1202068276 116.37332 39.83785
1202068284 116.37283 39.83873
1202068318 116.37263 39.84115
1202068425 116.37403 39.8485
1202068434 116.37425 39.8487
1202068440 116.3745 39.84885
1202068450 116.37455 39.84908
1202068533 116.37573 39.85472
1202068544 116.37627 39.85517
1202068558 116.3764 39.85558
1202068561 116.37648 39.85565
1202068564 116.3766 39.85575
1202068571 116.37703 39.85587
1202068601 116.38027 39.8556
1202068667 116.38015 39.85552
1202068667 116.38015 39.85552
1202068744 116.38027 39.8555
1202068807 116.38658 39.85558
1202068810 116.38668 39.8556
1202068942 116.40538 39.85557
1202069042 116.40765 39.85555
1202069198 116.40782 39.85558
1202069501 116.40783 39.85567
1202069801 116.40783 39.85567
1202070101 116.40783 39.85567
1202070401 116.40783 39.85567
1202070701 116.40783 39.85567
1202070701 116.40783 39.85567
1202070810 116.3985 39.89788
1202070822 116.39858 39.89788
1202070869 116.40077 39.89788
1202070882 116.40072 39.8985
1202070958 116.40092 39.9027
1202070961 116.40095 39.90265
1202071003 116.4007 39.90563
1202071069 116.40072 39.90577
1202071072 116.40072 39.90597
1202071128 116.40067 39.91115
1202071186 116.40053 39.91338
1202071242 116.4004 39.91362
1202071268 116.39745 39.91362
1202071285 116.39685 39.91358
1202071294 116.3968 39.91417
1202071375 116.39643 39.92118
1202071401 116.39628 39.92175
1202071422 116.39413 39.92178
1202071433 116.39357 39.92182
1202071436 116.39348 39.92198
1202071488 116.39313 39.92675
1202071516 116.39083 39.92678
1202071519 116.39073 39.92677
1202071522 116.39063 39.9267
1202071527 116.39048 39.92675
1202071534 116.39042 39.9269
1202071557 116.39037 39.92767
1202071643 116.39025 39.93113
1202071858 116.38983 39.93847
1202071858 116.38983 39.93847
1202071932 116.38955 39.93877
1202072103 116.37368 39.94695
1202072107 116.37368 39.94703
1202072148 116.3739 39.94962
1202072148 116.3739 39.94962
1202072153 116.37352 39.94978
1202072153 116.37352 39.94978
1202072169 116.37293 39.94967
1202072218 116.37257 39.94868
1202072229 116.37255 39.94843
1202072249 116.3723 39.94778
1202072291 116.37197 39.94768
1202072300 116.3717 39.94768
1202072317 116.37125 39.94768
1202072325 116.37107 39.94767
1202072337 116.37072 39.94762
1202072414 116.36692 39.9474
1202072537 116.3663 39.94735
1202072667 116.3658 39.94728
1202072716 116.36583 39.9464
1202072737 116.36587 39.94543
1202072805 116.36567 39.9454
1202072816 116.36555 39.9452
1202072827 116.36538 39.94515
1202072841 116.3647 39.94517
1202072847 116.36465 39.94527
1202072881 116.36423 39.94657
1202073189 116.36492 39.9468
1202073489 116.36492 39.9468
1202073789 116.36492 39.9468
1202074989 116.36492 39.9468
1202075289 116.36492 39.9468
1202075589 116.36492 39.9468
1202075759 116.36225 40.07452
1202075842 116.36372 40.0776
1202075850 116.3638 40.07737
1202075853 116.36392 40.07732
1202075879 116.36363 40.07593
1202075882 116.36367 40.0759
1202075891 116.36405 40.07593
1202118840 116.36397 40.07625
1202118840 116.36397 40.07625
1202118873 116.36377 40.0771
1202118889 116.3636 40.07743
1202118893 116.36342 40.07742
1202118938 116.36157 40.077
1202118984 116.36193 40.07423
1202119185 116.34632 40.0667
1202119202 116.34605 40.06653
1202119202 116.34605 40.06653
1202119306 116.3406 40.06303
1202119328 116.34073 40.06187
1202119388 116.34042 40.05907
1202119419 116.33693 40.05847
1202119419 116.33693 40.05847
1202119471 116.33113 40.05735
1202119544 116.3259 40.05623
1202119597 116.32328 40.05415
1202119743 116.32285 40.0536
1202119879 116.33452 40.03793
1202120178 116.34522 40.02317
1202120205 116.34472 40.02138
1202120216 116.34542 40.02093
1202120420 116.34625 40.00137
1202120454 116.34615 39.99978
1202120522 116.33313 39.99938
1202120549 116.33192 39.99928
1202120578 116.33143 39.99822
1202120578 116.33143 39.99822
1202120593 116.33087 39.99795
1202120657 116.32427 39.99172
1202120680 116.32747 39.99027
1202120709 116.32588 39.9912
1202120740 116.32648 39.99127
1202120786 116.3259 39.99113
1202120826 116.3261 39.988
1202120877 116.32682 39.98673
1202120934 116.32703 39.9849
1202121004 116.31732 39.98473
1202121124 116.31042 39.9846
1202121128 116.31037 39.98478
1202121169 116.3097 39.98932
1202121177 116.31075 39.9908
1202121187 116.31038 39.99112
1202121512 116.3272 39.99137
1202121812 116.3272 39.99137
1202123012 116.3272 39.99137
1202123493 116.3272 39.99137
1202123710 116.31998 39.90992
1202123866 116.37033 40.04503
1202123912 116.29012 40.06802
1202123915 116.28588 40.06988
1202123920 116.28213 40.0738
1202123923 116.28072 40.07688
1202123947 116.27318 40.10308
1202123951 116.27235 40.10562
1202123954 116.2718 40.10705
1202123962 116.27057 40.10902
1202124173 116.30213 39.91145
1202124176 116.30208 39.91143
1202124238 116.2985 39.91148
1202124252 116.29822 39.91147
1202124255 116.29807 39.9114
1202124274 116.29693 39.91143
1202124277 116.29675 39.91148
1202124280 116.29658 39.9115
1202124285 116.29635 39.91152
1202124292 116.2963 39.91197
1202124317 116.29557 39.91445
1202124617 116.29138 39.91643
1202124647 116.871 39.0483
1202125891 118.45207 37.52628
1202126191 118.45207 37.52628
1202126491 118.45207 37.52628
1202126791 118.45207 37.52628
1202127091 118.45207 37.52628
1202127391 118.45207 37.52628
1202127391 118.45207 37.52628
1202127401 116.3313 39.97427
1202127451 116.33902 39.97462
1202127494 116.34237 39.97383
1202127498 116.34218 39.97478
1202127565 116.34838 39.97492
1202127780 116.34732 39.99163
1202127822 116.35108 39.99207
1202127934 116.36272 39.9923
1202127999 116.36308 39.9869
1202128012 116.36317 39.9867
1202128050 116.36328 39.98583
1202128114 116.37118 39.9857
1202128114 116.37118 39.9857
1202128134 116.37363 39.98607
1202128246 116.3903 39.98655
1202128249 116.39058 39.98662
1202128381 116.40877 39.98712
1202128386 116.40902 39.98728
1202128392 116.40943 39.98738
1202128397 116.40962 39.98755
1202128400 116.40972 39.98758
1202128406 116.4101 39.98777
1202128406 116.4101 39.98777
1202128455 116.41672 39.98737
1202128541 116.4176 39.98718
1202128567 115.82523 39.93823
1202128867 115.69858 39.9302
1202129167 115.69858 39.9302
1202129467 115.69858 39.9302
1202129767 115.69858 39.9302
1202130067 115.69858 39.9302
1202130367 115.69858 39.9302
1202130652 116.45428 39.86783
1202130676 116.4524 39.8658
1202130700 116.45243 39.86537
1202130773 116.45203 39.86515
1202130776 116.45188 39.86515
1202130800 116.45073 39.86562
1202131219 116.45103 39.86542
1202131275 116.4459 39.86653
1202131304 116.44295 39.86727
1202131304 116.44295 39.86727
1202131328 116.44077 39.86802
1202131331 116.4407 39.868
1202131336 116.44067 39.86793
1202131339 116.44075 39.86787
1202131347 116.4411 39.86775
1202131350 116.44115 39.86778
1202135754 116.44097 39.86792
1202164620 116.42802 39.9349
1202164702 116.30342 40.03468
1202165002 117.2851 39.40807
1202165302 117.2851 39.40807
1202165602 117.2851 39.40807
1202165902 117.2851 39.40807
1202166202 117.2851 39.40807
1202166502 117.2851 39.40807
1202166802 117.2851 39.40807
1202167102 117.2851 39.40807
1202167312 116.36473 40.07577
1202167315 116.36468 40.076
1202205872 116.36165 40.0773
1202205886 116.36172 40.0766
1202205923 116.36198 40.07427
1202206188 116.34065 40.0626
1202206240 116.34087 40.05912
1202206298 116.33548 40.05812
1202206310 116.3348 40.05802
1202206428 116.3262 40.0563
1202206467 116.32497 40.05543
1202206524 116.3228 40.0544
1202206617 116.31455 40.06548
1202206621 116.3147 40.06565
1202206691 116.32395 40.06692
1202206710 116.32395 40.06683
1202206710 116.32395 40.06683
1202206754 116.32862 40.06685
1202206784 116.32895 40.0641
1202206803 116.3311 40.064
1202206825 116.33163 40.0623
1202206857 116.33197 40.06135
1202206879 116.33355 40.06128
1202206923 116.33405 40.05795
1202206928 116.33395 40.05792
1202207228 116.33027 40.05728
1202207528 116.33027 40.05728
1202207640 116.30762 40.02797
1202207693 116.30707 40.02775
1202207699 116.30678 40.02752
1202207772 116.30778 40.022
1202207882 116.30933 40.00405
1202207947 116.31258 40.00883
1202207951 116.31363 40.00915
1202207972 116.31278 40.00602
1202208003 116.30923 40.00408
1202208107 116.30935 39.9928
1202208129 116.30962 39.99133
1202208246 116.31003 39.985
1202212292 116.26662 39.9554
1202212300 116.26695 39.9553
1202212450 116.26913 39.95537
1202212479 116.2693 39.95263
1202212554 116.26812 39.94543
1202212629 116.28023 39.9452
1202212644 116.2811 39.94535
1202212794 116.29308 39.94485
1202212794 116.29308 39.94485
1202212892 116.30055 39.94202
1202213041 116.29623 39.93257
1202213064 116.2957 39.93165
1202213135 116.29515 39.92717
1202213216 116.29477 39.92288
1202213229 116.29412 39.92292
1202213240 116.2938 39.92293
1202213301 116.2921 39.92298
1202213376 116.2917 39.9308
1202213376 116.2917 39.9308
1202213407 116.2951 39.93092
1202213521 116.30292 39.93102
1202213544 116.30362 39.93102
1202213628 116.3038 39.93102
1202213674 116.30413 39.93128
1202213699 116.30442 39.93367
1202213727 116.30443 39.93343
1202213728 116.41297 39.93343
1202213743 116.30507 39.93343
1202213915 116.30545 39.9337
1202213957 116.3065 39.93297
1202213957 116.3065 39.93297
1202213969 116.30643 39.93255
1202214003 116.30658 39.93122
1202214006 116.30653 39.93115
1202214033 116.30482 39.93107
1202214120 116.30398 39.93085
1202214223 116.3034 39.92247
1202214379 116.30405 39.90885
1202214407 116.30407 39.90762
1202214514 116.30405 39.90305
1202214681 116.30403 39.8907
1202214696 116.30403 39.89038
1202214710 116.30402 39.89015
1202214736 116.30427 39.88972
1202214860 116.30428 39.88283
1202214883 116.30418 39.88203
1202214886 116.30402 39.88202
1202214890 116.30387 39.88213
1202214908 116.30383 39.88298
1202214965 116.3099 39.88578
1202215029 116.31142 39.8863
1202215097 116.3145 39.88757
1202215107 116.31473 39.88758
1202215110 116.31485 39.88743
1202215155 116.3149 39.8843
1202215182 116.31488 39.88323
1202215233 116.31517 39.88307
1202215238 116.31538 39.88308
1202215254 116.31558 39.8831
1202215292 116.31795 39.88308
1202215304 116.31815 39.88237
1202215350 116.31798 39.87847
1202215353 116.31777 39.87847
1202215366 116.31655 39.87853
1202215369 116.31647 39.87845
1202215404 116.31625 39.87687
1202215410 116.31615 39.87687
1202215567 116.31705 39.87792
1202215580 116.31658 39.87833
1202215585 116.31662 39.87842
1202215625 116.31823 39.87857
1202215999 116.33028 39.8739
1202216090 116.32975 39.86838
1202216160 116.32973 39.86807
1202216165 116.32958 39.86807
1202216174 116.32952 39.86802
1202216177 116.32957 39.86787
1202216180 116.3295 39.86787
1202216185 116.32942 39.86778
1202216192 116.32943 39.86758
1202216277 116.32972 39.86713
1202216277 116.32972 39.86713
1202216285 116.32992 39.8667
1202216288 116.32987 39.86665
1202216293 116.33005 39.86647
1202227284 116.44103 39.86802
1202227314 116.39468 39.83515
1202227832 116.3274 39.78523
1202228132 116.3274 39.78523
1202228432 116.3274 39.78523
1202228732 116.3274 39.78523
1202229032 116.3274 39.78523
1202229332 116.3274 39.78523
1202229332 116.3274 39.78523
1202232723 116.3274 39.78523
1202233023 116.3274 39.78523
1202233323 116.3274 39.78523
1202233623 116.3274 39.78523
1202233923 116.3274 39.78523
1202234223 116.3274 39.78523
1202235452 116.3274 39.78523
1202235473 116.44075 39.86748
1202235571 116.44115 39.86773
1202235871 116.44115 39.86773
1202236171 116.44115 39.86773
1202236312 116.44145 39.86813
1202246787 116.40583 39.94793
1202246939 116.37552 39.94833
1202246973 116.37358 39.95092
1202247192 116.3723 39.98725
1202247195 116.37288 39.98795
1202247226 116.37123 39.99327
1202247229 116.37127 39.99385
1202247345 116.35785 40.00917
1202247345 116.35785 40.00917
1202247345 116.35785 40.00917
1202247348 116.36002 40.00908
1202247370 116.35578 40.01143
1202247598 116.33107 40.04363
1202247598 116.33107 40.04363
1202247608 116.33105 40.04365
1202247723 116.32357 40.0542
1202247764 116.32683 40.05643
1202247869 116.34038 40.05892
1202252323 116.42377 40.08432
1202252623 110.05228 43.70075
1202252923 110.86602 44.02203
1202253223 111.60853 43.94243
1202295859 116.36465 40.0756
1202304918 116.3646 40.07617
1202305150 116.36452 40.07615
1202305163 116.36402 40.07613
1202305185 116.36377 40.07712
1202305200 116.36362 40.07747
1202305216 116.36292 40.07738
1202305363 116.36225 40.07718
1202305374 116.36207 40.07713
1202305390 116.36162 40.07717
1202305397 116.36155 40.07708
1202305432 116.362 40.07423
1202305435 116.3619 40.07422
1202305670 116.3335 40.06213
1202305730 116.33392 40.05783
1202305761 116.33002 40.05723
1202305767 116.32962 40.05725
1202305772 116.32937 40.05715
1202305859 116.32867 40.05677
1202305871 116.32687 40.05652
1202305917 116.32345 40.05418
1202306006 116.32283 40.05335
1202306124 116.33392 40.03908
1202306262 116.35402 40.01308
1202306369 116.36348 40.00033
1202306559 116.37387 39.96637
1202306563 116.3736 39.96617
1202306575 116.37257 39.96622
1202306578 116.37257 39.96637
1202306587 116.37345 39.9666
1202306615 116.37925 39.96703
1202306636 116.38307 39.96735
1202306639 116.38393 39.9653
1202307273 116.4185 39.96763
1202307573 116.4185 39.96763
1202307873 116.4185 39.96763
1202307873 116.4185 39.96763
1202308131 116.4185 39.96763
1202308135 116.4185 39.96763
1202308435 116.4185 39.96763
1202308568 116.47173 39.90935
1202308574 116.47173 39.90923
1202308607 116.47148 39.90678
1202308707 116.4719 39.90573
1202308784 116.47185 39.89122
1202308964 116.53823 39.90808
1202308999 116.54845 39.90785
1202309183 116.60047 39.90762
1202309343 116.63008 39.90477
1202309643 116.60868 39.91053
1202309943 116.60868 39.91053
1202310243 116.60868 39.91053
1202310243 116.60868 39.91053
1202310543 116.60868 39.91053
1202310843 116.60868 39.91053
1202311143 116.60868 39.91053
1202311433 116.63722 39.90542
1202311463 116.63308 39.90525
1202311518 116.63087 39.90492
1202311576 116.6214 39.90545
1202311667 116.59817 39.9081
1202311905 116.52622 39.90838
1202311952 116.51235 39.90665
1202311979 116.5069 39.90673
1202311979 116.5069 39.90673
1202312008 116.4972 39.90683
1202312026 116.49408 39.90703
1202316040 116.46637 39.87253
1202316040 116.46637 39.87253
1202316176 116.46552 39.87618
1202316228 116.40833 39.8524
1202316528 115.94018 40.09783
1202316828 115.84482 30.91733
1202317006 116.44643 39.8806
1202317071 116.44638 39.88062
1202317097 116.44632 39.88072
1202317103 116.4463 39.8807
1202317106 116.44637 39.88067
1202317110 116.44655 39.88068
1202317148 116.44997 39.8806
1202317160 116.45003 39.88
1202317221 116.44995 39.8759
1202317263 116.4204 39.86955
1202317267 116.42098 39.8694
1202317567 116.42098 39.8694
1202317867 116.42098 39.8694
1202318151 116.49012 39.87792
1202318216 116.50508 39.86332
1202318219 116.50543 39.86335
1202318523 116.49853 39.86327
1202318823 116.49853 39.86327
1202319123 116.49853 39.86327
1202319723 116.49853 39.86327
1202320023 116.49853 39.86327
1202321522 116.49853 39.86327
1202321822 116.49853 39.86327
1202321844 116.41837 39.96773
1202321860 116.41835 39.96765
1202321948 116.42963 39.96778
1202321953 116.42965 39.96757
1202322003 116.43032 39.96342
1202322006 116.43172 39.9633
1202322009 116.432 39.96315
1202322033 116.43662 39.96298
1202322045 116.43525 39.96268
1202322048 116.43557 39.96285
1202322051 116.43658 39.96332
1202322088 116.43402 39.96038
1202322107 116.43333 39.9602
1202322121 116.43348 39.95982
1202322133 116.4334 39.95957
1202322133 116.4334 39.95957
1202322136 116.43338 39.95957
1202322146 116.4334 39.95957
1202322149 116.4334 39.95957
1202322190 116.45673 39.9402
1202322197 116.43375 39.93263
1202322200 116.4363 39.92007
1202322993 116.4363 39.92007
1202322993 116.4363 39.92007
1202323293 116.4363 39.92007
1202323293 116.4363 39.92007
1202323593 116.4363 39.92007
1202323893 116.4363 39.92007
1202324193 116.4363 39.92007
1202324212 116.40822 39.99933
1202324242 116.40835 39.99915
1202324269 116.40883 39.99758
1202324272 116.40877 39.99753
1202324361 116.40283 39.99743
1202324382 116.40173 39.99725
1202324407 116.40162 39.99472
1202324424 116.40172 39.99385
1202324446 116.40158 39.99387
1202324538 116.4 39.98677
1202324610 116.41052 39.98697
1202324910 116.4107 39.9869
1202324955 116.41292 40.0006
1202325396 116.4057 40.04978
1202325429 116.40697 40.0515
1202325483 116.40998 40.05557
1202325496 116.41007 40.05572
1202325600 116.41078 40.05943
1202325603 116.41078 40.05945
1202325903 116.41078 40.05945
1202325903 116.41078 40.05945
1202326503 116.41078 40.05945
1202326803 116.41078 40.05945
1202327103 116.41078 40.05945
1202327233 116.30713 39.95402
1202327533 116.30713 39.95402
1202327590 116.33105 40.05732
1202327652 116.32375 40.05432
1202327703 116.32378 40.05435
1202327707 116.32378 40.05435
1202327710 116.32375 40.05432
1202327731 116.32323 40.05348
1202327758 116.32417 40.05133
1202327761 116.32413 40.05132
1202328095 116.34883 40.02058
1202328098 116.35227 40.02095
1202328101 116.3527 40.02043
1202328117 116.3601 40.00595
1202328417 116.36022 40.00523
1202328459 116.44527 40.01612
1202328628 116.48743 40.00437
1202328703 116.49937 39.99225
1202328731 116.50133 39.9837
1202328762 116.50762 39.98237
1202328873 116.52115 39.96223
1202328967 116.53232 39.94507
1202328981 116.53427 39.94267
1202329122 116.53752 39.91617
1202329129 116.5376 39.91477
1202329183 116.53647 39.90675
1202329191 116.53807 39.90647
1202329313 116.56515 39.90782
1202329344 116.72483 40.15897
1202329364 116.69732 39.97778
1202329426 116.71403 40.00718
1202329553 116.5952 39.90765
1202329568 116.59642 39.90757
1202329607 116.60043 39.90743
1202329738 116.6138 39.90398
1202329846 116.62852 39.90505
1202329862 116.63117 39.90353
1202329886 116.6324 39.9016
1202329938 116.63463 39.89813
1202330021 116.63782 39.89298
1202330048 116.63788 39.89105
1202330051 116.63803 39.89102
1202330066 116.63965 39.891
1202330073 116.63968 39.8908
1202330110 116.63975 39.89078
1202330115 116.64 39.89097
1202330140 116.64293 39.89115
1202330143 116.64285 39.89125
1202330182 116.6377 39.89143
1202330209 116.6379 39.89337
1202330344 116.63428 39.9008
1202330377 116.63872 39.90007
1202330480 116.64355 39.90005
1202330503 116.64352 39.90012
1202330510 116.64363 39.90042
1202330579 116.64318 39.9052
1202344852 116.64917 39.90673
1202344924 116.63823 39.90568
1202345182 116.60535 39.90648
1202345220 116.60062 39.90815
1202345260 116.5955 39.90827
1202345386 116.5903 39.90835
1202345389 116.59025 39.9084
1202345452 116.57733 39.90908
1202345493 116.5664 39.90877
1202345514 116.56088 39.90848
1202345602 116.53668 39.90838
1202345606 116.53628 39.90947
1202345618 116.53312 39.90948
1202345618 116.53312 39.90948
1202345632 116.52942 39.90947
1202345640 116.5273 39.90947
1202345940 116.45957 39.9071
1202346021 116.44453 39.90715
1202346233 115.6517 39.34277
1202346533 115.64972 39.34008
1202346833 115.64972 39.34008
1202347133 115.64972 39.34008
1202347268 116.35398 39.89988
1202349112 116.37407 39.94898
1202349121 116.37393 39.9496
1202349143 116.3739 39.94972
1202349146 116.3741 39.9498
1202349165 116.37592 39.94983
1202349270 116.38083 39.94988
1202349376 116.38887 39.94983
1202349401 116.38903 39.94788
1202349508 116.38935 39.94738
1202349619 116.41018 39.9475
1202350506 116.46032 39.92182
1202350506 116.46032 39.92182
1202350570 116.4629 39.92178
1202350607 116.46633 39.9217
1202350647 116.46863 39.92147
1202350758 116.47825 39.92155
1202350815 116.48373 39.92163
1202350856 116.48423 39.92147
1202350871 116.48438 39.92123
1202350907 116.48818 39.92148
1202350910 116.48823 39.9214
1202350961 116.48838 39.91865
1202350988 116.48998 39.91828
1202351007 116.48997 39.91725
1202351035 116.48867 39.91723
1202351043 116.4884 39.9172
1202351046 116.48835 39.9172
1202351063 116.4883 39.91718
1202351066 116.4884 39.9172
1202351069 116.4885 39.9172
1202351072 116.48857 39.91718
1202351208 116.48828 39.91715
1202351243 116.48988 39.91713
1202351255 116.48988 39.9165
1202351286 116.48973 39.91458
1202351416 116.47788 39.91418
1202351416 116.47788 39.91418
1202351419 116.47777 39.91418
1202351419 116.47777 39.91418
1202351541 116.46482 39.91533
1202351556 116.46388 39.9157
1202351680 116.45552 39.91825
1202351691 116.48085 39.94032
1202351991 116.72892 40.0811
1202352291 116.72892 40.0811
1202352291 116.72892 40.0811
1202352662 116.72892 40.0811
1202352962 116.72892 40.0811
1202353262 116.72892 40.0811
1202353498 116.40182 39.93188
1202353741 116.41022 39.93827
1202353757 116.4101 39.93907
1202353836 116.41042 39.94395
1202353894 116.41018 39.94787
1202353945 116.40113 39.95072
1202353949 116.40072 39.95017
1202353963 116.40073 39.94783
1202353998 116.39168 39.94725
1202354008 116.39037 39.94712
1202354034 116.38952 39.94957
1202354131 116.38762 39.96038
1202354136 116.38517 39.96073
1202354151 116.37918 39.96003
1202354169 116.37157 39.95855
1202354207 116.35643 39.95608
1202354211 116.3549 39.95617
1202354225 116.3483 39.9551
1202354229 116.34708 39.95478
1202354246 116.34083 39.95318
1202354252 116.33835 39.95255
1202354256 116.33718 39.95222
1202354261 116.3355 39.95175
1202354264 116.33435 39.95145
1202354285 116.31438 39.95
1202354288 116.30848 39.95003
1202354672 115.24445 39.95258
1202354972 115.24445 39.95258
1202355027 116.36273 39.98298
1202355079 116.3631 39.98083
1202355082 116.36312 39.98035
1202355108 116.36315 39.97763
1202355169 116.36482 39.97655
1202355207 116.39452 39.99425
1202355210 116.40165 39.9968
1202355223 116.45532 40.01417
1202355257 116.40658 39.99083
1202355693 116.44645 40.01577
1202355993 116.44645 40.01577
1202356293 116.44645 40.01577
1202356593 116.44645 40.01577
1202357193 116.44645 40.01577
1202357882 116.44645 40.01577
1202358071 116.34787 40.0016
1202358080 116.3451 40.00317
1202358269 116.25337 39.7738
1202358843 115.9605 38.9494
1202359143 115.9605 38.9494
1202359249 116.36468 40.07673
1202359249 116.36468 40.07673
1202359254 116.36468 40.07675
1202359254 116.36468 40.07675
1202359257 116.36468 40.07675
1202359557 116.3647 40.07637
1202359800 116.36478 40.07643
1202361603 116.3648 40.07643
1202361742 116.36493 40.07622
1202361745 116.36483 40.0762
1202362045 116.83065 41.5456
1202362592 116.83065 41.5456
1202362892 116.83065 41.5456
1202363192 116.83065 41.5456
1202363333 116.36482 40.07605
1202363336 116.36478 40.07607
1202363636 116.36453 40.07623
1202363936 116.36453 40.07625
1202364236 116.36452 40.07628
1202364268 116.3645 40.0763
1202364274 116.36448 40.07633
1202364277 116.36448 40.07633
1202364577 116.36457 40.07627
1202364704 116.36462 40.07637
1202364707 116.36462 40.07637
1202364738 116.36467 40.0764
1202364818 116.36527 40.07477
1202365118 116.36527 40.07477
1202365162 116.3648 40.0764
1202365547 116.36433 40.07207
1202365550 116.36375 40.06592
1202365553 116.36297 40.05743
1202365556 116.36218 40.04895
1202365559 116.36117 40.03797
1202392778 116.3647 40.07638
1202392781 116.36465 40.07638
1202395824 116.34823 40.06795
1202395914 116.33342 40.06212
1202395949 116.33382 40.05777
1202395972 116.33127 40.05742
1202395975 116.33122 40.05737
1202396078 116.3232 40.05413
1202396078 116.3232 40.05413
1202396219 116.31795 40.04992
1202396250 116.31965 40.04795
1202396327 116.32417 40.04288
1202396416 116.32988 40.03555
1202396482 116.33093 40.03298
1202396562 116.33097 40.02968
1202396619 116.33123 40.02943
1202396619 116.33123 40.02943
1202396694 116.33952 40.02962
1202396712 116.34093 40.02978
1202396763 116.34532 40.02388
1202396784 116.34505 40.02115
1202396859 116.35413 40.0125
1202396863 116.35415 40.0124
1202396875 116.35415 40.0124
1202396927 116.35478 40.00742
1202396975 116.34645 40.00645
1202396990 116.34618 40.00627
1202397041 116.3461 39.9997
1202397107 116.33357 39.99915
1202397172 116.33393 39.99157
1202397199 116.33138 39.99142
1202397205 116.33122 39.9916
1202397247 116.3309 39.99172
1202397261 116.32463 39.99858
1202397288 116.29147 40.05322
1202397588 116.23197 40.12607
1202397802 116.33387 39.99588
1202397822 116.33387 39.9918
1202397822 116.33387 39.9918
1202397828 116.33352 39.9918
1202397880 116.3312 39.99162
1202397897 116.33088 39.99168
1202397956 116.33118 39.9976
1202397959 116.3313 39.99768
1202397996 116.33285 40.00115
1202398016 116.33283 40.00098
1202398027 116.33288 40.00133
1202398050 116.33215 39.99945
1202398144 116.33368 39.99908
1202398205 116.33402 39.99185
1202398263 116.33415 39.99163
1202398267 116.33428 39.99142
1202398326 116.33453 39.98472
1202398330 116.33487 39.98468
1202398499 116.36243 39.98583
1202398548 116.37502 39.98623
1202398551 116.37578 39.98625
1202398851 116.4177 39.98732
1202399151 116.4177 39.98732
1202399451 116.4177 39.98732
1202399751 116.4177 39.98732
1202399988 116.39522 39.96732
1202400055 116.39512 39.96745
1202400058 116.39503 39.9674
1202400062 116.395 39.96727
1202400111 116.38863 39.9677
1202400167 116.38857 39.97358
1202400170 116.3887 39.9737
1202400222 116.39523 39.97357
1202400230 116.39527 39.9736
1202400235 116.39542 39.97363
1202400260 116.39562 39.97392
1202400278 116.39572 39.97552
1202400318 116.40123 39.97567
1202400411 116.40315 39.98688
1202400484 116.1864 40.20848
1202400784 116.09377 40.32287
1202401084 116.09377 40.32287
1202401384 116.09377 40.32287
1202401684 116.09377 40.32287
1202401984 116.09377 40.32287
1202402342 116.09377 40.32287
1202402620 116.41175 39.95625
1202402635 116.41223 39.9564
1202402704 116.4123 39.96102
1202402760 116.41827 39.96107
1202402789 116.4187 39.96118
1202402792 116.41875 39.96125
1202404757 116.40177 39.92312
1202404797 116.39663 39.92225
1202404879 116.38757 39.92177
1202404909 116.38485 39.92138
1202404921 116.38455 39.92103
1202404930 116.38405 39.92085
1202404984 116.37573 39.9212
1202405041 116.37552 39.92105
1202405044 116.37547 39.92085
1202405100 116.37543 39.91298
1202405179 116.37158 39.91102
1202405184 116.37132 39.91097
1202405219 116.37117 39.91103
1202405225 116.37097 39.91107
1202405228 116.37087 39.9111
1202405288 116.37072 39.91107
1202405291 116.37065 39.91095
1202405305 116.3706 39.91003
1202405328 116.37052 39.909
1202405366 116.3705 39.90907
1202405377 116.37052 39.90948
1202405422 116.37048 39.91087
1202405429 116.3706 39.91088
1202405434 116.3708 39.91088
1202405437 116.3707 39.91058
1202405442 116.37112 39.91062
1202405447 116.37147 39.91082
1202405477 116.37158 39.91342
1202405700 116.37152 39.91352
1202405785 116.37122 39.9211
1202405809 116.3747 39.92117
1202405916 116.38452 39.92065
1202405991 116.38537 39.91353
1202405998 116.38578 39.91353
1202406024 116.38587 39.91353
1202406034 116.38637 39.9136
1202406037 116.38623 39.91365
1202406051 116.38518 39.9136
1202406063 116.3851 39.91405
1202406190 116.38475 39.921
1202406206 116.38537 39.92165
1202406221 116.38652 39.92173
1202406270 116.38757 39.92192
1202406313 116.38748 39.92447
1202406366 116.38752 39.92683
1202406381 116.38858 39.92695
1202406400 116.3897 39.92695
1202406427 116.39008 39.927
1202406431 116.3902 39.92722
1202406481 116.39018 39.9318
1202406633 116.3897 39.93878
1202406648 116.3888 39.93932
1202406868 116.3738 39.94685
1202406886 116.3738 39.94787
1202406906 116.37402 39.9496
1202406910 116.37377 39.94982
1202406920 116.37302 39.9498
1202406996 116.37273 39.9496
1202407037 116.37195 39.94775
1202407093 116.3661 39.94753
1202407093 116.3661 39.94753
1202407105 116.36578 39.94755
1202407123 116.36562 39.94902
1202407130 116.36562 39.94927
1202407336 116.36418 39.96578
1202407339 116.36423 39.96585
1202407399 116.36418 39.96615
1202407406 116.36472 39.96627
1202407439 116.36983 39.96637
1202407739 116.41175 39.9675
1202407889 116.42957 39.96777
1202407907 116.42955 39.96642
1202407957 116.42982 39.96228
1202407969 116.43058 39.96178
1202407969 116.43058 39.96178
1202408007 116.43078 39.96157
1202408007 116.43078 39.96157
1202408043 116.42872 39.95818
1202408051 116.42763 39.95858
1202408054 116.42623 39.95982
1202408059 116.42508 39.96047
1202408062 116.42328 39.96148
1202408078 116.4138 39.96408
1202408082 116.41265 39.96443
1202408086 116.41265 39.96442
1202408091 116.41253 39.96432
1202408097 116.41262 39.96405
1202408177 116.42605 39.94847
1202408180 116.42583 39.9484
1202408224 116.41952 39.94837
1202408524 116.38203 39.94763
1202408620 116.36625 39.94748
1202408663 116.36578 39.94742
1202408963 116.36577 39.9473
1202409263 116.36577 39.9473
1202409563 116.36577 39.9473
1202410631 116.4084 39.94762
1202410729 116.40902 39.948
1202410993 116.36682 39.94737
1202411016 116.36627 39.94733
1202411147 116.36577 39.94732
1202411189 116.36588 39.94698
1202411204 116.36595 39.94558
1202411207 116.36582 39.94557
1202411211 116.36555 39.94553
1202411220 116.36505 39.94537
1202411229 116.36465 39.94537
1202411261 116.36312 39.94537
1202411275 116.36292 39.94607
1202411330 116.36287 39.94632
1202411340 116.36358 39.94683
1202411464 116.34875 39.942
1202411482 116.3486 39.94022
1202411486 116.3486 39.94022
1202414923 120.48642 38.98728
1202414923 120.48642 38.98728
1202415191 120.46295 38.91613
1202415491 120.92158 39.56832
1202415873 120.92158 39.56832
1202416087 116.35363 39.90047
1202416087 116.35363 39.90047
1202418381 116.35462 39.90085
1202418419 116.34905 39.90023
1202419221 116.35668 39.88508
1202419231 116.35607 39.88623
1202419270 116.35447 39.89807
1202419273 116.35442 39.89843
1202419273 116.35442 39.89843
1202419276 116.355 39.89845
1202419276 116.355 39.89845
1202419301 116.3652 39.8942
1202419311 116.40307 39.87763
1202419342 116.40968 39.87483
1202419862 116.41023 39.87458
1202419862 116.41023 39.87458
1202420162 116.41023 39.87458
1202420462 116.41023 39.87458
1202420762 116.41023 39.87458
1202421062 116.41023 39.87458
1202421362 116.41023 39.87458
1202421662 116.41023 39.87458
1202421962 116.41023 39.87458
1202422238 116.36492 40.07632
1202422363 116.36448 40.0764
1202422366 116.3646 40.07658
1202422393 116.36443 40.07637
1202422397 116.36455 40.07653
1202422418 116.36457 40.07653
1202422421 116.3644 40.07633
1202422593 116.36425 40.07623
1202422596 116.36427 40.07627
1202422752 116.36433 40.0763
1202422752 116.36433 40.0763
1202423052 116.36433 40.0763
1202423352 116.36433 40.0763
1202423448 115.20895 41.37552
1202423448 115.20895 41.37552
1202423748 115.20895 41.37552
1202424048 115.20895 41.37552
1202424348 115.20895 41.37552
1202424648 115.20895 41.37552
1202424948 115.20895 41.37552
1202425248 115.20895 41.37552
1202425548 115.20895 41.37552
1202425848 115.20895 41.37552
1202426148 115.20895 41.37552
1202426448 115.20895 41.37552
1202426748 115.20895 41.37552
1202426888 116.36472 40.0759
1202430698 116.36458 40.07667
1202430704 116.36453 40.07677
1202461933 116.35893 40.07357
1202462111 116.34055 40.06315
1202462141 116.3407 40.0618
1202462147 116.34075 40.06172
1202462150 116.34082 40.06177
1202462183 116.34125 40.0637
1202462355 116.36218 40.07458
1202462396 116.36163 40.07728
1202462400 116.36175 40.0773
1202462436 116.36367 40.07762
1202462465 116.36403 40.07625
1202462475 116.36455 40.07632
1202462478 116.36457 40.07627
1202462927 116.36448 40.07713
1202463157 116.36818 40.09867
1202463160 116.36825 40.09885
1202463379 116.37407 40.11235
1202463382 116.37362 40.11378
1202463445 116.37547 40.117
1202463581 116.36458 40.07615
1202464380 116.32107 40.08908
1202464414 116.32205 40.0866
1202464430 116.32983 40.08563
1202464483 116.34185 40.08182
1202464507 116.34167 40.08153
1202464512 116.34003 40.08112
1202464512 116.34003 40.08112
1202464541 116.33738 40.08023
1202464546 116.33732 40.08018
1202464587 116.33963 40.10838
1202464709 116.33197 40.11065
1202464712 116.33183 40.11063
1202464750 116.32643 40.08142
1202464756 116.32635 40.08192
1202464759 116.3263 40.08232
1202464762 116.32592 40.08297
1202464767 116.32572 40.0831
1202469098 116.35163 40.07962
1202469176 116.33825 40.07938
1202469241 116.33763 40.08502
1202469274 116.33747 40.08515
1202469371 116.32305 40.08372
1202469375 116.32302 40.08365
1202470699 116.32307 40.0837
1202470705 116.32303 40.08387
1202470748 116.31993 40.08353
1202470751 116.31975 40.08342
1202470838 116.3197 40.07582
1202470854 116.3181 40.07535
1202470962 116.3075 40.07235
1202470991 116.30618 40.07405
1202470996 116.30628 40.07423
1202471000 116.30653 40.07428
1202471004 116.30675 40.07415
1202471060 116.31063 40.06775
1202471130 116.31603 40.06215
1202471208 116.32768 40.04733
1202471229 116.33048 40.04367
1202471297 116.34052 40.0306
1202471377 116.35048 40.01768
1202471379 116.35075 40.01733
1202471424 116.35502 40.01145
1202471688 116.3737 39.98098
1202471691 116.37357 39.98272
1202471708 116.37445 39.97935
1202471710 116.37455 39.97895
1202471916 116.426 39.98193
1202472662 116.43022 39.98423
1202472962 116.43022 39.98423
1202473262 116.43022 39.98423
1202473562 116.43022 39.98423
1202473862 116.43022 39.98423
1202474162 116.43022 39.98423
1202474462 116.43022 39.98423
1202474762 116.43022 39.98423
1202474782 116.418 39.85507
1202485239 116.4464 39.85922
1202485332 116.45495 39.86742
1202485380 116.4403 39.87518
1202485630 116.28075 39.90932
1202485930 116.51215 39.85608
1202486230 116.51215 39.85608
1202486530 116.51215 39.85608
1202486830 116.51215 39.85608
1202487130 116.51215 39.85608
1202487130 116.51215 39.85608
1202487430 116.51215 39.85608
1202487730 116.51215 39.85608
1202488030 116.51215 39.85608
1202488202 116.47188 39.91238
1202488207 116.47183 39.91235
1202488283 116.47163 39.90758
1202488351 116.47163 39.90748
1202488389 116.47155 39.90438
1202488442 116.47153 39.90402
1202488445 116.47155 39.90388
1202488488 116.47167 39.89935
1202488496 116.47243 39.89925
1202488892 116.48345 39.8993
1202489192 116.48345 39.8993
1202489408 116.48473 39.89862
