UTS Latitude Longitude
1201959426 116.4557 39.91382
1201959728 116.45555 39.92572
1201960030 116.45628 39.95534
1201960064 116.45636 39.95549
1201960331 116.46174 39.95613
1201960366 116.46173 39.95545
1201960633 116.46302 39.96155
1201960935 116.45967 39.98318
1201961236 116.44938 39.99662
1201961276 116.44983 39.99654
1201961538 116.46199 39.99367
1201961577 116.4618 39.99399
1201961840 116.46169 39.9937
1201961879 116.4615 39.99356
1201962181 116.46171 39.99352
1201962443 116.46181 39.99988
1201962743 116.4899 40.00177
1201963045 116.54367 40.02586
1201963347 116.58422 40.05373
1201963648 116.58267 40.06583
1201963916 116.58668 40.07753
1201963950 116.58667 40.07756
1201964218 116.58312 40.07524
1201964520 116.588 40.05404
1201964553 116.58809 40.05364
1201964553 116.58809 40.05364
1201964821 116.57302 40.03821
1201964855 116.57039 40.03512
1201965123 116.54964 40.02671
1201965157 116.54954 40.02665
1201965255 116.54989 40.02336
1201965458 116.52387 40.01751
1201965556 116.52023 40.02384
1201965760 116.50352 40.02252
1201965858 116.49796 40.03133
1201966062 116.47382 40.03982
1201966160 116.46198 40.04182
1201966363 116.45703 40.04429
1201966461 116.45433 40.04166
1201966665 116.45387 40.03207
1201966763 116.45558 40.02782
1201966967 116.4596 40.01465
1201967065 116.45998 40.01462
1201967268 116.46133 40.00432
1201967366 116.46168 39.99661
1201967668 116.46216 39.99416
1201967872 116.46674 39.99964
1201967987 116.46907 39.99588
1201968375 116.4636 40.01017
1201968475 116.46709 40.00377
1201968676 116.46174 39.99567
1201968777 116.46222 39.99411
1201969263 116.46329 39.97116
1201969380 116.47186 39.96436
1201969564 116.48375 39.94057
1201969682 116.48368 39.92301
1201969866 116.47505 39.90411
1201969983 116.44925 39.90268
1201970168 116.43428 39.89238
1201970285 116.42772 39.89231
1201970469 116.41928 39.89206
1201970587 116.41391 39.89185
1201970771 116.39604 39.89087
1201970888 116.39017 39.88951
1201971073 116.38423 39.88847
1201971190 116.38029 39.88828
1201971492 116.37119 39.8881
1201971676 116.36853 39.89195
1201971774 116.3685 39.89284
1201972076 116.36841 39.89748
1201972095 116.36834 39.8975
1201972095 116.36834 39.8975
1201972378 116.3915 39.89867
1201972396 116.39327 39.89873
1201972679 116.41716 39.89912
1201972679 116.41716 39.89912
1201972698 116.41898 39.89916
1201972981 116.43033 39.90094
1201973000 116.43019 39.90222
1201973283 116.43171 39.92307
1201973301 116.43171 39.92273
1201973367 116.43198 39.92267
1201973603 116.43898 39.92204
1201973669 116.44149 39.92178
1201973905 116.45481 39.92199
1201973970 116.45511 39.92248
1201974206 116.46235 39.92187
1201974272 116.47015 39.9216
1201974508 116.48355 39.91376
1201974574 116.48313 39.90543
1201974810 116.52888 39.90809
1201975111 116.52943 39.94833
1201975177 116.5249 39.9581
1201975413 116.54117 39.96466
1201975479 116.54488 39.96467
1201975715 116.56817 39.9631
1201975780 116.56842 39.96092
1201976082 116.56843 39.96092
1201976318 116.5688 39.96086
1201976921 116.52262 39.95747
1201976987 116.52747 39.95017
1201976987 116.52747 39.95017
1201977478 116.47558 39.90412
1201977779 116.4494 39.90516
1201978019 116.45187 39.90516
1201978081 116.45367 39.9055
1201978294 116.45631 39.90458
1201978596 116.4681 39.90574
1201978684 116.47066 39.90664
1201978898 116.46975 39.90393
1201979047 116.46095 39.90356
1201979654 116.45427 39.90447
1201979729 116.45365 39.90449
1201979956 116.44002 39.90245
1201980257 116.42831 39.92245
1201980559 116.42791 39.9365
1201980746 116.43367 39.94654
1201980861 116.43475 39.9474
1201981048 116.44521 39.9521
1201982146 116.45073 39.95069
1201983574 116.44096 39.96156
1201983874 116.44399 39.96373
1201983965 116.44309 39.96393
1201984176 116.4415 39.96233
1201984478 116.45516 39.95096
1201984569 116.45511 39.94793
1201984569 116.45511 39.94793
1201984779 116.45582 39.94126
1201984870 116.45636 39.94575
1201985081 116.46591 39.9512
1201985383 116.48097 39.95635
1201985684 116.46656 39.95151
1201985986 116.45847 39.94597
1201986288 116.47181 39.9531
1201986589 116.48691 39.95962
1201986857 116.48393 39.97304
1201986891 116.48394 39.97306
1201986891 116.48394 39.97306
1201987159 116.4839 39.973
1201987193 116.48395 39.97304
1201987389 116.48383 39.97386
1201987494 116.48365 39.97028
1201987796 116.48362 39.95002
1201987993 116.4836 39.91388
1201988097 116.47924 39.90452
1201988294 116.43689 39.90112
1201988399 116.43676 39.89644
1201988596 116.43895 39.88413
1201988701 116.4381 39.87261
1201988897 116.43179 39.86718
1201989002 116.43276 39.86629
1201989199 116.43225 39.8622
1201989304 116.42764 39.86227
1201989316 116.42759 39.86308
1201989606 116.41746 39.86424
1201989617 116.4173 39.86428
1201990209 116.43275 39.89223
1201990511 116.43278 39.90464
1201990522 116.43382 39.90469
1201990812 116.44307 39.907
1201990824 116.44378 39.90698
1201991114 116.45382 39.90485
1201991126 116.45358 39.90525
1201991416 116.45225 39.90675
1201991717 116.45564 39.93969
1201992311 116.4293 39.95036
1201992321 116.42932 39.95037
1201992503 116.42843 39.9532
1201993050 116.44126 39.95485
1201993352 116.42689 39.94824
1201993597 116.41925 39.94385
1201993653 116.41936 39.94125
1201993955 116.44036 39.93516
1201994257 116.45078 39.92701
1201994558 116.46988 39.92164
1201994612 116.47186 39.92102
1201994914 116.47158 39.92974
1201995162 116.45588 39.93099
1201995215 116.45525 39.93084
1201995463 116.45142 39.93134
1201995514 116.45181 39.93227
1201995765 116.46049 39.93236
1201995816 116.4646 39.93242
1201996067 116.47503 39.92748
1201996117 116.47244 39.92704
1201996368 116.49594 39.92216
1201996376 116.49593 39.92214
1201996670 116.46848 39.92177
1201996971 116.45581 39.93166
1201997272 116.45105 39.93214
1201997574 116.45564 39.93854
1201998177 116.43846 39.98841
1201998479 116.43556 40.02332
1201998780 116.41708 40.04015
1201998780 116.41708 40.04015
1201999082 116.41366 40.05446
1201999165 116.41454 40.05631
1201999384 116.40854 40.05661
1201999467 116.40695 40.05182
1201999685 116.41483 40.04005
1201999768 116.42257 40.03985
1201999987 116.44222 40.0254
1202000289 116.46168 39.99785
1202000351 116.45651 39.99504
1202000590 116.46213 39.99413
1202000892 116.47512 39.97677
1202000987 116.47881 39.97445
1202001194 116.48388 39.97306
1202001495 116.49218 39.95892
1202001511 116.4922 39.9589
1202001797 116.4839 39.97279
1202001813 116.48393 39.9728
1202002099 116.48379 39.97276
1202002114 116.48379 39.97277
1202002400 116.48366 39.97266
1202002416 116.48369 39.97265
1202002718 116.48376 39.97265
1202002985 116.48375 39.97397
1202003004 116.48366 39.97651
1202003287 116.47184 39.97871
1202003588 116.41786 39.98757
1202003909 116.40637 39.97582
1202004192 116.41658 39.98212
1202004210 116.41782 39.9821
1202004920 116.43036 39.9866
1202005115 116.43031 39.98633
1202005222 116.43046 39.98649
1202005417 116.43035 39.98628
1202006379 116.37188 39.96686
1202006624 116.34948 39.95001
1202006851 116.35879 39.93918
1202007167 116.35209 39.95066
1202007227 116.35547 39.95109
1202007468 116.3639 39.97023
1202008072 116.43051 39.98692
1202008132 116.43057 39.9867
1202008434 116.41692 39.9821
1202008537 116.41532 39.9862
1202008735 116.43054 39.98672
1202009037 116.4305 39.98676
1202009140 116.43046 39.98677
1202009338 116.43046 39.98674
1202009442 116.43044 39.98676
1202010243 116.43065 39.98648
1202010347 116.43057 39.98657
1202010382 116.4306 39.98717
1202010382 116.4306 39.98717
1202010545 116.42515 39.96893
1202010684 116.39634 39.96742
1202012232 116.32301 39.90973
1202012319 116.32312 39.90975
1202012475 116.32883 39.90912
1202012621 116.33899 39.91277
1202012777 116.34657 39.92215
1202012923 116.36087 39.92676
1202013224 116.36554 39.94938
1202013380 116.3656 39.96635
1202013682 116.41954 39.96777
1202013828 116.44414 39.95897
1202013984 116.46094 39.9596
1202014129 116.48015 39.96979
1202014346 116.48956 39.9704
1202014653 116.48951 39.97037
1202014653 116.48951 39.97037
1202014653 116.48951 39.97037
1202014653 116.48951 39.97037
1202014653 116.48951 39.97037
1202014653 116.48951 39.97037
1202014653 116.48951 39.97037
1202014653 116.48951 39.97037
1202014653 116.48951 39.97037
1202014653 116.48951 39.97037
1202014653 116.48951 39.97037
1202014653 116.48951 39.97037
1202014653 116.48951 39.97037
1202014653 116.48951 39.97037
1202014653 116.48951 39.97037
1202014653 116.48951 39.97037
1202014653 116.48951 39.97037
1202014653 116.48951 39.97037
1202014653 116.48951 39.97037
1202021304 116.4934 39.97085
1202021474 116.48993 39.97044
1202021782 116.48994 39.97042
1202021782 116.48994 39.97042
1202021782 116.48994 39.97042
1202021782 116.48994 39.97042
1202021782 116.48994 39.97042
1202021782 116.48994 39.97042
1202021782 116.48994 39.97042
1202024206 116.48984 39.97048
1202024622 116.48987 39.9705
1202024622 116.48987 39.9705
1202024622 116.48987 39.9705
1202024622 116.48987 39.9705
1202024622 116.48987 39.9705
1202024622 116.48987 39.9705
1202024622 116.48987 39.9705
1202024622 116.48987 39.9705
1202024622 116.48987 39.9705
1202024622 116.48987 39.9705
1202024622 116.48987 39.9705
1202024622 116.48987 39.9705
1202024622 116.48987 39.9705
1202024622 116.48987 39.9705
1202024622 116.48987 39.9705
1202024622 116.48987 39.9705
1202024622 116.48987 39.9705
1202024622 116.48987 39.9705
1202043269 116.48948 39.97067
1202043340 116.48394 39.97121
1202043571 116.49297 39.97529
1202043810 116.50076 39.97347
1202043872 116.49991 39.97465
1202044112 116.49018 39.97074
1202044174 116.48568 39.97069
1202044476 116.47707 39.98286
1202044706 116.47789 39.99007
1202044777 116.47608 39.98855
1202045008 116.46282 39.9924
1202045079 116.46216 39.99579
1202045309 116.46338 39.99165
1202045381 116.46639 39.98809
1202045611 116.46999 39.98016
1202045682 116.47155 39.97912
1202045984 116.48188 39.95573
1202046286 116.47612 39.93234
1202046889 116.48842 39.92117
1202047191 116.48837 39.92125
1202047304 116.49265 39.92125
1202047492 116.4965 39.92137
1202047606 116.496 39.92681
1202047701 116.49663 39.92695
1202047794 116.49515 39.92187
1202048002 116.47339 39.92165
1202048096 116.46812 39.92172
1202048397 116.44551 39.92156
1202048699 116.44441 39.91189
1202049000 116.42938 39.90824
1202049179 116.42298 39.90402
1202049302 116.42257 39.90583
1202049480 116.43732 39.907
1202049604 116.45144 39.90693
1202049782 116.45479 39.90902
1202049905 116.45487 39.90371
1202050018 116.44563 39.90305
1202050207 116.46245 39.90695
1202050509 116.47198 39.91398
1202050586 116.47701 39.91396
1202050810 116.4721 39.9188
1202051112 116.51116 39.9219
1202051270 116.51517 39.92035
1202051270 116.51517 39.92035
1202051414 116.51505 39.92151
1202051715 116.49103 39.92183
1202052017 116.47263 39.92173
1202052122 116.46696 39.9221
1202052319 116.47091 39.92973
1202052424 116.47585 39.93232
1202052424 116.47585 39.93232
1202052620 116.4841 39.93787
1202052922 116.4747 39.95415
1202053216 116.45254 39.94762
1202053224 116.45263 39.94771
1202053517 116.46803 39.95191
1202053525 116.4693 39.95233
1202053827 116.47846 39.96015
1202054020 116.47089 39.97778
1202054129 116.47705 39.97537
1202054322 116.48601 39.97062
1202054430 116.48962 39.97018
1202054624 116.48959 39.97023
1202054732 116.48959 39.97019
1202054925 116.49059 39.97065
1202055034 116.48959 39.97018
1202055034 116.48959 39.97018
1202055154 116.48958 39.97019
1202055772 116.48964 39.97031
1202056189 116.48964 39.97034
1202056189 116.48964 39.97034
1202056189 116.48964 39.97034
1202056189 116.48964 39.97034
1202056189 116.48964 39.97034
1202056189 116.48964 39.97034
1202058312 116.4896 39.9704
1202058541 116.48381 39.97362
1202058843 116.4835 39.98557
1202059144 116.46401 39.97065
1202059748 116.42792 39.92462
1202059962 116.43163 39.92287
1202060049 116.43445 39.92151
1202060264 116.44432 39.9237
1202060351 116.44425 39.92914
1202060565 116.44459 39.93154
1202060653 116.44783 39.93233
1202060954 116.46123 39.93236
1202061256 116.47495 39.92662
1202061408 116.47621 39.92274
1202061558 116.47433 39.92695
1202061710 116.47504 39.93237
1202061710 116.47504 39.93237
1202061859 116.48251 39.9324
1202062011 116.48413 39.9438
1202062161 116.48438 39.95255
1202062313 116.49198 39.9545
1202062462 116.49334 39.95562
1202062615 116.49338 39.95561
1202062764 116.49342 39.95554
1202062916 116.49341 39.95553
1202063218 116.49331 39.95564
1202063367 116.49338 39.95562
1202063520 116.49342 39.95563
1202063669 116.49326 39.9557
1202063821 116.49342 39.9556
1202063971 116.4934 39.95555
1202064123 116.49306 39.95661
1202064519 116.49342 39.95567
1202064519 116.49342 39.95567
1202064519 116.49342 39.95567
1202064519 116.49342 39.95567
1202066037 116.49375 39.95438
1202066086 116.49347 39.95556
1202066339 116.48739 39.96281
1202066388 116.48463 39.96468
1202066640 116.48357 39.97263
1202066640 116.48357 39.97263
1202066689 116.48356 39.9726
1202066942 116.48381 39.97277
1202066991 116.48375 39.97396
1202067293 116.47397 39.97033
1202067594 116.45714 39.96552
1202067896 116.44237 39.96057
1202068198 116.40926 39.96774
1202068499 116.37158 39.96678
1202068801 116.35272 39.96639
1202069103 116.34477 39.96638
1202069404 116.33345 39.96631
1202069706 116.30517 39.96241
1202070008 116.29742 39.95902
1202070193 116.29472 39.95473
1202070309 116.29605 39.95472
1202070494 116.30029 39.96012
1202070611 116.30152 39.96062
1202070796 116.30618 39.96226
1202070912 116.31274 39.96471
1202071098 116.31425 39.96515
1202071214 116.31424 39.96513
1202071257 116.31547 39.96449
1202071516 116.30267 39.95939
1202071558 116.3025 39.96035
1202071860 116.29529 39.97423
1202071860 116.29529 39.97423
1202072119 116.29481 39.98274
1202072162 116.29673 39.98332
1202072421 116.30371 39.9837
1202072463 116.30468 39.98394
1202072472 116.30613 39.98399
1202072722 116.35645 39.98574
1202072774 116.36776 39.9861
1202073024 116.41414 39.98741
1202073076 116.42622 39.98774
1202073326 116.45361 39.96232
1202073377 116.45032 39.95911
1202073627 116.4463 39.96177
1202073679 116.44448 39.95987
1202073929 116.45405 39.95342
1202073981 116.45634 39.9554
1202074167 116.46195 39.9539
1202074231 116.46201 39.95403
1202074468 116.45606 39.95507
1202074468 116.45606 39.95507
1202074532 116.45875 39.95758
1202074770 116.47203 39.96962
1202074834 116.47407 39.97025
1202075072 116.48394 39.97275
1202075136 116.48393 39.97281
1202075373 116.4839 39.97277
1202075373 116.4839 39.97277
1202075437 116.48385 39.97279
1202075675 116.48395 39.97273
1202075739 116.48391 39.97282
1202075977 116.48398 39.97294
1202076041 116.48399 39.97298
1202076151 116.48377 39.974
1202076452 116.47276 39.97966
1202076644 116.45017 39.97878
1202076754 116.43596 39.98635
1202076946 116.41146 39.96787
1202077056 116.39039 39.96735
1202077247 116.35368 39.96643
1202077357 116.34241 39.96642
1202079513 116.3041 39.91043
1202080116 116.32073 39.89575
1202080931 116.33212 39.8761
1202081233 116.3339 39.86761
1202081323 116.33708 39.8666
1202081926 116.39373 39.85369
1202082153 116.3929 39.83884
1202082228 116.39467 39.83654
1202083133 116.41361 39.88524
1202083435 116.41812 39.90309
1202083441 116.41811 39.90309
1202083742 116.4295 39.90711
1202084038 116.45486 39.90423
1202084038 116.45486 39.90423
1202084339 116.47868 39.89932
1202084640 116.50465 39.89886
1202084662 116.50455 39.89887
1202084942 116.48748 39.89946
1202084963 116.48847 39.8995
1202085083 116.49264 39.89581
1202085244 116.48382 39.90022
1202085545 116.48314 39.90371
1202085743 116.49265 39.89678
1202085847 116.48795 39.89951
1202086450 116.47027 39.93251
1202086484 116.46988 39.93249
1202087053 116.51028 39.93883
1202087355 116.53656 39.94025
1202087634 116.55029 39.95383
1202087657 116.55025 39.95387
1202087770 116.54962 39.95748
1202087958 116.54867 39.97182
1202088071 116.54347 39.96976
1202088260 116.52439 39.97672
1202088373 116.52428 39.97673
1202088562 116.50102 39.97067
1202088863 116.47203 39.97882
1202089191 116.44196 39.96279
1202089493 116.45524 39.95437
1202089768 116.46029 39.95836
1202089795 116.46166 39.95667
1202090070 116.48477 39.95812
1202090096 116.48531 39.95845
1202090398 116.48934 39.97073
1202091956 116.49042 39.97065
1202092066 116.49037 39.97064
1202092257 116.48367 39.97328
1202092368 116.4823 39.97215
1202092669 116.46237 39.99294
1202092971 116.4445 40.01975
1202093273 116.41568 40.04018
1202093574 116.42009 40.05881
1202093721 116.43057 40.06225
1202093876 116.42165 40.06255
1202094023 116.41091 40.06067
1202094178 116.40568 40.04988
1202094325 116.4163 40.04021
1202094479 116.41959 40.04002
1202094479 116.41959 40.04002
1202094626 116.42276 40.0397
1202094781 116.43168 40.03369
1202094928 116.44239 40.02313
1202095083 116.46092 40.0141
1202095230 116.45821 39.99984
1202095384 116.46362 39.99149
1202095531 116.4611 39.986
1202095686 116.45438 39.98413
1202095946 116.43513 39.96665
1202095987 116.43647 39.96766
1202096247 116.45162 39.98756
1202096289 116.45683 39.98863
1202096549 116.46591 39.98764
1202096591 116.46302 39.98506
1202096892 116.47625 39.98258
1202097194 116.48466 39.96451
1202097195 116.48465 39.96452
1202097496 116.48349 39.93982
1202097497 116.48349 39.93966
1202097797 116.50142 39.93028
1202097799 116.50141 39.93028
1202098401 116.50135 39.93029
1202098402 116.50135 39.93029
1202098702 116.50138 39.93027
1202098704 116.50137 39.93027
1202099004 116.50131 39.9303
1202099005 116.50131 39.9303
1202099306 116.50127 39.9302
1202099307 116.50127 39.9302
1202099607 116.50131 39.93022
1202099609 116.50134 39.93023
1202099909 116.50133 39.93037
1202099910 116.50132 39.93036
1202100211 116.50135 39.93022
1202100212 116.50135 39.93023
1202100512 116.50143 39.93029
1202100514 116.50145 39.93029
1202100814 116.50133 39.93023
1202100815 116.50133 39.93023
1202101116 116.5013 39.93025
1202101117 116.5013 39.93025
1202101417 116.50129 39.93023
1202101419 116.50131 39.93023
1202101719 116.5013 39.93022
1202101720 116.5013 39.93022
1202102021 116.5013 39.93027
1202102021 116.5013 39.93027
1202102022 116.5013 39.93028
1202102022 116.5013 39.93028
1202102322 116.50135 39.93026
1202102324 116.50134 39.93025
1202102624 116.50128 39.93023
1202102625 116.50128 39.93023
1202102926 116.50127 39.9302
1202102927 116.50127 39.9302
1202103227 116.50137 39.93027
1202103529 116.50125 39.93021
1202103530 116.50125 39.9302
1202103831 116.50137 39.93028
1202103832 116.50138 39.93027
1202104132 116.5013 39.93022
1202104133 116.5013 39.93022
1202104434 116.50122 39.93034
1202104435 116.50122 39.93034
1202104735 116.50124 39.93028
1202105339 116.50124 39.93026
1202105340 116.50124 39.93026
1202105640 116.50131 39.93023
1202105642 116.5013 39.93024
1202105942 116.50131 39.93024
1202105943 116.50132 39.93025
1202106545 116.50126 39.93025
1202106547 116.50126 39.93023
1202106847 116.5013 39.93024
1202106848 116.5013 39.93024
1202107452 116.50127 39.93018
1202107752 116.50131 39.93026
1202107753 116.50131 39.93026
1202108054 116.50128 39.93021
1202108055 116.50128 39.93021
1202108355 116.50128 39.93021
1202108357 116.50129 39.93021
1202108657 116.50133 39.93023
1202108658 116.50133 39.93022
1202108959 116.50124 39.93024
1202108960 116.50124 39.93024
1202109259 116.50136 39.93024
1202109261 116.50136 39.93024
1202109561 116.50123 39.93026
1202109561 116.50123 39.93026
1202109562 116.50124 39.93026
1202109562 116.50124 39.93026
1202109863 116.50136 39.93022
1202109864 116.50136 39.93022
1202110164 116.50129 39.93023
1202110166 116.50129 39.93022
1202110466 116.50133 39.93024
1202110467 116.50133 39.93024
1202110768 116.50139 39.93017
1202110769 116.50139 39.93017
1202111069 116.49465 39.92202
1202111371 116.45632 39.90705
1202111673 116.423 39.90375
1202111708 116.42305 39.9039
1202111974 116.4426 39.90705
1202112010 116.4493 39.907
1202112276 116.43783 39.90712
1202112578 116.41106 39.9323
1202112704 116.40256 39.93031
1202112879 116.41061 39.93213
1202113006 116.42704 39.93216
1202113181 116.43855 39.92557
1202113308 116.44394 39.92138
1202113482 116.44894 39.91218
1202113609 116.45527 39.90758
1202113784 116.45502 39.8937
1202113911 116.45489 39.88683
1202113911 116.45489 39.88683
1202114086 116.45451 39.86966
1202114387 116.40869 39.8559
1202114478 116.40784 39.85495
1202114689 116.40843 39.84726
1202114780 116.40814 39.85234
1202114780 116.40814 39.85234
1202114991 116.41509 39.85572
1202115111 116.40857 39.85554
1202115292 116.41506 39.85567
1202115412 116.41675 39.85598
1202115463 116.42029 39.85661
1202115764 116.43991 39.84657
1202115896 116.44066 39.83573
1202116066 116.44359 39.82565
1202116197 116.44358 39.82565
1202116368 116.44352 39.8256
1202116746 116.44356 39.82564
1202117358 116.44353 39.82565
1202117529 116.44351 39.82566
1202117836 116.44353 39.82564
1202117836 116.44353 39.82564
1202117836 116.44353 39.82564
1202117836 116.44353 39.82564
1202117836 116.44353 39.82564
1202117836 116.44353 39.82564
1202117836 116.44353 39.82564
1202117836 116.44353 39.82564
1202117836 116.44353 39.82564
1202117836 116.44353 39.82564
1202117836 116.44353 39.82564
1202117836 116.44353 39.82564
1202117836 116.44353 39.82564
1202122069 116.44333 39.82583
1202122300 116.44785 39.82307
1202122371 116.44183 39.82918
1202122602 116.4619 39.83392
1202122646 116.46462 39.83562
1202122903 116.48219 39.86542
1202122903 116.48219 39.86542
1202122948 116.48338 39.87304
1202123205 116.4838 39.89902
1202123507 116.49053 39.90723
1202123551 116.49062 39.90763
1202123808 116.49037 39.90758
1202124110 116.48436 39.9204
1202124412 116.48365 39.91471
1202124444 116.48416 39.91862
1202124713 116.48416 39.93481
1202124746 116.48415 39.93819
1202125015 116.48669 39.95951
1202125317 116.48373 39.97383
1202125407 116.48907 39.97525
1202125618 116.49373 39.97248
1202125709 116.49386 39.97227
1202125860 116.49365 39.9724
1202126167 116.4937 39.97276
1202126780 116.49795 39.98318
1202129382 116.49792 39.98318
1202129669 116.48391 39.97212
1202129684 116.48395 39.97227
1202129971 116.48384 39.97319
1202129985 116.48377 39.97405
1202130273 116.46823 39.98884
1202130373 116.46452 39.99119
1202130574 116.46215 39.99425
1202130675 116.46216 39.99425
1202130876 116.46211 39.99418
1202130903 116.46173 39.9944
1202131177 116.47126 39.97922
1202131205 116.46969 39.97696
1202131479 116.46053 39.95932
1202131507 116.45928 39.95892
1202132629 116.46219 39.99416
1202132816 116.46183 39.99382
1202132930 116.46154 39.99373
1202133118 116.46177 39.99365
1202133232 116.46174 39.99375
1202133419 116.46175 39.99354
1202133534 116.46173 39.99359
1202133721 116.46184 39.99375
1202133835 116.46185 39.99368
1202134023 116.46171 39.99352
1202134197 116.46194 39.99564
1202134499 116.46945 39.99906
1202134499 116.46945 39.99906
1202134578 116.47186 39.99813
1202134801 116.46435 39.99167
1202134822 116.46432 39.99171
1202135102 116.46191 39.99405
1202135124 116.46193 39.99392
1202135745 116.42861 39.99699
1202136517 116.44119 39.97757
1202136611 116.43744 39.97534
1202136819 116.42936 39.98216
1202136819 116.42936 39.98216
1202136912 116.43136 39.98629
1202136950 116.43219 39.98548
1202137214 116.42426 39.9714
1202137251 116.42208 39.97137
1202138119 116.47909 39.95928
1202138722 116.48238 39.9071
1202139172 116.45142 39.90642
1202139688 116.42968 39.90617
1202140291 116.40545 39.90898
1202140686 116.40817 39.90827
1202140894 116.41144 39.90899
1202141196 116.4124 39.89734
1202141498 116.41473 39.87786
1202141799 116.42613 39.86445
1202141824 116.42674 39.86443
1202142101 116.43197 39.86069
1202142125 116.43204 39.86075
1202142401 116.42884 39.87886
1202142703 116.45008 39.88242
1202142723 116.45013 39.88238
1202143005 116.43981 39.88424
1202143024 116.43905 39.88596
1202143306 116.43872 39.88876
1202143306 116.43872 39.88876
1202143326 116.43864 39.88871
1202143396 116.43865 39.88876
1202143608 116.43194 39.89843
1202143910 116.42907 39.91148
1202144514 116.44891 39.93243
1202144588 116.45196 39.93224
1202144816 116.45461 39.93229
1202145117 116.47966 39.93237
1202145419 116.51943 39.94028
1202145720 116.54129 39.94659
1202145889 116.5393 39.96212
1202146022 116.54132 39.96357
1202146190 116.53512 39.97107
1202146323 116.53452 39.97161
1202146624 116.52028 39.95654
1202146896 116.50515 39.95563
1202146926 116.50381 39.95405
1202147198 116.49742 39.96294
1202147228 116.49724 39.96493
1202147500 116.44688 39.93223
1202147500 116.44688 39.93223
1202147801 116.47965 39.98108
1202147831 116.47697 39.98285
1202148133 116.46206 39.99426
1202148133 116.46206 39.99426
1202148405 116.46209 39.99421
1202148736 116.4619 39.99418
1202149309 116.47761 39.98406
1202149339 116.47621 39.98346
1202149641 116.46195 39.99418
1202150038 116.47975 39.99428
1202150244 116.4694 39.99613
1202150340 116.46594 39.99316
1202150848 116.44854 39.97996
1202151161 116.41116 39.99356
1202151462 116.41773 39.98939
1202151764 116.42006 39.98734
1202152356 116.47928 39.9588
1202152959 116.49712 39.96565
1202153261 116.48554 39.97068
1202153739 116.48396 39.97874
1202154468 116.38938 39.98676
1202154769 116.34716 39.98365
1202155339 116.35449 39.96376
1202155373 116.35123 39.96377
1202155373 116.35123 39.96377
1202155674 116.34712 39.96868
1202155976 116.38017 39.96678
1202156953 116.45195 39.93135
1202157183 116.45185 39.93226
1202157254 116.45249 39.93234
1202157484 116.46362 39.93237
1202158877 116.45733 39.92747
1202159139 116.45304 39.93227
1202159179 116.45364 39.93081
1202159480 116.45524 39.92556
1202159782 116.44299 39.91639
1202159926 116.44038 39.91345
1202160029 116.44228 39.91203
1202160084 116.44369 39.91208
1202160330 116.45184 39.90798
1202160385 116.45159 39.90813
1202160687 116.43605 39.90722
1202160929 116.4228 39.90376
1202161230 116.43578 39.90698
1202161290 116.44043 39.90696
1202161532 116.44807 39.90693
1202161592 116.4543 39.90673
1202161834 116.45591 39.90684
1202161894 116.45607 39.91116
1202162497 116.45602 39.91116
1202162738 116.45588 39.93154
1202162797 116.45456 39.93072
1202163401 116.4541 39.87021
1202163520 116.45995 39.8699
1202163702 116.46159 39.87649
1202163821 116.46151 39.88162
1202164004 116.4554 39.88878
1202164123 116.4555 39.89858
1202164306 116.45332 39.90536
1202164425 116.44741 39.90271
1202164607 116.44809 39.90692
1202164726 116.45477 39.90333
1202164909 116.45405 39.90379
1202165028 116.45383 39.90422
1202165211 116.45382 39.90415
1202165330 116.45402 39.90435
1202165814 116.47181 39.90708
1202165814 116.47181 39.90708
1202166116 116.473 39.90995
1202166163 116.47298 39.90999
1202166465 116.46332 39.91091
1202167025 116.45404 39.90351
1202167093 116.45476 39.9044
1202167326 116.45138 39.90505
1202167394 116.45114 39.90475
1202167628 116.46111 39.89832
1202167930 116.45626 39.89943
1202168231 116.45561 39.92284
1202168516 116.44439 39.93525
1202168533 116.44438 39.9352
1202168817 116.45172 39.95158
1202168835 116.45293 39.95264
1202169740 116.41176 40.00093
1202169909 116.41156 40.00094
1202170041 116.41123 39.99944
1202170211 116.41278 39.99319
1202170343 116.4178 39.98803
1202170645 116.46338 39.9711
1202170879 116.48172 39.97247
1202170946 116.48365 39.9712
1202171181 116.48388 39.97252
1202171248 116.48366 39.97499
1202171397 116.47631 39.97608
1202171550 116.47019 39.98256
1202171699 116.46211 39.99391
1202171851 116.47107 39.98654
1202172153 116.44757 39.95772
1202172659 116.44162 39.92835
1202172961 116.449 39.93237
1202173058 116.45337 39.93071
1202173360 116.45163 39.9312
1202173360 116.45163 39.9312
1202173564 116.45134 39.93096
1202173661 116.45151 39.93112
1202173866 116.45161 39.93113
1202174168 116.45182 39.93114
1202174265 116.45179 39.93115
1202174515 116.44902 39.92557
1202174515 116.44902 39.92557
1202174566 116.44914 39.92681
1202174817 116.45334 39.92789
1202174868 116.45486 39.93235
1202175119 116.46115 39.94968
1202175170 116.46683 39.95149
1202175420 116.48505 39.96224
1202175471 116.48402 39.96505
1202175722 116.51188 39.97641
1202175773 116.51745 39.97625
1202176026 116.51922 39.97634
1202176215 116.5288 39.97442
1202176562 116.52869 39.9744
1202176562 116.52869 39.9744
1202176562 116.52869 39.9744
1202176562 116.52869 39.9744
1202176562 116.52869 39.9744
1202176562 116.52869 39.9744
1202176562 116.52869 39.9744
1202176562 116.52869 39.9744
1202176562 116.52869 39.9744
1202176562 116.52869 39.9744
1202176562 116.52869 39.9744
1202176562 116.52869 39.9744
1202176562 116.52869 39.9744
1202176562 116.52869 39.9744
1202176562 116.52869 39.9744
1202176562 116.52869 39.9744
1202176562 116.52869 39.9744
1202176562 116.52869 39.9744
1202176562 116.52869 39.9744
1202176562 116.52869 39.9744
1202176562 116.52869 39.9744
1202176562 116.52869 39.9744
1202176562 116.52869 39.9744
1202212832 116.50389 39.97171
1202213134 116.49403 39.97307
1202213255 116.49432 39.9728
1202213873 116.49473 39.97921
1202213982 116.49798 39.9831
1202214103 116.49798 39.98312
1202215978 116.489 39.97067
1202215992 116.48737 39.97066
1202215992 116.48737 39.97066
1202216280 116.48394 39.97233
1202216280 116.48394 39.97233
1202216294 116.48394 39.97236
1202216581 116.48394 39.97244
1202216596 116.48392 39.97245
1202216883 116.4839 39.97249
1202216897 116.4839 39.97246
1202217185 116.48392 39.97243
1202217199 116.48396 39.97247
1202217486 116.47471 39.97604
1202217559 116.47282 39.97561
1202217787 116.48377 39.97262
1202217860 116.48379 39.97359
1202218089 116.48372 39.97363
1202218161 116.48369 39.97371
1202218390 116.48378 39.97402
1202218463 116.48383 39.97383
1202218692 116.48346 39.9744
1202218994 116.48883 39.96186
1202219206 116.49482 39.95576
1202219295 116.4923 39.95458
1202219508 116.49267 39.95754
1202219597 116.49183 39.95952
1202219704 116.4876 39.96261
1202219899 116.48389 39.97123
1202220005 116.49445 39.97067
1202220200 116.49681 39.97067
1202220307 116.48976 39.97062
1202220502 116.50725 39.97365
1202220803 116.53916 39.97343
1202220836 116.53928 39.97339
1202221102 116.53959 39.95955
1202221105 116.53957 39.95956
1202221407 116.5264 39.96414
1202221708 116.51954 39.95572
1202222010 116.49716 39.9353
1202222312 116.47866 39.93151
1202222478 116.47502 39.92696
1202222613 116.47318 39.93231
1202222780 116.4826 39.9324
1202223081 116.49194 39.9545
1202223217 116.49219 39.95871
1202223383 116.49215 39.959
1202223518 116.48413 39.95744
1202223820 116.46516 39.95071
1202223820 116.46516 39.95071
1202223844 116.46518 39.95082
1202224104 116.46985 39.93684
1202224104 116.46985 39.93684
1202224122 116.46978 39.93678
1202224406 116.46846 39.93235
1202224423 116.47128 39.93234
1202224725 116.49526 39.9346
1202225027 116.51122 39.94313
1202225108 116.50849 39.9448
1202225328 116.50308 39.95435
1202225410 116.49416 39.95324
1202225630 116.48185 39.95653
1202225932 116.46545 39.95115
1202226136 116.45409 39.9514
1202226136 116.45409 39.9514
1202226233 116.45604 39.94802
1202226438 116.46786 39.94436
1202226535 116.46858 39.93575
1202226837 116.45563 39.94711
1202227062 116.43577 39.96494
1202227138 116.44098 39.97089
1202227364 116.44826 39.97864
1202227440 116.45711 39.97372
1202227665 116.47602 39.96973
1202227742 116.48328 39.96989
1202227967 116.48963 39.97034
1202228350 116.48962 39.97034
1202228350 116.48962 39.97034
1202228350 116.48962 39.97034
1202228350 116.48962 39.97034
1202228350 116.48961 39.97034
1202228350 116.48962 39.97034
1202230550 116.49685 39.96884
1202230960 116.47976 39.95605
1202231262 116.45901 39.94918
1202231564 116.45527 39.94204
1202231865 116.44412 39.93191
1202232003 116.44383 39.92158
1202232167 116.43992 39.92236
1202232349 116.43987 39.93218
1202232469 116.44101 39.93222
1202232651 116.44931 39.93239
1202232770 116.45434 39.9324
1202232953 116.46032 39.93239
1202233072 116.47411 39.93233
1202233254 116.48381 39.93251
1202233374 116.48414 39.9463
1202233675 116.4493 39.97925
1202233675 116.4493 39.97925
1202233977 116.41561 39.96793
1202234279 116.36943 39.96676
1202235795 116.35584 39.96627
1202236097 116.36279 39.97536
1202236109 116.36243 39.97537
1202236398 116.35951 39.98002
1202236700 116.37484 39.9763
1202236859 116.37368 39.98233
1202237002 116.38504 39.98639
1202237161 116.40614 39.98698
1202237161 116.40614 39.98698
1202237303 116.41771 39.98739
1202237462 116.4304 39.98674
1202237605 116.44431 39.98212
1202237907 116.4509 39.991
1202238026 116.44687 39.99456
1202238026 116.44687 39.99456
1202238201 116.44355 39.99442
1202238208 116.44467 39.99464
1202238503 116.45889 39.98843
1202238510 116.45918 39.98868
1202238618 116.46125 39.99066
1202238812 116.46199 39.99544
1202238919 116.46159 40.0047
1202239113 116.47674 40.01288
1202239221 116.49134 39.99668
1202239415 116.52958 40.02091
1202239716 116.58423 40.05582
1202239824 116.58246 40.07528
1202240018 116.58475 40.07969
1202240126 116.58388 40.07782
1202240320 116.58255 40.0697
1202240428 116.58625 40.06578
1202240621 116.58853 40.05119
1202240729 116.58842 40.04786
1202240737 116.58816 40.04785
1202240923 116.5839 40.05078
1202240923 116.5839 40.05078
1202241039 116.5827 40.05803
1202241225 116.56761 40.03577
1202241341 116.53567 40.02319
1202241526 116.49568 39.99929
1202241642 116.47458 39.9802
1202241828 116.44755 39.95708
1202241944 116.44114 39.95481
1202242130 116.44113 39.95496
1202242431 116.44028 39.96112
1202242733 116.43574 39.98687
1202242952 116.41417 39.98772
1202243035 116.41111 39.98855
1202243253 116.41778 39.9894
1202243253 116.41778 39.9894
1202243336 116.41831 39.98729
1202243555 116.43057 39.98682
1202243607 116.43056 39.98569
1202243638 116.42965 39.98432
1202243909 116.41782 39.9868
1202243940 116.41776 39.98684
1202244210 116.40151 39.99521
1202244241 116.40155 39.99699
1202244512 116.40142 39.9949
1202244543 116.40139 39.99392
1202244814 116.41782 39.9874
1202244845 116.42352 39.98755
1202245146 116.42897 39.98379
1202245397 116.41819 39.98
1202245448 116.41798 39.98431
1202245750 116.42994 39.98757
1202246000 116.43034 39.98744
1202246051 116.43027 39.9874
1202246302 116.43034 39.9875
1202246395 116.4313 39.98748
1202246655 116.47548 39.96181
1202246697 116.48203 39.95558
1202246999 116.48706 39.92162
1202247257 116.51623 39.92259
1202247299 116.52214 39.92248
1202247559 116.54756 39.92284
1202247601 116.54563 39.92282
1202247601 116.54563 39.92282
1202247860 116.5141 39.92218
1202248162 116.51128 39.94594
1202248419 116.50567 39.95588
1202248464 116.50567 39.95592
1202248464 116.50567 39.95592
1202248674 116.49622 39.95266
1202248765 116.5052 39.95565
1202248976 116.52647 39.96412
1202249067 116.53798 39.96469
1202249277 116.55202 39.9699
1202249368 116.55206 39.97367
1202249670 116.55107 39.96976
1202249881 116.52272 39.97664
1202249972 116.50952 39.97507
1202250182 116.49727 39.96341
1202250273 116.49572 39.96341
1202250484 116.4838 39.96795
1202250575 116.48382 39.97395
1202250786 116.4835 39.97417
1202250786 116.4835 39.97417
1202250877 116.48356 39.97423
1202251178 116.48571 39.95872
1202251187 116.4857 39.95867
1202251422 116.49288 39.95701
1202251480 116.49104 39.95447
1202251724 116.48355 39.943
1202251782 116.48354 39.93625
1202252025 116.48364 39.91964
1202252083 116.48351 39.91023
1202252327 116.43456 39.90726
1202252385 116.42911 39.9086
1202252629 116.42287 39.90683
1202252687 116.42534 39.90707
1202252930 116.45347 39.9067
1202252988 116.45441 39.90489
1202253290 116.45485 39.87147
1202253592 116.43912 39.85155
1202253684 116.44014 39.84509
1202253684 116.44014 39.84509
1202253893 116.4393 39.85355
1202253986 116.44427 39.85836
1202254195 116.45799 39.86998
1202254288 116.46978 39.86999
1202254497 116.47134 39.88276
1202254760 116.48336 39.88793
1202254798 116.48337 39.88386
1202255062 116.4716 39.8893
1202255100 116.47168 39.88939
1202255364 116.47154 39.89113
1202255402 116.47151 39.89139
1202255665 116.4847 39.90415
1202255703 116.4898 39.90658
1202256005 116.48388 39.92395
1202256005 116.48388 39.92395
1202256307 116.46902 39.96657
1202256518 116.465 39.97746
1202256608 116.46188 39.97808
1202256807 116.45884 39.98377
1202256910 116.46022 39.97944
1202257108 116.46288 39.98489
1202257212 116.4573 39.98856
1202257513 116.44686 39.99534
1202257808 116.46346 39.98434
1202257815 116.46412 39.98395
1202258116 116.45667 39.99743
1202258315 116.45893 39.99996
1202258617 116.45081 39.98159
1202258617 116.45081 39.98159
1202258720 116.45419 39.98788
1202259021 116.45685 39.98987
1202259625 116.47469 40.02676
1202259696 116.47636 40.02729
1202259926 116.46452 40.02233
1202260162 116.48862 40.02125
1202260228 116.48618 40.02116
1202260464 116.46108 40.01055
1202260530 116.46137 40.00318
1202260600 116.46142 40.00052
1202260831 116.47563 39.98358
1202261064 116.48454 39.98658
1202261116 116.48666 39.98663
1202261133 116.49048 39.98666
1202261418 116.51165 40.00019
1202261435 116.51159 40.00018
1202261736 116.49769 39.98592
1202262038 116.48836 39.96214
1202262291 116.49183 39.95152
1202262340 116.49117 39.95158
1202262592 116.49364 39.95273
1202262641 116.4937 39.95266
1202262894 116.48331 39.96479
1202262943 116.48378 39.97061
1202263196 116.48208 39.98783
1202263497 116.51243 40.01687
1202263546 116.5164 40.02271
1202263848 116.5399 40.05633
1202264101 116.55224 40.08252
1202264450 116.59067 40.11684
1202264703 116.64725 40.11615
1202264752 116.65906 40.11552
1202265005 116.69451 40.1242
1202265054 116.70569 40.1234
1202265306 116.7595 40.13888
1202265355 116.76905 40.14158
1202265608 116.82793 40.14963
1202265657 116.83745 40.15103
1202265910 116.90155 40.15242
1202265959 116.91328 40.15214
1202266211 116.96708 40.14682
1202266260 116.97971 40.14352
1202266513 117.04334 40.14478
1202266562 117.05842 40.14446
1202266814 117.08881 40.13048
1202266863 117.09428 40.12273
1202267116 117.11045 40.08924
1202267165 117.1149 40.08647
1202267418 117.11756 40.08653
1202267467 117.11756 40.08654
1202267720 117.11765 40.08658
1202267768 117.11765 40.08658
1202268021 117.11761 40.0867
1202268070 117.11767 40.0867
1202268323 117.11765 40.08666
1202268372 117.11764 40.0866
1202268624 117.11763 40.08656
1202268673 117.11765 40.08658
1202268926 117.11762 40.08655
1202268975 117.11765 40.08657
1202269228 117.11765 40.08662
1202269277 117.11762 40.08663
1202269529 117.11761 40.08659
1202269578 117.11759 40.08658
1202269831 117.11759 40.08662
1202270248 117.11756 40.08658
1202270248 117.11756 40.08658
1202270248 117.11756 40.08658
1202270248 117.11756 40.08658
1202270248 117.11756 40.08658
1202270248 117.11756 40.08658
1202270248 117.11756 40.08658
1202270248 117.11756 40.08658
1202270248 117.11756 40.08658
1202270248 117.11756 40.08658
1202270248 117.11756 40.08658
1202270248 117.11756 40.08658
1202270248 117.11756 40.08658
1202270248 117.11756 40.08658
1202270248 117.11756 40.08658
1202270248 117.11756 40.08658
1202270248 117.11756 40.08658
1202270248 117.11756 40.08658
1202270248 117.11756 40.08658
1202270248 117.11756 40.08658
1202294326 117.11765 40.08657
1202294396 117.11759 40.08667
1202294628 117.11768 40.08665
1202294697 117.11775 40.08657
1202294929 117.11768 40.08651
1202294999 117.11758 40.08656
1202295231 117.11465 40.08695
1202295301 117.10619 40.09034
1202295372 117.10071 40.08734
1202295533 117.06958 40.08721
1202295834 117.0051 40.06888
1202296002 116.98597 40.07148
1202296018 116.98339 40.07212
1202296136 116.9607 40.07899
1202296320 116.91588 40.07803
1202296320 116.91588 40.07803
1202296438 116.88227 40.07559
1202296621 116.83366 40.07153
1202296739 116.80558 40.06741
1202296923 116.75769 40.06507
1202297041 116.73066 40.06293
1202297225 116.68136 40.06214
1202297343 116.65557 40.06082
1202297644 116.62777 40.03336
1202297828 116.59138 40.03544
1202297946 116.57055 40.03492
1202298130 116.568 40.03335
1202298248 116.55724 40.02949
1202298431 116.5397 40.02322
1202298549 116.52354 40.01745
1202298733 116.50607 40.0078
1202298851 116.49533 39.99724
1202299876 116.46213 39.99409
1202300178 116.47032 39.97741
1202300472 116.44631 39.96185
1202300479 116.44616 39.96166
1202300773 116.44481 39.96044
1202300781 116.44485 39.96049
1202301083 116.45548 39.93159
1202301686 116.39603 39.90644
1202301871 116.37014 39.90643
1202301988 116.36772 39.90958
1202302173 116.3577 39.91315
1202302289 116.35859 39.92198
1202302591 116.35717 39.91227
1202302892 116.36757 39.89834
1202303143 116.3783 39.89421
1202303194 116.37845 39.8913
1202303445 116.36108 39.88793
1202303496 116.35818 39.88802
1202303746 116.35142 39.87961
1202303797 116.3497 39.87961
1202304048 116.34686 39.89361
1202304099 116.34687 39.89639
1202304350 116.35146 39.90864
1202304401 116.35148 39.90737
1202304702 116.35379 39.91253
1202305004 116.36399 39.89824
1202305306 116.38959 39.89873
1202305306 116.38959 39.89873
1202305607 116.42071 39.89932
1202305909 116.44554 39.88316
1202306018 116.44441 39.88323
1202306211 116.43897 39.89232
1202306320 116.43045 39.90138
1202306512 116.43616 39.90684
1202306621 116.4454 39.90498
1202306814 116.44411 39.90421
1202306923 116.44977 39.9068
1202307116 116.45111 39.90484
1202307417 116.4839 39.91225
1202307711 116.49464 39.92498
1202307719 116.49463 39.92494
1202308021 116.48319 39.92064
1202308150 116.4832 39.91069
1202308303 116.47155 39.909
1202308322 116.47135 39.90888
1202308605 116.49421 39.89961
1202308624 116.49733 39.89959
1202308926 116.50427 39.89962
1202309201 116.4829 39.8996
1202309227 116.47969 39.89939
1202309529 116.45629 39.9075
1202309831 116.44781 39.95683
1202310051 116.43265 39.94564
1202310132 116.4311 39.94361
1202310307 116.42643 39.94962
1202310434 116.41902 39.95384
1202310736 116.42959 39.96575
1202310911 116.43759 39.95863
1202311339 116.44739 39.96218
1202311373 116.44742 39.96243
1202311942 116.35168 39.96637
1202312244 116.31183 39.9742
1202312366 116.31071 39.98142
1202312607 116.31687 39.9842
1202312847 116.35847 39.98042
1202312847 116.35847 39.98042
1202312909 116.35495 39.98026
1202313149 116.35932 39.98346
1202313210 116.36282 39.98056
1202313450 116.38116 39.986
1202313512 116.3782 39.98443
1202314972 116.40357 39.98704
1202315183 116.41791 39.99098
1202317379 116.43052 39.98754
1202317391 116.43069 39.98749
1202319004 116.57017 40.06053
1202319262 116.58299 40.05984
1202319306 116.583 40.05987
1202319564 116.58301 40.05983
1202319607 116.58302 40.05984
1202319865 116.58304 40.05987
1202319909 116.58303 40.05985
1202320167 116.583 40.05985
1202320210 116.58298 40.05981
1202320469 116.58302 40.05984
1202320512 116.583 40.05982
1202320770 116.58301 40.05985
1202320814 116.58293 40.05983
1202321072 116.58303 40.05985
1202321115 116.58301 40.05984
1202321374 116.583 40.05985
1202321417 116.58302 40.05985
1202321675 116.583 40.05986
1202321719 116.58302 40.05987
1202321977 116.58301 40.05989
1202322020 116.58298 40.05987
1202322279 116.58302 40.05989
1202322322 116.58301 40.05987
1202322580 116.58299 40.05984
1202322882 116.58303 40.05986
1202322925 116.58303 40.05985
1202323183 116.58302 40.05985
1202323227 116.58299 40.05989
1202323485 116.58299 40.05985
1202323529 116.58302 40.05987
1202323787 116.58299 40.05991
1202323830 116.58304 40.05987
1202324088 116.58231 40.0746
1202324132 116.58568 40.07672
1202326144 116.58331 40.07587
1202326335 116.588 40.05462
1202326445 116.59918 40.04507
1202326637 116.6064 40.0343
1202326747 116.62608 40.03315
1202326938 116.63657 40.05694
1202327049 116.65953 40.06122
1202327240 116.71853 40.06187
1202327350 116.75279 40.06342
1202327350 116.75279 40.06342
1202327542 116.80398 40.06721
1202327652 116.83693 40.07179
1202327843 116.89472 40.07658
1202327954 116.93362 40.07992
1202328145 116.98516 40.07163
1202328255 117.0028 40.06721
1202328447 117.00377 40.03543
1202328651 116.99091 40.01477
1202328793 116.99056 40.01725
1202328793 116.99056 40.01725
1202329415 116.99725 40.01414
1202329587 117.00557 40.02668
1202329717 117.00211 40.04999
1202329913 117.02707 40.077
1202330147 117.09057 40.08811
1202330190 117.10068 40.08716
1202330432 117.11898 40.08636
1202330739 117.11899 40.08632
1202330739 117.11899 40.08632
1202331522 117.11766 40.08652
1202331829 117.11765 40.0865
1202331829 117.11765 40.0865
1202332742 117.10678 40.08995
1202333044 117.10982 40.11989
1202333345 117.10513 40.13948
1202333396 117.10508 40.1435
1202333647 117.06579 40.14396
1202333698 117.05228 40.1454
1202333949 116.99362 40.14008
1202334000 116.98055 40.14334
1202334250 116.90363 40.15247
1202334301 116.88691 40.15244
1202334552 116.8342 40.15095
1202334603 116.82439 40.14923
1202334603 116.82439 40.14923
1202334854 116.76978 40.14187
1202334905 116.75866 40.13869
1202335206 116.71652 40.12156
1202335457 116.66507 40.11489
1202335508 116.65979 40.11554
1202335759 116.60603 40.1167
1202335759 116.60603 40.1167
1202335810 116.60033 40.11681
1202336060 116.56381 40.11661
1202336111 116.5598 40.11428
1202336362 116.55071 40.07399
1202336413 116.54922 40.06533
1202336582 116.55184 40.06352
1202336715 116.57191 40.06042
1202336884 116.57924 40.04727
1202337016 116.55188 40.02859
1202337185 116.50411 40.00692
1202337318 116.47783 39.98314
1202337487 116.48036 39.95802
1202337620 116.48367 39.93225
1202337789 116.48369 39.89821
1202337789 116.48369 39.89821
1202337921 116.47331 39.8832
1202338090 116.47667 39.88864
1202338223 116.47191 39.88743
1202338392 116.47314 39.89916
1202338525 116.48323 39.89935
1202338627 116.48369 39.89872
1202338826 116.47823 39.87647
1202338929 116.46907 39.87486
1202339128 116.45782 39.87268
1202339290 116.46164 39.87556
1202339430 116.45898 39.88064
1202339644 116.44619 39.88034
1202339731 116.44974 39.88029
1202339946 116.45546 39.88387
1202340033 116.45553 39.88988
1202340335 116.46526 39.91458
1202340502 116.47219 39.92079
1202340636 116.47488 39.92695
1202341060 116.51137 39.91696
1202341240 116.51234 39.91734
1202341541 116.52369 39.90876
1202341762 116.52494 39.90395
1202341843 116.52427 39.90434
1202341843 116.52427 39.90434
1202342063 116.51546 39.91459
1202342144 116.51313 39.91553
1202342338 116.51815 39.92269
1202342446 116.50152 39.92194
1202342639 116.5006 39.93027
1202343049 116.51248 39.9157
1202343351 116.52371 39.90879
1202343653 116.56749 39.90845
1202344064 116.59526 39.88774
1202344256 116.6013 39.89021
1202344366 116.59615 39.89916
1202344558 116.59097 39.91095
1202344668 116.57821 39.91287
1202344764 116.5722 39.91359
1202344859 116.56418 39.90874
1202345160 116.52404 39.90854
1202345366 116.48615 39.90739
1202345462 116.48356 39.89318
1202345668 116.46188 39.88307
1202345763 116.46161 39.87976
1202345970 116.46765 39.86993
1202346367 116.47174 39.89909
1202346970 116.47866 39.92189
1202347133 116.46874 39.92596
1202347272 116.46865 39.92961
1202347573 116.4542 39.93243
1202347875 116.41502 39.93231
1202348115 116.38645 39.93217
1202348177 116.38365 39.93196
1202348416 116.39893 39.93201
1202348478 116.4057 39.93196
1202348718 116.4227 39.93961
1202348780 116.42825 39.93854
1202348921 116.43405 39.94683
1202349383 116.44421 39.93273
1202349524 116.44935 39.93125
1202350288 116.44261 39.92565
1202350590 116.4296 39.90559
1202351193 116.3682 39.87623
1202351253 116.36789 39.87632
1202351495 116.37587 39.86939
1202352069 116.46515 39.88303
1202352098 116.46728 39.88307
1202352400 116.48398 39.88298
1202352701 116.48388 39.94366
1202352921 116.47002 39.95265
1202352961 116.46589 39.95127
1202353003 116.46518 39.9511
1202353139 116.46276 39.94372
1202353606 116.43797 39.92112
1202353742 116.43926 39.92184
1202353908 116.44425 39.92181
1202354210 116.45487 39.93242
1202354511 116.44239 39.96305
1202354565 116.44355 39.96408
1202354813 116.45554 39.93977
1202355115 116.45505 39.88496
1202355291 116.44808 39.87222
1202355416 116.45362 39.87233
1202355718 116.45576 39.90827
1202356020 116.41305 39.90696
1202356321 116.36822 39.90596
1202356603 116.36785 39.90728
1202356623 116.3678 39.9062
1202356905 116.37686 39.88799
1202356925 116.3782 39.88799
1202356925 116.3782 39.88799
1202357549 116.41434 39.90029
1202357830 116.43512 39.90708
1202357851 116.4351 39.90708
1202358049 116.45697 39.90679
1202358351 116.47244 39.91381
1202358433 116.4721 39.92027
1202358652 116.46673 39.93374
1202358735 116.46856 39.93847
1202359036 116.45531 39.94096
1202359481 116.48987 39.93109
1202359639 116.50161 39.93027
1202359783 116.49264 39.93406
1202359941 116.48409 39.94938
1202360084 116.49397 39.95365
1202360386 116.48349 39.94145
1202360544 116.48999 39.92976
1202360727 116.48954 39.92193
1202360913 116.47864 39.91959
1202361148 116.47842 39.91966
1202361214 116.47859 39.91965
1202361631 116.49596 39.92463
1202361751 116.50248 39.93662
1202361754 116.50323 39.93683
1202362053 116.49977 39.93028
1202362056 116.50011 39.93028
1202362357 116.50123 39.93024
1202362960 116.50115 39.93024
1202363262 116.50116 39.9303
1202363563 116.50119 39.93023
1202364163 116.50117 39.93024
1202364167 116.50115 39.93027
1202364465 116.50126 39.93025
1202364465 116.50126 39.93025
1202364468 116.50128 39.93025
1202364468 116.50128 39.93025
1202364767 116.50117 39.93029
1202364770 116.50118 39.93028
1202365089 116.50122 39.93021
1202365370 116.50122 39.9302
1202365373 116.50121 39.9302
1202366275 116.50098 39.93017
1202366278 116.50099 39.93018
1202366580 116.50114 39.93022
1202366882 116.50114 39.93019
1202367180 116.50104 39.9303
1202367183 116.50105 39.9303
1202367482 116.50096 39.93035
1202367485 116.50097 39.93034
1202367787 116.50108 39.93026
1202368088 116.50107 39.93031
1202368387 116.50115 39.93022
1202368390 116.50115 39.93023
1202368692 116.50117 39.93022
1202369312 116.50117 39.93022
1202369895 116.45584 39.93258
1202370190 116.44566 39.95738
1202370197 116.44567 39.95738
1202370498 116.45641 39.95547
1202370800 116.47078 39.95381
1202371206 116.46442 39.96543
1202371508 116.46421 39.96329
1202371705 116.46419 39.96329
1202372308 116.49693 39.96973
1202372388 116.49752 39.96385
1202372610 116.51116 39.94293
1202372932 116.4986 39.93445
1202373184 116.49884 39.93029
1202373213 116.49615 39.93024
1202373486 116.48338 39.90855
1202374118 116.53698 39.92981
1202375023 116.58659 40.07692
1202375086 116.58663 40.07885
1202375626 116.58701 40.06056
1202375689 116.58818 40.05362
1202375928 116.58326 40.0476
1202375991 116.57783 40.04973
1202377188 116.50358 39.98738
1202377610 116.49351 39.97284
1202377681 116.49405 39.97309
1202377912 116.49053 39.97064
1202377982 116.49054 39.97064
1202378708 116.49389 39.97069
1202378821 116.48377 39.96594
1202379009 116.47113 39.95308
1202379123 116.46269 39.95025
1202379311 116.45163 39.94745
1202379424 116.43849 39.94994
1202379613 116.42787 39.94629
1202379726 116.40225 39.94776
1202379914 116.3876 39.94554
1202380028 116.38598 39.93982
1202380329 116.38484 39.91889
1202380631 116.38888 39.89716
1202380933 116.39263 39.87957
1202381128 116.3916 39.86558
1202381193 116.3888 39.86409
1202381495 116.38057 39.84772
1202381536 116.38007 39.84392
1202381838 116.37019 39.84626
1202381854 116.37037 39.84811
1202382139 116.38053 39.8592
1202382156 116.38061 39.85964
1202382156 116.38061 39.85964
1202382742 116.43268 39.86899
1202382742 116.43268 39.86899
1202383044 116.45533 39.88577
1202383346 116.45634 39.91162
1202383492 116.45354 39.91273
1202383647 116.45605 39.90772
1202383949 116.45563 39.94791
1202384251 116.41263 39.96802
1202384376 116.41189 39.96807
1202384552 116.41824 39.97815
1202384677 116.42279 39.98746
1202384772 116.43338 39.98663
1202384772 116.43338 39.98663
1202384854 116.43551 39.98478
1202385074 116.43276 39.96644
1202385156 116.44481 39.95843
1202385375 116.43994 39.94905
1202385457 116.44423 39.94443
1202385677 116.43991 39.92425
1202385759 116.43767 39.9223
1202385979 116.44374 39.92149
1202386061 116.44425 39.92187
1202386362 116.43386 39.93239
1202386663 116.41099 39.93273
1202386965 116.41935 39.94469
1202387266 116.41907 39.95232
1202387501 116.41891 39.96272
1202387568 116.41866 39.96689
1202387803 116.41803 39.98312
1202387870 116.4193 39.98731
1202388171 116.44561 39.98133
1202388473 116.45929 39.98641
1202388601 116.46318 39.99061
1202388775 116.45685 39.99202
1202388903 116.44916 39.9957
1202389076 116.43811 39.98712
1202389204 116.42019 39.98778
1202389378 116.43157 39.98744
1202389676 116.48213 39.95549
1202389680 116.48253 39.95477
1202389977 116.47435 39.90408
1202389981 116.47331 39.90401
1202391564 116.42883 39.89087
1202391692 116.42922 39.89099
1202391849 116.42898 39.89246
1202391865 116.42906 39.89254
1202392150 116.4224 39.89189
1202392167 116.42524 39.89201
1202392469 116.45424 39.89175
1202392770 116.45568 39.93124
1202392943 116.47552 39.93231
1202393072 116.47886 39.93235
1202393374 116.47682 39.96655
1202393429 116.47816 39.96674
1202393675 116.48838 39.9706
1202393731 116.48967 39.97052
1202393977 116.4897 39.97053
1202394033 116.4897 39.97052
1202394279 116.48968 39.97054
1202394334 116.48965 39.97051
1202394334 116.48965 39.97051
1202394580 116.4897 39.97054
1202394636 116.4897 39.97054
1202394882 116.48961 39.97052
1202394938 116.48965 39.97046
1202395485 116.48967 39.9705
1202395541 116.48966 39.97046
1202395787 116.48969 39.97056
1202395787 116.48969 39.97056
1202395842 116.48962 39.97045
1202396088 116.48964 39.97046
1202396144 116.48969 39.9706
1202396389 116.4895 39.97051
1202396445 116.48871 39.97053
1202396691 116.48874 39.97054
1202396746 116.48876 39.97053
1202396992 116.48872 39.9706
1202397048 116.49318 39.97061
1202397294 116.48362 39.98247
1202398384 116.49707 39.97544
1202398513 116.49711 39.97537
1202398685 116.49704 39.97532
1202398685 116.49704 39.97532
1202398814 116.49704 39.97536
1202398987 116.49707 39.97535
1202399116 116.49704 39.97539
1202399289 116.49701 39.97545
1202399417 116.49703 39.97542
1202399590 116.49707 39.97536
1202399719 116.49706 39.97541
1202399892 116.49708 39.97546
1202400021 116.49707 39.97543
1202400194 116.49705 39.97535
1202400322 116.49702 39.9754
1202400495 116.49705 39.97546
1202400624 116.49706 39.97547
1202400797 116.49702 39.9754
1202400926 116.49703 39.9754
1202401098 116.49702 39.9754
1202401227 116.49708 39.97539
1202401400 116.49709 39.97541
1202401529 116.49704 39.97547
1202401702 116.49708 39.97546
1202401831 116.49707 39.97546
1202402003 116.49704 39.97539
1202402132 116.49699 39.97539
1202402305 116.49698 39.9754
1202402434 116.49706 39.97543
1202402607 116.49705 39.97541
1202402736 116.49705 39.97536
1202402908 116.49706 39.97539
1202403037 116.49702 39.97539
1202403037 116.49702 39.97539
1202403210 116.49703 39.97535
1202403339 116.497 39.97539
1202403512 116.49706 39.97534
1202403641 116.497 39.97534
1202403813 116.49692 39.97404
1202404115 116.49089 39.96306
1202404417 116.48635 39.95923
1202404718 116.4655 39.94946
1202404806 116.46832 39.94281
1202405020 116.47174 39.93233
1202405108 116.47471 39.93234
1202405306 116.47848 39.93242
1202405322 116.48087 39.93241
1202405607 116.48187 39.95659
1202405623 116.48325 39.95747
1202405909 116.49261 39.95745
1202405925 116.49309 39.95617
1202406227 116.47086 39.95291
1202406227 116.47086 39.95291
1202406528 116.44242 39.96047
1202406830 116.40506 39.96761
1202407132 116.33715 39.96634
1202407433 116.30396 39.93837
1202407735 116.29 39.90629
1202408037 116.27728 39.9026
1202408338 116.2826 39.90621
1202408640 116.3042 39.91723
1202408942 116.30765 39.96297
1202409243 116.37873 39.96683
1202409545 116.44009 39.96152
1202409610 116.43883 39.95989
1202409847 116.44214 39.96017
1202409912 116.44852 39.95605
1202410128 116.45881 39.9576
1202410450 116.43502 39.98681
1202410732 116.37079 39.98626
1202410752 116.36462 39.98612
1202411032 116.33595 39.98168
1202411052 116.33593 39.9817
1202411334 116.3483 39.98524
1202411354 116.34871 39.98525
1202411636 116.38307 39.98628
1202411655 116.38678 39.98647
1202411937 116.41747 39.98726
1202411957 116.41741 39.98723
1202412259 116.42815 39.98372
1202412549 116.41416 39.98534
1202412560 116.41454 39.986
1202412653 116.41693 39.98722
1202412862 116.4185 39.9713
1202412955 116.41871 39.96207
1202413164 116.42717 39.95816
1202413239 116.43299 39.95834
1202413465 116.42618 39.96826
1202413541 116.40845 39.96774
1202414280 116.36507 39.98585
1202414431 116.38431 39.98636
1202414581 116.40855 39.98709
1202414733 116.41748 39.98727
1202414883 116.42805 39.98755
1202415034 116.43055 39.98753
1202415185 116.43047 39.98752
1202415336 116.43128 39.9866
1202415638 116.42706 39.98219
1202415939 116.41353 39.98768
1202416005 116.41269 39.98788
1202416241 116.41552 39.98944
1202416339 116.40616 39.98745
1202416542 116.4063 39.98694
1202416641 116.41517 39.98719
1202416844 116.39086 39.98689
1202417146 116.37154 39.96699
1202417156 116.3715 39.96699
1202417447 116.38891 39.96701
1202417457 116.39012 39.96703
1202417749 116.4345 39.96539
1202417841 116.43886 39.95986
1202418051 116.44051 39.96142
1202418143 116.4359 39.96606
1202418352 116.44437 39.98274
1202418654 116.45084 39.98388
1202418956 116.44482 39.97317
1202419049 116.45138 39.96846
1202419257 116.44952 39.97877
1202419559 116.4816 39.98743
1202419861 116.49904 40.00709
1202419861 116.49904 40.00709
1202419905 116.49552 40.00824
1202420084 116.49526 40.0083
1202420649 116.49049 39.99615
1202420951 116.47192 39.97896
1202421199 116.44912 39.95891
1202421252 116.44697 39.95792
1202421554 116.38625 39.96716
1202421856 116.31766 39.96613
1202422025 116.31296 39.97066
1202422157 116.31618 39.96559
1202422459 116.32602 39.966
1202422579 116.3288 39.95736
1202422761 116.33587 39.96609
1202422761 116.33587 39.96609
1202422881 116.35576 39.96618
1202423062 116.36397 39.96766
1202423307 116.35513 39.97535
1202423364 116.35285 39.97544
1202423609 116.356 39.98034
1202423666 116.35919 39.9805
1202423713 116.35947 39.97742
1202423967 116.3473 39.96712
1202424015 116.34728 39.95983
1202424269 116.34931 39.95222
1202424316 116.34906 39.95622
1202424570 116.3642 39.94715
1202424872 116.35015 39.9076
1202425174 116.31177 39.89579
1202425475 116.27115 39.87636
1202425777 116.28054 39.83524
1202425939 116.28487 39.8328
1202426079 116.2824 39.83217
1202426305 116.28023 39.83699
1202426380 116.28442 39.8295
1202426607 116.34303 39.82969
1202426682 116.36331 39.82981
1202426909 116.39553 39.81772
1202426984 116.39574 39.81331
1202427210 116.3963 39.81179
1202427285 116.39613 39.81606
1202427512 116.39568 39.83153
1202427587 116.39861 39.8345
1202427889 116.38958 39.85585
1202428155 116.38063 39.85131
1202428190 116.38051 39.85123
1202428485 116.41506 39.85565
1202428492 116.41533 39.85564
1202428794 116.44819 39.8612
1202428983 116.4616 39.87454
1202428983 116.4616 39.87454
1202429095 116.46162 39.87573
1202429285 116.46168 39.87827
1202429397 116.46524 39.88303
1202429699 116.45555 39.89319
1202430000 116.44419 39.91628
1202430300 116.43749 39.9274
1202430300 116.43749 39.9274
1202430301 116.4375 39.92739
1202430301 116.4375 39.92739
1202430602 116.45463 39.93235
1202430603 116.45464 39.93235
1202430904 116.47424 39.93233
1202430904 116.47424 39.93233
1202431104 116.46968 39.93602
1202431206 116.46848 39.93958
1202431405 116.46683 39.93235
1202431508 116.47504 39.93236
1202431707 116.48411 39.94251
1202431809 116.4836 39.95284
1202432009 116.49132 39.96024
1202432111 116.48422 39.96487
1202432166 116.4838 39.96948
1202432413 116.51298 39.97666
1202432468 116.52415 39.97671
1202432714 116.55723 39.97385
1202432770 116.55557 39.9747
1202433016 116.5358 39.97066
1202433317 116.51641 39.96183
1202433544 116.54998 39.95959
1202433619 116.55047 39.96175
1202433846 116.53483 39.97125
1202433921 116.52445 39.97674
1202434147 116.49342 39.97251
1202434194 116.49339 39.97114
1202434222 116.48893 39.97066
1202435261 116.4896 39.97035
1202435681 116.48961 39.97033
1202435681 116.48961 39.97033
1202435681 116.48961 39.97033
1202435681 116.48961 39.97033
1202471050 116.48852 39.97074
1202471061 116.48851 39.97074
1202471166 116.48645 39.97068
1202471352 116.47293 39.97835
1202471468 116.46034 39.98658
1202471653 116.45666 39.99571
1202471769 116.45408 39.99942
1202471769 116.45408 39.99942
1202471769 116.45408 39.99942
1202471769 116.45408 39.99942
1202471955 116.45781 39.99974
1202472257 116.48486 40.00607
1202472558 116.49488 40.02177
1202472770 116.49932 40.03651
1202472860 116.49747 40.03441
1202473071 116.47471 40.02022
1202473162 116.46817 40.02351
1202473373 116.461 40.01138
1202473463 116.46131 40.00436
1202473463 116.46131 40.00436
1202473765 116.45927 39.98714
1202474067 116.46791 39.96654
1202474248 116.45522 39.95417
1202474368 116.46192 39.9548
1202474550 116.46308 39.94327
1202474670 116.46261 39.94654
1202474850 116.46105 39.94652
1202474972 116.44931 39.94492
1202475152 116.43804 39.94259
1202475273 116.42969 39.93975
1202475453 116.42829 39.92385
1202475575 116.42942 39.90902
1202475755 116.42299 39.9058
1202475877 116.42898 39.90605
1202476178 116.4838 39.91697
1202476480 116.46608 39.96863
1202478161 116.55155 40.02746
1202478454 116.54097 40.00765
1202478462 116.53953 40.00763
1202478756 116.49816 40.00044
1202479057 116.47574 39.99177
1202479359 116.45679 39.99249
1202480200 116.45032 39.99581
1202480264 116.45388 39.99569
1202480867 116.46534 39.97188
1202481162 116.42696 39.94084
1202481169 116.42697 39.94041
1202481471 116.45538 39.92398
1202482074 116.47696 39.87998
1202482376 116.47151 39.89282
1202482677 116.47919 39.90721
1202482979 116.45508 39.90477
1202484125 116.43811 39.87082
1202484427 116.44601 39.88032
1202484729 116.45005 39.88283
1202484939 116.4354 39.8977
1202485567 116.44306 39.93234
1202485868 116.4517 39.93135
1202485935 116.45369 39.93227
1202486237 116.44129 39.90711
1202486539 116.42073 39.89598
1202486840 116.4121 39.90494
1202486840 116.4121 39.90494
1202486963 116.42346 39.90688
1202487142 116.421 39.9066
1202487745 116.42287 39.90742
1202487800 116.42632 39.90705
1202488047 116.45586 39.90557
1202488101 116.45572 39.91422
1202488704 116.47715 39.9269
1202488951 116.46137 39.92806
1202489252 116.4541 39.95296
1202489826 116.42463 39.9679
1202489856 116.42947 39.96784
1202490383 116.41882 39.9551
1202490459 116.41921 39.95488
1202491062 116.4198 39.96978
1202491328 116.41838 39.97364
