UTS Latitude Longitude
1201959352 116.45437 39.87041
1201959652 116.46716 39.87143
1201959674 116.46716 39.87143
1201959974 116.46179 39.87806
1201960004 116.46174 39.87907
1201960304 116.47148 39.89682
1201960604 116.4718 39.9001
1201960635 116.47183 39.90011
1201960935 116.47187 39.90057
1201961235 116.47184 39.90097
1201961535 116.47178 39.90178
1201961835 116.47176 39.9026
1201962135 116.48437 39.89951
1201962135 116.48437 39.89951
1201962135 116.48437 39.89951
1201962435 116.47684 39.89199
1201962735 116.46296 39.88324
1201962801 116.46113 39.88152
1201963035 116.45521 39.87762
1201963335 116.462 39.88265
1201963635 116.4615 39.8789
1201963935 116.46505 39.87887
1201964235 116.45853 39.8806
1201964535 116.45846 39.88061
1201964535 116.45846 39.88061
1201964835 116.45834 39.88032
1201965135 116.45842 39.88057
1201965135 116.45842 39.88057
1201965435 116.45854 39.88085
1201966035 116.45858 39.88091
1201966335 116.45828 39.88046
1201966635 116.45859 39.88084
1201966935 116.45858 39.88085
1201967534 116.45845 39.88082
1201967834 116.45824 39.88048
1201968134 116.45657 39.88059
1201968149 116.45584 39.88064
1201968449 116.45592 39.89315
1201968749 116.45606 39.91422
1201969049 116.44728 39.92015
1201969349 116.44541 39.92172
1201969649 116.4308 39.92327
1201969949 116.42237 39.92321
1201970249 116.40481 39.9239
1201970348 116.40577 39.92628
1201970648 116.41472 39.93206
1201970948 116.42515 39.93189
1201971248 116.42674 39.93213
1201971548 116.4275 39.94712
1201971848 116.47225 39.97783
1201972148 116.52682 40.01987
1201972448 116.55755 40.01069
1201972748 116.57041 40.00506
1201973348 116.57036 40.00506
1201973648 116.57035 40.00507
1201973948 116.57035 40.00507
1201974248 116.57035 40.00507
1201974548 116.57036 40.00507
1201974848 116.57036 40.00507
1201975748 116.57038 40.00506
1201976048 116.57038 40.00506
1201976347 116.57037 40.00506
1201976647 116.57037 40.00506
1201976947 116.57037 40.00506
1201977247 116.57037 40.00505
1201977547 116.57037 40.00505
1201977847 116.57038 40.00505
1201978147 116.57038 40.00504
1201978447 116.57038 40.00504
1201978747 116.57038 40.00504
1201979047 116.57038 40.00503
1201979347 116.57038 40.00503
1201979347 116.57038 40.00503
1201979647 116.57038 40.00502
1201979947 116.57038 40.00502
1201980247 116.57038 40.00502
1201980547 116.57038 40.00502
1201980847 116.57039 40.00502
1201981147 116.57039 40.00501
1201981447 116.57039 40.00501
1201981747 116.57039 40.00501
1201982047 116.57039 40.00501
1201982347 116.57039 40.00501
1201982647 116.57038 40.005
1201982947 116.57038 40.005
1201983247 116.57038 40.005
1201983547 116.57038 40.005
1201983847 116.57038 40.005
1201984147 116.57038 40.00501
1201984447 116.57039 40.00501
1201984747 116.57039 40.00501
1201985047 116.57039 40.00501
1201985347 116.57039 40.00501
1201985647 116.56906 40.00328
1201985947 116.57349 40.00316
1201986247 116.5735 40.00316
1201986547 116.5735 40.00316
1201986847 116.57348 40.00316
1201987147 116.57347 40.00316
1201987447 116.57345 40.00316
1201987747 116.57345 40.00315
1201988047 116.57347 40.00312
1201988047 116.57347 40.00312
1201988347 116.57345 40.00302
1201988647 116.5711 40.00078
1201988947 116.54914 40.02428
1201989547 116.47452 39.97999
1201990147 116.43093 39.98495
1201990447 116.43212 39.98285
1201990747 116.43204 39.98326
1201991047 116.43218 39.98261
1201991347 116.4327 39.98314
1201991647 116.43194 39.98144
1201991947 116.43253 39.98294
1201992246 116.43232 39.98238
1201992546 116.43281 39.98317
1201992846 116.43217 39.98231
1201993146 116.43296 39.98362
1201993446 116.43268 39.98317
1201993746 116.43279 39.9832
1201994046 116.43286 39.98341
1201994346 116.43285 39.98338
1201994646 116.43288 39.98329
1201994946 116.43276 39.9831
1201995546 116.45576 39.97481
1201995846 116.4996 40.00268
1201996146 116.54918 40.01852
1201996446 116.57575 40.00186
1201996746 116.57352 40.0032
1201996746 116.57352 40.0032
1201997046 116.57352 40.00319
1201997346 116.57353 40.00319
1201997646 116.57351 40.00315
1201997946 116.5735 40.00315
1201998246 116.5735 40.00315
1201998546 116.5735 40.00315
1201998846 116.5735 40.00315
1201999146 116.5735 40.00315
1201999446 116.5735 40.00315
1202000346 116.5735 40.00315
1202000646 116.5735 40.00315
1202000946 116.5735 40.00315
1202001246 116.57351 40.00314
1202001546 116.57351 40.00314
1202001846 116.57352 40.00314
1202002146 116.57352 40.00314
1202002446 116.57352 40.00314
1202002746 116.57353 40.00314
1202003046 116.57353 40.00313
1202003346 116.57353 40.00313
1202003646 116.57353 40.00313
1202003946 116.57352 40.00312
1202004246 116.57352 40.00312
1202009966 116.57344 40.00317
1202010245 116.57344 40.00316
1202010845 116.57344 40.00315
1202011145 116.57348 40.00318
1202011745 116.57349 40.00314
1202012045 116.57348 40.00313
1202012345 116.57348 40.00314
1202012645 116.57348 40.00314
1202012945 116.57348 40.00314
1202013245 116.57348 40.00314
1202013845 116.57348 40.00313
1202014145 116.57348 40.00313
1202014145 116.57348 40.00313
1202014445 116.57349 40.00313
1202014745 116.57349 40.00312
1202015045 116.57349 40.00312
1202015345 116.57349 40.00312
1202015645 116.57324 40.00288
1202015945 116.5734 40.00319
1202016245 116.57342 40.00319
1202016545 116.57343 40.00319
1202016845 116.57344 40.00319
1202017145 116.57304 40.00318
1202017445 116.57337 40.00322
1202017745 116.57339 40.00321
1202018345 116.57341 40.0032
1202018645 116.57342 40.0032
1202018945 116.57342 40.0032
1202019545 116.57335 40.00324
1202019845 116.57348 40.0031
1202020145 116.57343 40.00315
1202020445 116.57342 40.00317
1202020745 116.57343 40.00316
1202021345 116.57344 40.00314
1202021645 116.57345 40.00313
1202021945 116.57345 40.00312
1202022245 116.57346 40.00312
1202022545 116.57346 40.00312
1202023145 116.57346 40.00312
1202023444 116.57345 40.00312
1202023744 116.57345 40.00312
1202024044 116.57345 40.00313
1202024944 116.57344 40.00315
1202025544 116.57344 40.00315
1202025844 116.57344 40.00316
1202026144 116.57344 40.00316
1202026444 116.57344 40.00316
1202028244 116.57345 40.00316
1202028544 116.57345 40.00316
1202028844 116.57345 40.00316
1202029444 116.57344 40.00316
1202029744 116.57363 40.00307
1202030044 116.57309 40.00334
1202030644 116.57336 40.00326
1202030944 116.57339 40.00325
1202031244 116.5734 40.00321
1202031544 116.57341 40.00319
1202031544 116.57341 40.00319
1202031844 116.57343 40.00317
1202032144 116.57348 40.00297
1202032444 116.57351 40.00298
1202032744 116.57347 40.00303
1202033044 116.57345 40.00307
1202033344 116.57344 40.00308
1202034244 116.57342 40.00311
1202034544 116.57342 40.00312
1202034844 116.57342 40.00313
1202035144 116.57342 40.00313
1202035444 116.57342 40.00313
1202035744 116.57342 40.00313
1202036044 116.57342 40.00313
1202036344 116.57342 40.00314
1202036944 116.57342 40.00314
1202037244 116.57342 40.00314
1202037844 116.57341 40.00314
1202038144 116.57341 40.00314
1202038444 116.57341 40.00315
1202038744 116.57341 40.00314
1202039044 116.57341 40.00315
1202039343 116.57341 40.00315
1202039643 116.57341 40.00315
1202039943 116.5734 40.00315
1202041443 116.57339 40.00317
1202041743 116.57339 40.00317
1202042043 116.57339 40.00318
1202042343 116.57339 40.00318
1202042643 116.57339 40.00318
1202042943 116.57341 40.00314
1202043243 116.57345 40.00316
1202043543 116.57346 40.00315
1202043843 116.57348 40.00314
1202044143 116.57349 40.00314
1202044443 116.5735 40.00314
1202044743 116.5735 40.00314
1202045043 116.5735 40.00314
1202045343 116.5735 40.00314
1202045643 116.57351 40.00314
1202045943 116.57351 40.00313
1202046243 116.57351 40.00313
1202046543 116.57351 40.00312
1202046843 116.5735 40.00313
1202047143 116.5735 40.00312
1202047443 116.5735 40.00312
1202047743 116.5735 40.00311
1202048043 116.57349 40.00311
1202048343 116.57349 40.00311
1202048643 116.57349 40.00311
1202048943 116.57349 40.00312
1202048943 116.57349 40.00312
1202049243 116.57349 40.00312
1202049243 116.57349 40.00312
1202049543 116.57349 40.00312
1202049843 116.57348 40.00312
1202050143 116.57348 40.00311
1202050443 116.56099 39.99771
1202050743 116.56854 39.96391
1202051043 116.58322 39.93872
1202051054 116.58317 39.93753
1202051354 116.58344 39.92427
1202051654 116.53831 39.92241
1202051954 116.51523 39.92291
1202052254 116.48552 39.92187
1202052554 116.47771 39.91437
1202052638 116.47579 39.91578
1202052938 116.48333 39.91585
1202053191 116.49779 39.91412
1202053491 116.51478 39.91565
1202053771 116.52954 39.91737
1202053862 116.52568 39.9158
1202054162 116.51823 39.91394
1202054462 116.5077 39.92194
1202054462 116.5077 39.92194
1202054762 116.47633 39.92164
1202055062 116.45963 39.92199
1202055362 116.44527 39.92159
1202055662 116.43501 39.92292
1202055741 116.43371 39.92089
1202056041 116.43492 39.92541
1202056061 116.4368 39.9256
1202056357 116.44032 39.91232
1202056584 116.43706 39.91639
1202056882 116.43952 39.92095
1202057182 116.44209 39.92544
1202057482 116.44233 39.92573
1202057782 116.45435 39.92181
1202058082 116.45567 39.94359
1202058382 116.47805 39.98314
1202058682 116.53809 40.02387
1202058982 116.55723 40.01141
1202059282 116.57843 40.00185
1202059582 116.57917 40.00226
1202059882 116.57917 40.00227
1202060182 116.57916 40.00228
1202060482 116.57916 40.00229
1202060782 116.57916 40.00229
1202061082 116.57915 40.00229
1202061382 116.57915 40.00228
1202061682 116.57914 40.00228
1202061982 116.57914 40.00228
1202062282 116.57914 40.00228
1202062582 116.57914 40.00228
1202062582 116.57914 40.00228
1202062882 116.57914 40.00228
1202063182 116.57913 40.00228
1202063482 116.57913 40.00227
1202063782 116.57913 40.00227
1202064082 116.57913 40.00227
1202064382 116.57913 40.00227
1202064682 116.57913 40.00227
1202064982 116.57913 40.00227
1202065282 116.57913 40.00227
1202065582 116.57913 40.00227
1202065882 116.57912 40.00227
1202066182 116.57912 40.00228
1202066482 116.57912 40.00228
1202066781 116.57912 40.00228
1202067081 116.57912 40.00228
1202067381 116.57912 40.00228
1202067681 116.57912 40.00228
1202067981 116.57912 40.00228
1202068281 116.57912 40.00228
1202068581 116.57912 40.00228
1202068881 116.57912 40.00228
1202069181 116.57912 40.00228
1202069481 116.57912 40.00228
1202069781 116.57912 40.00228
1202070381 116.57912 40.00228
1202070681 116.57912 40.00228
1202070981 116.57912 40.00228
1202071281 116.57912 40.00228
1202071281 116.57912 40.00228
1202071881 116.57912 40.00228
1202072181 116.57912 40.00228
1202072481 116.57913 40.00228
1202072781 116.57913 40.00228
1202073083 116.57913 40.00228
1202073381 116.57913 40.00228
1202073681 116.57913 40.00228
1202073981 116.57913 40.00228
1202074281 116.57913 40.00228
1202074581 116.57913 40.00228
1202074881 116.57913 40.00228
1202075181 116.57913 40.00228
1202075481 116.57913 40.00228
1202075781 116.57913 40.00228
1202076081 116.57913 40.00229
1202076381 116.57913 40.00229
1202076681 116.57914 40.00229
1202076981 116.57565 40.0015
1202077281 116.57344 40.00296
1202077581 116.57344 40.00295
1202077881 116.57342 40.00298
1202078181 116.5734 40.00294
1202078781 116.57341 40.00294
1202079081 116.57341 40.00294
1202079381 116.57342 40.00295
1202079681 116.57342 40.00296
1202079981 116.57342 40.00296
1202080281 116.57342 40.00296
1202080881 116.57342 40.00297
1202081181 116.57342 40.00297
1202081481 116.57347 40.00312
1202081781 116.57349 40.00313
1202082081 116.57348 40.00314
1202082381 116.57345 40.00312
1202082681 116.57345 40.00313
1202082980 116.57344 40.00313
1202083280 116.57344 40.00313
1202083580 116.57344 40.00313
1202083880 116.57344 40.00313
1202084180 116.57344 40.00313
1202084480 116.57344 40.00314
1202084780 116.57344 40.00314
1202085080 116.57344 40.00314
1202085380 116.57344 40.00314
1202085680 116.57344 40.00315
1202086280 116.57345 40.00314
1202086580 116.57345 40.00314
1202086880 116.57345 40.00315
1202087180 116.57345 40.00315
1202087480 116.57345 40.00315
1202087780 116.57345 40.00315
1202088080 116.57346 40.00315
1202088380 116.57346 40.00315
1202088680 116.57346 40.00315
1202088680 116.57346 40.00315
1202088980 116.57346 40.00315
1202089280 116.57346 40.00315
1202089580 116.57346 40.00315
1202089880 116.57346 40.00315
1202090180 116.57346 40.00315
1202090480 116.57345 40.00315
1202091080 116.57344 40.00316
1202091380 116.57343 40.00316
1202091680 116.57343 40.00316
1202091980 116.57342 40.00316
1202092280 116.57342 40.00316
1202092580 116.57342 40.00316
1202092880 116.57342 40.00317
1202093180 116.57342 40.00317
1202093480 116.57342 40.00317
1202093780 116.57342 40.00317
1202094080 116.57342 40.00317
1202094380 116.57342 40.00317
1202094680 116.57342 40.00317
1202094980 116.57342 40.00318
1202095280 116.57342 40.00318
1202095580 116.57342 40.00318
1202095880 116.57342 40.00318
1202096180 116.57342 40.00318
1202096480 116.57342 40.00317
1202096780 116.57335 40.00321
1202097080 116.57341 40.0032
1202097380 116.57339 40.00326
1202097380 116.57339 40.00326
1202097680 116.57344 40.00321
1202097980 116.57344 40.00319
1202098280 116.57344 40.00318
1202098580 116.57343 40.00318
1202098880 116.57343 40.00318
1202099180 116.57343 40.00317
1202099480 116.57344 40.00316
1202099779 116.57344 40.00316
1202100079 116.57345 40.00316
1202100379 116.57345 40.00316
1202100679 116.57345 40.00316
1202100979 116.57346 40.00316
1202101279 116.57346 40.00316
1202101579 116.57346 40.00316
1202101879 116.57346 40.00316
1202102179 116.57346 40.00316
1202102479 116.57347 40.00316
1202102779 116.57347 40.00316
1202103079 116.57347 40.00316
1202103379 116.57346 40.00316
1202103679 116.57346 40.00316
1202103979 116.57346 40.00316
1202104279 116.57346 40.00316
1202104579 116.57345 40.00316
1202104879 116.57345 40.00316
1202105179 116.57345 40.00316
1202105479 116.57344 40.00316
1202105779 116.57344 40.00316
1202106079 116.57344 40.00316
1202106079 116.57344 40.00316
1202106379 116.57344 40.00316
1202106679 116.57344 40.00316
1202106979 116.57344 40.00316
1202107279 116.57344 40.00315
1202107579 116.57344 40.00315
1202107879 116.57344 40.00315
1202108179 116.57344 40.00315
1202108479 116.57344 40.00315
1202108779 116.57344 40.00315
1202109079 116.57344 40.00315
1202109379 116.57344 40.00316
1202109679 116.57344 40.00316
1202109979 116.57344 40.00316
1202110279 116.57344 40.00316
1202110579 116.57344 40.00316
1202110879 116.57344 40.00316
1202111179 116.57344 40.00316
1202111479 116.57344 40.00316
1202111779 116.57344 40.00316
1202112379 116.57344 40.00316
1202112679 116.57344 40.00316
1202113279 116.57343 40.00316
1202113579 116.57343 40.00316
1202113879 116.57343 40.00316
1202114178 116.57343 40.00315
1202114478 116.57343 40.00315
1202114778 116.57343 40.00315
1202114778 116.57343 40.00315
1202115078 116.57343 40.00315
1202115378 116.57343 40.00315
1202115678 116.57343 40.00315
1202115978 116.57343 40.00315
1202116278 116.57337 40.00333
1202116578 116.57339 40.00329
1202116878 116.57339 40.00325
1202117178 116.57347 40.00315
1202117478 116.57343 40.00315
1202117778 116.57343 40.00315
1202118078 116.57346 40.00316
1202118378 116.57346 40.0032
1202118678 116.57345 40.00321
1202118678 116.57345 40.00321
1202118678 116.57345 40.00321
1202118978 116.57348 40.0032
1202119278 116.57347 40.00318
1202119578 116.57346 40.00318
1202119878 116.57353 40.00314
1202120178 116.57345 40.00315
1202120478 116.57345 40.00315
1202120778 116.57345 40.00314
1202121078 116.57344 40.00316
1202121378 116.57343 40.00315
1202121678 116.57344 40.00315
1202121978 116.57344 40.00315
1202122278 116.57343 40.00303
1202122578 116.56755 40.00125
1202122878 116.56598 39.97207
1202123178 116.57984 39.94599
1202123478 116.58449 39.92244
1202123478 116.58449 39.92244
1202123778 116.57038 39.92321
1202124078 116.52267 39.92267
1202124523 116.51492 39.90729
1202124996 116.45976 39.90628
1202125296 116.47174 39.9071
1202125637 116.47218 39.92126
1202125906 116.47853 39.92574
1202126218 116.48797 39.91433
1202126518 116.51211 39.91549
1202126818 116.52364 39.90791
1202126941 116.51754 39.90506
1202127241 116.52008 39.91416
1202127841 116.496 39.92127
1202127860 116.49549 39.92174
1202128160 116.48347 39.91276
1202128329 116.48766 39.90807
1202128629 116.49566 39.91383
1202128706 116.49931 39.91445
1202129006 116.48392 39.92746
1202129306 116.48293 39.9549
1202129606 116.46917 39.95227
1202129802 116.4613 39.95665
1202130102 116.46255 39.9601
1202130402 116.48353 39.95756
1202130558 116.48849 39.96087
1202130858 116.48541 39.96402
1202131074 116.47928 39.97155
1202131374 116.49069 39.97059
1202131674 116.49692 39.97039
1202131974 116.47947 39.98118
1202132274 116.48318 39.98424
1202132574 116.49314 39.97703
1202132874 116.48852 39.9706
1202133174 116.49338 39.97092
1202133473 116.5079 39.99664
1202133773 116.54587 40.00784
1202134073 116.57382 40.00257
1202134373 116.57338 40.00304
1202134673 116.57386 40.00293
1202134973 116.57916 40.0023
1202135273 116.57915 40.00229
1202135573 116.57915 40.00228
1202135873 116.57915 40.00229
1202136173 116.57915 40.00229
1202136473 116.57916 40.00229
1202136773 116.57915 40.00228
1202137073 116.57915 40.00228
1202137373 116.57915 40.00228
1202137673 116.57915 40.00228
1202137973 116.57915 40.00229
1202137973 116.57915 40.00229
1202138273 116.57915 40.00229
1202138273 116.57915 40.00229
1202138573 116.57914 40.00229
1202139173 116.57914 40.0023
1202139473 116.57914 40.0023
1202139773 116.57914 40.0023
1202140073 116.57913 40.0023
1202140373 116.57913 40.0023
1202140673 116.57913 40.0023
1202140973 116.57913 40.0023
1202141273 116.57913 40.0023
1202141573 116.57913 40.0023
1202141873 116.57913 40.0023
1202142173 116.57913 40.0023
1202142473 116.57912 40.0023
1202142773 116.57912 40.0023
1202143073 116.57912 40.0023
1202143373 116.57912 40.0023
1202143673 116.57912 40.0023
1202143973 116.57912 40.0023
1202143973 116.57912 40.0023
1202144273 116.57912 40.0023
1202144573 116.57912 40.0023
1202144873 116.57912 40.0023
1202145173 116.57912 40.0023
1202145473 116.57912 40.0023
1202145773 116.57912 40.0023
1202146073 116.57912 40.0023
1202146373 116.57912 40.0023
1202146673 116.57912 40.0023
1202146673 116.57912 40.0023
1202146973 116.57912 40.0023
1202146973 116.57912 40.0023
1202147273 116.57912 40.00229
1202147573 116.57912 40.00229
1202147873 116.57912 40.00229
1202148173 116.57912 40.00229
1202148473 116.57911 40.00229
1202148773 116.57911 40.00229
1202149073 116.57911 40.00229
1202149372 116.57911 40.00229
1202149672 116.57911 40.00229
1202149972 116.57911 40.00229
1202150572 116.57911 40.00229
1202150872 116.57911 40.00229
1202151172 116.57911 40.00229
1202151472 116.57911 40.00229
1202151772 116.57911 40.00229
1202152072 116.57911 40.00229
1202152372 116.5791 40.0023
1202152672 116.5791 40.0023
1202152972 116.5791 40.0023
1202153572 116.5791 40.0023
1202153872 116.5791 40.0023
1202154172 116.5791 40.0023
1202154472 116.5791 40.0023
1202154772 116.5791 40.0023
1202155072 116.5791 40.0023
1202155672 116.57342 40.0032
1202155672 116.57342 40.0032
1202155972 116.57342 40.00321
1202156272 116.57342 40.00321
1202156572 116.57342 40.00321
1202156872 116.57341 40.00322
1202157172 116.57341 40.00322
1202157472 116.57341 40.00322
1202157772 116.5734 40.00322
1202158072 116.57341 40.00321
1202158372 116.57341 40.00321
1202158672 116.57359 40.00317
1202158972 116.57348 40.00317
1202159272 116.57346 40.00317
1202159572 116.57325 40.00326
1202159872 116.57333 40.00329
1202160172 116.57333 40.00325
1202161372 116.57339 40.00318
1202161672 116.57379 40.00334
1202161972 116.57349 40.00331
1202162572 116.57342 40.00328
1202162872 116.57341 40.00326
1202163172 116.57344 40.00324
1202163472 116.57346 40.00323
1202163772 116.57346 40.00323
1202164072 116.57346 40.00321
1202164372 116.57362 40.00315
1202164372 116.57362 40.00315
1202164971 116.57343 40.00307
1202165272 116.57338 40.00308
1202165571 116.57335 40.0031
1202165871 116.57335 40.00313
1202166171 116.57335 40.00314
1202166471 116.57336 40.00315
1202166771 116.57336 40.00315
1202167071 116.57336 40.00315
1202167371 116.57327 40.00297
1202167671 116.57325 40.00295
1202167971 116.57325 40.00296
1202168271 116.57324 40.00296
1202168571 116.57313 40.00287
1202168871 116.57319 40.00289
1202169471 116.57341 40.00313
1202169771 116.57343 40.00312
1202170071 116.57341 40.00312
1202170371 116.5734 40.00313
1202170671 116.57339 40.00312
1202170971 116.57339 40.00313
1202171271 116.57339 40.00313
1202171871 116.5734 40.00312
1202172171 116.5734 40.00312
1202172471 116.5734 40.00313
1202172771 116.57341 40.00313
1202173071 116.57341 40.00313
1202173071 116.57341 40.00313
1202173371 116.57341 40.00314
1202173671 116.57341 40.00314
1202173971 116.57342 40.00314
1202174271 116.57342 40.00314
1202174571 116.57342 40.00314
1202174871 116.57342 40.00314
1202175171 116.57342 40.00314
1202175471 116.57343 40.00314
1202175771 116.57343 40.00313
1202176371 116.57343 40.00313
1202176671 116.57343 40.00313
1202176971 116.57343 40.00314
1202178771 116.57341 40.00315
1202179671 116.57341 40.00315
1202179971 116.57341 40.00315
1202180271 116.57341 40.00315
1202180570 116.57341 40.00315
1202180870 116.57341 40.00315
1202181170 116.57341 40.00316
1202181470 116.57341 40.00316
1202181770 116.57341 40.00316
1202181770 116.57341 40.00316
1202182070 116.57341 40.00315
1202182370 116.57341 40.00315
1202182670 116.57341 40.00315
1202182970 116.57342 40.00315
1202183270 116.57342 40.00315
1202183570 116.57335 40.00331
1202183870 116.57338 40.00329
1202184470 116.57341 40.00326
1202184770 116.57342 40.00326
1202185070 116.57342 40.00325
1202185370 116.57344 40.00323
1202185670 116.57344 40.00323
1202186270 116.57345 40.0032
1202186570 116.57346 40.00318
1202186870 116.57345 40.00318
1202187170 116.57345 40.00319
1202187470 116.57345 40.00317
1202187770 116.57344 40.00316
1202188070 116.57344 40.00316
1202188370 116.57352 40.00297
1202188970 116.57332 40.00317
1202189270 116.57336 40.00321
1202189570 116.57337 40.00322
1202189870 116.57336 40.00322
1202190170 116.57335 40.00322
1202190470 116.57334 40.00322
1202190470 116.57334 40.00322
1202190770 116.57333 40.00321
1202191070 116.57333 40.0032
1202191370 116.57332 40.00319
1202191670 116.57332 40.00318
1202191970 116.57332 40.00318
1202192270 116.57314 40.00328
1202192570 116.57317 40.00326
1202192870 116.57336 40.00326
1202193470 116.57333 40.00321
1202193770 116.57332 40.0032
1202194070 116.57333 40.0032
1202194370 116.57333 40.0032
1202194670 116.57334 40.0032
1202194970 116.57334 40.0032
1202195270 116.57335 40.00322
1202195570 116.57335 40.00323
1202195870 116.57335 40.00323
1202196169 116.57335 40.00323
1202196469 116.57333 40.00307
1202197069 116.55583 40.01533
1202197369 116.56503 39.9833
1202197669 116.57808 39.95447
1202197969 116.58381 39.92847
1202198269 116.57542 39.91337
1202198569 116.57412 39.91355
1202198869 116.57394 39.91362
1202199169 116.57359 39.92341
1202199169 116.57359 39.92341
1202199469 116.52995 39.92254
1202199554 116.52344 39.92266
1202199854 116.515 39.90721
1202200154 116.45747 39.90716
1202200754 116.41941 39.87001
1202201053 116.39578 39.86965
1202201353 116.39405 39.87067
1202201653 116.37661 39.86919
1202201698 116.37682 39.86919
1202201998 116.41273 39.86964
1202202298 116.44971 39.87185
1202202871 116.48398 39.89043
1202203171 116.48397 39.90959
1202203218 116.48289 39.91222
1202203471 116.49287 39.91463
1202203771 116.46369 39.91517
1202204579 116.43152 39.92174
1202204879 116.44471 39.92559
1202205426 116.46087 39.92692
1202205726 116.47764 39.93242
1202206026 116.50484 39.93733
1202206176 116.51966 39.9423
1202206476 116.50834 39.9317
1202206773 116.51113 39.92799
1202207073 116.51237 39.91556
1202207373 116.48347 39.91287
1202207796 116.45052 39.90494
1202208096 116.46545 39.91473
1202208360 116.47535 39.91414
1202208660 116.47297 39.91457
1202208960 116.46469 39.90898
1202208975 116.46455 39.90902
1202209275 116.4721 39.91367
1202209575 116.49689 39.91484
1202209592 116.49786 39.91457
1202209892 116.52312 39.91599
1202210180 116.54297 39.91504
1202210480 116.55289 39.92273
1202210480 116.55289 39.92273
1202210780 116.58481 39.91936
1202211080 116.58478 39.92105
1202211380 116.58423 39.9271
1202211680 116.57218 39.95642
1202211980 116.56383 39.99155
1202212280 116.57321 40.00279
1202212580 116.57345 40.00315
1202212880 116.57345 40.00315
1202213180 116.57355 40.00295
1202213480 116.57348 40.00306
1202213780 116.57347 40.00311
1202214080 116.57352 40.00326
1202214380 116.57349 40.00319
1202214680 116.57349 40.00316
1202214980 116.57349 40.00317
1202215280 116.57349 40.00317
1202215580 116.57348 40.00319
1202215880 116.57347 40.0032
1202216180 116.57232 40.0007
1202216480 116.5588 40.005
1202216780 116.55882 40.00498
1202217080 116.55881 40.00498
1202217380 116.55881 40.00499
1202217680 116.55882 40.00498
1202218280 116.55883 40.00496
1202218580 116.55883 40.00495
1202218880 116.55883 40.00495
1202219180 116.55882 40.00495
1202219180 116.55882 40.00495
1202219480 116.55882 40.00495
1202219780 116.55882 40.00494
1202220080 116.55881 40.00494
1202220380 116.55881 40.00494
1202220680 116.55881 40.00494
1202220980 116.5588 40.00494
1202221280 116.55881 40.00494
1202221580 116.55881 40.00494
1202221880 116.57027 40.00528
1202222180 116.57031 40.00513
1202222480 116.57032 40.00511
1202222780 116.57033 40.0051
1202223080 116.57033 40.00509
1202223380 116.57033 40.00509
1202223680 116.57033 40.00509
1202223980 116.57033 40.00508
1202224280 116.57032 40.00507
1202224580 116.57032 40.00506
1202224880 116.57032 40.00506
1202225179 116.57032 40.00506
1202225479 116.57032 40.00506
1202225779 116.57032 40.00505
1202226079 116.57032 40.00505
1202226379 116.57032 40.00505
1202226679 116.57032 40.00505
1202226979 116.57031 40.00506
1202227279 116.57031 40.00506
1202227579 116.57031 40.00506
1202227879 116.57031 40.00507
1202227879 116.57031 40.00507
1202228179 116.57031 40.00507
1202228479 116.57031 40.00507
1202228779 116.57031 40.00508
1202229079 116.57031 40.00508
1202229379 116.57031 40.00509
1202229679 116.57032 40.00509
1202229979 116.57032 40.00509
1202230279 116.57032 40.00509
1202231179 116.57032 40.00508
1202231479 116.57032 40.00508
1202231779 116.57032 40.00508
1202232079 116.57032 40.00508
1202232379 116.57032 40.00508
1202232679 116.57032 40.00508
1202232979 116.57032 40.00507
1202233279 116.57031 40.00507
1202233579 116.57032 40.00507
1202233879 116.57031 40.00507
1202234179 116.57032 40.00507
1202234479 116.57032 40.00507
1202234779 116.57031 40.00507
1202235078 116.33245 40.00506
1202235079 116.57031 40.00506
1202235379 116.57031 40.00506
1202235679 116.57031 40.00506
1202235979 116.57031 40.00506
1202236279 116.57032 40.00506
1202236579 116.57032 40.00506
1202236579 116.57032 40.00506
1202236879 116.57032 40.00506
1202237179 116.57032 40.00506
1202237479 116.57032 40.00506
1202237779 116.57032 40.00506
1202238379 116.57032 40.00506
1202238679 116.57033 40.00506
1202238979 116.57033 40.00506
1202239279 116.57033 40.00507
1202239579 116.57033 40.00507
1202239879 116.57033 40.00507
1202240179 116.57033 40.00507
1202240479 116.57033 40.00507
1202240778 116.57033 40.00507
1202241378 116.57033 40.00507
1202241678 116.57033 40.00507
1202241978 116.57026 40.005
1202242278 116.57341 40.00313
1202242578 116.57339 40.00312
1202242878 116.57339 40.00312
1202243178 116.57339 40.00312
1202243478 116.57339 40.00312
1202243778 116.5734 40.00312
1202244378 116.5734 40.00313
1202244678 116.5734 40.00313
1202244978 116.5734 40.00313
1202245278 116.57341 40.00313
1202245278 116.57341 40.00313
1202245578 116.5831 39.99318
1202245878 116.58828 39.97667
1202246178 116.58828 39.97667
1202246478 116.58827 39.97666
1202246778 116.58868 39.98363
1202247078 116.57561 40.00105
1202247378 116.57342 40.00317
1202247678 116.57343 40.00317
1202247978 116.57343 40.00316
1202248278 116.57344 40.00316
1202248578 116.57344 40.00317
1202248878 116.57344 40.00318
1202249178 116.57345 40.00317
1202249478 116.57344 40.00317
1202249778 116.57344 40.00317
1202250078 116.57343 40.00318
1202250378 116.57343 40.00317
1202250678 116.57343 40.00317
1202250978 116.57343 40.00317
1202251278 116.57343 40.00317
1202251578 116.57336 40.00318
1202251878 116.57339 40.00318
1202252178 116.57343 40.0032
1202252478 116.57343 40.00321
1202252778 116.57343 40.00321
1202253078 116.57344 40.00321
1202253378 116.57345 40.00321
1202253978 116.57345 40.00321
1202253978 116.57345 40.00321
1202254278 116.57345 40.0032
1202254578 116.57344 40.00319
1202254878 116.5734 40.00291
1202255178 116.57343 40.00299
1202255478 116.57355 40.00328
1202255778 116.57349 40.00322
1202256078 116.57347 40.00319
1202256377 116.57346 40.00318
1202256677 116.57345 40.00318
1202256977 116.57345 40.00318
1202257277 116.57344 40.00318
1202257577 116.57344 40.00317
1202257877 116.57331 40.00323
1202258177 116.57334 40.00321
1202258477 116.57334 40.00319
1202258777 116.57334 40.00318
1202259677 116.57335 40.00318
1202259977 116.57336 40.00317
1202260277 116.57337 40.00317
1202260577 116.57337 40.00317
1202260877 116.57338 40.00317
1202261177 116.57338 40.00317
1202261477 116.57337 40.00317
1202261777 116.57337 40.00317
1202262077 116.57337 40.00317
1202262677 116.57337 40.00317
1202262677 116.57337 40.00317
1202262977 116.57337 40.00317
1202263277 116.57337 40.00317
1202263877 116.57337 40.00316
1202264177 116.57337 40.00316
1202264477 116.57337 40.00316
1202264777 116.57337 40.00316
1202265077 116.57337 40.00316
1202265377 116.57337 40.00316
1202265677 116.57337 40.00316
1202265977 116.57337 40.00316
1202266277 116.57337 40.00317
1202266577 116.57337 40.00316
1202266877 116.57337 40.00316
1202267177 116.57337 40.00317
1202267477 116.57337 40.00317
1202267777 116.57337 40.00316
1202268077 116.57338 40.00316
1202268377 116.57338 40.00316
1202268977 116.57338 40.00316
1202269277 116.57338 40.00316
1202269577 116.57338 40.00316
1202269877 116.57338 40.00316
1202270177 116.57339 40.00316
1202270477 116.57339 40.00316
1202270777 116.57339 40.00316
1202271077 116.57339 40.00316
1202271377 116.57339 40.00316
1202271377 116.57339 40.00316
1202271976 116.57339 40.00315
1202272276 116.57339 40.00316
1202272576 116.57339 40.00316
1202272876 116.57339 40.00316
1202273176 116.57339 40.00316
1202273476 116.57343 40.00308
1202273776 116.57348 40.00302
1202274076 116.57347 40.00303
1202274376 116.57348 40.00304
1202274676 116.57348 40.00305
1202275276 116.57348 40.00325
1202275576 116.57345 40.00326
1202275876 116.57342 40.00324
1202276176 116.57341 40.00323
1202276476 116.5734 40.00323
1202276776 116.5734 40.00323
1202277376 116.5734 40.00322
1202277676 116.57341 40.00322
1202277976 116.57341 40.00321
1202278276 116.57341 40.00313
1202278576 116.5734 40.00315
1202278876 116.5734 40.00315
1202279176 116.5734 40.00316
1202279476 116.5734 40.00315
1202279776 116.5734 40.00316
1202280076 116.57339 40.00316
1202280076 116.57339 40.00316
1202280376 116.57339 40.00316
1202280676 116.57339 40.00316
1202281276 116.57338 40.00317
1202281576 116.57338 40.00317
1202281876 116.57338 40.00318
1202282176 116.57338 40.00319
1202282476 116.57338 40.0032
1202282776 116.57338 40.0032
1202283376 116.57563 40.00173
1202283676 116.55669 40.01317
1202283976 116.51665 40.00151
1202284276 116.48512 39.9868
1202284338 116.48615 39.98663
1202284638 116.51371 40.00029
1202284797 116.52053 40.00084
1202285097 116.50712 39.99239
1202285397 116.47944 39.9765
1202285697 116.46325 39.96198
1202285997 116.46207 39.95125
1202286297 116.4667 39.93242
1202286360 116.47454 39.93243
1202286960 116.50826 39.94498
1202287059 116.50736 39.94489
1202287359 116.52405 39.92895
1202287659 116.52314 39.92241
1202287959 116.53638 39.92257
1202288259 116.55681 39.91493
1202288559 116.57168 39.901
1202288859 116.57776 39.91865
1202289459 116.57628 39.95619
1202289759 116.56302 39.99082
1202290059 116.5734 40.0028
1202290359 116.57387 40.00327
1202290659 116.57347 40.00324
1202290959 116.57347 40.0032
1202291259 116.57347 40.00319
1202291559 116.57347 40.00318
1202291859 116.57345 40.00319
1202292159 116.57335 40.00315
1202292459 116.57338 40.00318
1202292759 116.57341 40.00319
1202293059 116.57343 40.00319
1202293359 116.57342 40.00319
1202293659 116.57343 40.00319
1202293959 116.57342 40.0032
1202294259 116.57342 40.00321
1202294559 116.57342 40.00321
1202294859 116.57342 40.00318
1202295159 116.57329 40.00294
1202295159 116.57329 40.00294
1202295759 116.57354 40.00303
1202296058 116.57349 40.00304
1202296358 116.57349 40.00304
1202296658 116.57349 40.00304
1202296958 116.57348 40.00305
1202297258 116.57348 40.00306
1202297558 116.57347 40.00308
1202297858 116.57346 40.00309
1202298158 116.57346 40.0031
1202298458 116.57346 40.00311
1202298758 116.57346 40.00312
1202299058 116.57346 40.00312
1202299358 116.57346 40.00313
1202299658 116.57346 40.00314
1202299958 116.57346 40.00315
1202300258 116.57346 40.00315
1202300558 116.57346 40.00316
1202300858 116.57347 40.00316
1202301158 116.57347 40.00317
1202301458 116.57347 40.00317
1202301758 116.57347 40.00317
1202302058 116.57347 40.00317
1202302358 116.57533 39.99768
1202302658 116.58771 39.97718
1202302658 116.58771 39.97718
1202302958 116.60229 39.94865
1202303558 116.63092 39.91801
1202303858 116.59406 39.91155
1202303858 116.59406 39.91155
1202304158 116.58966 39.91103
1202304458 116.58966 39.91106
1202304758 116.57286 39.91362
1202305058 116.58167 39.92736
1202305358 116.5786 39.95062
1202305958 116.57459 40.00265
1202306258 116.57352 40.00326
1202306558 116.57352 40.00323
1202306858 116.57352 40.00325
1202307158 116.57352 40.00326
1202307458 116.57352 40.00325
1202308058 116.5735 40.00308
1202308658 116.57354 40.00315
1202308958 116.57355 40.00317
1202309258 116.57357 40.00318
1202309558 116.57356 40.00318
1202309858 116.57356 40.00318
1202310157 116.57355 40.00318
1202310457 116.57354 40.00319
1202310757 116.57359 40.00295
1202311057 116.57353 40.00312
1202311357 116.57351 40.00331
1202311657 116.57572 40.00157
1202311957 116.57041 40.00492
1202312257 116.5704 40.00493
1202312557 116.5704 40.00493
1202312857 116.5704 40.00493
1202313157 116.5704 40.00494
1202313457 116.5704 40.00494
1202313757 116.5704 40.00494
1202314057 116.57039 40.00495
1202314357 116.57039 40.00496
1202314657 116.57039 40.00496
1202314957 116.57039 40.00497
1202315257 116.57039 40.00497
1202315557 116.57039 40.00498
1202315857 116.57039 40.00498
1202316157 116.5704 40.00498
1202316457 116.5704 40.00498
1202316757 116.5704 40.00498
1202317057 116.5704 40.00498
1202317357 116.5704 40.00498
1202317657 116.5704 40.00497
1202317957 116.5704 40.00497
1202318257 116.57039 40.00497
1202318557 116.57039 40.00497
1202319157 116.57039 40.00497
1202319457 116.57039 40.00497
1202319757 116.57039 40.00497
1202320057 116.57039 40.00497
1202320657 116.57039 40.00498
1202320957 116.57039 40.00498
1202321257 116.57039 40.00498
1202321557 116.57039 40.00498
1202321857 116.57039 40.00498
1202322157 116.57039 40.00498
1202322457 116.57038 40.00498
1202322757 116.57038 40.00498
1202323057 116.57038 40.00498
1202323357 116.57038 40.00499
1202323657 116.57038 40.00498
1202323957 116.57037 40.00498
1202324257 116.57037 40.00499
1202324557 116.57037 40.00499
1202324857 116.57037 40.00499
1202325156 116.57037 40.00499
1202325457 116.57036 40.00499
1202325756 116.57036 40.00499
1202326056 116.57036 40.00498
1202326356 116.57036 40.00498
1202326656 116.57036 40.00498
1202326956 116.57036 40.00498
1202327256 116.57037 40.00498
1202327556 116.57037 40.00497
1202327856 116.57037 40.00497
1202328156 116.57037 40.00497
1202328456 116.57037 40.00498
1202328756 116.57037 40.00498
1202329056 116.57037 40.00498
1202329356 116.57556 40.00242
1202329656 116.57351 40.00314
1202329956 116.57352 40.00315
1202329956 116.57352 40.00315
1202330256 116.57352 40.00315
1202330556 116.57351 40.00316
1202330856 116.57351 40.00315
1202331156 116.5733 40.0032
1202331456 116.57348 40.00311
1202331756 116.57347 40.00312
1202332056 116.57339 40.00321
1202332356 116.57335 40.0032
1202332656 116.57334 40.00319
1202332956 116.57335 40.00317
1202333256 116.57337 40.00314
1202333556 116.57339 40.00313
1202333856 116.5734 40.00312
1202334156 116.57341 40.00313
1202334456 116.57374 40.00302
1202334756 116.57355 40.00315
1202335056 116.57352 40.00316
1202335356 116.57352 40.00317
1202335656 116.57351 40.00319
1202335956 116.57347 40.00313
1202336256 116.57346 40.00311
1202336556 116.57345 40.00311
1202336856 116.57344 40.0031
1202337156 116.57346 40.0031
1202337456 116.57344 40.00309
1202337756 116.57342 40.00309
1202338056 116.57343 40.0031
1202338356 116.57344 40.00312
1202338656 116.57344 40.00312
1202338656 116.57344 40.00312
1202338956 116.57343 40.00312
1202339256 116.57343 40.00312
1202339556 116.57342 40.00312
1202339856 116.57342 40.00312
1202340156 116.57343 40.00312
1202340456 116.57343 40.00312
1202340756 116.57343 40.00312
1202341055 116.57343 40.00313
1202341355 116.57343 40.00313
1202341655 116.57343 40.00313
1202341955 116.57343 40.00313
1202342255 116.57344 40.00313
1202342555 116.57344 40.00313
1202342855 116.57344 40.00313
1202343155 116.57344 40.00314
1202343455 116.57344 40.00314
1202343755 116.57344 40.00314
1202344055 116.57344 40.00314
1202344355 116.57344 40.00314
1202344655 116.57344 40.00314
1202344955 116.57344 40.00314
1202345255 116.57344 40.00314
1202345555 116.57344 40.00314
1202345855 116.57344 40.00314
1202346455 116.57345 40.00314
1202346755 116.57345 40.00314
1202347055 116.57345 40.00314
1202347355 116.57345 40.00314
1202347355 116.57345 40.00314
1202347655 116.57345 40.00314
1202347955 116.57345 40.00314
1202348255 116.57344 40.00313
1202348555 116.57344 40.00313
1202348855 116.57344 40.00313
1202349155 116.57344 40.00313
1202349455 116.57344 40.00313
1202350655 116.57343 40.00314
1202350955 116.57343 40.00314
1202351255 116.57343 40.00314
1202351555 116.57343 40.00315
1202352155 116.57343 40.00315
1202352455 116.57343 40.00315
1202352755 116.57343 40.00315
1202353055 116.57343 40.00315
1202353355 116.57343 40.00315
1202353955 116.57343 40.00315
1202354255 116.57343 40.00315
1202354555 116.57343 40.00316
1202354855 116.57343 40.00316
1202355155 116.57346 40.00316
1202355455 116.57346 40.00317
1202355755 116.57347 40.00317
1202356055 116.57348 40.00315
1202356055 116.57348 40.00315
1202356355 116.57348 40.00315
1202356654 116.57348 40.00314
1202356954 116.57348 40.00313
1202357254 116.57348 40.00314
1202357554 116.57348 40.00313
1202357854 116.57349 40.00314
1202358154 116.57349 40.00314
1202358454 116.57349 40.00314
1202358754 116.5735 40.00313
1202359054 116.5735 40.00313
1202359354 116.5735 40.00313
1202359654 116.5735 40.00314
1202359954 116.57349 40.00314
1202360254 116.57349 40.00314
1202360554 116.57349 40.00315
1202360854 116.57348 40.00315
1202361154 116.57348 40.00315
1202361454 116.57348 40.00315
1202361754 116.57348 40.00315
1202362054 116.57347 40.00315
1202362354 116.57347 40.00315
1202362954 116.57347 40.00315
1202363254 116.57346 40.00315
1202363554 116.57346 40.00315
1202363854 116.57346 40.00315
1202364154 116.57329 40.00316
1202364454 116.57354 40.00305
1202364754 116.57351 40.00309
1202364754 116.57351 40.00309
1202365054 116.5735 40.0031
1202365354 116.5735 40.0031
1202365654 116.57349 40.00311
1202365954 116.57349 40.00311
1202366254 116.57349 40.00312
1202366554 116.57347 40.00312
1202366854 116.57347 40.00312
1202367154 116.57346 40.00312
1202367454 116.57346 40.00312
1202367754 116.57346 40.00312
1202368054 116.57346 40.00312
1202368354 116.57346 40.00311
1202368654 116.57346 40.00311
1202368954 116.57347 40.00311
1202369254 116.57347 40.00311
1202369554 116.57347 40.0031
1202369854 116.57348 40.0031
1202370154 116.57348 40.0031
1202370454 116.57347 40.0031
1202370754 116.57347 40.0031
1202371054 116.57347 40.0031
1202371354 116.57347 40.0031
1202371654 116.57346 40.00311
1202371954 116.57346 40.00311
1202372553 116.57347 40.00311
1202372853 116.57347 40.00311
1202373153 116.57347 40.00311
1202373453 116.57348 40.00311
1202373453 116.57348 40.00311
1202373753 116.57347 40.00312
1202374053 116.57353 40.00315
1202374353 116.5736 40.00313
1202374653 116.57357 40.00312
1202374953 116.57353 40.00312
1202375253 116.57351 40.00319
1202375853 116.57346 40.0032
1202376153 116.57347 40.00318
1202376453 116.57348 40.00317
1202376753 116.57349 40.00316
1202377053 116.5735 40.00315
1202377353 116.5735 40.00315
1202377653 116.5735 40.00314
1202377953 116.57349 40.00314
1202378253 116.5735 40.00313
1202378553 116.5735 40.00313
1202378853 116.57349 40.00313
1202379153 116.57323 40.00299
1202379453 116.57325 40.00301
1202379753 116.5733 40.00301
1202380053 116.57362 40.00325
1202380353 116.57357 40.00318
1202380653 116.57353 40.00315
1202380953 116.57348 40.00314
1202381253 116.57345 40.00314
1202381553 116.57344 40.00314
1202381853 116.57346 40.00316
1202382153 116.57346 40.00317
1202382453 116.57345 40.00317
1202382453 116.57345 40.00317
1202382753 116.57345 40.00318
1202383053 116.57345 40.00318
1202383353 116.57345 40.00317
1202383653 116.57345 40.00318
1202383953 116.57345 40.00319
1202384253 116.57345 40.00319
1202384553 116.57345 40.0032
1202384853 116.57345 40.0032
1202385153 116.57345 40.0032
1202385453 116.57344 40.0032
1202385753 116.57344 40.00321
1202386053 116.57345 40.00321
1202386353 116.57345 40.00321
1202386653 116.57345 40.00321
1202386953 116.57345 40.0032
1202387253 116.57345 40.0032
1202387253 116.57345 40.0032
1202387553 116.57345 40.0032
1202387853 116.57467 40.0003
1202388152 116.59123 39.99881
1202388452 116.60163 39.99921
1202388752 116.6016 39.99917
1202389052 116.60161 39.99917
1202389352 116.6016 39.99917
1202389652 116.6016 39.99917
1202389952 116.6016 39.99917
1202390252 116.60161 39.99917
1202390552 116.60162 39.99917
1202390852 116.58419 40.00092
1202391152 116.57353 40.00205
1202391152 116.57353 40.00205
1202391452 116.57351 40.00307
1202391752 116.5735 40.00308
1202392052 116.5735 40.00314
1202392352 116.57351 40.00316
1202392652 116.5735 40.00316
1202392952 116.5735 40.00317
1202393252 116.5735 40.00317
1202393552 116.5735 40.00317
1202393852 116.57349 40.00317
1202394152 116.57349 40.00316
1202394452 116.57348 40.00315
1202394752 116.57348 40.00315
1202395052 116.57348 40.00315
1202395352 116.57347 40.00314
1202395652 116.57347 40.00314
1202395952 116.57346 40.00314
1202396252 116.57346 40.00314
1202396552 116.57338 40.00289
1202396852 116.56386 39.98753
1202397152 116.54127 39.96753
1202397452 116.53657 39.94031
1202397752 116.51141 39.93921
1202398052 116.51101 39.9388
1202398352 116.49464 39.93453
1202398652 116.49056 39.92696
1202398952 116.49096 39.92697
1202399252 116.49095 39.9269
1202399552 116.49342 39.93385
1202399852 116.47871 39.92174
1202399852 116.47871 39.92174
1202400152 116.46004 39.92226
1202400452 116.44459 39.92158
1202400752 116.44239 39.92132
1202401052 116.4423 39.92055
1202401352 116.44222 39.92106
1202401652 116.44228 39.92107
1202401952 116.44244 39.92152
1202402252 116.44238 39.92104
1202402552 116.44236 39.92105
1202402857 116.44259 39.92118
1202403152 116.44405 39.92332
1202403452 116.4448 39.92394
1202403752 116.44461 39.92388
1202404051 116.44425 39.92382
1202404351 116.45518 39.92203
1202404651 116.45545 39.95153
1202405396 116.55629 40.01487
1202405551 116.55824 40.00779
1202405851 116.57369 40.00283
1202406151 116.57369 40.00283
1202406451 116.57369 40.00283
1202406751 116.57369 40.00283
1202407051 116.57369 40.00283
1202407351 116.57344 40.00318
1202407651 116.57341 40.00318
1202407951 116.57339 40.0032
1202408251 116.57338 40.00319
1202408551 116.57339 40.0032
1202408551 116.57339 40.0032
1202408851 116.57339 40.0032
1202409151 116.57339 40.0032
1202409451 116.5734 40.0032
1202409751 116.57339 40.0032
1202410351 116.57341 40.00317
1202410651 116.57341 40.00317
1202410951 116.57371 40.00273
1202411251 116.57351 40.00304
1202411551 116.57349 40.00301
1202411851 116.57348 40.00303
1202412151 116.57348 40.00303
1202412451 116.57348 40.00303
1202412751 116.57348 40.00304
1202413051 116.57348 40.00304
1202413351 116.57348 40.00306
1202413651 116.57348 40.00307
1202413951 116.57349 40.00308
1202414251 116.5735 40.00309
1202414551 116.5735 40.00311
1202414851 116.5735 40.00312
1202415151 116.57351 40.00313
1202415451 116.5735 40.00314
1202415751 116.5735 40.00315
1202416051 116.5735 40.00315
1202416351 116.57351 40.00315
1202416651 116.57351 40.00316
1202416951 116.57353 40.00321
1202417251 116.57356 40.0032
1202417251 116.57356 40.0032
1202417551 116.57355 40.00322
1202417851 116.57353 40.00323
1202418151 116.57346 40.00315
1202418451 116.57341 40.0032
1202418751 116.57337 40.00321
1202419051 116.57343 40.00319
1202419351 116.57343 40.0032
1202419650 116.57344 40.0032
1202419950 116.57314 40.00297
1202420250 116.57334 40.00312
1202420550 116.57349 40.0033
1202420850 116.57351 40.00318
1202421150 116.57351 40.00315
1202421450 116.57293 40.00297
1202421750 116.57324 40.00314
1202422050 116.57331 40.00314
1202422350 116.57302 40.00275
1202422650 116.57347 40.00298
1202422950 116.57341 40.00303
1202423250 116.57338 40.00304
1202423550 116.57337 40.00308
1202423850 116.57337 40.00308
1202424150 116.57337 40.00311
1202424450 116.57336 40.00311
1202424750 116.57337 40.00314
1202425050 116.57337 40.00314
1202425350 116.57337 40.00313
1202425650 116.57337 40.00313
1202425950 116.57338 40.00315
1202425950 116.57338 40.00315
1202426250 116.57339 40.00316
1202426550 116.5734 40.00317
1202426850 116.57341 40.00317
1202427150 116.57341 40.00318
1202427450 116.57342 40.00318
1202427750 116.57341 40.00317
1202428050 116.5734 40.00316
1202428350 116.5734 40.00316
1202428650 116.5734 40.00316
1202428950 116.5734 40.00316
1202429250 116.57339 40.00316
1202429550 116.5734 40.00316
1202429850 116.5734 40.00316
1202430450 116.5734 40.00316
1202430750 116.5734 40.00317
1202431050 116.5734 40.00317
1202431350 116.5734 40.00317
1202431650 116.5734 40.00317
1202431950 116.57341 40.00317
1202432250 116.57341 40.00317
1202432550 116.57341 40.00318
1202432850 116.57341 40.00317
1202433150 116.57341 40.00317
1202433450 116.57342 40.00317
1202433750 116.57342 40.00316
1202434050 116.57342 40.00316
1202434350 116.57343 40.00316
1202434650 116.57343 40.00316
1202434650 116.57343 40.00316
1202434950 116.57343 40.00315
1202435249 116.57343 40.00315
1202435549 116.57343 40.00315
1202435849 116.57343 40.00315
1202437349 116.57342 40.00316
1202438849 116.57343 40.00317
1202439149 116.57343 40.00317
1202439449 116.57343 40.00317
1202439749 116.57343 40.00317
1202440049 116.57342 40.00317
1202440349 116.57342 40.00317
1202440649 116.57343 40.00317
1202440949 116.57343 40.00317
1202441249 116.57343 40.00317
1202441549 116.57343 40.00317
1202441849 116.57343 40.00317
1202442149 116.57343 40.00317
1202442449 116.57343 40.00317
1202442749 116.57343 40.00317
1202443049 116.57343 40.00317
1202443349 116.57343 40.00316
1202443349 116.57343 40.00316
1202443649 116.57343 40.00316
1202443949 116.57343 40.00316
1202444249 116.57343 40.00316
1202444549 116.57344 40.00316
1202444849 116.57344 40.00316
1202445149 116.57344 40.00316
1202445449 116.57345 40.00316
1202445749 116.57345 40.00316
1202446049 116.57345 40.00316
1202446349 116.57345 40.00316
1202446649 116.57345 40.00316
1202446949 116.57345 40.00316
1202447249 116.57345 40.00315
1202447549 116.57345 40.00316
1202447849 116.57345 40.00316
1202448149 116.57345 40.00316
1202448449 116.57345 40.00316
1202448749 116.57345 40.00316
1202449049 116.57345 40.00316
1202449349 116.57345 40.00316
1202449649 116.57345 40.00317
1202449949 116.57345 40.00317
1202450249 116.57345 40.00317
1202450549 116.57345 40.00317
1202450848 116.57345 40.00317
1202451148 116.57345 40.00317
1202451448 116.57345 40.00317
1202451748 116.57345 40.00317
1202452048 116.57346 40.00317
1202452048 116.57346 40.00317
1202452348 116.57346 40.00317
1202452648 116.57346 40.00317
1202452948 116.57346 40.00317
1202453248 116.57346 40.00317
1202453548 116.57346 40.00317
1202453848 116.57346 40.00317
1202454148 116.57346 40.00316
1202454448 116.57346 40.00316
1202454748 116.57346 40.00316
1202455048 116.57347 40.00316
1202455348 116.57347 40.00316
1202455648 116.57347 40.00316
1202455948 116.57347 40.00316
1202456248 116.57347 40.00316
1202456548 116.57346 40.00316
1202456848 116.57346 40.00316
1202457148 116.57346 40.00316
1202457448 116.57346 40.00316
1202457748 116.57346 40.00316
1202458048 116.57346 40.00316
1202458348 116.57346 40.00316
1202458648 116.57346 40.00316
1202458948 116.57346 40.00317
1202459248 116.57346 40.00317
1202459548 116.57346 40.00317
1202459848 116.57346 40.00317
1202460148 116.57345 40.00317
1202460448 116.5735 40.00317
1202460748 116.57347 40.00317
1202460748 116.57347 40.00317
1202461048 116.57328 40.0031
1202461348 116.57324 40.00308
1202461648 116.57362 40.00311
1202461948 116.57356 40.0031
1202462248 116.57352 40.0031
1202462548 116.5735 40.00309
1202462848 116.57351 40.00309
1202463148 116.5735 40.00309
1202463448 116.57295 40.0029
1202463748 116.57357 40.00313
1202464048 116.57354 40.00311
1202464348 116.57358 40.00311
1202464648 116.57353 40.0031
1202464948 116.57324 40.00301
1202465248 116.5733 40.00304
1202465548 116.57331 40.00305
1202465848 116.57332 40.00306
1202466147 116.57333 40.00306
1202466447 116.57333 40.00306
1202466747 116.57334 40.00306
1202467047 116.57335 40.00307
1202467347 116.57354 40.0032
1202467647 116.57348 40.00316
1202467947 116.57343 40.00314
1202468247 116.57341 40.00314
1202468547 116.57341 40.00315
1202468847 116.57341 40.00315
1202469147 116.57341 40.00315
1202469447 116.57342 40.00315
1202469447 116.57342 40.00315
1202469747 116.57341 40.00315
1202470047 116.57341 40.00315
1202470347 116.57341 40.00316
1202470647 116.5734 40.00316
1202470947 116.57341 40.00316
1202471247 116.57341 40.00317
1202471547 116.5734 40.00317
1202471847 116.5734 40.00317
1202472147 116.57341 40.00318
1202472447 116.57341 40.00319
1202472747 116.57341 40.00319
1202473047 116.57341 40.00319
1202473347 116.57341 40.00319
1202473647 116.57341 40.00319
1202473947 116.57342 40.00319
1202474247 116.57342 40.00318
1202474547 116.57342 40.00318
1202474847 116.57342 40.00318
1202475147 116.57343 40.00317
1202475447 116.57344 40.00317
1202475747 116.57344 40.00317
1202476047 116.57344 40.00316
1202476347 116.57344 40.00316
1202476647 116.57344 40.00315
1202477247 116.57345 40.00315
1202477547 116.57345 40.00314
1202477847 116.57344 40.00314
1202478147 116.60496 40.05758
1202478147 116.60496 40.05758
1202478447 116.57348 40.00317
1202478747 116.57345 40.00321
1202479047 116.5735 40.00324
1202479647 116.57351 40.00323
1202479947 116.57351 40.00324
1202480247 116.57348 40.00298
1202480547 116.57349 40.00318
1202480847 116.57349 40.00316
1202481147 116.57348 40.00311
1202481447 116.57345 40.0031
1202481746 116.57345 40.00311
1202482046 116.57345 40.00313
1202482346 116.57346 40.00316
1202482646 116.57346 40.00317
1202482946 116.57346 40.00317
1202483246 116.57346 40.00317
1202483546 116.57346 40.00316
1202483846 116.57547 40.00258
1202484146 116.57211 40.00438
1202484446 116.57211 40.00439
1202484746 116.57211 40.00441
1202485046 116.5721 40.00441
1202485346 116.5721 40.00441
1202485646 116.57209 40.00441
1202485946 116.57209 40.00441
1202486246 116.57209 40.00441
1202486546 116.57209 40.00441
1202486846 116.57209 40.00443
1202486846 116.57209 40.00443
1202487146 116.57209 40.00443
1202487446 116.57208 40.00444
1202487746 116.57208 40.00444
1202488046 116.57208 40.00444
1202488346 116.57209 40.00444
1202488646 116.57208 40.00444
1202488946 116.57208 40.00443
1202489246 116.57208 40.00443
1202489546 116.57208 40.00442
1202489846 116.57208 40.00442
1202490146 116.57208 40.00441
1202490446 116.57207 40.00441
1202490746 116.57207 40.00441
1202491046 116.57207 40.00441
1202491346 116.57207 40.00441
1202491646 116.57206 40.00441
1202491946 116.57206 40.00441
1202492246 116.57206 40.00441
