UTS Latitude Longitude
1201960016 116.3276 40.07378
1201960335 116.32756 40.07369
1201960335 116.32756 40.07369
1201960335 116.32756 40.07369
1201960335 116.32756 40.07369
1201960335 116.32756 40.07369
1201960335 116.32756 40.07369
1201960335 116.32756 40.07369
1201960335 116.32756 40.07369
1201960335 116.32756 40.07369
1201960335 116.32756 40.07369
1201960335 116.32756 40.07369
1201960335 116.32756 40.07369
1201960335 116.32756 40.07369
1201960335 116.32756 40.07369
1201964869 116.34815 40.07419
1201965288 116.348 40.07561
1201965288 116.348 40.07561
1201965288 116.348 40.07561
1201965288 116.348 40.07561
1201965288 116.348 40.07561
1201965288 116.348 40.07561
1201965288 116.348 40.07561
1201965288 116.348 40.07561
1201965288 116.348 40.07561
1201965288 116.348 40.07561
1201965288 116.348 40.07561
1201965288 116.348 40.07561
1201965288 116.348 40.07561
1201965288 116.348 40.07561
1201965288 116.348 40.07561
1201965288 116.348 40.07561
1201965288 116.348 40.07561
1201965288 116.348 40.07561
1201965288 116.348 40.07561
1201965288 116.348 40.07561
1201965288 116.348 40.07561
1201965288 116.348 40.07561
1201965288 116.348 40.07561
1202036209 116.34793 40.07567
1202036511 116.34935 40.07959
1202036813 116.34935 40.07959
1202037115 116.3479 40.0795
1202037416 116.30965 40.07277
1202037718 116.3234 40.05294
1202038020 116.35295 40.02142
1202038322 116.4145 40.0208
1202038624 116.48887 40.00287
1202038925 116.54615 40.02677
1202039227 116.58418 40.05652
1202039831 116.58661 40.07907
1202040133 116.58661 40.07907
1202040434 116.58661 40.07907
1202040736 116.58661 40.07907
1202041038 116.58661 40.07907
1202041640 116.58093 40.07878
1202041942 116.58178 40.09295
1202042244 116.54265 40.12212
1202042546 116.4638 40.11707
1202042848 116.40551 40.10623
1202043149 116.35739 40.08862
1202043149 116.35739 40.08862
1202043410 116.34798 40.07557
1202070980 116.34792 40.07849
1202071281 116.35845 40.09802
1202071281 116.35845 40.09802
1202071583 116.40631 40.10411
1202071885 116.46489 40.11698
1202072186 116.56101 40.12221
1202072488 116.5823 40.08864
1202072790 116.58163 40.07931
1202073453 116.58309 40.1043
1202073755 116.51289 40.11957
1202074056 116.43756 40.11755
1202074358 116.38199 40.10102
1202074660 116.34742 40.08248
1202074962 116.32549 40.07308
1202075103 116.32764 40.07379
1202075442 116.32764 40.07365
1202075442 116.32764 40.07365
1202075442 116.32764 40.07365
1202075442 116.32764 40.07365
1202076959 116.32765 40.07361
1202077261 116.31607 40.06563
1202077563 116.34825 40.073
1202077981 116.34789 40.07558
1202077981 116.34789 40.07558
1202077981 116.34789 40.07558
1202077981 116.34789 40.07558
1202077981 116.34789 40.07558
1202077981 116.34789 40.07558
1202077981 116.34789 40.07558
1202077981 116.34789 40.07558
1202077981 116.34789 40.07558
1202077981 116.34789 40.07558
1202077981 116.34789 40.07558
1202077981 116.34789 40.07558
1202077981 116.34789 40.07558
1202077981 116.34789 40.07558
1202077981 116.34789 40.07558
1202077981 116.34789 40.07558
1202077981 116.34789 40.07558
1202077981 116.34789 40.07558
1202077981 116.34789 40.07558
1202077981 116.34789 40.07558
1202077981 116.34789 40.07558
1202077981 116.34789 40.07558
1202077981 116.34789 40.07558
1202113597 116.34793 40.07554
1202113898 116.34649 40.07584
1202114200 116.35829 40.09106
1202114200 116.35829 40.09106
1202114502 116.40638 40.10362
1202114804 116.47077 40.11674
1202115106 116.56054 40.12218
1202115407 116.58195 40.09144
1202116011 116.58228 40.07941
1202116313 116.58249 40.0625
1202116615 116.54666 40.0614
1202116916 116.49102 40.08267
1202117218 116.45382 40.08096
1202117520 116.42038 40.08782
1202117821 116.37038 40.08683
1202118123 116.34367 40.07751
1202121420 116.34367 40.07754
1202121722 116.34182 40.07792
1202122024 116.30866 40.07244
1202122024 116.30866 40.07244
1202122325 116.33195 40.04177
1202122929 116.39942 40.02094
1202123231 116.47666 40.01292
1202123532 116.52706 40.02
1202123834 116.58432 40.05575
1202124092 116.58667 40.0787
1202124711 116.58676 40.07873
1202125013 116.58676 40.07873
1202125315 116.58676 40.07873
1202125617 116.58655 40.07915
1202126343 116.52779 40.12084
1202126644 116.45655 40.11714
1202126946 116.40648 40.11518
1202127248 116.35915 40.09842
1202127248 116.35915 40.09842
1202127251 116.41396 39.9527
1202127251 116.41396 39.9527
1202127550 116.34346 40.08017
1202128145 116.34805 40.07543
1202128145 116.34805 40.07543
1202128145 116.34805 40.07543
1202128145 116.34805 40.07543
1202128145 116.34805 40.07543
1202128145 116.34805 40.07543
1202128145 116.34805 40.07543
1202128145 116.34805 40.07543
1202128145 116.34805 40.07543
1202128145 116.34805 40.07543
1202131472 116.33518 40.07441
1202131774 116.31673 40.06148
1202132076 116.28949 40.04217
1202132209 116.28087 40.04054
1202132554 116.2809 40.04049
1202132554 116.2809 40.04049
1202132554 116.2809 40.04049
1202132554 116.2809 40.04049
1202132554 116.2809 40.04049
1202132554 116.2809 40.04049
1202132554 116.2809 40.04049
1202132554 116.2809 40.04049
1202132554 116.2809 40.04049
1202132554 116.2809 40.04049
1202132554 116.2809 40.04049
1202132554 116.2809 40.04049
1202132554 116.2809 40.04049
1202132554 116.2809 40.04049
1202132554 116.2809 40.04049
1202137389 116.28103 40.0406
1202137691 116.30103 40.02441
1202137691 116.30103 40.02441
1202137993 116.29491 40.04485
1202138295 116.31578 40.06126
1202138596 116.33384 40.06028
1202139203 116.33377 40.0607
1202139486 116.32759 40.07379
1202139801 116.32755 40.07394
1202140353 116.34823 40.07561
1202140710 116.34826 40.07557
1202140710 116.34826 40.07557
1202140710 116.34826 40.07557
1202140710 116.34826 40.07557
1202140710 116.34826 40.07557
1202140710 116.34826 40.07557
1202140710 116.34826 40.07557
1202140710 116.34826 40.07557
1202140710 116.34826 40.07557
1202140710 116.34826 40.07557
1202140710 116.34826 40.07557
1202140710 116.34826 40.07557
1202140710 116.34826 40.07557
1202140710 116.34826 40.07557
1202140710 116.34826 40.07557
1202140710 116.34826 40.07557
1202140710 116.34826 40.07557
1202140710 116.34826 40.07557
1202140710 116.34826 40.07557
1202140710 116.34826 40.07557
1202140710 116.34826 40.07557
1202140710 116.34826 40.07557
1202140710 116.34826 40.07557
1202150908 116.34797 40.07541
1202306692 116.34434 40.07434
1202306953 116.32667 40.07372
1202310365 116.32457 40.07384
1202310672 116.3245 40.07327
1202310672 116.3245 40.07327
1202310672 116.3245 40.07327
1202310672 116.3245 40.07327
1202310672 116.3245 40.07327
1202310672 116.3245 40.07327
1202310672 116.3245 40.07327
1202310672 116.3245 40.07327
1202310672 116.3245 40.07327
1202310672 116.3245 40.07327
1202310672 116.3245 40.07327
1202310672 116.3245 40.07327
1202310672 116.3245 40.07327
1202310672 116.3245 40.07327
1202310672 116.3245 40.07327
1202310672 116.3245 40.07327
1202310672 116.3245 40.07327
1202310672 116.3245 40.07327
1202310672 116.3245 40.07327
1202310672 116.3245 40.07327
1202310672 116.3245 40.07327
1202310672 116.3245 40.07327
1202310672 116.3245 40.07327
1202319436 116.32685 40.07368
1202319737 116.32826 40.07284
1202320039 116.30546 40.05679
1202320341 116.28087 40.0405
1202320508 116.2808 40.04046
1202320815 116.28085 40.04047
1202320815 116.28085 40.04047
1202320815 116.28085 40.04047
1202320815 116.28085 40.04047
1202320815 116.28085 40.04047
1202320815 116.28085 40.04047
1202320815 116.28085 40.04047
1202320815 116.28085 40.04047
1202320815 116.28085 40.04047
1202320815 116.28085 40.04047
1202320815 116.28085 40.04047
1202320815 116.28085 40.04047
1202320815 116.28085 40.04047
1202320815 116.28085 40.04047
1202320815 116.28085 40.04047
1202320815 116.28085 40.04047
1202320815 116.28085 40.04047
1202320815 116.28085 40.04047
1202320815 116.28085 40.04047
1202320815 116.28085 40.04047
1202320815 116.28085 40.04047
1202320815 116.28085 40.04047
1202320815 116.28085 40.04047
1202346471 116.29211 40.04141
1202346773 116.31633 40.05686
1202346773 116.31633 40.05686
1202347075 116.31278 40.07007
1202347377 116.34823 40.07559
1202347796 116.34821 40.07551
1202347796 116.34821 40.07551
1202347796 116.34821 40.07551
1202347796 116.34821 40.07551
1202347796 116.34821 40.07551
1202347796 116.34821 40.07551
1202347796 116.34821 40.07551
1202347796 116.34821 40.07551
1202347796 116.34821 40.07551
1202347796 116.34821 40.07551
1202347796 116.34821 40.07551
1202347796 116.34821 40.07551
1202347796 116.34821 40.07551
1202347796 116.34821 40.07551
1202347796 116.34821 40.07551
1202347796 116.34821 40.07551
1202347796 116.34821 40.07551
1202347796 116.34821 40.07551
1202347796 116.34821 40.07551
1202388541 116.34365 40.07429
1202388541 116.34365 40.07429
1202388843 116.3275 40.07645
1202389042 116.32668 40.07364
1202389382 116.32657 40.07396
1202390294 116.32474 40.06708
1202390596 116.2929 40.05368
1202391070 116.28083 40.04047
1202391377 116.28078 40.04061
1202391377 116.28078 40.04061
1202391377 116.28078 40.04061
1202391377 116.28078 40.04061
1202391377 116.28078 40.04061
1202391377 116.28078 40.04061
1202391377 116.28078 40.04061
1202391377 116.28078 40.04061
1202391377 116.28078 40.04061
1202391377 116.28078 40.04061
1202391377 116.28078 40.04061
1202391377 116.28078 40.04061
1202391377 116.28078 40.04061
1202391377 116.28078 40.04061
1202391377 116.28078 40.04061
1202391377 116.28078 40.04061
1202391377 116.28078 40.04061
1202391377 116.28078 40.04061
1202391377 116.28078 40.04061
1202409251 116.29452 40.05433
1202409553 116.31683 40.06145
1202409854 116.32665 40.07373
1202422505 116.32779 40.07355
1202422807 116.34798 40.07549
1202423190 116.34798 40.07557
1202423190 116.34798 40.07557
1202423190 116.34798 40.07557
1202423190 116.34798 40.07557
1202423190 116.34798 40.07557
1202423190 116.34798 40.07557
1202423190 116.34798 40.07557
1202423190 116.34798 40.07557
1202423190 116.34798 40.07557
1202423190 116.34798 40.07557
1202423190 116.34798 40.07557
1202423190 116.34798 40.07557
1202423190 116.34798 40.07557
1202423190 116.34798 40.07557
1202423190 116.34798 40.07557
1202423190 116.34798 40.07557
1202423190 116.34798 40.07557
1202423190 116.34798 40.07557
1202423190 116.34798 40.07557
1202423190 116.34798 40.07557
1202423190 116.34798 40.07557
1202423190 116.34798 40.07557
1202423190 116.34798 40.07557
1202473894 116.34802 40.07543
1202474196 116.32869 40.06642
1202474498 116.3108 40.05765
1202474799 116.29195 40.04153
1202475101 116.31599 40.05598
1202475403 116.31559 40.07002
1202475705 116.34803 40.07549
1202476006 116.32831 40.07236
1202476308 116.30979 40.05749
1202476610 116.28082 40.04051
