UTS Latitude Longitude
1201964885 116.93948 40.14972
1201965020 116.92281 40.15171
1201965187 116.88883 40.15268
1201965322 116.85716 40.15213
1201965489 116.8256 40.14934
1201965847 116.81056 40.15187
1201972811 116.80971 40.15099
1201972979 116.78902 40.1461
1201973112 116.76148 40.13963
1201973281 116.73053 40.12234
1201973583 116.67515 40.11456
1201973716 116.66802 40.11104
1201973945 116.66247 40.11024
1201974928 116.65593 40.11102
1201975230 116.64027 40.12489
1201975339 116.64134 40.1275
1201976854 116.63393 40.12859
1201977082 116.61195 40.12776
1201977156 116.60425 40.1271
1201977384 116.57392 40.12667
1201977684 116.54586 40.13985
1201977990 116.54608 40.14059
1201978000 116.546 40.1406
1201978291 116.54905 40.16831
1201978302 116.5506 40.16978
1201978593 116.60718 40.17028
1201978604 116.609 40.16979
1201978895 116.66012 40.16935
1201978905 116.66213 40.16939
1201979196 116.71452 40.16963
1201979207 116.71558 40.16967
1201979498 116.72154 40.19914
1201979509 116.72236 40.2006
1201979800 116.74506 40.20967
1201979810 116.74506 40.20967
1201980101 116.74506 40.20967
1201980112 116.74506 40.20967
1201980403 116.724 40.20284
1201980414 116.72295 40.20175
1201980704 116.70372 40.16926
1201980715 116.70363 40.16926
1201981006 116.65943 40.16948
1201981017 116.65687 40.16947
1201981308 116.64553 40.13773
1201981609 116.641 40.13029
1201981620 116.64085 40.12962
1201981718 116.64089 40.12677
1201981721 116.64089 40.12677
1201982289 116.64115 40.12679
1201982300 116.64115 40.12679
1201982591 116.64045 40.12665
1201982601 116.64034 40.12554
1201982893 116.6503 40.12059
1201982903 116.65036 40.12081
1201983194 116.66092 40.11079
1201983510 116.6608 40.10797
1201983814 116.65909 40.10767
1201984707 116.67492 40.10855
1201984901 116.67488 40.10853
1201985016 116.67508 40.10791
1201990276 116.67505 40.10794
1201990505 116.66858 40.10771
1201990577 116.66122 40.10802
1201990806 116.65093 40.11102
1201990879 116.64938 40.1121
1201991108 116.64519 40.11423
1201991181 116.64379 40.11087
1201991410 116.63943 40.1206
1201991482 116.63988 40.11658
1201991784 116.6559 40.11564
1201992013 116.65648 40.11285
1201992086 116.65647 40.11283
1201994322 116.66172 40.11027
1201998729 116.65771 40.11174
1201998839 116.65964 40.11192
1201999159 116.66242 40.11028
1202027333 116.66206 40.11064
1202027805 116.66215 40.11048
1202027936 116.65259 40.11293
1202028107 116.62924 40.11637
1202028238 116.62209 40.11644
1202028408 116.61246 40.11559
1202029091 116.61202 40.11626
1202029257 116.59313 40.11689
1202029694 116.55194 40.08135
1202029861 116.54429 40.05937
1202029996 116.53333 40.05123
1202030162 116.52612 40.03788
1202030297 116.51764 40.02487
1202030464 116.50838 40.01217
1202030599 116.50258 40.00704
1202030901 116.48641 40.00687
1202031067 116.47272 40.00467
1202031202 116.46718 40.004
1202031369 116.46172 39.99571
1202031671 116.46774 39.98395
1202031806 116.45994 39.98675
1202031972 116.45379 39.99167
1202032274 116.46709 39.98927
1202032409 116.46873 39.98477
1202032576 116.46873 39.98477
1202032711 116.46873 39.98477
1202032877 116.46858 39.9847
1202033012 116.45718 39.98853
1202033314 116.45033 39.99571
1202033481 116.44255 39.99428
1202033615 116.44136 39.99282
1202033781 116.44296 39.99432
1202033916 116.45659 39.99418
1202034083 116.46042 39.9879
1202034218 116.47075 39.98684
1202034384 116.46359 39.98431
1202034520 116.45793 39.98807
1202036288 116.46383 39.96963
1202036570 116.48374 39.9299
1202036872 116.45779 39.90726
1202037475 116.45258 39.90736
1202037494 116.44989 39.90732
1202038097 116.44415 39.92202
1202038682 116.44418 39.91718
1202038701 116.44419 39.91973
1202038983 116.4386 39.92569
1202039002 116.43855 39.92569
1202039285 116.43795 39.93993
1202039304 116.43542 39.93988
1202039587 116.42749 39.93339
1202039606 116.42654 39.93239
1202039888 116.39826 39.93217
1202040190 116.38167 39.93198
1202040209 116.37909 39.93188
1202040812 116.38428 39.95224
1202041396 116.38114 39.95484
1202041415 116.38119 39.95411
1202041698 116.38875 39.95007
1202041698 116.38875 39.95007
1202042000 116.40319 39.9474
1202042019 116.40434 39.94747
1202042301 116.41847 39.94802
1202042320 116.41847 39.94802
1202042603 116.41912 39.95034
1202042622 116.41912 39.95034
1202043206 116.41791 39.94799
1202043225 116.41835 39.948
1202043527 116.42813 39.94344
1202043810 116.44282 39.95116
1202043829 116.44444 39.95254
1202044112 116.44679 39.9511
1202045992 116.44454 39.95257
1202046168 116.44454 39.95257
1202046289 116.44454 39.95257
1202046711 116.45188 39.95176
1202046900 116.44803 39.94691
1202047013 116.44429 39.94635
1202047201 116.4442 39.93895
1202047315 116.44413 39.92798
1202047503 116.4441 39.91906
1202047805 116.4545 39.90659
1202047918 116.45094 39.9029
1202048106 116.44535 39.90665
1202048220 116.45356 39.90715
1202048408 116.4441 39.91909
1202048710 116.44326 39.92157
1202048823 116.43516 39.92247
1202049011 116.4388 39.92553
1202049125 116.43754 39.93204
1202049313 116.42998 39.93826
1202049426 116.43896 39.93974
1202049615 116.43828 39.93796
1202049728 116.4333 39.93988
1202049916 116.43867 39.94767
1202050030 116.44452 39.95278
1202050218 116.45291 39.9526
1202050331 116.45169 39.95152
1202050632 116.44933 39.94784
1202050820 116.44525 39.95203
1202050934 116.44898 39.94968
1202051122 116.45555 39.94743
1202051235 116.45555 39.93291
1202051424 116.45544 39.90406
1202051537 116.45491 39.88796
1202051725 116.45002 39.88314
1202051838 116.45 39.87868
1202052027 116.4499 39.87688
1202052140 116.4499 39.87688
1202052140 116.4499 39.87688
1202052328 116.4499 39.87688
1202052630 116.44995 39.87687
1202052743 116.44995 39.87687
1202052932 116.44995 39.87687
1202053045 116.44995 39.87687
1202053233 116.4499 39.87658
1202053347 116.445 39.87491
1202053535 116.44543 39.88024
1202053648 116.44004 39.88325
1202053837 116.43106 39.89237
1202053950 116.42302 39.89229
1202054252 116.39155 39.88989
1202054440 116.37855 39.89018
1202054553 116.37823 39.89572
1202054742 116.38223 39.89759
1202054855 116.38721 39.89768
1202055043 116.38868 39.89754
1202055043 116.38868 39.89754
1202055157 116.3882 39.89565
1202055345 116.38383 39.88838
1202055458 116.37841 39.88764
1202055647 116.38127 39.87722
1202055760 116.38054 39.86926
1202056111 116.39681 39.8508
1202056333 116.40211 39.85539
1202056363 116.40329 39.8554
1202056635 116.40927 39.85549
1202056665 116.41132 39.85552
1202056967 116.42987 39.85729
1202057268 116.4326 39.86309
1202057540 116.43259 39.86411
1202057570 116.43258 39.86414
1202057841 116.42433 39.86405
1202057872 116.42439 39.86302
1202058143 116.4258 39.8586
1202058173 116.4258 39.8586
1202058445 116.43215 39.85733
1202058475 116.43279 39.85731
1202058746 116.45766 39.86997
1202058777 116.46232 39.86997
1202059048 116.47472 39.8698
1202059078 116.47831 39.86981
1202059380 116.48813 39.85631
1202059651 116.49372 39.8495
1202059802 116.49195 39.84984
1202060257 116.48373 39.85273
1202060257 116.48373 39.85273
1202060345 116.48103 39.85751
1202060559 116.47951 39.86983
1202060860 116.46155 39.87201
1202060949 116.46101 39.87486
1202061162 116.44991 39.87902
1202061250 116.4456 39.88038
1202061464 116.43819 39.88214
1202061552 116.43917 39.87551
1202062852 116.37864 39.88605
1202063039 116.37859 39.88727
1202063154 116.37857 39.88754
1202063154 116.37857 39.88754
1202063341 116.37803 39.89815
1202063455 116.37804 39.89881
1202063643 116.3855 39.90523
1202063757 116.38522 39.9125
1202063944 116.38499 39.91615
1202064058 116.38554 39.90828
1202064246 116.38568 39.90658
1202064360 116.38606 39.90599
1202064548 116.39284 39.9062
1202064662 116.39729 39.90636
1202064849 116.41133 39.90687
1202064963 116.42052 39.90701
1202065151 116.43498 39.90714
1202065453 116.47179 39.9095
1202065567 116.46927 39.90975
1202065754 116.46267 39.90718
1202065868 116.45724 39.90722
1202066056 116.44404 39.90715
1202066056 116.44404 39.90715
1202066170 116.43209 39.90714
1202066358 116.40934 39.90691
1202066472 116.40695 39.90684
1202066773 116.40095 39.90664
1202066961 116.40095 39.90664
1202067075 116.39776 39.90652
1202067263 116.39427 39.9064
1202067377 116.39427 39.9064
1202067564 116.38781 39.90618
1202067678 116.3821 39.906
1202067866 116.36815 39.9058
1202067980 116.36198 39.90585
1202068168 116.34956 39.90585
1202068282 116.33962 39.90598
1202068469 116.33017 39.9065
1202068583 116.32728 39.90631
1202068771 116.32259 39.90618
1202068885 116.32045 39.90619
1202069073 116.31267 39.90622
1202069187 116.30646 39.90622
1202069374 116.30477 39.90622
1202069488 116.30313 39.90622
1202069676 116.30077 39.90625
1202069790 116.29588 39.90626
1202069977 116.28978 39.90628
1202070092 116.28155 39.90626
1202070279 116.26877 39.90626
1202070393 116.26264 39.90624
1202070581 116.24363 39.90624
1202070695 116.2305 39.9062
1202070695 116.2305 39.9062
1202070882 116.23045 39.9026
1202070997 116.24103 39.90265
1202071184 116.24803 39.90601
1202071298 116.25821 39.90615
1202071486 116.26836 39.91041
1202071600 116.26937 39.92564
1202071787 116.26955 39.94536
1202071902 116.27978 39.94523
1202072089 116.30278 39.94137
1202072203 116.32286 39.93723
1202072391 116.34951 39.93935
1202072505 116.36272 39.94649
1202072692 116.40133 39.94762
1202072806 116.42141 39.94825
1202072994 116.43175 39.93966
1202073108 116.44375 39.9399
1202073296 116.44921 39.94694
1202073410 116.45155 39.95139
1202073597 116.45991 39.95864
1202073597 116.45991 39.95864
1202073711 116.46836 39.96637
1202074200 116.48632 39.99173
1202074314 116.49714 40.00234
1202074501 116.51505 40.02093
1202074615 116.52166 40.03068
1202074803 116.5333 40.05111
1202075105 116.55351 40.09068
1202075219 116.55623 40.10694
1202075406 116.58242 40.11689
1202075520 116.60511 40.11659
1202075708 116.62283 40.11638
1202075822 116.63605 40.11624
1202076010 116.65403 40.11102
1202076124 116.66085 40.111
1202076306 116.66238 40.11029
1202113499 116.6624 40.11017
1202113667 116.65613 40.11104
1202113800 116.64592 40.11089
1202113969 116.64024 40.1247
1202114102 116.63597 40.13646
1202114271 116.62858 40.13806
1202114572 116.6025 40.14216
1202114705 116.60365 40.12729
1202114874 116.59967 40.11676
1202115007 116.57307 40.11669
1202115176 116.56419 40.1077
1202115309 116.56647 40.09747
1202115477 116.56207 40.08271
1202115610 116.56176 40.07532
1202115779 116.56676 40.07095
1202115912 116.56296 40.06688
1202116081 116.58261 40.06159
1202116214 116.58261 40.06159
1202116382 116.58261 40.06159
1202116515 116.58261 40.06159
1202116515 116.58261 40.06159
1202116684 116.58261 40.06159
1202116817 116.58261 40.06159
1202116986 116.58261 40.06159
1202117119 116.58261 40.06159
1202117287 116.58261 40.06159
1202117420 116.58261 40.06159
1202117589 116.58289 40.06016
1202117722 116.58264 40.06235
1202117890 116.58264 40.06235
1202118023 116.58264 40.06235
1202118192 116.58264 40.06235
1202118325 116.58264 40.06235
1202118494 116.58264 40.06235
1202118627 116.58264 40.06235
1202118795 116.58212 40.06547
1202118928 116.58212 40.06547
1202119097 116.58212 40.06547
1202119230 116.58212 40.06547
1202119399 116.58212 40.06547
1202119532 116.58212 40.06547
1202119700 116.5819 40.06706
1202119833 116.58175 40.06793
1202120002 116.58175 40.06793
1202120002 116.58175 40.06793
1202120135 116.58175 40.06793
1202120304 116.58175 40.06793
1202120437 116.58175 40.06793
1202120605 116.58175 40.06793
1202120738 116.58175 40.06793
1202120907 116.58173 40.06802
1202121040 116.58155 40.06899
1202121209 116.58155 40.06899
1202121342 116.58143 40.06971
1202121510 116.58133 40.07037
1202121643 116.58133 40.07037
1202121812 116.58133 40.07037
1202121944 116.58133 40.07037
1202122113 116.58133 40.07037
1202122246 116.58133 40.07037
1202122414 116.58133 40.07037
1202122547 116.58133 40.07037
1202122716 116.58133 40.07037
1202122849 116.58133 40.07037
1202123018 116.58133 40.07037
1202123151 116.58133 40.07037
1202123319 116.58125 40.07101
1202123452 116.58057 40.07466
1202123621 116.58046 40.07574
1202123754 116.58046 40.07574
1202123923 116.58046 40.07574
1202124056 116.58046 40.07574
1202124056 116.58046 40.07574
1202124224 116.58186 40.07592
1202124357 116.58219 40.07463
1202124526 116.58219 40.07463
1202124659 116.58219 40.07463
1202124961 116.58219 40.07463
1202125129 116.58219 40.07463
1202125262 116.583 40.07499
1202125431 116.58329 40.07543
1202125733 116.58329 40.07543
1202125866 116.58329 40.07543
1202126034 116.58329 40.07543
1202126167 116.58329 40.07543
1202126336 116.58329 40.07543
1202126469 116.58329 40.07543
1202126638 116.58347 40.07568
1202127374 116.58017 40.04781
1202127542 116.56636 40.03505
1202127542 116.56636 40.03505
1202127675 116.5333 40.02232
1202127844 116.49477 39.99846
1202127977 116.47216 39.97798
1202128146 116.44324 39.95206
1202128279 116.44423 39.94534
1202128447 116.43419 39.9398
1202128580 116.42829 39.93986
1202128749 116.4198 39.93962
1202128882 116.41096 39.93955
1202129051 116.40243 39.93946
1202129184 116.39445 39.93941
1202129352 116.39263 39.93939
1202129485 116.39163 39.93938
1202129654 116.38631 39.93964
1202129787 116.37863 39.94451
1202129956 116.37308 39.95005
1202130089 116.36589 39.94963
1202130257 116.36276 39.95086
1202130390 116.3556 39.95107
1202130559 116.35522 39.95579
1202130692 116.35484 39.96381
1202130861 116.35613 39.96661
1202130994 116.34805 39.97472
1202131162 116.34152 39.97293
1202131295 116.33943 39.97208
1202131464 116.34224 39.97256
1202131597 116.34692 39.96979
1202131597 116.34692 39.96979
1202131766 116.33666 39.9665
1202131899 116.32955 39.96655
1202132128 116.33005 39.96796
1202133729 116.33005 39.96797
1202133941 116.32764 39.97396
1202134031 116.3382 39.97511
1202134243 116.34798 39.97633
1202134333 116.35475 39.98029
1202134545 116.3636 39.97583
1202134634 116.36382 39.96761
1202134846 116.36565 39.96622
1202134936 116.37371 39.96474
1202135148 116.38291 39.96161
1202135238 116.38856 39.95896
1202135450 116.3812 39.95014
1202135539 116.38694 39.9501
1202135751 116.39549 39.95008
1202135841 116.4018 39.94917
1202136053 116.40235 39.93668
1202136143 116.40253 39.93255
1202136355 116.40452 39.92412
1202136444 116.40478 39.9174
1202136656 116.41167 39.91151
1202136746 116.41181 39.90983
1202136958 116.4118 39.90512
1202137048 116.41205 39.90185
1202137260 116.40991 39.90463
1202137349 116.4146 39.90688
1202137561 116.4296 39.90836
1202137651 116.42859 39.91902
1202137863 116.43472 39.92155
1202137953 116.43977 39.92191
1202138165 116.43767 39.9334
1202138254 116.43834 39.93853
1202138466 116.44419 39.93836
1202138556 116.44184 39.93239
1202138556 116.44184 39.93239
1202138768 116.43837 39.9391
1202139159 116.4327 39.95257
1202139371 116.43479 39.94763
1202139461 116.43849 39.94528
1202139673 116.43855 39.94007
1202139763 116.43314 39.93976
1202139974 116.4252 39.94834
1202140064 116.41512 39.94808
1202140276 116.38502 39.94764
1202140366 116.37604 39.94772
1202140578 116.37473 39.97769
1202140668 116.37332 39.98668
1202140879 116.35352 39.98582
1202140879 116.35352 39.98582
1202140969 116.3343 39.98532
1202141181 116.31335 39.98451
1202141271 116.3103 39.9844
1202141483 116.30906 39.97949
1202141573 116.30848 39.97965
1202141784 116.30839 39.98219
1202141874 116.31072 39.97948
1202142086 116.31257 39.97206
1202142176 116.31445 39.96728
1202142477 116.32188 39.9659
1202142689 116.36235 39.96642
1202142779 116.37377 39.96509
1202142991 116.37324 39.95104
1202143081 116.37252 39.94934
1202143293 116.37314 39.93776
1202143382 116.37755 39.93425
1202143594 116.37859 39.93643
1202143684 116.3782 39.93783
1202143896 116.37384 39.94652
1202143986 116.38377 39.94747
1202144198 116.40207 39.94765
1202144287 116.40935 39.94784
1202144499 116.44162 39.95037
1202144589 116.45552 39.96294
1202144801 116.49248 39.99618
1202144891 116.50658 40.00893
1202145103 116.55833 40.03107
1202145192 116.57603 40.04421
1202145404 116.58201 40.07066
1202145494 116.58662 40.07738
1202145706 116.58126 40.07919
1202145796 116.5806 40.07648
1202146008 116.58281 40.06108
1202146097 116.57444 40.06024
1202146097 116.57444 40.06024
1202146309 116.55618 40.058
1202146399 116.55852 40.05057
1202146611 116.56417 40.04696
1202146701 116.56417 40.04696
1202146912 116.5646 40.04673
1202147002 116.5662 40.0403
1202147214 116.55582 40.02892
1202147304 116.54864 40.02636
1202147516 116.55959 40.00287
1202147816 116.56733 39.96695
1202147906 116.56708 39.95648
1202148118 116.54546 39.94897
1202148208 116.54122 39.94339
1202148420 116.52242 39.94039
1202148420 116.52242 39.94039
1202148510 116.51213 39.93946
1202148721 116.49671 39.93508
1202148811 116.49671 39.93508
1202149023 116.49619 39.93024
1202149113 116.49576 39.92648
1202149325 116.48513 39.92186
1202149415 116.48308 39.92141
1202149626 116.48318 39.91108
1202149716 116.48239 39.90697
1202149928 116.47812 39.89928
1202150018 116.47232 39.89917
1202150230 116.4718 39.90205
1202150319 116.47165 39.9034
1202150621 116.45652 39.90286
1202150833 116.45504 39.88198
1202150923 116.45477 39.86856
1202151135 116.42803 39.85739
1202151224 116.42207 39.85696
1202151436 116.409 39.8557
1202151526 116.39152 39.85575
1202151738 116.38216 39.85584
1202151828 116.38125 39.85586
1202152040 116.38051 39.84793
1202152129 116.37521 39.84895
1202152341 116.36198 39.84837
1202152431 116.362 39.84525
1202152643 116.35878 39.84929
1202152733 116.35863 39.85671
1202152945 116.35832 39.86354
1202153034 116.35644 39.86524
1202153246 116.35858 39.86529
1202153336 116.36592 39.86599
1202153548 116.37475 39.86915
1202153638 116.38366 39.8694
1202153638 116.38366 39.8694
1202153850 116.3812 39.88114
1202153939 116.38383 39.88472
1202154241 116.40541 39.88688
1202154453 116.40983 39.89144
1202154543 116.41127 39.89161
1202154755 116.39981 39.8913
1202155056 116.38603 39.88862
1202155146 116.38538 39.88855
1202155358 116.37852 39.8911
1202155358 116.37852 39.8911
1202155448 116.37822 39.89561
1202155749 116.37352 39.89861
1202155961 116.36786 39.90379
1202155961 116.36786 39.90379
1202156051 116.36796 39.90525
1202156263 116.3677 39.9082
1202156353 116.36772 39.90962
1202156564 116.36746 39.91317
1202156654 116.35768 39.91285
1202156866 116.35016 39.92139
1202156956 116.34985 39.92678
1202157168 116.35013 39.94702
1202157258 116.34877 39.95924
1202157469 116.36348 39.96627
1202157559 116.36387 39.9696
1202157771 116.36899 39.97918
1202158073 116.36406 39.97533
1202158163 116.3638 39.96974
1202158374 116.36417 39.96229
1202158464 116.36483 39.95682
1202158676 116.36564 39.9484
1202158766 116.36564 39.9484
1202158978 116.36571 39.94773
1202159067 116.36571 39.94773
1202159279 116.38551 39.94754
1202159369 116.40434 39.94771
1202161528 116.60509 40.11654
1202161779 116.65284 40.11615
1202161829 116.66292 40.11508
1202162081 116.70919 40.12278
1202162130 116.71962 40.12125
1202162382 116.6973 40.12471
1202162432 116.68846 40.12101
1202162684 116.66095 40.11051
1202200903 116.66228 40.1103
1202200903 116.66228 40.1103
1202201132 116.66217 40.11026
1202201205 116.66089 40.11032
1202201507 116.64041 40.12669
1202201736 116.62859 40.13828
1202201808 116.62859 40.13828
1202202037 116.61085 40.1276
1202202110 116.61049 40.11843
1202202412 116.61245 40.11556
1202202713 116.61224 40.11561
1202202942 116.61229 40.11562
1202202942 116.61229 40.11562
1202203015 116.61229 40.11562
1202203244 116.58266 40.117
1202203317 116.57585 40.11679
1202203546 116.55425 40.09527
1202203618 116.55189 40.08108
1202203847 116.53642 40.05474
1202203920 116.53156 40.04846
1202204149 116.52376 40.03391
1202204222 116.51889 40.02667
1202204451 116.50432 40.0085
1202204523 116.49749 40.00274
1202204752 116.48223 40.0044
1202204825 116.47701 40.00422
1202205054 116.46148 40.00062
1202205127 116.46174 39.99613
1202205356 116.46891 39.98491
1202205428 116.46891 39.98491
1202205657 116.46801 39.98421
1202205730 116.46309 39.98468
1202206032 116.45681 40.00287
1202206261 116.46106 40.00985
1202206333 116.46132 40.00437
1202206562 116.46199 39.99321
1202206635 116.47029 39.98715
1202206937 116.46623 39.98253
1202207165 116.45265 39.98367
1202207238 116.45264 39.9877
1202207467 116.46928 39.98776
1202207540 116.46653 39.98272
1202207769 116.46773 39.98117
1202207841 116.47117 39.97921
1202208070 116.46096 39.97783
1202208372 116.41809 39.98773
1202208445 116.41788 39.98446
1202208445 116.41788 39.98446
1202208674 116.41851 39.97007
1202208746 116.41889 39.9677
1202209048 116.45556 39.94606
1202209277 116.45539 39.91581
1202209651 116.45599 39.90353
1202209880 116.45509 39.9091
1202209953 116.45498 39.90751
1202210182 116.45537 39.91124
1202210255 116.45521 39.90758
1202210484 116.47017 39.90701
1202210556 116.48296 39.90508
1202210785 116.47513 39.88319
1202210858 116.47134 39.88628
1202211087 116.47162 39.89776
1202211160 116.47166 39.90151
1202211389 116.47122 39.9072
1202211690 116.45821 39.90734
1202211763 116.4558 39.91058
1202211992 116.44492 39.90729
1202212065 116.44419 39.91163
1202212294 116.44416 39.92103
1202212366 116.44416 39.92103
1202212594 116.44422 39.92217
1202212667 116.44434 39.92202
1202212896 116.45456 39.91815
1202212969 116.46313 39.91526
1202213198 116.47178 39.91112
1202213270 116.4717 39.90827
1202213499 116.45919 39.90726
1202213801 116.44419 39.91172
1202213874 116.44419 39.91189
1202214103 116.44418 39.92531
1202214175 116.43996 39.9256
1202214404 116.43761 39.93195
1202214477 116.43832 39.93735
1202214706 116.43797 39.93984
1202214779 116.4329 39.9398
1202215007 116.42813 39.92528
1202215080 116.42837 39.91865
1202215309 116.42473 39.90755
1202215382 116.42464 39.91061
1202215611 116.42032 39.91619
1202215684 116.42017 39.92007
1202215912 116.42845 39.92554
1202215985 116.42807 39.93208
1202215985 116.42807 39.93208
1202216214 116.43299 39.93967
1202216287 116.43777 39.93982
1202216516 116.44926 39.9482
1202216588 116.4493 39.94885
1202216817 116.44653 39.95117
1202216890 116.4471 39.95021
1202217059 116.44544 39.95052
1202219552 116.44633 39.94988
1202219719 116.44246 39.94785
1202219854 116.44226 39.9453
1202220020 116.43613 39.93982
1202220155 116.42342 39.93969
1202220322 116.41951 39.93554
1202220457 116.41948 39.93286
1202220623 116.41092 39.93289
1202220623 116.41092 39.93289
1202220759 116.41056 39.93822
1202220925 116.41039 39.94502
1202221060 116.40706 39.948
1202221227 116.38919 39.95143
1202221362 116.38864 39.96169
1202221528 116.37959 39.96053
1202221663 116.38431 39.96168
1202221830 116.38841 39.96464
1202221965 116.38828 39.97792
1202222132 116.38142 39.99143
1202222267 116.38036 40.00815
1202222433 116.37424 40.01458
1202222568 116.39841 40.02097
1202222735 116.40555 40.03789
1202222870 116.40656 40.05112
1202223037 116.40766 40.05619
1202223172 116.40287 40.06216
1202223338 116.403 40.06265
1202223473 116.403 40.06265
1202223640 116.403 40.06265
1202223775 116.403 40.06265
1202223941 116.40662 40.06331
1202224076 116.40741 40.05718
1202224242 116.40588 40.04671
1202224377 116.40992 40.03958
1202224544 116.4148 40.03618
1202224679 116.41133 40.03164
1202224846 116.41128 40.01907
1202224981 116.41063 40.00389
1202224981 116.41063 40.00389
1202225147 116.40201 40.0013
1202225282 116.38824 40.00855
1202225449 116.37126 40.00852
1202225584 116.3648 40.00021
1202225751 116.3578 40.00871
1202225886 116.34976 40.02115
1202226052 116.35462 40.01155
1202226187 116.35952 40.00553
1202226354 116.36375 40.0002
1202226489 116.37428 39.99904
1202226656 116.38105 39.99075
1202226791 116.36216 39.98608
1202226957 116.32801 39.98499
1202227092 116.31111 39.98443
1202227259 116.31059 39.97983
1202227259 116.31059 39.97983
1202227394 116.31127 39.97507
1202227561 116.31387 39.96824
1202227696 116.30876 39.96368
1202227862 116.30077 39.96812
1202227997 116.3018 39.96126
1202228164 116.30298 39.95283
1202228164 116.30298 39.95283
1202228299 116.30399 39.93642
1202228466 116.30405 39.91452
1202228601 116.30366 39.90612
1202228767 116.31839 39.90607
1202228902 116.32577 39.90641
1202229069 116.32575 39.9076
1202229204 116.31736 39.90621
1202229370 116.30671 39.90625
1202229505 116.30531 39.90624
1202229672 116.30407 39.90666
1202229807 116.30423 39.89873
1202229974 116.30487 39.87763
1202230109 116.30103 39.87997
1202230275 116.30555 39.87302
1202230410 116.30956 39.85679
1202230712 116.28787 39.8559
1202230879 116.27956 39.84637
1202231014 116.27866 39.84175
1202231180 116.28046 39.83561
1202231315 116.28442 39.83084
1202231414 116.28333 39.83136
1202231784 116.28141 39.83472
1202231922 116.28073 39.83803
1202232085 116.27823 39.8433
1202232223 116.28388 39.84789
1202232223 116.28388 39.84789
1202232387 116.28787 39.85602
1202232525 116.28816 39.86361
1202232689 116.29796 39.86491
1202232827 116.30239 39.86559
1202232990 116.30867 39.86516
1202233128 116.30615 39.8706
1202233292 116.30598 39.87166
1202233430 116.30587 39.87271
1202233594 116.30574 39.87408
1202233732 116.30559 39.87541
1202233895 116.3049 39.88196
1202234033 116.30709 39.88449
1202234197 116.30905 39.88542
1202234335 116.31294 39.88707
1202234499 116.31435 39.88761
1202234637 116.31633 39.8881
1202234800 116.31692 39.88825
1202234938 116.31718 39.88829
1202235102 116.31766 39.88837
1202235240 116.3179 39.88835
1202235542 116.33745 39.88833
1202235705 116.35665 39.88799
1202235705 116.35665 39.88799
1202235843 116.35731 39.89071
1202236007 116.36283 39.89818
1202236145 116.36666 39.8983
1202236308 116.38001 39.89875
1202236447 116.38555 39.90409
1202236610 116.38516 39.91359
1202236748 116.37928 39.92112
1202236912 116.37379 39.92623
1202237050 116.37382 39.93113
1202237213 116.37397 39.93681
1202237351 116.37592 39.93953
1202237515 116.37384 39.94671
1202237653 116.38709 39.94737
1202237817 116.39809 39.94746
1202237955 116.41677 39.94791
1202238118 116.41875 39.94794
1202238256 116.42693 39.9412
1202238420 116.43787 39.93974
1202238558 116.44431 39.94106
1202238722 116.4493 39.94764
1202239023 116.4489 39.94963
1202239161 116.4489 39.94963
1202239325 116.44971 39.95653
1202239463 116.43528 39.96515
1202239627 116.43072 39.9679
1202239765 116.43429 39.98269
1202239765 116.43429 39.98269
1202239928 116.44975 40.01458
1202240066 116.46911 40.03488
1202240230 116.47589 40.06982
1202240368 116.47638 40.09099
1202240532 116.4987 40.09398
1202240670 116.52564 40.0972
1202240833 116.55458 40.10087
1202240971 116.55629 40.10682
1202241135 116.58114 40.11683
1202241273 116.6082 40.11645
1202241436 116.61233 40.11558
1202241574 116.61233 40.11558
1202241737 116.61233 40.11558
1202241875 116.61228 40.11551
1202242039 116.61228 40.11551
1202242177 116.61228 40.11551
1202242341 116.61228 40.11551
1202242479 116.61228 40.11551
1202242642 116.61228 40.11551
1202242780 116.61228 40.11551
1202242944 116.61228 40.11551
1202243066 116.61231 40.11557
1202243553 116.65128 40.11536
1202243742 116.65805 40.111
1202243916 116.66241 40.11027
1202244898 116.65658 40.11117
1202245006 116.65653 40.11191
1202245200 116.65652 40.11312
1202245308 116.66269 40.11498
1202245501 116.6724 40.11034
1202245670 116.67383 40.10973
1202245850 116.67384 40.10974
1202246107 116.67084 40.11459
1202246152 116.66533 40.11482
1202246152 116.66533 40.11482
1202246408 116.64949 40.11148
1202246453 116.64833 40.11179
1202246453 116.64833 40.11179
1202246710 116.64523 40.11595
1202246755 116.64523 40.12047
1202247012 116.64299 40.13252
1202247735 116.64428 40.13106
1202247907 116.64483 40.13161
1202250164 116.65132 40.1366
1202250208 116.65105 40.1326
1202250208 116.65105 40.1326
1202250465 116.65287 40.11153
1202250510 116.65287 40.11153
1202250751 116.66239 40.11033
1202253411 116.66117 40.10881
1202288373 116.66253 40.11022
1202288674 116.64647 40.11091
1202288976 116.63844 40.13617
1202289147 116.6284 40.13809
1202289278 116.61608 40.13908
1202289448 116.60233 40.13532
1202289579 116.60506 40.12013
1202289750 116.5828 40.11701
1202289881 116.56102 40.1173
1202290052 116.55458 40.09724
1202290353 116.54775 40.06258
1202290484 116.53511 40.05371
1202290655 116.51934 40.02737
1202290785 116.50779 40.01167
1202290956 116.49479 40.00171
1202291087 116.48397 40.00541
1202291257 116.46732 40.00405
1202291388 116.46153 40.00088
1202291388 116.46153 40.00088
1202291559 116.46935 39.98518
1202291690 116.46888 39.98485
1202291992 116.46888 39.98485
1202292162 116.46887 39.98477
1202292293 116.46887 39.98477
1202292464 116.46877 39.98475
1202292595 116.46877 39.98475
1202292766 116.46877 39.98475
1202292897 116.46877 39.98475
1202293067 116.46877 39.98475
1202293198 116.46877 39.98475
1202293369 116.46877 39.98475
1202293500 116.4686 39.9847
1202293671 116.4686 39.98472
1202293802 116.4686 39.98472
1202293972 116.4686 39.98472
1202294103 116.4686 39.98472
1202294274 116.4686 39.98472
1202294405 116.4686 39.98472
1202294576 116.46163 39.97833
1202294576 116.46163 39.97833
1202294707 116.46395 39.97169
1202294877 116.4459 39.95614
1202295008 116.44212 39.94754
1202295179 116.43824 39.93993
1202295310 116.42693 39.93955
1202295480 116.41142 39.93227
1202295612 116.41111 39.92674
1202295782 116.41122 39.92357
1202295913 116.41136 39.92029
1202296084 116.41177 39.90955
1202296215 116.40118 39.90659
1202296385 116.38538 39.90176
1202296516 116.3778 39.90302
1202296687 116.36784 39.90792
1202296818 116.36765 39.91328
1202296989 116.37125 39.9212
1202297120 116.37736 39.92125
1202297290 116.39857 39.9229
1202297421 116.41137 39.92043
1202297592 116.41175 39.91455
1202297723 116.42043 39.9148
1202297894 116.42664 39.91786
1202298025 116.42678 39.91701
1202298326 116.43012 39.90194
1202298628 116.44479 39.88089
1202298799 116.44475 39.8756
1202298930 116.44985 39.87695
1202298930 116.44985 39.87695
1202299100 116.44996 39.88168
1202299231 116.44994 39.88254
1202299402 116.46054 39.88308
1202299533 116.47059 39.88309
1202299704 116.47145 39.89599
1202299835 116.47174 39.9036
1202300005 116.46969 39.90717
1202300136 116.45643 39.90801
1202300307 116.4519 39.9132
1202300438 116.44423 39.91533
1202300609 116.44412 39.92145
1202300740 116.43752 39.92767
1202300910 116.44382 39.9323
1202301041 116.45476 39.93238
1202301212 116.47049 39.9324
1202301212 116.47049 39.9324
1202301343 116.47599 39.9324
1202301514 116.48316 39.93239
1202301815 116.51102 39.93913
1202301946 116.51122 39.94826
1202302117 116.5107 39.95801
1202302117 116.5107 39.95801
1202302248 116.51137 39.95859
1202302419 116.51137 39.95859
1202302550 116.50744 39.95626
1202302720 116.49748 39.96223
1202302851 116.49693 39.9697
1202303022 116.48455 39.97077
1202303153 116.47607 39.97621
1202303323 116.46331 39.98457
1202303455 116.46363 39.9909
1202303625 116.46177 39.99983
1202303756 116.46169 39.99613
1202303927 116.45966 39.98721
1202304058 116.45094 39.98778
1202304228 116.44991 39.98101
1202304359 116.43601 39.98794
1202304530 116.42488 39.99238
1202304661 116.42438 39.99243
1202304832 116.41761 39.98773
1202304963 116.39427 39.98698
1202305133 116.37356 39.98148
1202305264 116.37025 39.96691
1202305435 116.33384 39.96633
1202305566 116.30425 39.96184
1202305736 116.304 39.93569
1202305867 116.30413 39.91243
1202306037 116.30756 39.89564
1202306168 116.31395 39.89498
1202306339 116.31631 39.89513
1202306470 116.31512 39.89884
1202306470 116.31512 39.89884
1202306641 116.32902 39.90591
1202306942 116.32851 39.92142
1202307073 116.3291 39.92671
1202307244 116.33774 39.92835
1202307375 116.34594 39.93096
1202307546 116.34977 39.93281
1202307677 116.35252 39.93899
1202307978 116.36598 39.94675
1202308149 116.38036 39.94999
1202308280 116.38878 39.95009
1202308451 116.4033 39.94738
1202308582 116.41908 39.94796
1202310752 116.44454 39.95275
1202310989 116.44977 39.94707
1202311054 116.45527 39.94613
1202311356 116.44112 39.94403
1202311593 116.42938 39.9397
1202311959 116.43837 39.94533
1202312196 116.4332 39.93973
1202312261 116.42809 39.9398
1202312498 116.42044 39.93522
1202312799 116.44383 39.93978
1202312864 116.4442 39.93272
1202313166 116.44398 39.91283
1202313403 116.4442 39.92097
1202313775 116.44392 39.93997
1202314006 116.42307 39.93969
1202314006 116.42307 39.93969
1202314071 116.41645 39.93962
1202314372 116.39009 39.93907
1202314674 116.37373 39.93318
1202314911 116.37339 39.94279
1202315212 116.39658 39.9473
1202315579 116.40224 39.93943
1202315880 116.4196 39.93468
1202316484 116.42254 39.91833
1202316721 116.4232 39.91842
1202317022 116.4232 39.91842
1202317324 116.42235 39.91846
1202317389 116.42075 39.91783
1202317690 116.42249 39.92891
1202317992 116.43493 39.93972
1202318229 116.44432 39.94368
1202318832 116.44939 39.94943
1202319134 116.43533 39.93986
1202319436 116.42856 39.91592
1202319801 116.43351 39.89236
1202320103 116.40617 39.89142
1202320103 116.40617 39.89142
1202320943 116.43077 39.89918
1202321245 116.43758 39.90435
1202321546 116.44034 39.91497
1202321546 116.44034 39.91497
1202321611 116.44367 39.91635
1202321918 116.44426 39.93255
1202323658 116.41069 39.93603
1202323960 116.43734 39.93979
1202324261 116.44765 39.94674
1202324326 116.44765 39.94674
1202324628 116.45547 39.93467
1202324865 116.45522 39.89397
1202324929 116.45505 39.88304
1202326675 116.34371 39.90074
1202327047 116.34718 39.91402
1202327278 116.34718 39.92404
1202327343 116.3473 39.92747
1202327343 116.3473 39.92747
1202327644 116.3673 39.94733
1202328851 116.51445 40.01994
1202329389 116.55118 40.07613
1202329454 116.55306 40.08766
1202329756 116.5773 40.11673
1202329993 116.62589 40.11631
1202331082 116.66106 40.11109
1202331092 116.66106 40.11109
1202331384 116.66087 40.10407
1202331393 116.66068 40.10408
1202331686 116.6593 40.10806
1202331695 116.6593 40.10806
1202331695 116.6593 40.10806
1202331987 116.66047 40.10795
1202331987 116.66047 40.10795
1202331997 116.66047 40.10795
1202332289 116.65978 40.1057
1202332298 116.66019 40.10566
1202332592 116.6624 40.11023
1202332592 116.6624 40.11023
1202377678 116.65975 40.11124
1202377811 116.64842 40.11092
1202377811 116.64842 40.11092
1202377980 116.63947 40.12105
1202378113 116.64128 40.13367
1202378282 116.62846 40.13804
1202378415 116.6239 40.13807
1202378716 116.60229 40.13629
1202378885 116.60529 40.11898
1202379018 116.61242 40.11564
1202380110 116.612 40.1163
1202380276 116.59497 40.11687
1202380578 116.55393 40.09335
1202380713 116.55144 40.07834
1202380713 116.55144 40.07834
1202380880 116.5481 40.06302
1202381015 116.53104 40.04764
1202381181 116.51929 40.02722
1202381316 116.51201 40.01642
1202381483 116.49633 40.00215
1202381618 116.48539 40.00636
1202381785 116.47258 40.00472
1202381920 116.46155 40.00089
1202382086 116.469 39.98495
1202382207 116.46861 39.98467
1202383188 116.46861 39.98466
1202383236 116.46946 39.98509
1202383490 116.46159 40.00347
1202383538 116.46144 40.00717
1202383792 116.44475 40.0197
1202383840 116.44236 40.02331
1202384093 116.43314 40.0338
1202384141 116.43138 40.03383
1202384395 116.42262 40.04001
1202384697 116.42235 40.04003
1202384745 116.42738 40.03792
1202384998 116.44226 40.02453
1202385046 116.44257 40.02091
1202385300 116.4455 40.01691
1202385348 116.44537 40.01963
1202385348 116.44537 40.01963
1202385650 116.43225 40.01552
1202385903 116.41062 40.00798
1202385903 116.41062 40.00798
1202385951 116.41062 40.00798
1202386205 116.41841 39.99743
1202386253 116.41877 39.99739
1202386507 116.41047 39.99391
1202386507 116.41047 39.99391
1202386555 116.40789 39.98826
1202386808 116.35531 39.98583
1202386856 116.34389 39.98548
1202387110 116.2936 39.988
1202387158 116.28966 39.99292
1202387412 116.28632 39.99272
1202387459 116.28602 39.99381
1202387713 116.30049 39.99637
1202387761 116.30673 39.99858
1202388015 116.31214 40.01348
1202388063 116.30926 40.01757
1202388316 116.31876 40.03425
1202388364 116.3219 40.0344
1202388618 116.33487 40.03731
1202388920 116.34694 40.03508
1202388968 116.35045 40.03187
1202389221 116.34323 40.02813
1202389269 116.34323 40.02813
1202389523 116.35944 40.00595
1202389571 116.36454 39.99904
1202389825 116.39864 39.98694
1202389873 116.40978 39.98732
1202390126 116.44959 39.98043
1202390174 116.45095 39.98306
1202390428 116.45671 39.99457
1202390476 116.45671 39.99457
1202390730 116.46667 39.9829
1202390778 116.46738 39.98195
1202391031 116.45149 39.96025
1202391079 116.44654 39.95668
1202391381 116.44422 39.94392
1202391635 116.4274 39.93744
1202391683 116.42781 39.93175
1202391936 116.41332 39.90691
1202391984 116.40534 39.90674
1202392238 116.38966 39.902
1202392286 116.38813 39.90149
1202392540 116.38714 39.89915
1202392588 116.38714 39.89915
1202392841 116.38947 39.90043
1202392889 116.38865 39.89904
1202392889 116.38865 39.89904
1202393143 116.38865 39.89904
1202393191 116.38865 39.89904
1202394658 116.34758 39.93922
1202394904 116.34044 39.95677
1202394959 116.34284 39.95653
1202395205 116.34865 39.96547
1202395205 116.34865 39.96547
1202395286 116.36025 39.96626
1202395864 116.35009 39.92118
1202396110 116.34261 39.88678
1202396166 116.34301 39.87641
1202396412 116.33967 39.83279
1202396468 116.33915 39.82279
1202396714 116.33816 39.78054
1202396769 116.33583 39.76775
1202397015 116.33452 39.71167
1202397071 116.32448 39.70121
1202397317 116.31725 39.64557
1202397619 116.31009 39.61956
1202398222 116.29902 39.62253
1202398278 116.29977 39.62231
1202399127 116.32625 39.69929
1202399183 116.32976 39.70684
1202399429 116.34007 39.73031
1202400087 116.33975 39.83017
1202400333 116.34958 39.86688
1202400634 116.41374 39.86973
1202400992 116.4346 39.89786
1202401238 116.42794 39.93317
1202401293 116.42836 39.93887
1202401293 116.42836 39.93887
1202401539 116.4376 39.9398
1202401595 116.43338 39.93974
1202401841 116.42203 39.94844
1202401897 116.42087 39.94841
1202402142 116.41908 39.9508
1202402198 116.41911 39.95197
1202402444 116.41862 39.96711
1202402500 116.41859 39.96773
1202402746 116.40352 39.96754
1202402746 116.40352 39.96754
1202403047 116.38812 39.97496
1202404245 116.30409 39.94584
1202404490 116.31115 39.95361
1202404490 116.31115 39.95361
1202404546 116.31106 39.95556
1202404791 116.30196 39.9609
1202404856 116.29919 39.95971
1202405395 116.29329 39.95797
1202405457 116.29307 39.95949
1202405696 116.29268 39.96079
1202405753 116.2934 39.95828
1202406077 116.31351 39.96491
1202406355 116.3115 39.97421
1202406600 116.30745 39.98262
1202406902 116.31861 39.98344
1202406958 116.32072 39.9843
1202407204 116.34711 39.99125
1202407260 116.34681 39.99572
1202407562 116.34593 40.01359
1202407863 116.34774 40.02356
1202408108 116.3385 40.03864
1202408165 116.34391 40.0387
1202408467 116.34933 40.03391
1202408712 116.36014 40.02886
1202408768 116.36541 40.02891
1202409013 116.38553 40.03007
1202409918 116.41786 39.99238
1202410277 116.41 39.99285
1202410522 116.37055 39.98658
1202411125 116.30126 39.967
1202411427 116.31765 39.97488
1202411728 116.339 39.97505
1202411785 116.34539 39.97505
1202412030 116.35932 39.98404
1202412030 116.35932 39.98404
1202412388 116.36444 39.99242
1202412690 116.40471 39.98696
1202412935 116.42932 39.9876
1202413293 116.47461 39.98119
1202413538 116.48361 39.98927
1202413595 116.49032 39.99595
1202413840 116.51628 40.02267
1202413897 116.51939 40.02723
1202414142 116.53812 40.05553
1202416090 116.61624 40.11639
1202416090 116.61624 40.11639
1202416258 116.63041 40.1163
1202416391 116.65247 40.11329
1202416560 116.66087 40.111
1202416693 116.6624 40.1103
1202417421 116.66215 40.11044
1202417650 116.65653 40.11193
1202417723 116.65653 40.11193
1202417952 116.66245 40.11028
1202418025 116.66245 40.11028
1202461602 116.66233 40.11035
1202461831 116.6609 40.11057
1202461904 116.65605 40.11105
1202461904 116.65605 40.11105
1202462133 116.64508 40.11858
1202462206 116.64234 40.11739
1202462435 116.6423 40.11737
1202462507 116.63933 40.11855
1202462736 116.62875 40.13743
1202462809 116.62841 40.13806
1202463038 116.60523 40.14177
1202463111 116.59321 40.14295
1202463340 116.56278 40.14453
1202463412 116.54657 40.14553
1202463641 116.52535 40.15012
1202463641 116.52535 40.15012
1202463714 116.5254 40.14833
1202463943 116.51737 40.14885
1202464016 116.51874 40.13644
1202464245 116.49175 40.12453
1202464317 116.48892 40.1122
1202464546 116.4662 40.08507
1202464619 116.45317 40.08081
1202464848 116.42906 40.07248
1202464921 116.43001 40.06722
1202465150 116.41693 40.06059
1202465222 116.41111 40.06033
1202465451 116.40632 40.06656
1202465524 116.40297 40.0636
1202465753 116.40286 40.06283
1202465826 116.40286 40.06283
1202466055 116.40286 40.05793
1202466127 116.40487 40.05669
1202466355 116.41799 40.04016
1202466428 116.42425 40.03924
1202466657 116.44216 40.02588
1202466729 116.44457 40.01971
1202466958 116.46127 40.00446
1202467031 116.46153 40.00052
1202467260 116.47367 39.98497
1202467333 116.47262 39.97948
1202467863 116.44422 39.94025
1202467936 116.44422 39.94025
1202468165 116.44288 39.92177
1202468238 116.43979 39.92108
1202468467 116.44412 39.91264
1202468539 116.44398 39.90916
1202468768 116.43458 39.90732
1202468841 116.429 39.91274
1202469070 116.43967 39.92193
1202469143 116.44668 39.92177
1202469372 116.4554 39.91595
1202469444 116.45548 39.90461
1202469444 116.45548 39.90461
1202469673 116.45 39.88173
1202469746 116.4447 39.8801
1202469975 116.44184 39.87493
1202470048 116.44184 39.87493
1202470349 116.44928 39.89223
1202470578 116.45235 39.89421
1202470651 116.45524 39.89419
1202470880 116.44262 39.89584
1202470953 116.44443 39.89593
1202471182 116.43662 39.89752
1202471182 116.43662 39.89752
1202471254 116.43153 39.90185
1202471556 116.43778 39.90676
1202471785 116.41656 39.90703
1202471858 116.41177 39.90897
1202472087 116.40442 39.914
1202472159 116.40714 39.91724
1202472388 116.41979 39.91414
1202472461 116.42853 39.91288
1202472690 116.43769 39.90482
1202472763 116.43768 39.90483
1202472992 116.45573 39.91386
1202473064 116.45565 39.91708
1202473293 116.46331 39.92574
1202473366 116.46667 39.92587
1202473595 116.45568 39.93486
1202473668 116.45577 39.93956
1202473897 116.43136 39.93977
1202473969 116.42822 39.94016
1202474198 116.41911 39.94902
1202474271 116.41907 39.95178
1202474500 116.41396 39.95255
1202474573 116.4145 39.95261
1202474802 116.41914 39.95039
1202474874 116.41933 39.94942
1202475103 116.41939 39.93976
1202475176 116.41112 39.93957
1202475405 116.40325 39.93935
1202475478 116.41045 39.93944
1202475706 116.42751 39.93542
1202475779 116.432 39.9323
1202475779 116.432 39.9323
1202476008 116.44088 39.92553
1202476081 116.44422 39.92708
1202476310 116.44438 39.94615
1202476382 116.44927 39.94905
1202476658 116.44658 39.95126
1202479164 116.45137 39.95126
1202479210 116.44929 39.94871
1202479466 116.43841 39.93986
1202479512 116.43152 39.93972
1202479768 116.44119 39.94819
1202479813 116.44347 39.94664
1202480069 116.43283 39.94019
1202480115 116.43265 39.94222
1202480371 116.4423 39.94753
1202480417 116.44231 39.95071
1202480672 116.44032 39.94347
1202480718 116.43845 39.94045
1202480974 116.45567 39.94404
1202481020 116.45496 39.95175
1202481276 116.44759 39.96672
1202481322 116.44454 39.96509
1202481577 116.43345 39.95366
1202481623 116.43858 39.95434
1202481623 116.43858 39.95434
1202481879 116.43517 39.94768
1202481925 116.4342 39.94693
1202482181 116.41759 39.95272
1202482227 116.41712 39.95269
1202482482 116.41452 39.95264
1202482528 116.41376 39.95259
1202482784 116.41261 39.95368
1202482784 116.41261 39.95368
1202482830 116.41262 39.95371
1202483086 116.41237 39.956
1202483132 116.41072 39.95786
1202483387 116.40389 39.96737
1202483433 116.40501 39.96384
1202483689 116.40004 39.96074
1202483735 116.4002 39.96078
1202483991 116.40193 39.95268
1202484037 116.40171 39.95014
1202484292 116.3931 39.95578
1202484338 116.39943 39.95583
1202484594 116.38398 39.9476
1202484640 116.37558 39.9476
1202484896 116.36444 39.96117
1202484942 116.36411 39.96614
1202485197 116.36917 39.9567
1202485243 116.36511 39.95662
1202485499 116.36648 39.9398
1202485545 116.36655 39.93894
1202485801 116.36724 39.92282
1202485847 116.36739 39.9189
1202486102 116.37056 39.91093
1202486148 116.37038 39.91001
1202486404 116.36784 39.90866
1202486450 116.36813 39.90895
1202486450 116.36813 39.90895
1202486706 116.37016 39.90799
1202486752 116.37006 39.90609
1202487007 116.35041 39.90198
1202487053 116.3476 39.89704
1202487309 116.32846 39.89368
1202487355 116.3285 39.89424
1202487611 116.3215 39.8889
1202487657 116.32011 39.88911
1202487912 116.31493 39.88348
1202487958 116.31762 39.88313
1202488213 116.3246 39.87581
1202488259 116.33057 39.87593
1202488514 116.33024 39.87587
1202488560 116.3306 39.87362
1202488816 116.341 39.85532
1202488862 116.33866 39.84883
1202489118 116.33389 39.84739
1202489164 116.33934 39.84595
1202489164 116.33934 39.84595
1202489419 116.37099 39.85552
1202489465 116.3783 39.8556
1202489721 116.38596 39.85941
1202489767 116.3859 39.85943
1202490023 116.3859 39.85943
1202490069 116.3859 39.85943
1202490324 116.38162 39.86865
1202490324 116.38162 39.86865
1202490370 116.38324 39.87075
1202490626 116.36826 39.88131
1202490672 116.36822 39.88619
1202490928 116.36823 39.89562
1202490974 116.36814 39.89739
1202491229 116.36778 39.9046
1202491275 116.36778 39.9046
1202491531 116.36998 39.90654
1202491577 116.37003 39.90638
1202491833 116.36606 39.90565
1202491879 116.37466 39.90581
1202492134 116.38972 39.90088
1202492180 116.38981 39.89911
