UTS Latitude Longitude
1201959164 116.40479 40.04546
1201959465 116.40163 40.01277
1201960615 116.43151 40.01861
1201960864 116.43103 40.02057
1201960917 116.43083 40.02342
1201961166 116.42697 40.03813
1201961218 116.42443 40.03916
1201961467 116.40597 40.04466
1201961520 116.40557 40.04868
1201961769 116.41068 40.05978
1201962071 116.42138 40.06252
1201962123 116.42212 40.06398
1201962372 116.40931 40.05668
1201962674 116.40819 40.04047
1201962994 116.41238 40.04321
1201963028 116.41287 40.04288
1201963277 116.40598 40.04631
1201963330 116.40598 40.04631
1201963596 116.41572 40.04004
1201963632 116.41604 40.04052
1201963881 116.40601 40.04587
1201963933 116.406 40.05025
1201964200 116.3962 40.05628
1201964235 116.39031 40.0561
1201964537 116.35348 40.06106
1201964786 116.32588 40.05605
1201964838 116.32197 40.05312
1201965087 116.3152 40.04397
1201965140 116.31624 40.04265
1201965389 116.32456 40.03459
1201965441 116.32963 40.03517
1201965691 116.3419 40.02848
1201965743 116.34509 40.02448
1201966009 116.36252 40.00183
1201966009 116.36252 40.00183
1201966045 116.36584 39.99742
1201966294 116.37338 39.96029
1201966294 116.37338 39.96029
1201966346 116.3728 39.95728
1201966596 116.36545 39.94911
1201966648 116.36559 39.94823
1201966897 116.3645 39.94285
1201966950 116.36242 39.94284
1201967199 116.35774 39.93953
1201967501 116.36113 39.92765
1201967553 116.3592 39.9236
1201967802 116.3575 39.9132
1201967855 116.35748 39.91311
1201968104 116.35709 39.90012
1201968156 116.35713 39.89874
1201968421 116.35725 39.89234
1201968458 116.35728 39.88899
1201968760 116.36307 39.88194
1201969009 116.36203 39.88198
1201969061 116.36113 39.88349
1201969311 116.35314 39.88202
1201969363 116.35084 39.88203
1201969614 116.34727 39.88636
1201969724 116.34718 39.88842
1201969916 116.35051 39.89706
1201970026 116.35723 39.8952
1201970217 116.34689 39.89618
1201970328 116.34667 39.89818
1201970519 116.34662 39.90535
1201970629 116.35035 39.90046
1201970931 116.36756 39.89832
1201971122 116.37753 39.89866
1201971233 116.38978 39.89868
1201971233 116.38978 39.89868
1201971424 116.40128 39.89929
1201971534 116.41085 39.89944
1201971726 116.41251 39.8924
1201971836 116.39942 39.8913
1201972027 116.38625 39.88861
1201972138 116.38471 39.88839
1201972329 116.37946 39.88812
1201972439 116.37849 39.88722
1201972631 116.38123 39.87636
1201972741 116.38163 39.86459
1201972932 116.37775 39.86045
1201973043 116.37534 39.85578
1201973234 116.33681 39.84785
1201973344 116.3331 39.8478
1201973536 116.33183 39.84582
1201973646 116.33418 39.84742
1201973837 116.34232 39.84847
1201973837 116.34232 39.84847
1201973947 116.34123 39.85484
1201974139 116.34526 39.86626
1201974249 116.35192 39.86677
1201974440 116.35007 39.86825
1201974551 116.3459 39.86801
1201974852 116.35669 39.87677
1201975044 116.36612 39.87879
1201975154 116.36466 39.88049
1201975345 116.35888 39.88527
1201975456 116.3573 39.88604
1201975757 116.35739 39.88692
1201975949 116.36113 39.88395
1201976250 116.35002 39.882
1201976481 116.34878 39.88201
1201976555 116.34878 39.88201
1201976783 116.34713 39.88523
1201976856 116.34737 39.88178
1201977084 116.34781 39.87103
1201977158 116.34816 39.86667
1201977386 116.37865 39.86956
1201977471 116.39346 39.87024
1201978329 116.43284 39.86714
1201978894 116.4258 39.85757
1201979022 116.41842 39.85689
1201979324 116.41872 39.85441
1201979626 116.42066 39.85714
1201979799 116.41588 39.85734
1201980101 116.41541 39.86433
1201980229 116.41569 39.86999
1201980403 116.38864 39.87022
1201980531 116.3789 39.86971
1201981006 116.34277 39.88266
1201981134 116.34273 39.88686
1201981308 116.34268 39.89075
1201981737 116.31916 39.89586
1201982213 116.31555 39.90676
1201982944 116.33273 39.91279
1201983118 116.33759 39.91279
1201983118 116.33759 39.91279
1201983245 116.33857 39.91286
1201983419 116.33859 39.91886
1201983721 116.34679 39.92216
1201983849 116.34705 39.92091
1201984754 116.34648 39.90198
1201985055 116.35452 39.9017
1201985531 116.34357 39.89783
1201985960 116.34674 39.91175
1201986134 116.34711 39.91952
1201986262 116.3453 39.92681
1201986436 116.32862 39.92688
1201986564 116.32808 39.92687
1201986737 116.32011 39.92683
1201986865 116.31851 39.92231
1201987341 116.29769 39.92558
1201987642 116.2952 39.92571
1201988075 116.30596 39.93099
1201988376 116.3191 39.93734
1201988969 116.32848 39.96248
1201990175 116.35259 40.00645
1201990186 116.3526 40.00681
1201990477 116.36398 40.01285
1201990487 116.36398 40.01285
1201990789 116.37975 40.00845
1201991080 116.40159 40.00449
1201991091 116.4014 40.00429
1201991382 116.39466 39.99193
1201991392 116.3946 39.9912
1201991684 116.38808 39.97025
1201991694 116.3882 39.96866
1201993373 116.36531 39.94699
1201993669 116.38288 39.95366
1201993674 116.38247 39.95366
1201993970 116.37433 39.95223
1201993976 116.37414 39.95227
1201994272 116.38853 39.95011
1201994277 116.38859 39.9501
1201994573 116.38272 39.9423
1201994578 116.38242 39.94252
1201994874 116.37365 39.96042
1201994880 116.37371 39.96089
1201995176 116.40817 39.96765
1201995181 116.40911 39.96767
1201995478 116.44252 39.95993
1201995483 116.44252 39.95993
1201995785 116.45966 39.9585
1201996081 116.46561 39.97561
1201996086 116.465 39.97601
1201996383 116.47607 39.98695
1201996388 116.47582 39.98717
1201996503 116.47278 39.99693
1201996684 116.47212 40.0007
1201996690 116.47246 40.00046
1201996986 116.4747 39.98418
1201996991 116.47528 39.9838
1201997287 116.4771 39.96077
1201997293 116.47807 39.96002
1201997589 116.47435 39.92165
1201997595 116.47368 39.92165
1201997891 116.4719 39.91478
1201997896 116.4719 39.91478
1201998192 116.47156 39.90029
1201998198 116.47153 39.90006
1201998198 116.47153 39.90006
1201998494 116.46519 39.89192
1201998500 116.46519 39.89192
1201998796 116.45358 39.88315
1201998801 116.45272 39.88317
1201999097 116.41769 39.88262
1201999103 116.41687 39.88259
1201999399 116.41329 39.88641
1201999405 116.41329 39.88641
1202000002 116.43041 39.90599
1202000008 116.43039 39.90652
1202000304 116.42859 39.93221
1202000310 116.42839 39.93264
1202000606 116.39105 39.93212
1202000611 116.39046 39.93213
1202000907 116.3851 39.93741
1202000913 116.38515 39.9374
1202001209 116.38712 39.93199
1202001215 116.38791 39.93199
1202001511 116.40144 39.93943
1202001516 116.40145 39.93943
1202001812 116.42765 39.94787
1202001818 116.42871 39.94801
1202002114 116.46383 39.97107
1202002120 116.46423 39.97144
1202002421 116.48815 39.97058
1202005948 116.58227 40.11687
1202006081 116.60887 40.11651
1202006383 116.63442 40.13318
1202006523 116.64991 40.13579
1202006685 116.65238 40.13574
1202029159 116.65126 40.14961
1202029460 116.64355 40.16935
1202029475 116.64122 40.16951
1202029762 116.61395 40.16939
1202030078 116.61276 40.20971
1202030667 116.55049 40.21717
1202030968 116.54334 40.23062
1202030983 116.54221 40.23091
1202031269 116.55032 40.21424
1202031284 116.55032 40.21145
1202031571 116.52502 40.1855
1202031585 116.52501 40.18308
1202031872 116.51833 40.1424
1202031887 116.51838 40.13922
1202032174 116.48895 40.11817
1202032188 116.48894 40.11553
1202032476 116.46532 40.08446
1202032490 116.46377 40.08332
1202032777 116.43505 40.07701
1202032792 116.4343 40.07645
1202033079 116.43226 40.07511
1202033093 116.43226 40.07511
1202033381 116.43226 40.07511
1202033682 116.43041 40.06644
1202033697 116.43041 40.06644
1202033984 116.42103 40.06267
1202034286 116.40679 40.05288
1202034300 116.40551 40.05203
1202034587 116.40364 40.04622
1202034889 116.40553 40.04625
1202035191 116.41095 40.03492
1202035205 116.41095 40.03492
1202035492 116.40888 40.03879
1202035507 116.40888 40.03879
1202035794 116.40873 40.03857
1202036096 116.40995 40.01122
1202036110 116.40995 40.01122
1202036397 116.41028 40.0062
1202036412 116.41045 40.00489
1202036699 116.40089 39.99416
1202036713 116.4014 39.99423
1202037001 116.40646 39.99824
1202037015 116.40646 39.99823
1202037302 116.41782 39.98824
1202037604 116.44608 39.98126
1202037618 116.44862 39.97959
1202037906 116.48367 39.9437
1202037920 116.48368 39.94137
1202038207 116.49342 39.90674
1202038222 116.49699 39.90673
1202038222 116.49699 39.90673
1202038509 116.5749 39.90901
1202038509 116.5749 39.90901
1202038523 116.57896 39.90856
1202038811 116.60423 39.91181
1202038825 116.60602 39.91193
1202039112 116.61426 39.91501
1202039127 116.61445 39.91359
1202039428 116.58744 39.91095
1202039716 116.5848 39.92054
1202039730 116.58465 39.92187
1202040017 116.5834 39.94259
1202040319 116.58012 39.94469
1202040333 116.57994 39.94585
1202040620 116.55983 39.95541
1202040635 116.55778 39.95496
1202040922 116.54131 39.95981
1202040937 116.54131 39.96145
1202041224 116.54827 39.96506
1202041540 116.52938 39.96435
1202041827 116.50472 39.95521
1202041841 116.50367 39.95404
1202042129 116.49701 39.97025
1202042143 116.49701 39.97025
1202042430 116.48618 39.97068
1202042445 116.48462 39.97077
1202042746 116.47245 39.97862
1202043034 116.45148 39.98764
1202043048 116.4514 39.98762
1202043335 116.43893 39.98589
1202043651 116.42001 39.99232
1202043939 116.42001 39.99232
1202043953 116.42001 39.99232
1202044240 116.42001 39.99232
1202044255 116.41916 39.9923
1202044542 116.41693 39.99746
1202044556 116.41534 39.99758
1202044844 116.41067 40.00377
1202044858 116.4108 40.00229
1202045144 116.4108 40.00229
1202045159 116.41084 40.00229
1202045446 116.41055 39.99468
1202045460 116.41019 39.9938
1202045748 116.39997 39.9928
1202045762 116.40002 39.99344
1202045762 116.40002 39.99344
1202046049 116.41093 39.99408
1202046049 116.41093 39.99408
1202046064 116.41112 39.996
1202046351 116.42355 40.01065
1202046365 116.42359 40.0127
1202046653 116.41161 40.019
1202046667 116.41159 40.02105
1202046954 116.41175 40.03121
1202046969 116.41395 40.03132
1202048446 116.41197 40.02711
1202048635 116.41208 40.02995
1202048748 116.41439 40.03137
1202048937 116.41154 40.02871
1202049049 116.41154 40.02871
1202049239 116.41204 40.03062
1202049239 116.41204 40.03062
1202049351 116.40845 40.02678
1202049540 116.40842 40.0256
1202049653 116.40842 40.0256
1202049842 116.40843 40.02559
1202049954 116.40849 40.02555
1202050144 116.40849 40.02555
1202050256 116.40849 40.02555
1202050445 116.41199 40.02663
1202050558 116.41139 40.03303
1202050747 116.40774 40.05678
1202050859 116.40696 40.06594
1202051049 116.40752 40.07573
1202051161 116.40749 40.08699
1202051350 116.40617 40.10296
1202051463 116.39933 40.10306
1202051652 116.39933 40.10306
1202051764 116.39933 40.10306
1202051954 116.39933 40.10306
1202052255 116.35859 40.09839
1202052367 116.34593 40.09787
1202052557 116.34765 40.09789
1202052669 116.3638 40.09887
1202052858 116.39894 40.1024
1202052971 116.40691 40.09091
1202053160 116.40772 40.07829
1202053272 116.40749 40.07684
1202053462 116.40723 40.06039
1202053574 116.40736 40.05846
1202053785 116.4061 40.04373
1202053876 116.41053 40.03429
1202053876 116.41053 40.03429
1202054065 116.41475 40.02716
1202054177 116.41235 40.02725
1202054367 116.41935 40.03609
1202054496 116.41947 40.03901
1202056196 116.36641 40.00835
1202056196 116.36641 40.00835
1202056384 116.36582 39.99745
1202056498 116.3732 39.98271
1202056686 116.37333 39.96032
1202056799 116.37286 39.95714
1202056988 116.37325 39.95215
1202057101 116.3734 39.95133
1202057289 116.36617 39.94951
1202057403 116.36542 39.94899
1202057591 116.36291 39.94669
1202057704 116.35768 39.9447
1202058194 116.3494 39.93381
1202058308 116.34964 39.93077
1202058496 116.34999 39.92298
1202058609 116.35002 39.92026
1202058798 116.35019 39.90816
1202058911 116.35017 39.9003
1202059099 116.35071 39.90455
1202059099 116.35071 39.90455
1202059213 116.35191 39.91067
1202059401 116.35271 39.91051
1202059514 116.35327 39.91166
1202059702 116.34759 39.91262
1202059815 116.34351 39.91253
1202060116 116.32883 39.91274
1202060305 116.32112 39.90969
1202060418 116.31486 39.90917
1202060607 116.3149 39.90749
1202060720 116.31488 39.90682
1202060908 116.31428 39.90087
1202061021 116.31483 39.90048
1202061210 116.29899 39.89579
1202061323 116.27497 39.89582
1202061512 116.26923 39.92011
1202061625 116.2716 39.93137
1202061813 116.29097 39.93092
1202062595 116.29766 39.93095
1202062721 116.30305 39.93107
1202062897 116.30424 39.93326
1202063023 116.30407 39.94655
1202063199 116.30805 39.95012
1202063325 116.30805 39.95012
1202063500 116.30805 39.95012
1202063626 116.30805 39.95012
1202063802 116.31101 39.9513
1202063928 116.31114 39.95557
1202064104 116.31662 39.9555
1202064230 116.32309 39.95587
1202064405 116.32882 39.95945
1202064531 116.33185 39.96608
1202064707 116.33209 39.97247
1202064833 116.33329 39.97494
1202065009 116.33334 39.97494
1202066158 116.41071 39.987
1202066286 116.41438 39.98726
1202066460 116.41742 39.98732
1202066588 116.41783 39.99059
1202066761 116.41232 39.99757
1202066889 116.41144 40.0024
1202067063 116.41046 40.00664
1202067191 116.41039 40.00729
1202067493 116.38161 40.00858
1202067666 116.38072 39.99673
1202067794 116.38112 39.98791
1202067794 116.38112 39.98791
1202067968 116.38172 39.97755
1202068096 116.38434 39.97553
1202068270 116.3955 39.97412
1202068571 116.38725 39.96768
1202068699 116.38679 39.96657
1202068873 116.39368 39.9672
1202069001 116.40055 39.96717
1202069175 116.3988 39.96083
1202069303 116.3961 39.96534
1202069476 116.4031 39.96743
1202069604 116.4061 39.9675
1202069778 116.42951 39.96656
1202069906 116.42981 39.96212
1202070080 116.43046 39.96188
1202070208 116.43345 39.96011
1202070381 116.43833 39.96328
1202070509 116.4375 39.96385
1202070683 116.4278 39.97172
1202070811 116.43339 39.98292
1202070984 116.42681 39.97591
1202070984 116.42681 39.97591
1202071113 116.41809 39.97611
1202071286 116.41836 39.97373
1202071414 116.41869 39.96328
1202071716 116.42616 39.95152
1202071889 116.42679 39.95807
1202072018 116.43428 39.95826
1202072191 116.43776 39.9637
1202072319 116.43759 39.96379
1202072493 116.44397 39.96949
1202072621 116.4471 39.97163
1202072794 116.45955 39.97231
1202073096 116.50002 40.00309
1202073224 116.52757 40.02021
1202073398 116.57185 40.03975
1202073526 116.58413 40.05672
1202073699 116.58647 40.07904
1202073827 116.58113 40.07916
1202074001 116.57599 40.08463
1202074129 116.58179 40.09334
1202074303 116.58201 40.11764
1202074431 116.57734 40.12988
1202074604 116.59423 40.14416
1202074732 116.61296 40.15466
1202075034 116.60924 40.19152
1202075208 116.6267 40.20981
1202075336 116.62693 40.20951
1202075336 116.62693 40.20951
1202075509 116.58574 40.21072
1202075637 116.55203 40.2087
1202075811 116.54328 40.22875
1202075939 116.54157 40.23085
1202113062 116.54155 40.23093
1202113232 116.54159 40.23079
1202113363 116.54953 40.22843
1202113534 116.55035 40.20886
1202113665 116.57201 40.20944
1202113836 116.61228 40.21084
1202113967 116.61221 40.2105
1202114137 116.60777 40.18196
1202114268 116.62171 40.16965
1202114570 116.65117 40.14962
1202114741 116.65106 40.13923
1202114872 116.65361 40.14331
1202115042 116.64857 40.14752
1202115173 116.63218 40.14112
1202115474 116.59503 40.1431
1202115645 116.59205 40.14252
1202115645 116.59205 40.14252
1202115776 116.57412 40.1273
1202115946 116.5571 40.11698
1202116077 116.53669 40.11541
1202116248 116.51676 40.11152
1202116379 116.51181 40.09527
1202116550 116.4868 40.09353
1202116681 116.47447 40.09156
1202116851 116.45083 40.08102
1202116982 116.43926 40.07985
1202117153 116.43006 40.07059
1202117284 116.42437 40.06844
1202117455 116.415 40.0608
1202117586 116.41466 40.05426
1202117756 116.4068 40.05086
1202117887 116.41015 40.05663
1202118058 116.40745 40.05614
1202118189 116.40547 40.0486
1202118360 116.40829 40.04019
1202118491 116.41724 40.04004
1202118661 116.41764 40.04025
1202118792 116.43043 40.03567
1202118963 116.43523 40.02384
1202119094 116.45202 40.01928
1202119264 116.46113 40.00803
1202119395 116.46117 40.00037
1202119566 116.46733 39.98914
1202119697 116.47135 39.97926
1202119868 116.47555 39.97981
1202119999 116.47858 39.97566
1202119999 116.47858 39.97566
1202120169 116.47249 39.97859
1202120300 116.46941 39.98517
1202120471 116.46393 39.99724
1202120602 116.46698 39.99739
1202120773 116.46638 39.99343
1202120904 116.46197 39.99417
1202121074 116.44731 39.99563
1202121205 116.43963 39.99008
1202121376 116.41908 39.98776
1202121507 116.4226 39.98738
1202121678 116.42474 39.98314
1202121809 116.43502 39.98482
1202121979 116.44928 39.9799
1202122281 116.45862 39.96692
1202122412 116.44977 39.96543
1202122703 116.4427 39.97261
1202122717 116.44375 39.97374
1202123005 116.44936 39.98005
1202123018 116.45033 39.98135
1202123306 116.45742 39.97353
1202123320 116.45905 39.97221
1202123608 116.44606 39.95632
1202123622 116.44568 39.95663
1202123910 116.45545 39.93199
1202123923 116.45542 39.93027
1202124211 116.45533 39.91721
1202124225 116.45535 39.91686
1202124513 116.45587 39.91668
1202124815 116.47209 39.91805
1202124828 116.47211 39.91905
1202125116 116.47234 39.93201
1202125130 116.47234 39.93202
1202125418 116.46671 39.94748
1202125431 116.46593 39.94855
1202126021 116.44485 39.94641
1202126035 116.44459 39.94634
1202126323 116.43308 39.9398
1202126336 116.43308 39.9398
1202126625 116.42008 39.9483
1202126638 116.41783 39.94821
1202126926 116.37103 39.94751
1202126940 116.36935 39.9475
1202127228 116.35038 39.94558
1202127241 116.35039 39.94665
1202127530 116.36489 39.95133
1202127543 116.36527 39.95103
1202127543 116.36527 39.95103
1202127831 116.36584 39.94698
1202127831 116.36584 39.94698
1202127845 116.36589 39.94682
1202128133 116.36643 39.93946
1202128146 116.36651 39.93886
1202128435 116.36548 39.92259
1202128448 116.36548 39.92259
1202128736 116.34248 39.92211
1202128750 116.3409 39.92206
1202129038 116.32859 39.92176
1202129051 116.32652 39.92187
1202129340 116.30415 39.92699
1202129353 116.30415 39.92868
1202129641 116.28236 39.94844
1202129655 116.28233 39.94917
1202129943 116.28447 39.95828
1202129956 116.28552 39.95835
1202130245 116.27855 39.95216
1202130258 116.27856 39.9529
1202130546 116.29331 39.95795
1202130560 116.29332 39.95795
1202130848 116.29539 39.97002
1202130861 116.29563 39.97093
1202131150 116.30181 39.96147
1202131163 116.30181 39.96147
1202131451 116.31458 39.9653
1202131465 116.3155 39.96554
1202131753 116.32783 39.97014
1202131765 116.32778 39.97152
1202132054 116.34805 39.97618
1202132067 116.34789 39.97719
1202132355 116.35935 39.98023
1202132369 116.35935 39.98023
1202132521 116.35935 39.98023
1202133503 116.38183 39.97792
1202133869 116.40137 39.99431
1202134130 116.40629 40.00021
1202134408 116.40141 39.99501
1202134472 116.4013 39.98993
1202134710 116.40135 39.96444
1202134774 116.40158 39.96105
1202135011 116.40185 39.94875
1202135076 116.39331 39.94769
1202135076 116.39331 39.94769
1202135615 116.34988 39.92369
1202135981 116.35019 39.90822
1202136218 116.3308 39.89608
1202136520 116.31928 39.89596
1202136885 116.31776 39.90975
1202137123 116.32815 39.90764
1202137449 116.32924 39.90659
1202138031 116.38439 39.90603
1202138092 116.39038 39.90615
1202138333 116.41108 39.90674
1202138695 116.41568 39.90145
1202139841 116.4284 39.92714
1202140204 116.43761 39.93586
1202140444 116.43758 39.93264
1202140746 116.44012 39.92231
1202140807 116.4396 39.9207
1202141048 116.43495 39.91778
1202141349 116.4365 39.92556
1202141410 116.44044 39.92558
1202141651 116.44885 39.92389
1202142014 116.47067 39.92149
1202142315 116.49424 39.92172
1202142617 116.48989 39.92729
1202142617 116.48989 39.92729
1202143220 116.48365 39.91534
1202145332 116.42 39.91424
1202145573 116.42881 39.90789
1202145935 116.42817 39.92643
1202146779 116.47756 39.98385
1202147381 116.51937 40.02722
1202148286 116.55421 40.09439
1202148588 116.57214 40.11655
1202148890 116.60045 40.1166
1202149191 116.62613 40.12436
1202149252 116.62995 40.1271
1202150117 116.65173 40.13565
1202150158 116.65002 40.13577
1202150158 116.65002 40.13577
1202150459 116.62415 40.13809
1202151004 116.56632 40.12065
1202151062 116.55805 40.11713
1202151666 116.48642 40.09358
1202151909 116.45668 40.08151
1202152211 116.43438 40.0765
1202152269 116.43105 40.0742
1202152513 116.41502 40.0642
1202152814 116.40275 40.0567
1202153116 116.37834 40.05473
1202153418 116.36076 40.04556
1202154021 116.35339 40.03285
1202154079 116.35351 40.0342
1202154260 116.35336 40.03455
1202162256 116.3436 40.0357
1202162558 116.32743 40.04942
1202162713 116.32359 40.05343
1202163014 116.34018 40.05893
1202164717 116.47789 40.09313
1202164907 116.51085 40.09501
1202165019 116.53009 40.09783
1202165209 116.55616 40.10609
1202165320 116.56706 40.11642
1202165511 116.59422 40.1167
1202165812 116.63285 40.12847
1202165924 116.63861 40.13618
1202166114 116.65236 40.13579
1202198896 116.6461 40.13615
1202198896 116.6461 40.13615
1202199001 116.63992 40.13622
1202199198 116.6245 40.138
1202199302 116.61197 40.1415
1202199498 116.61311 40.15508
1202199604 116.60946 40.16945
1202199800 116.61017 40.19667
1202199905 116.61218 40.21049
1202200102 116.61048 40.21125
1202200207 116.5929 40.21137
1202200403 116.55673 40.20866
1202200509 116.55044 40.21574
1202200705 116.5433 40.22915
1202201007 116.55068 40.22182
1202201112 116.54713 40.2088
1202201414 116.52503 40.17977
1202201610 116.518 40.14744
1202201715 116.51588 40.13243
1202201912 116.49132 40.12367
1202202017 116.4876 40.10234
1202202213 116.46585 40.08487
1202202319 116.44923 40.08149
1202202515 116.43593 40.07201
1202202817 116.42348 40.06243
1202202922 116.42348 40.06243
1202203118 116.43588 40.06504
1202203224 116.43957 40.07375
1202203224 116.43957 40.07375
1202203420 116.4567 40.08149
1202203525 116.47343 40.09067
1202203722 116.47607 40.05968
1202203827 116.46985 40.0357
1202204129 116.43621 39.98705
1202204430 116.48365 39.94993
1202204732 116.47221 39.90708
1202205034 116.46904 39.9068
1202205230 116.46732 39.90869
1202205637 116.46726 39.90865
1202205833 116.46722 39.9088
1202205833 116.46722 39.9088
1202205938 116.46722 39.9088
1202206135 116.46728 39.90887
1202206240 116.46735 39.90886
1202206437 116.46719 39.90839
1202206542 116.45768 39.91225
1202206738 116.44506 39.91223
1202206843 116.43774 39.91196
1202207040 116.42869 39.92092
1202207145 116.42884 39.92191
1202207341 116.42033 39.92311
1202207447 116.41125 39.92343
1202207643 116.4109 39.93304
1202207748 116.41061 39.93868
1202207945 116.41274 39.95036
1202208110 116.41264 39.95335
1202208246 116.41215 39.95741
1202208412 116.40774 39.96193
1202208548 116.40125 39.96645
1202208714 116.40131 39.97344
1202208850 116.40728 39.97411
1202209151 116.41155 39.96936
1202209317 116.41182 39.96068
1202209317 116.41182 39.96068
1202209453 116.40789 39.9582
1202209619 116.40189 39.95787
1202209755 116.40833 39.96067
1202209981 116.41118 39.96093
1202210059 116.41122 39.9609
1202210282 116.41866 39.96726
1202210361 116.41378 39.96809
1202210584 116.41134 39.9775
1202210663 116.41108 39.98183
1202210886 116.402 39.98812
1202210964 116.39467 39.98709
1202211187 116.38124 39.99112
1202211266 116.38094 39.99579
1202211489 116.37554 39.99294
1202211568 116.37554 39.99294
1202211791 116.37948 39.99643
1202211869 116.3809 39.99109
1202212092 116.38345 39.97545
1202212394 116.39584 39.97247
1202212473 116.39615 39.97559
1202212695 116.40147 39.97584
1202212774 116.40789 39.97577
1202212774 116.40789 39.97577
1202212997 116.41433 39.97565
1202213076 116.41165 39.97572
1202213076 116.41165 39.97572
1202213299 116.41165 39.97572
1202213378 116.41169 39.9786
1202213378 116.41169 39.9786
1202213679 116.41313 39.97859
1202213902 116.41826 39.9766
1202213981 116.41846 39.97276
1202214282 116.41158 39.97628
1202214505 116.41161 39.97635
1202214584 116.41161 39.97635
1202214807 116.41156 39.97644
1202214886 116.41156 39.97644
1202215109 116.41157 39.97641
1202215187 116.41157 39.97641
1202215409 116.41154 39.97647
1202215409 116.41154 39.97647
1202215711 116.41152 39.97647
1202215790 116.41152 39.97647
1202216013 116.41152 39.97647
1202216091 116.41152 39.97647
1202216314 116.4017 39.98171
1202216616 116.37839 39.98902
1202216695 116.37504 39.98905
1202216695 116.37504 39.98905
1202216918 116.37681 39.99637
1202216996 116.38068 39.99648
1202217219 116.39998 40.00798
1202217298 116.39991 40.00717
1202217521 116.39812 40.0038
1202217600 116.40307 40.00434
1202217823 116.40966 40.00156
1202217901 116.40966 40.00156
1202218124 116.40966 40.00156
1202218203 116.40966 40.00156
1202218426 116.40477 39.99754
1202218505 116.40293 39.99754
1202218728 116.40098 39.99079
1202218806 116.39984 39.99185
1202219029 116.39437 39.99652
1202219108 116.40121 39.99741
1202219331 116.40713 39.99745
1202219410 116.41052 39.99445
1202219633 116.40649 39.99225
1202219711 116.40149 39.99379
1202219934 116.40634 40.00033
1202220013 116.40631 40.00034
1202220236 116.41438 39.99752
1202220236 116.41438 39.99752
1202220315 116.41789 39.9941
1202220538 116.41215 39.98761
1202220616 116.41206 39.9876
1202220839 116.39709 39.99178
1202220918 116.40049 39.99332
1202220918 116.40049 39.99332
1202221141 116.40592 39.99961
1202221443 116.40631 40.00017
1202221521 116.40631 40.00017
1202221744 116.40629 40.00027
1202221823 116.40893 40.00126
1202222046 116.41098 40.00804
1202222125 116.42354 40.00768
1202222347 116.43843 40.00679
1202222426 116.43062 40.00715
1202222649 116.4116 40.0194
1202222728 116.41192 40.02521
1202222951 116.40775 40.04221
1202222951 116.40775 40.04221
1202223029 116.40628 40.04616
1202223252 116.41789 40.05741
1202223331 116.42757 40.06017
1202223554 116.43796 40.07025
1202223633 116.44291 40.07108
1202223856 116.43591 40.07012
1202223934 116.4304 40.06683
1202224157 116.41763 40.06336
1202224236 116.41039 40.06661
1202224459 116.40558 40.06657
1202224538 116.39396 40.06614
1202224761 116.36786 40.06349
1202224839 116.3595 40.06251
1202225062 116.33475 40.05797
1202225141 116.32594 40.05606
1202225364 116.32907 40.04493
1202225443 116.33348 40.03683
1202225666 116.32156 40.03447
1202225744 116.32835 40.03491
1202225967 116.33305 40.02661
1202226046 116.33901 40.02644
1202226269 116.34554 40.01781
1202226348 116.34578 40.01168
1202226571 116.346 40.0105
1202226649 116.34588 40.01042
1202226872 116.34678 39.99284
1202226951 116.34688 39.98587
1202227174 116.29358 39.9838
1202227253 116.27854 39.9737
1202227476 116.26819 39.93584
1202227554 116.26898 39.92119
1202227777 116.25906 39.90625
1202227856 116.25159 39.90618
1202228079 116.2302 39.9063
1202228158 116.2233 39.90627
1202228381 116.21506 39.91064
1202228459 116.21695 39.91001
1202228459 116.21695 39.91001
1202228682 116.20997 39.908
1202228761 116.20545 39.90984
1202228984 116.22551 39.92361
1202229063 116.23303 39.92446
1202229286 116.24631 39.92826
1202229364 116.25367 39.92803
1202229586 116.26616 39.92755
1202229665 116.26948 39.92734
1202229888 116.28006 39.94525
1202229967 116.28336 39.9457
1202230190 116.2988 39.94293
1202230268 116.2988 39.94294
1202230491 116.29912 39.9429
1202230491 116.29912 39.9429
1202230793 116.29941 39.94291
1202230872 116.29945 39.94291
1202231094 116.30437 39.94079
1202231173 116.30389 39.94656
1202231396 116.33049 39.96622
1202231475 116.34776 39.96629
1202231698 116.37523 39.97565
1202231777 116.37416 39.98593
1202231999 116.40141 39.98702
1202232078 116.4014 39.99288
1202232301 116.40168 40.00293
1202232380 116.40156 40.00648
1202232682 116.40551 40.03746
1202232904 116.40625 40.04416
1202232983 116.40602 40.04481
1202233206 116.40764 40.05639
1202233285 116.40717 40.06225
1202233508 116.40387 40.0648
1202233586 116.40311 40.06621
1202233809 116.40511 40.06648
1202234111 116.40661 40.07147
1202234190 116.41461 40.07273
1202234413 116.43894 40.07982
1202234714 116.47623 40.09274
1202235016 116.51703 40.11
1202235095 116.52015 40.12608
1202235396 116.52188 40.16714
1202235619 116.52982 40.2091
1202235698 116.55 40.20868
1202235921 116.54484 40.22863
1202236000 116.54158 40.23082
1202236410 116.54154 40.23078
1202236410 116.54154 40.23078
1202236410 116.54154 40.23078
1202237615 116.55036 40.20874
1202237625 116.55103 40.20861
1202237917 116.62633 40.21033
1202237926 116.62676 40.20975
1202238231 116.62979 40.20879
1202240457 116.5836 40.21048
1202240470 116.58043 40.21019
1202240759 116.54568 40.22858
1202240771 116.54355 40.22866
1202241061 116.54154 40.23092
1202241073 116.54154 40.23092
1202241362 116.54154 40.23092
1202241375 116.54154 40.23092
1202241664 116.54154 40.23092
1202241676 116.54154 40.23092
1202241966 116.54154 40.23092
1202241978 116.54154 40.23092
1202242267 116.54154 40.23092
1202242280 116.54154 40.23092
1202242568 116.54154 40.23092
1202242580 116.54154 40.23092
1202242835 116.54154 40.23092
1202293870 116.5416 40.23092
1202293944 116.5416 40.23092
1202294172 116.5416 40.23092
1202294474 116.5416 40.23092
1202294547 116.5416 40.23092
1202294775 116.53768 40.22006
1202294849 116.53262 40.21698
1202295077 116.51737 40.21531
1202295151 116.51737 40.21531
1202295379 116.52672 40.21693
1202295452 116.5353 40.21692
1202295452 116.5353 40.21692
1202295680 116.54156 40.23083
1202295754 116.54151 40.23093
1202295982 116.54151 40.23093
1202296056 116.54151 40.23093
1202296284 116.54151 40.23093
1202296357 116.54151 40.23093
1202296585 116.54151 40.23093
1202296659 116.54151 40.23093
1202296887 116.54151 40.23093
1202296961 116.54151 40.23093
1202297189 116.54151 40.23093
1202297189 116.54151 40.23093
1202297262 116.54151 40.23093
1202297490 116.54151 40.23093
1202297564 116.54151 40.23093
1202297792 116.54151 40.23093
1202297866 116.54151 40.23093
1202298167 116.54151 40.23093
1202298395 116.54151 40.23093
1202298469 116.54151 40.23093
1202298697 116.54151 40.23093
1202298771 116.54151 40.23093
1202299300 116.54151 40.23093
1202299374 116.54151 40.23093
1202299602 116.54151 40.23093
1202299676 116.54151 40.23093
1202299903 116.54151 40.23093
1202299977 116.54151 40.23093
1202300205 116.54151 40.23093
1202300279 116.54151 40.23093
1202300507 116.54151 40.23093
1202300580 116.54151 40.23093
1202300808 116.54151 40.23093
1202300882 116.54151 40.23093
1202301110 116.54151 40.23093
1202301184 116.54151 40.23093
1202301412 116.54151 40.23093
1202301485 116.54151 40.23093
1202301787 116.54151 40.23093
1202302015 116.54151 40.23093
1202302089 116.54151 40.23093
1202302317 116.54151 40.23093
1202302390 116.54151 40.23093
1202302618 116.54151 40.23093
1202302692 116.54151 40.23093
1202302920 116.54151 40.23093
1202302994 116.54151 40.23093
1202303222 116.54151 40.23093
1202303295 116.54151 40.23093
1202303522 116.54151 40.23093
1202303596 116.54151 40.23093
1202303824 116.54151 40.23093
1202303898 116.54151 40.23093
1202304126 116.54151 40.23093
1202304199 116.54151 40.23093
1202304427 116.54151 40.23093
1202304501 116.54151 40.23093
1202304729 116.54151 40.23093
1202304729 116.54151 40.23093
1202304803 116.54151 40.23093
1202305031 116.54151 40.23093
1202305104 116.54151 40.23093
1202305332 116.54151 40.23093
1202305406 116.54151 40.23093
1202305634 116.54151 40.23093
1202305936 116.54151 40.23093
1202306009 116.54151 40.23093
1202306237 116.54151 40.23093
1202306311 116.54151 40.23093
1202306539 116.54151 40.23093
1202306613 116.54151 40.23093
1202306841 116.54151 40.23093
1202306914 116.54151 40.23093
1202307142 116.54151 40.23093
1202307216 116.54151 40.23093
1202307444 116.54151 40.23093
1202307518 116.54151 40.23093
1202307819 116.54151 40.23093
1202308047 116.54151 40.23093
1202308121 116.54151 40.23093
1202308349 116.54151 40.23093
1202308423 116.54151 40.23093
1202308651 116.54151 40.23093
1202308724 116.54151 40.23093
1202308952 116.54151 40.23093
1202309026 116.54151 40.23093
1202309254 116.54151 40.23093
1202309328 116.54151 40.23093
1202309555 116.54151 40.23093
1202309629 116.54151 40.23093
1202309857 116.54151 40.23093
1202309931 116.54151 40.23093
1202310159 116.54151 40.23093
1202310232 116.54151 40.23093
1202310460 116.54151 40.23093
1202310534 116.54151 40.23093
1202310534 116.54151 40.23093
1202310762 116.54151 40.23093
1202310836 116.54151 40.23093
1202311064 116.54151 40.23093
1202311137 116.54151 40.23093
1202311365 116.54151 40.23093
1202311439 116.54151 40.23093
1202311741 116.54151 40.23093
1202311969 116.54151 40.23093
1202312042 116.5418 40.23083
1202312270 116.55034 40.20886
1202312270 116.55034 40.20886
1202312344 116.55033 40.20002
1202312572 116.57504 40.17308
1202312646 116.59216 40.17289
1202312874 116.6341 40.16993
1202312947 116.64591 40.16927
1202313175 116.65306 40.15973
1202313249 116.65138 40.15038
1202313537 116.65179 40.13657
1202314732 116.64355 40.11629
1202314989 116.5981 40.11684
1202315034 116.58539 40.11705
1202315291 116.55445 40.09629
1202315336 116.55307 40.08792
1202315593 116.53751 40.05532
1202315637 116.53516 40.05367
1202315894 116.52042 40.02893
1202315939 116.51722 40.02422
1202316196 116.48725 39.99164
1202316241 116.47815 39.9834
1202316498 116.42932 39.94815
1202316542 116.41952 39.94831
1202316799 116.36271 39.94652
1202316844 116.35464 39.94379
1202317101 116.35028 39.91693
1202317145 116.35029 39.91635
1202317403 116.34292 39.89676
1202317447 116.33642 39.89639
1202317749 116.30703 39.89589
1202318006 116.30934 39.88565
1202318050 116.31367 39.88742
1202318308 116.32045 39.88032
1202318352 116.3206 39.87659
1202318609 116.33428 39.88203
1202318654 116.33672 39.88403
1202318958 116.33645 39.88445
1202319031 116.33641 39.88641
1202319260 116.33344 39.89633
1202319333 116.31795 39.89581
1202319562 116.30406 39.9254
1202319635 116.30402 39.93786
1202319863 116.28841 39.941
1202319936 116.28346 39.94097
1202320165 116.28206 39.94299
1202320238 116.28209 39.943
1202320467 116.28743 39.94633
1202320467 116.28743 39.94633
1202320540 116.28983 39.94915
1202320768 116.29428 39.98358
1202320841 116.30994 39.98402
1202321070 116.32068 39.99119
1202321143 116.32979 39.99151
1202321372 116.3443 39.98521
1202321445 116.33954 39.98554
1202321673 116.33812 39.98492
1202321746 116.33812 39.98492
1202321975 116.33803 39.98494
1202322048 116.33803 39.98494
1202322276 116.33803 39.98494
1202322350 116.34864 39.98544
1202322578 116.38718 39.98169
1202322651 116.38742 39.9778
1202322880 116.39138 39.97385
1202322953 116.38953 39.97384
1202323181 116.40044 39.97396
1202323255 116.40072 39.96765
1202323483 116.43929 39.96222
1202323556 116.45066 39.95477
1202323785 116.45547 39.91546
1202323858 116.45547 39.9034
1202324086 116.45 39.88458
1202324160 116.45489 39.88618
1202324160 116.45489 39.88618
1202324388 116.44242 39.87485
1202324461 116.44046 39.87488
1202324690 116.43011 39.90218
1202324763 116.42873 39.91419
1202324990 116.4308 39.92887
1202325124 116.43038 39.92952
1202325292 116.43696 39.92729
1202325425 116.44201 39.92555
1202325594 116.44957 39.93123
1202325727 116.45254 39.93225
1202325895 116.46072 39.93242
1202326029 116.48291 39.93236
1202326197 116.49653 39.92697
1202326330 116.49716 39.93034
1202326499 116.51016 39.93885
1202326632 116.52538 39.94024
1202326800 116.53331 39.93906
1202326934 116.52812 39.94034
1202327102 116.53331 39.9446
1202327235 116.51752 39.96969
1202327404 116.49003 40.00194
1202327537 116.45983 40.01387
1202327705 116.41481 40.02087
1202327839 116.3782 40.02136
1202328007 116.34988 40.01842
1202328140 116.34847 40.00658
1202328309 116.34193 40.00634
1202328442 116.34546 40.00625
1202328610 116.36518 40.0082
1202328744 116.37399 40.00037
1202329214 116.38167 39.98181
1202329347 116.40114 39.987
1202329515 116.44182 39.98387
1202329649 116.44907 39.97978
1202329817 116.45408 39.98788
1202329950 116.4567 39.99449
1202330119 116.44951 39.9996
1202330252 116.45663 39.99912
1202330252 116.45663 39.99912
1202330420 116.45343 39.98785
1202330554 116.44918 39.98004
1202330722 116.45453 39.97557
1202330855 116.47907 39.95913
1202331024 116.48345 39.93334
1202331157 116.49 39.9291
1202331325 116.49602 39.92712
1202331459 116.50134 39.9302
1202331627 116.50134 39.9302
1202331760 116.50134 39.9302
1202331929 116.49593 39.93341
1202332062 116.48465 39.93247
1202332230 116.46699 39.93244
1202332364 116.46103 39.93245
1202332665 116.43772 39.93234
1202332967 116.42777 39.92279
1202333135 116.42857 39.89966
1202333269 116.41353 39.89968
1202333437 116.40587 39.89959
1202333437 116.40587 39.89959
1202333570 116.402 39.89771
1202333738 116.40069 39.90325
1202333872 116.39014 39.90631
1202334040 116.36573 39.90592
1202334174 116.35705 39.90976
1202334342 116.35328 39.91536
1202334475 116.3501 39.9214
1202334643 116.35843 39.94485
1202334777 116.38985 39.94753
1202335078 116.41903 39.9544
1202335247 116.42825 39.95809
1202335380 116.43829 39.95666
1202335548 116.43648 39.95821
1202335682 116.4384 39.96847
1202335850 116.44301 39.9755
1202335983 116.44075 39.98098
1202336152 116.4487 39.97939
1202336453 116.4637 39.99099
1202336587 116.46197 39.99629
1202336888 116.45103 40.01667
1202337057 116.47295 40.03832
1202337190 116.47735 40.05862
1202337358 116.46031 40.05336
1202337492 116.46003 40.05157
1202337660 116.46583 40.0568
1202337793 116.48831 40.05699
1202337793 116.48831 40.05699
1202337962 116.51654 40.05727
1202338095 116.53623 40.05442
1202338263 116.56408 40.0611
1202338397 116.56446 40.07024
1202338565 116.56266 40.06802
1202338698 116.58262 40.06241
1202338867 116.58283 40.07473
1202339000 116.58283 40.07473
1202339167 116.58283 40.07473
1202339301 116.58283 40.07473
1202339469 116.58283 40.07473
1202339602 116.58283 40.07473
1202339771 116.58283 40.07473
1202339904 116.58283 40.07473
1202340072 116.5834 40.07618
1202340206 116.5834 40.07618
1202340374 116.5863 40.07683
1202341279 116.58223 40.07455
1202341412 116.57981 40.04773
1202341580 116.54661 40.02692
1202341714 116.50932 40.01162
1202341882 116.47452 39.98014
1202342016 116.44983 39.95819
1202342184 116.41976 39.96801
1202342317 116.38706 39.96714
1202342485 116.34715 39.96639
1202342619 116.31575 39.96601
1202343976 116.35755 39.93345
1202344278 116.37314 39.95615
1202344603 116.42609 39.97014
1202344881 116.4567 40.02642
1202345166 116.47554 40.08186
1202345468 116.51781 40.10211
1202345485 116.51743 40.10598
1202345770 116.51719 40.15292
1202346373 116.54156 40.2309
1202346390 116.54155 40.23093
1202346691 116.54155 40.23093
1202346993 116.54155 40.23093
1202347295 116.54155 40.23093
1202347580 116.54155 40.23093
1202347596 116.54155 40.23093
1202347881 116.54155 40.23093
1202347898 116.54155 40.23093
1202347898 116.54155 40.23093
1202347898 116.54155 40.23093
1202348183 116.54155 40.23093
1202348501 116.54155 40.23093
1202349088 116.54155 40.23093
1202349104 116.54155 40.23093
1202349390 116.54155 40.23093
1202349390 116.54155 40.23093
1202349406 116.54155 40.23093
1202350295 116.54155 40.23093
1202350898 116.54155 40.23093
1202350914 116.54155 40.23093
1202351216 116.54155 40.23093
1202351501 116.54155 40.23093
1202352121 116.54155 40.23093
1202352287 116.54155 40.23093
1202352287 116.54155 40.23093
1202379338 116.54157 40.23096
1202379448 116.54157 40.23096
1202379640 116.54157 40.23096
1202379750 116.54157 40.23096
1202379941 116.54157 40.23096
1202380052 116.54157 40.23096
1202380243 116.54157 40.23096
1202380353 116.54157 40.23096
1202380545 116.54157 40.23096
1202380845 116.54157 40.23096
1202380956 116.54157 40.23096
1202381147 116.54157 40.23096
1202381257 116.54157 40.23096
1202381449 116.54157 40.23096
1202381559 116.54332 40.22934
1202381750 116.54999 40.20871
1202381861 116.5255 40.20922
1202382052 116.52505 40.1796
1202382162 116.51825 40.1582
1202382162 116.51825 40.1582
1202382464 116.49591 40.13498
1202382655 116.49261 40.12648
1202382766 116.4916 40.12419
1202383067 116.46625 40.08514
1202383259 116.44237 40.0805
1202383369 116.4356 40.07436
1202383560 116.43053 40.06643
1202383670 116.43053 40.06643
1202383862 116.42896 40.07129
1202383972 116.43476 40.08074
1202384163 116.43421 40.08387
1202384274 116.43427 40.07643
1202384465 116.43047 40.06647
1202384575 116.43047 40.06647
1202384767 116.42535 40.06149
1202384767 116.42535 40.06149
1202384877 116.41556 40.06345
1202385068 116.40795 40.05669
1202385179 116.40795 40.05669
1202385370 116.40564 40.04205
1202385480 116.40297 40.02556
1202385672 116.37647 40.02233
1202385782 116.36849 40.01519
1202385973 116.3466 40.00648
1202386084 116.34468 40.00635
1202386275 116.3368 40.00599
1202386687 116.34645 39.99986
1202386878 116.34719 39.98645
1202386989 116.34698 39.97422
1202387180 116.36966 39.96664
1202387290 116.39042 39.96712
1202387482 116.39998 39.95753
1202387592 116.40181 39.95252
1202387783 116.38959 39.95221
1202387894 116.38877 39.96043
1202388085 116.37401 39.96699
1202388195 116.37 39.96023
1202388387 116.36451 39.96167
1202388497 116.37655 39.9668
1202388688 116.41692 39.96785
1202388799 116.43549 39.9648
1202388990 116.45553 39.9404
1202389100 116.45544 39.92064
1202389292 116.45501 39.88842
1202389593 116.4627 39.87803
1202389704 116.47105 39.87846
1202389704 116.47105 39.87846
1202389895 116.46648 39.87489
1202390005 116.46171 39.87866
1202390307 116.44801 39.8924
1202390498 116.43284 39.89296
1202390609 116.43299 39.89242
1202390806 116.45391 39.90287
1202390910 116.47889 39.90424
1202391102 116.51911 39.90753
1202391212 116.51582 39.91297
1202391404 116.51181 39.92014
1202391514 116.51467 39.92222
1202391705 116.51923 39.92332
1202391815 116.51991 39.92286
1202392008 116.53718 39.91886
1202392117 116.53138 39.9153
1202392308 116.54267 39.91485
1202392308 116.54267 39.91485
1202392419 116.54161 39.91491
1202392611 116.52562 39.92259
1202392720 116.52146 39.92311
1202392911 116.51811 39.9227
1202393022 116.5182 39.92268
1202393214 116.5123 39.91682
1202393323 116.5056 39.9148
1202393515 116.50605 39.91492
1202393625 116.5061 39.91488
1202393818 116.48396 39.91411
1202393927 116.4706 39.91434
1202394118 116.46144 39.91577
1202394228 116.45524 39.91749
1202394530 116.44183 39.92169
1202394720 116.42883 39.92331
1202394831 116.42746 39.93799
1202395023 116.41262 39.94809
1202395132 116.40373 39.94798
1202395324 116.40198 39.9488
1202395434 116.402 39.95121
1202395626 116.39931 39.96054
1202395736 116.39668 39.96165
1202395927 116.38987 39.96185
1202396037 116.38865 39.96547
1202396230 116.38865 39.96547
1202396339 116.38865 39.96547
1202396530 116.38865 39.96547
1202396641 116.38863 39.96549
1202396833 116.38865 39.96551
1202396942 116.38865 39.96551
1202397134 116.38831 39.97046
1202397244 116.38824 39.98117
1202397436 116.40218 39.98618
1202397546 116.40165 39.99697
1202397737 116.40628 40.00117
1202397847 116.40644 39.99978
1202398040 116.40644 39.99978
1202398149 116.40644 39.99978
1202398340 116.41097 40.00145
1202398451 116.41043 40.00771
1202398656 116.43705 40.01857
1202398752 116.46281 40.01379
1202401516 116.56676 40.07113
1202402093 116.5829 40.06082
1202402374 116.58196 40.06673
1202402395 116.58196 40.06673
1202402675 116.58196 40.06673
1202402977 116.58148 40.06972
1202402998 116.58141 40.07017
1202403279 116.58095 40.07268
1202403300 116.58095 40.07268
1202403580 116.58093 40.07267
1202403602 116.58093 40.07267
1202403882 116.58093 40.07267
1202403903 116.58093 40.07267
1202403903 116.58093 40.07267
1202404184 116.58093 40.07267
1202404205 116.58093 40.07267
1202404485 116.58093 40.07267
1202404485 116.58093 40.07267
1202404507 116.58093 40.07267
1202404787 116.58137 40.07645
1202404808 116.58189 40.07546
1202405088 116.58213 40.07469
1202405110 116.58213 40.07469
1202405390 116.58524 40.07669
1202405412 116.58524 40.07669
1202405692 116.58524 40.07669
1202405713 116.58562 40.07671
1202406898 116.58351 40.05191
1202406920 116.58051 40.04831
1202407200 116.51638 40.01626
1202407221 116.51098 40.01307
1202407502 116.4537 39.96145
1202407523 116.44955 39.95771
1202407803 116.39337 39.94764
1202407825 116.38908 39.94761
1202408105 116.36599 39.94522
1202408126 116.36604 39.94339
1202408407 116.36519 39.92856
1202408428 116.36519 39.92856
1202408708 116.352 39.93107
1202408730 116.3501 39.93116
1202409010 116.33644 39.94134
1202409031 116.33656 39.94476
1202409312 116.32965 39.96069
1202409333 116.33215 39.96076
1202409612 116.33822 39.96609
1202409634 116.34072 39.9661
1202409914 116.36049 39.96672
1202409935 116.36046 39.96672
1202410216 116.3593 39.98441
1202410237 116.36029 39.98577
1202410517 116.3591 39.9886
1202410539 116.35893 39.99107
1202410819 116.35539 40.00001
1202410840 116.35148 39.9999
1202411121 116.33678 40.00622
1202411142 116.33678 40.00622
1202411422 116.33678 40.00622
1202411444 116.33678 40.00622
1202411444 116.33678 40.00622
1202411724 116.34165 40.00624
1202411745 116.34165 40.00624
1202412026 116.34387 39.97518
1202412026 116.34387 39.97518
1202412047 116.34212 39.97437
1202412327 116.3422 39.97339
1202412349 116.3422 39.97339
1202412629 116.3422 39.97339
1202412650 116.3422 39.97339
1202412931 116.34311 39.9751
1202412952 116.34599 39.97516
1202413232 116.36075 39.97522
1202413254 116.36342 39.97502
1202413534 116.35528 39.95465
1202413555 116.35525 39.95382
1202413836 116.36417 39.96355
1202413857 116.36394 39.96596
1202414137 116.35947 39.97975
1202414159 116.35945 39.97989
1202414439 116.34684 39.98514
1202414460 116.34726 39.98292
1202414740 116.35949 39.9807
1202414762 116.35933 39.98366
1202415042 116.38935 39.98653
1202415064 116.38979 39.9865
1202415344 116.40156 39.99711
1202415365 116.40156 39.99711
1202415645 116.40252 40.02054
1202415667 116.40252 40.02054
1202415947 116.406 40.04596
1202416249 116.40781 40.07757
1202416270 116.40786 40.07784
1202416550 116.40593 40.11467
1202416572 116.40591 40.1151
1202416852 116.41227 40.12509
1202416874 116.41227 40.12509
1202417154 116.40237 40.12846
1202417175 116.4026 40.13217
1202417455 116.40538 40.17613
1202417477 116.40948 40.17661
1202417757 116.4519 40.18624
1202417779 116.45223 40.18981
1202418059 116.49584 40.20852
1202418080 116.50106 40.20872
1202418360 116.55073 40.22264
1202418382 116.5509 40.22685
1202418624 116.54155 40.23096
1202464763 116.54153 40.23095
1202464872 116.54153 40.23095
1202465065 116.54153 40.23095
1202465173 116.54153 40.23095
1202465367 116.54153 40.23095
1202465475 116.54153 40.23095
1202465668 116.54153 40.23095
1202465777 116.54153 40.23095
1202465970 116.54153 40.23095
1202465970 116.54153 40.23095
1202466078 116.54153 40.23095
1202466272 116.54178 40.23081
1202466380 116.54332 40.22944
1202466573 116.55034 40.20918
1202466681 116.55449 40.19146
1202466875 116.54994 40.16919
1202466983 116.54711 40.15087
1202467177 116.54815 40.13239
1202467285 116.55197 40.14537
1202467478 116.54779 40.12624
1202467586 116.5447 40.11214
1202467780 116.52454 40.09715
1202467888 116.50035 40.09414
1202468081 116.49546 40.09384
1202468190 116.51935 40.09669
1202468383 116.52371 40.1062
1202468491 116.51775 40.10699
1202468685 116.49181 40.0938
1202468793 116.47288 40.09028
1202468986 116.44605 40.08114
1202469095 116.43617 40.07787
1202469288 116.43578 40.07826
1202469396 116.4359 40.07833
1202469590 116.43595 40.07832
1202469698 116.43588 40.07823
1202469891 116.43593 40.07823
1202470000 116.43593 40.07823
1202470193 116.43593 40.07823
1202470301 116.43593 40.07823
1202470495 116.42854 40.07208
1202470603 116.43047 40.06594
1202470603 116.43047 40.06594
1202470796 116.43412 40.06358
1202470905 116.43412 40.06357
1202471098 116.43047 40.06588
1202471206 116.42609 40.06127
1202471400 116.42368 40.06277
1202471508 116.42368 40.06277
1202471701 116.42173 40.06291
1202471810 116.41509 40.06956
1202472003 116.4052 40.07807
1202472111 116.40302 40.07626
1202472305 116.40387 40.0696
1202472413 116.40635 40.06946
1202472606 116.4048 40.07184
1202472715 116.40517 40.07287
1202472908 116.40517 40.07287
1202473016 116.40517 40.07287
1202473210 116.40517 40.07287
1202473210 116.40517 40.07287
1202473318 116.40517 40.07287
1202473511 116.40494 40.07437
1202473620 116.40305 40.0777
1202473813 116.38801 40.08635
1202473921 116.38353 40.08577
1202474115 116.39283 40.08115
1202474223 116.40301 40.07788
1202474416 116.40639 40.07045
1202474525 116.40655 40.06853
1202474718 116.40669 40.06737
1202474826 116.40681 40.06772
1202475020 116.40814 40.08285
1202475128 116.40738 40.08792
1202475321 116.40263 40.10273
1202475429 116.40243 40.10285
1202475622 116.4066 40.10288
1202475730 116.42318 40.1021
1202475924 116.42275 40.10218
1202476032 116.42813 40.09105
1202476225 116.42838 40.07187
1202476333 116.43046 40.0686
1202476527 116.43229 40.06255
1202476635 116.43049 40.06637
1202476828 116.43047 40.06569
1202476937 116.43593 40.06086
1202477130 116.42676 40.05369
1202477238 116.42737 40.04887
1202477432 116.43 40.03616
1202477540 116.43658 40.03097
1202477733 116.44289 40.01979
1202477842 116.46037 40.0192
1202478035 116.46702 40.0061
1202478143 116.46983 40.00236
1202478143 116.46983 40.00236
1202478337 116.47095 40.00088
1202478445 116.4709 40.0008
1202478638 116.46222 39.99268
1202478747 116.46918 39.98496
1202478940 116.46195 39.97074
1202479242 116.47832 39.93245
1202479350 116.47353 39.93241
1202479543 116.47543 39.93226
1202479652 116.47686 39.93231
1202479845 116.48386 39.91545
1202479953 116.4841 39.9175
1202480147 116.48391 39.93871
1202480255 116.47963 39.95906
1202480448 116.46333 39.96191
1202480557 116.45316 39.95494
1202480750 116.45089 39.95512
1202480750 116.45089 39.95512
1202480858 116.44644 39.95672
1202481052 116.44209 39.94763
1202481160 116.43988 39.94173
1202481353 116.43548 39.94477
1202481462 116.43493 39.94758
1202481655 116.4403 39.961
1202481763 116.44959 39.95884
1202482065 116.4763 39.97811
1202482258 116.46677 39.98231
1202482367 116.46472 39.98656
1202482560 116.46168 39.97834
1202482668 116.46426 39.97194
1202482668 116.46426 39.97194
1202482862 116.44086 39.95181
1202482970 116.44076 39.94843
1202483163 116.43311 39.93978
1202483272 116.42689 39.93959
1202483465 116.42519 39.93535
1202483573 116.42751 39.93532
1202483767 116.44384 39.93231
1202483875 116.4548 39.93228
1202484068 116.45509 39.92228
1202484177 116.45802 39.92205
1202484370 116.47295 39.92156
1202484478 116.47911 39.92158
1202484672 116.49 39.91863
1202484780 116.48801 39.91451
1202484973 116.48339 39.91958
1202485081 116.47812 39.90431
1202485275 116.43664 39.89802
1202485383 116.43298 39.89234
1202485576 116.43419 39.88312
1202485685 116.42781 39.88299
1202485685 116.42781 39.88299
1202485878 116.42183 39.89181
1202485986 116.41369 39.89194
1202486180 116.41124 39.89567
1202486288 116.41273 39.8871
1202486481 116.41477 39.87871
1202486590 116.41573 39.86101
1202486783 116.40756 39.86487
1202486891 116.40723 39.87119
1202487085 116.37217 39.86928
1202487193 116.36831 39.87656
1202487386 116.36847 39.88675
1202487495 116.36837 39.88975
1202487688 116.36837 39.89737
1202487796 116.3683 39.89766
1202487990 116.36801 39.90764
1202488098 116.3675 39.90898
1202488291 116.37358 39.91094
1202488291 116.37358 39.91094
1202488291 116.37358 39.91094
1202488291 116.37358 39.91094
1202488400 116.3755 39.91456
1202488593 116.37445 39.92129
1202488701 116.37396 39.92419
1202488895 116.37337 39.93623
1202489003 116.37309 39.94183
1202489196 116.37329 39.95316
1202489305 116.375 39.97309
1202489498 116.39771 39.98683
1202489605 116.41601 39.98723
1202489799 116.41826 39.99718
1202489907 116.4114 40.00085
1202490100 116.40238 40.00145
1202490209 116.39827 40.0008
1202490402 116.39847 40.00046
1202490510 116.40186 40.00107
1202490510 116.40186 40.00107
1202490704 116.4099 39.99998
1202490812 116.41085 39.99744
1202491005 116.4106 39.99366
1202491114 116.41099 39.98097
1202491307 116.41817 39.96767
1202491415 116.43194 39.96695
1202491928 116.43284 39.96652
1202492019 116.41485 39.96787
1202492212 116.37472 39.96682
1202492320 116.36394 39.96549
