UTS Latitude Longitude
1201959439 116.419 39.90726
1201959739 116.4137 39.90773
1201960039 116.39826 39.90652
1201960339 116.3935 39.92304
1201960639 116.38978 39.93825
1201960938 116.3739 39.9496
1201961238 116.37635 39.95685
1201961538 116.36701 39.95443
1201961838 116.36532 39.94944
1201962438 116.33945 39.93727
1201962738 116.34335 39.92726
1201963038 116.34736 39.91813
1201963338 116.34708 39.91327
1201963638 116.34669 39.90119
1201964238 116.34997 39.891
1201964538 116.35002 39.89104
1201965438 116.35947 39.86802
1201965738 116.40964 39.87046
1201966038 116.415 39.85628
1201966338 116.38224 39.85586
1201966638 116.38066 39.84788
1201966938 116.36989 39.84031
1201967238 116.36916 39.84009
1201967538 116.36629 39.84935
1201967838 116.36814 39.86806
1201968138 116.36837 39.88121
1201968438 116.35774 39.88172
1201969038 116.35304 39.86759
1201969338 116.32604 39.86689
1201969938 116.30959 39.86628
1201970238 116.28847 39.8733
1201970538 116.28855 39.87336
1201970838 116.28855 39.87335
1201971138 116.28853 39.87336
1201972038 116.33937 39.84627
1201972638 116.36409 39.84476
1201972938 116.36648 39.85537
1201973238 116.37044 39.85538
1201973538 116.38804 39.85237
1201973838 116.39499 39.85515
1201973838 116.39499 39.85515
1201974138 116.39438 39.86058
1201974738 116.40858 39.87178
1201975337 116.42242 39.89112
1201975637 116.41668 39.89207
1201975937 116.41347 39.8919
1201976237 116.39283 39.89016
1201976537 116.38334 39.88836
1201976837 116.37464 39.88805
1201977137 116.36809 39.87782
1201977437 116.36779 39.86491
1201977737 116.36157 39.85812
1201978037 116.35827 39.86512
1201978337 116.35809 39.86859
1201978637 116.34431 39.87402
1201978937 116.34825 39.88191
1201979237 116.3527 39.88552
1201979537 116.34343 39.88818
1201979837 116.33552 39.88176
1201980137 116.32065 39.87684
1201980437 116.32055 39.88251
1201980737 116.31513 39.88304
1201981037 116.30391 39.88444
1201981337 116.29946 39.86576
1201981637 116.2888 39.86492
1201981637 116.2888 39.86492
1201982237 116.28743 39.85402
1201982537 116.30461 39.85533
1201982537 116.30461 39.85533
1201982837 116.34055 39.84857
1201983137 116.38687 39.85566
1201983437 116.39978 39.85549
1201983737 116.40197 39.85558
1201984037 116.40442 39.85544
1201984637 116.38495 39.8558
1201984937 116.34095 39.85244
1201985237 116.3428 39.89112
1201985537 116.31537 39.8967
1201985837 116.3217 39.89909
1201986437 116.35676 39.8977
1201986737 116.34679 39.89358
1201987037 116.34216 39.88192
1201987337 116.34047 39.88714
1201987637 116.35084 39.89738
1201987937 116.34864 39.8948
1201988237 116.3473 39.88947
1201988537 116.34709 39.8873
1201988837 116.35778 39.87773
1201989137 116.35003 39.87649
1201989437 116.34753 39.87983
1201989737 116.34764 39.87985
1201990037 116.34765 39.87993
1201990337 116.34763 39.87989
1201990637 116.34514 39.87634
1201990936 116.32303 39.86699
1201991236 116.2761 39.86414
1201991236 116.2761 39.86414
1201991536 116.25025 39.85886
1201991836 116.24566 39.85923
1201992136 116.24567 39.85926
1201992436 116.24568 39.85928
1201992736 116.2497 39.86422
1201993036 116.24574 39.85929
1201993336 116.24573 39.85923
1201993636 116.24574 39.85919
1201993936 116.24575 39.85922
1201994237 116.24575 39.85922
1201994536 116.24576 39.85923
1201994836 116.24576 39.85923
1201995136 116.24576 39.85924
1201995436 116.24576 39.85925
1201995736 116.24576 39.85925
1201996036 116.24576 39.85926
1201996636 116.24577 39.85927
1201996936 116.24577 39.85927
1201997236 116.24577 39.85926
1201997536 116.24576 39.85926
1201997836 116.24576 39.85926
1201998436 116.24575 39.85925
1201998736 116.24575 39.85924
1201999036 116.24574 39.85924
1201999336 116.24574 39.85923
1201999636 116.24574 39.85923
1201999936 116.24574 39.85922
1201999936 116.24574 39.85922
1202000236 116.24574 39.85921
1202000536 116.24573 39.85921
1202000836 116.24573 39.85921
1202001136 116.24574 39.8592
1202001436 116.24574 39.8592
1202001736 116.24573 39.85919
1202002336 116.24574 39.85918
1202002636 116.2458 39.859
1202002936 116.24571 39.85923
1202003236 116.24572 39.85925
1202003536 116.24579 39.85893
1202003836 116.24576 39.85902
1202005036 116.24584 39.85939
1202005336 116.24583 39.85938
1202005936 116.24581 39.85936
1202006236 116.2458 39.85935
1202006536 116.2458 39.85935
1202006835 116.2458 39.85922
1202007135 116.24576 39.85929
1202007435 116.24574 39.85931
1202008035 116.24573 39.85929
1202008335 116.24572 39.85928
1202008635 116.24571 39.85926
1202008635 116.24571 39.85926
1202008935 116.24569 39.85925
1202009235 116.2457 39.85925
1202009535 116.24569 39.85924
1202009835 116.24569 39.85923
1202010135 116.24569 39.85921
1202010435 116.24573 39.85907
1202011035 116.24572 39.85908
1202011335 116.24571 39.85908
1202011635 116.39276 39.78457
1202011635 116.39276 39.78457
1202012235 116.2457 39.85907
1202012535 116.2457 39.85906
1202012835 116.2457 39.85907
1202013135 116.24571 39.85908
1202013435 116.24571 39.85908
1202013735 116.24571 39.85908
1202014335 116.24572 39.85909
1202014635 116.24572 39.85909
1202014935 116.24572 39.85909
1202015235 116.24571 39.85909
1202015535 116.24571 39.85909
1202015835 116.24571 39.85909
1202016135 116.24571 39.8591
1202016435 116.24571 39.8591
1202016735 116.24571 39.8591
1202017035 116.24571 39.85911
1202017335 116.24571 39.85911
1202017635 116.24571 39.85911
1202017935 116.24571 39.85912
1202018235 116.24567 39.85938
1202018535 116.24567 39.85931
1202018835 116.24566 39.85927
1202019135 116.24566 39.85926
1202019435 116.24566 39.85923
1202019735 116.24566 39.85922
1202020035 116.24562 39.85911
1202020335 116.24563 39.85914
1202020935 116.24564 39.85916
1202021235 116.24566 39.85917
1202021835 116.24566 39.85916
1202022135 116.24567 39.85915
1202022435 116.24567 39.85915
1202023035 116.24567 39.85913
1202023334 116.24567 39.85913
1202023634 116.24567 39.85913
1202023934 116.24567 39.85913
1202024534 116.24566 39.85913
1202025134 116.24566 39.85914
1202025434 116.24566 39.85914
1202025734 116.24566 39.85915
1202026034 116.24567 39.85915
1202026034 116.24567 39.85915
1202026334 116.24567 39.85914
1202026634 116.24568 39.85914
1202027834 116.24568 39.85915
1202028134 116.24567 39.85915
1202028434 116.24567 39.85915
1202029034 116.24547 39.85915
1202029334 116.25836 39.86278
1202029934 116.27006 39.87906
1202030234 116.28344 39.88823
1202030534 116.30395 39.88774
1202030834 116.31003 39.85713
1202031134 116.29393 39.86098
1202031434 116.30985 39.85668
1202031734 116.30543 39.87728
1202032034 116.30442 39.89097
1202032334 116.33848 39.89626
1202032634 116.35571 39.89784
1202032934 116.36772 39.88803
1202033234 116.35586 39.88209
1202033534 116.35237 39.888
1202033834 116.34113 39.85682
1202034134 116.35564 39.84903
1202034434 116.35849 39.85527
1202035034 116.30488 39.86681
1202035634 116.28888 39.86824
1202035934 116.2988 39.88057
1202036234 116.31151 39.87883
1202036534 116.31171 39.87681
1202036834 116.31179 39.87714
1202037134 116.31174 39.8767
1202037734 116.27724 39.86129
1202038034 116.27842 39.84235
1202038334 116.28049 39.82478
1202038634 116.28395 39.82449
1202038934 116.32425 39.82929
1202039233 116.34029 39.84754
1202039533 116.34139 39.85707
1202039833 116.3628 39.8683
1202040133 116.38251 39.87059
1202041333 116.37806 39.888
1202041633 116.38494 39.89881
1202042233 116.40067 39.9058
1202042533 116.40119 39.91382
1202042833 116.40054 39.90118
1202043433 116.37818 39.89613
1202043433 116.37818 39.89613
1202043733 116.37005 39.88803
1202043733 116.37005 39.88803
1202044033 116.36092 39.8821
1202044333 116.35038 39.88832
1202044633 116.35021 39.88849
1202044933 116.34704 39.88982
1202045233 116.35089 39.90384
1202045533 116.35008 39.91525
1202045833 116.34647 39.9223
1202046133 116.31981 39.92354
1202046433 116.32764 39.92984
1202046733 116.32845 39.91738
1202047033 116.31649 39.90979
1202047333 116.29871 39.9118
1202047633 116.29594 39.90852
1202047933 116.32035 39.90989
1202048233 116.33285 39.9171
1202048533 116.33808 39.92106
1202048833 116.34026 39.93101
1202049133 116.34635 39.9227
1202049433 116.34933 39.91699
1202049733 116.35024 39.90485
1202050034 116.34662 39.89532
1202050333 116.34675 39.89182
1202050633 116.34677 39.89186
1202050933 116.34677 39.89187
1202051233 116.34688 39.88964
1202051533 116.34405 39.8879
1202051833 116.34413 39.87645
1202052133 116.34286 39.89658
1202052133 116.34286 39.89658
1202052433 116.31994 39.89844
1202052433 116.31994 39.89844
1202052733 116.31068 39.90825
1202053033 116.30486 39.90786
1202053333 116.30428 39.928
1202053633 116.30357 39.95351
1202053933 116.31744 39.95167
1202054233 116.31642 39.95315
1202054533 116.31746 39.95138
1202054833 116.32291 39.95048
1202055132 116.33627 39.95652
1202055432 116.35381 39.95654
1202055732 116.36419 39.95112
1202056032 116.36512 39.95108
1202056332 116.35801 39.94496
1202056632 116.3489 39.9405
1202056932 116.34897 39.9322
1202057232 116.35653 39.93074
1202057532 116.35915 39.92346
1202057832 116.36596 39.91715
1202058132 116.36753 39.91344
1202058432 116.36585 39.90732
1202058732 116.36566 39.90604
1202059032 116.35986 39.90788
1202059332 116.35892 39.92271
1202059632 116.36183 39.93073
1202059932 116.36377 39.93924
1202060232 116.36629 39.93922
1202060532 116.3655 39.94628
1202060832 116.37324 39.94291
1202061132 116.37371 39.93273
1202061132 116.37371 39.93273
1202061432 116.37197 39.92642
1202061732 116.36752 39.92114
1202062032 116.36828 39.91338
1202062332 116.36088 39.91058
1202062632 116.35035 39.91927
1202062932 116.33921 39.92208
1202063532 116.2962 39.92273
1202063832 116.273 39.92533
1202064132 116.28234 39.92134
1202064432 116.26811 39.92322
1202064732 116.26341 39.90887
1202065032 116.25865 39.91129
1202065332 116.26829 39.90613
1202065632 116.28813 39.90602
1202065932 116.29826 39.9062
1202066232 116.31071 39.89664
1202066532 116.30405 39.90143
1202066832 116.30425 39.91496
1202067132 116.30398 39.93305
1202067432 116.31086 39.95032
1202067732 116.31785 39.95185
1202068032 116.31931 39.93792
1202068332 116.30956 39.93114
1202069232 116.31206 39.96449
1202069532 116.31871 39.96581
1202069832 116.32805 39.96629
1202069832 116.32805 39.96629
1202070132 116.33778 39.97511
1202070431 116.34632 39.97203
1202070731 116.36401 39.96666
1202071031 116.36349 39.98314
1202071331 116.36348 39.97603
1202071631 116.35309 39.96661
1202071931 116.34881 39.95308
1202072531 116.32067 39.9375
1202072831 116.29337 39.94498
1202073131 116.28707 39.93114
1202073431 116.27875 39.92213
1202073731 116.27718 39.90747
1202074031 116.26777 39.90576
1202074331 116.26839 39.9059
1202074631 116.29138 39.90614
1202074931 116.30416 39.89877
1202075231 116.30262 39.89566
1202075531 116.32514 39.89563
1202075831 116.30664 39.89593
1202076131 116.26776 39.89411
1202076431 116.25252 39.86551
1202076731 116.24563 39.85913
1202077031 116.24563 39.85915
1202077331 116.24563 39.85916
1202077631 116.24563 39.85916
1202077931 116.24563 39.85917
1202078231 116.24563 39.85915
1202078531 116.24563 39.85914
1202078531 116.24563 39.85914
1202078831 116.24563 39.85915
1202079131 116.24563 39.85915
1202079431 116.24563 39.85915
1202079731 116.24564 39.85915
1202080031 116.24565 39.85915
1202080331 116.24565 39.85915
1202080631 116.24565 39.85915
1202080931 116.24565 39.85915
1202081231 116.24565 39.85916
1202081531 116.24566 39.85916
1202081831 116.24566 39.85916
1202082131 116.24566 39.85916
1202082431 116.24566 39.85916
1202082731 116.24566 39.85917
1202083031 116.24566 39.85917
1202083331 116.24566 39.85916
1202083631 116.24566 39.85916
1202083931 116.24566 39.85916
1202084231 116.24566 39.85916
1202084531 116.24566 39.85917
1202084831 116.24566 39.85917
1202085131 116.24566 39.85917
1202085431 116.24566 39.85917
1202085731 116.24566 39.85917
1202086031 116.24566 39.85917
1202086330 116.24566 39.85917
1202086630 116.24566 39.85917
1202086930 116.24566 39.85917
1202087230 116.24566 39.85917
1202087230 116.24566 39.85917
1202087530 116.24566 39.85917
1202087830 116.24566 39.85917
1202088130 116.24566 39.85917
1202088430 116.24566 39.85917
1202088730 116.24566 39.85917
1202089030 116.24566 39.85917
1202089330 116.24557 39.85905
1202089630 116.24558 39.85913
1202089930 116.24558 39.85912
1202090230 116.24558 39.85913
1202090530 116.24558 39.85913
1202091130 116.24557 39.85912
1202091430 116.24558 39.85912
1202091730 116.24558 39.85913
1202092030 116.24558 39.85913
1202092330 116.24558 39.85913
1202092630 116.24558 39.85913
1202092930 116.24558 39.85913
1202093230 116.24558 39.85913
1202093530 116.24559 39.85913
1202093830 116.24559 39.85914
1202094130 116.2456 39.85914
1202094430 116.2456 39.85914
1202094730 116.24559 39.85914
1202095030 116.2456 39.85914
1202095330 116.2456 39.85915
1202095630 116.2456 39.85915
1202095930 116.2456 39.85915
1202095930 116.2456 39.85915
1202096230 116.2456 39.85915
1202096530 116.2456 39.85916
1202096830 116.2456 39.85916
1202097130 116.2456 39.85916
1202097430 116.2456 39.85916
1202097730 116.2456 39.85916
1202098030 116.2456 39.85916
1202098330 116.2456 39.85916
1202098630 116.2456 39.85915
1202098930 116.2456 39.85916
1202099230 116.2456 39.85916
1202099530 116.24561 39.85916
1202099830 116.24534 39.85824
1202099830 116.24534 39.85824
1202100130 116.24567 39.85918
1202100430 116.24566 39.85915
1202100730 116.24566 39.85915
1202101030 116.24567 39.85915
1202101330 116.24566 39.85916
1202101630 116.24567 39.85917
1202101930 116.24567 39.85916
1202102230 116.24566 39.85917
1202102529 116.24566 39.85917
1202102829 116.24566 39.85917
1202103129 116.24566 39.85917
1202103429 116.24566 39.85917
1202103729 116.24566 39.85918
1202104629 116.24565 39.85918
1202104629 116.24565 39.85918
1202104929 116.24565 39.85918
1202105229 116.24564 39.85919
1202105529 116.24564 39.85919
1202106129 116.24563 39.85919
1202106429 116.24563 39.85919
1202106729 116.24563 39.85919
1202107029 116.24563 39.85919
1202107329 116.24563 39.85919
1202107629 116.24563 39.85919
1202107929 116.24563 39.85919
1202108229 116.24563 39.85919
1202108529 116.24563 39.85919
1202108829 116.24563 39.85919
1202109129 116.24563 39.85919
1202109429 116.24563 39.85919
1202109729 116.24563 39.85919
1202110029 116.24563 39.85919
1202110329 116.24563 39.85919
1202110629 116.24563 39.85919
1202110929 116.24563 39.85919
1202111229 116.24563 39.85918
1202111529 116.24563 39.85918
1202112129 116.24564 39.85918
1202112429 116.24564 39.85917
1202112729 116.24561 39.85889
1202113029 116.2456 39.85896
1202113329 116.2456 39.85899
1202113329 116.2456 39.85899
1202113629 116.24561 39.85901
1202113929 116.24562 39.85903
1202114229 116.24562 39.85904
1202114529 116.24562 39.85905
1202114829 116.24562 39.85906
1202115129 116.24562 39.85907
1202115429 116.24562 39.85907
1202115729 116.24562 39.85907
1202116029 116.24867 39.85849
1202116329 116.26463 39.86404
1202116629 116.30208 39.86564
1202116929 116.32508 39.86661
1202117229 116.34284 39.88181
1202117529 116.35807 39.89792
1202117829 116.36816 39.88912
1202118129 116.36813 39.87754
1202118429 116.36164 39.88684
1202118729 116.3508 39.88836
1202119028 116.35022 39.89473
1202119328 116.35066 39.90194
1202119628 116.34982 39.92907
1202119928 116.34822 39.97056
1202120228 116.33806 39.98556
1202120528 116.32704 39.98104
1202120828 116.3278 39.96643
1202121128 116.3361 39.94542
1202121428 116.33768 39.92727
1202121728 116.3292 39.91689
1202122028 116.33176 39.91257
1202122028 116.33176 39.91257
1202122328 116.33734 39.90567
1202122628 116.3466 39.89852
1202122928 116.34716 39.89198
1202123228 116.34708 39.89219
1202123528 116.34709 39.89222
1202123828 116.34707 39.89226
1202124128 116.34694 39.89259
1202124428 116.34709 39.89222
1202124728 116.34709 39.89223
1202125028 116.34707 39.89242
1202125328 116.35075 39.888
1202125628 116.3679 39.88751
1202125928 116.36118 39.88453
1202126228 116.35109 39.88823
1202126528 116.34672 39.89614
1202126828 116.33692 39.90329
1202127141 116.36472 39.87941
1202127142 116.36472 39.87941
1202127429 116.34648 39.91121
1202127729 116.33996 39.9032
1202128028 116.33335 39.88866
1202128328 116.33023 39.88367
1202128628 116.33261 39.88753
1202128928 116.34972 39.89685
1202129228 116.35001 39.89592
1202129528 116.35072 39.90448
1202129828 116.33711 39.89642
1202130128 116.30473 39.89734
1202130428 116.3038 39.91862
1202130728 116.30375 39.91116
1202130728 116.30375 39.91116
1202131028 116.30396 39.90783
1202131328 116.30464 39.90785
1202131628 116.30897 39.92239
1202131928 116.31611 39.92215
1202132228 116.33619 39.92187
1202132528 116.34699 39.91996
1202132828 116.3434 39.91705
1202133128 116.34008 39.90752
1202133428 116.33195 39.90615
1202133728 116.3285 39.91881
1202134028 116.32833 39.92399
1202134328 116.31965 39.93695
1202134628 116.31781 39.95102
1202134927 116.31718 39.95048
1202135227 116.31871 39.94312
1202135527 116.31949 39.92743
1202135827 116.33768 39.92167
1202136127 116.33678 39.90314
1202136427 116.33654 39.90227
1202136727 116.34204 39.89316
1202137027 116.33735 39.89094
1202137327 116.33731 39.89104
1202137627 116.33731 39.89103
1202137927 116.33647 39.88928
1202138227 116.34393 39.8879
1202138543 116.35041 39.90587
1202138827 116.34957 39.93235
1202139427 116.42732 39.94118
1202139427 116.42732 39.94118
1202139727 116.43309 39.93537
1202140027 116.42813 39.92133
1202140327 116.4299 39.90225
1202140627 116.434 39.88774
1202140927 116.43334 39.87344
1202141227 116.43255 39.86506
1202141527 116.42974 39.8647
1202142427 116.43926 39.85054
1202142727 116.44345 39.82592
1202143027 116.44345 39.82559
1202143327 116.44346 39.82558
1202143627 116.44346 39.82558
1202143927 116.44346 39.82561
1202144227 116.44346 39.82563
1202144527 116.44347 39.82565
1202144827 116.44346 39.82565
1202145127 116.44345 39.82563
1202145427 116.44345 39.82562
1202145727 116.44332 39.82533
1202146027 116.44334 39.8254
1202146327 116.44333 39.82543
1202146627 116.44334 39.82547
1202146927 116.44334 39.82547
1202147227 116.44334 39.82548
1202147527 116.44335 39.82548
1202147527 116.44335 39.82548
1202147827 116.44335 39.82549
1202148127 116.44336 39.8255
1202148127 116.44336 39.8255
1202148427 116.44336 39.8255
1202148727 116.44336 39.82551
1202149027 116.44337 39.82551
1202149327 116.44337 39.82551
1202149627 116.44337 39.82552
1202149927 116.44337 39.82552
1202150226 116.44337 39.82552
1202150526 116.44337 39.82552
1202150826 116.44337 39.82552
1202151126 116.44337 39.82553
1202151426 116.44337 39.82553
1202151726 116.44337 39.82553
1202152326 116.41319 39.8312
1202152626 116.38162 39.83072
1202152926 116.3448 39.82992
1202153226 116.34249 39.86687
1202153526 116.34251 39.89227
1202153826 116.34446 39.89672
1202154126 116.35058 39.89983
1202154426 116.35029 39.90555
1202154726 116.35074 39.9112
1202155026 116.35124 39.91893
1202155326 116.34956 39.93347
1202155626 116.34847 39.96612
1202156226 116.33764 39.99953
1202156526 116.33408 39.99184
1202156826 116.3476 39.98542
1202156826 116.3476 39.98542
1202157126 116.38727 39.97948
1202157426 116.38886 39.95753
1202157726 116.41726 39.94806
1202158026 116.42725 39.93245
1202158326 116.43714 39.92562
1202158926 116.4279 39.92261
1202159226 116.42877 39.91334
1202159826 116.42971 39.90365
1202160426 116.40095 39.89957
1202160726 116.38889 39.88984
1202161326 116.39449 39.83757
1202161626 116.39359 39.8159
1202161926 116.39588 39.81936
1202162226 116.3728 39.83026
1202163126 116.3474 39.87993
1202163426 116.347 39.88016
1202163726 116.34733 39.87985
1202164026 116.34296 39.87392
1202164326 116.31643 39.86677
1202164626 116.26213 39.86464
1202164926 116.24614 39.85877
1202165526 116.2457 39.85927
1202165526 116.2457 39.85927
1202165826 116.24569 39.85926
1202166125 116.24569 39.85925
1202166425 116.24569 39.85925
1202166725 116.24569 39.85926
1202167025 116.24569 39.85926
1202167325 116.24569 39.85925
1202167625 116.24568 39.85924
1202167925 116.24568 39.85923
1202168225 116.24567 39.85923
1202168525 116.24567 39.85923
1202168825 116.24567 39.85923
1202169125 116.24567 39.85923
1202170025 116.24567 39.85922
1202170325 116.24567 39.85922
1202170625 116.24567 39.85922
1202170925 116.24566 39.85922
1202171225 116.24566 39.85922
1202171525 116.24566 39.85921
1202171825 116.24566 39.85921
1202172125 116.24566 39.85921
1202172425 116.24566 39.85921
1202172725 116.24566 39.85921
1202173025 116.24566 39.85921
1202173625 116.24566 39.8592
1202173925 116.24565 39.8592
1202174225 116.24565 39.8592
1202174525 116.24565 39.8592
1202174825 116.24565 39.85919
1202175125 116.24565 39.85919
1202175425 116.24565 39.85919
1202175725 116.24565 39.85919
1202176025 116.24565 39.85919
1202176325 116.24561 39.85902
1202176625 116.24563 39.85905
1202178725 116.24564 39.85915
1202179025 116.24563 39.85916
1202179925 116.24565 39.85917
1202180225 116.24565 39.85917
1202180525 116.24565 39.85918
1202180825 116.24565 39.85918
1202181125 116.24565 39.85918
1202181425 116.24565 39.85918
1202181725 116.24566 39.85918
1202182024 116.24566 39.85919
1202182324 116.24566 39.85918
1202182924 116.24566 39.85919
1202182924 116.24566 39.85919
1202183224 116.24566 39.85919
1202183524 116.24566 39.85919
1202183824 116.24566 39.85919
1202184124 116.24566 39.85919
1202184424 116.24566 39.85919
1202184724 116.24566 39.85919
1202185024 116.24566 39.85919
1202185024 116.24566 39.85919
1202185324 116.24566 39.85919
1202185624 116.24566 39.8592
1202185924 116.24563 39.85903
1202186224 116.24564 39.85912
1202186524 116.2456 39.85914
1202186824 116.2456 39.85915
1202187424 116.24558 39.85915
1202187724 116.24559 39.85916
1202188024 116.24559 39.85917
1202188324 116.24559 39.85917
1202188924 116.24559 39.85917
1202189224 116.24559 39.85917
1202189524 116.2456 39.85917
1202189824 116.2456 39.85917
1202190124 116.2456 39.85917
1202190424 116.2456 39.85917
1202190724 116.2456 39.85917
1202191024 116.2456 39.85917
1202191324 116.2456 39.85917
1202191624 116.2456 39.85918
1202191624 116.2456 39.85918
1202191924 116.2456 39.85917
1202192224 116.2456 39.85917
1202192524 116.2456 39.85918
1202192824 116.2456 39.85918
1202193124 116.2456 39.85918
1202193424 116.24559 39.85918
1202193724 116.24559 39.85918
1202194024 116.24559 39.85918
1202194324 116.24559 39.85918
1202194624 116.24559 39.85919
1202194924 116.24559 39.85919
1202195224 116.24559 39.85919
1202195524 116.24559 39.85919
1202195824 116.24559 39.85919
1202196124 116.24559 39.85919
1202196424 116.24559 39.85919
1202196724 116.24559 39.85919
1202197324 116.24559 39.85919
1202197624 116.24559 39.85919
1202197924 116.24559 39.85919
1202198223 116.24559 39.85919
1202198523 116.24559 39.8592
1202198823 116.24559 39.8592
1202199123 116.24559 39.8592
1202199723 116.25851 39.86936
1202200023 116.269 39.88099
1202200323 116.26867 39.88477
1202200623 116.28886 39.88826
1202200923 116.30399 39.88611
1202201223 116.3115 39.8776
1202201523 116.31375 39.87637
1202201823 116.31147 39.88172
1202202123 116.31521 39.89198
1202202423 116.31686 39.88312
1202202723 116.32036 39.88468
1202203023 116.33567 39.88841
1202203323 116.34334 39.89444
1202203623 116.35712 39.8981
1202203923 116.36067 39.90875
1202204223 116.36013 39.91286
1202204523 116.35698 39.90108
1202205123 116.3505 39.89131
1202205723 116.34144 39.88818
1202206323 116.35037 39.90561
1202206623 116.35193 39.94295
1202206923 116.40695 39.94778
1202207223 116.41932 39.93989
1202207523 116.41981 39.92701
1202207823 116.42076 39.91178
1202208123 116.42179 39.90368
1202208423 116.41975 39.89922
1202208723 116.40774 39.89587
1202209023 116.40897 39.89385
1202209023 116.40897 39.89385
1202209323 116.38935 39.88927
1202209323 116.38935 39.88927
1202209623 116.37804 39.89817
1202209923 116.33335 39.89629
1202210223 116.32308 39.89914
1202210523 116.3046 39.90018
1202210823 116.29602 39.90755
1202211123 116.27651 39.90614
1202211423 116.27413 39.90602
1202211723 116.28479 39.89888
1202212023 116.29088 39.89972
1202212323 116.30407 39.90043
1202212632 116.30555 39.86978
1202212923 116.30608 39.87143
1202213223 116.31194 39.87661
1202213523 116.31161 39.8766
1202213544 116.3449 39.91256
1202213824 116.30513 39.87906
1202214123 116.30418 39.92015
1202214422 116.30702 39.96275
1202214722 116.36368 39.96636
1202215022 116.38807 39.97486
1202215322 116.388 39.98634
1202215622 116.38787 39.97157
1202215922 116.3819 39.96917
1202216222 116.3672 39.96649
1202216522 116.37342 39.95127
1202217122 116.41921 39.94635
1202217422 116.42213 39.93581
1202217722 116.42206 39.93259
1202218022 116.42179 39.93264
1202218022 116.42179 39.93264
1202218322 116.41228 39.93239
1202218622 116.40279 39.92614
1202218922 116.40037 39.91371
1202219222 116.38125 39.90602
1202219522 116.34968 39.90652
1202219822 116.32082 39.89587
1202220122 116.26753 39.89671
1202220422 116.26905 39.88364
1202220722 116.26912 39.88364
1202221022 116.26912 39.88364
1202221322 116.26898 39.88366
1202221622 116.26914 39.91612
1202221922 116.26594 39.91627
1202222222 116.26903 39.9317
1202222522 116.28081 39.95599
1202222822 116.28215 39.95729
1202223122 116.27538 39.95602
1202223422 116.28242 39.9498
1202223722 116.26883 39.94552
1202224022 116.26893 39.90608
1202224322 116.28369 39.90606
1202224622 116.30189 39.90505
1202224922 116.30364 39.90466
1202225522 116.29648 39.88843
1202225822 116.29206 39.88422
1202226122 116.30208 39.89036
1202226422 116.30643 39.8841
1202226722 116.3144 39.8827
1202226722 116.3144 39.8827
1202227022 116.31697 39.8829
1202227322 116.31697 39.8829
1202227622 116.31696 39.88295
1202227922 116.31695 39.88299
1202228222 116.31695 39.88303
1202228522 116.31596 39.88798
1202228822 116.33571 39.88841
1202229122 116.34999 39.89098
1202229422 116.35063 39.88876
1202229722 116.34905 39.88857
1202230022 116.34389 39.88814
1202230321 116.33665 39.89214
1202230621 116.3363 39.90052
1202230921 116.33905 39.91276
1202231221 116.33816 39.92087
1202231521 116.33804 39.93073
1202231821 116.34028 39.93108
1202232121 116.34975 39.9242
1202232421 116.34732 39.92941
1202232721 116.35789 39.94457
1202233021 116.38888 39.94747
1202233321 116.40055 39.95238
1202233621 116.40072 39.95384
1202233921 116.38894 39.95011
1202234221 116.3732 39.9574
1202234521 116.37381 39.98233
1202235121 116.36378 39.96894
1202235421 116.35585 39.95667
1202235421 116.35585 39.95667
1202235721 116.35253 39.95093
1202236021 116.34635 39.93918
1202236321 116.32734 39.93691
1202236621 116.28419 39.94731
1202236921 116.28036 39.95342
1202237221 116.28242 39.95127
1202237521 116.27697 39.94536
1202237821 116.27211 39.94547
1202238121 116.26474 39.94638
1202238421 116.26523 39.94455
1202238721 116.26584 39.94287
1202239021 116.2688 39.92845
1202239321 116.29456 39.93109
1202239621 116.31293 39.93103
1202239921 116.33459 39.93104
1202240221 116.33833 39.92232
1202240521 116.33043 39.91287
1202240821 116.33597 39.90191
1202241121 116.3415 39.8883
1202241421 116.34706 39.88456
1202241721 116.35027 39.88827
1202242021 116.346 39.88827
1202242321 116.34043 39.88744
1202242621 116.35749 39.86738
1202242921 116.35892 39.86405
1202243221 116.35794 39.86807
1202243521 116.34759 39.87563
1202243821 116.34691 39.88987
1202244121 116.34706 39.89176
1202244121 116.34706 39.89176
1202244421 116.35038 39.88934
1202244721 116.3198 39.89027
1202245021 116.30787 39.88498
1202245321 116.2806 39.87488
1202245620 116.26242 39.86523
1202245920 116.24608 39.85855
1202246220 116.24568 39.8591
1202246520 116.24567 39.85912
1202246820 116.24567 39.85911
1202247120 116.24567 39.85911
1202247420 116.24567 39.85911
1202247720 116.24567 39.8591
1202248020 116.24567 39.8591
1202248320 116.24567 39.85911
1202248620 116.24567 39.85912
1202248920 116.24566 39.85912
1202249220 116.24566 39.85912
1202249520 116.24566 39.85913
1202249820 116.24566 39.85914
1202250120 116.24566 39.85914
1202250420 116.24565 39.85915
1202250720 116.24565 39.85915
1202251020 116.24565 39.85916
1202251320 116.24565 39.85917
1202251620 116.24566 39.85917
1202251920 116.24566 39.85917
1202252220 116.24566 39.85917
1202252520 116.24566 39.85918
1202252820 116.24566 39.85918
1202252820 116.24566 39.85918
1202253120 116.24566 39.85918
1202253420 116.24566 39.85918
1202253720 116.24567 39.85918
1202254020 116.24566 39.85919
1202254320 116.24567 39.85919
1202254620 116.24567 39.85919
1202254920 116.24567 39.85919
1202255220 116.24567 39.85919
1202255820 116.24567 39.85919
1202256120 116.24567 39.85919
1202256420 116.24567 39.85919
1202256720 116.24567 39.85919
1202257020 116.24567 39.85918
1202257320 116.24567 39.85918
1202257620 116.24567 39.85918
1202257920 116.24566 39.85918
1202258220 116.24566 39.85918
1202258520 116.24566 39.85918
1202258820 116.24566 39.85918
1202259120 116.24565 39.85918
1202259720 116.24565 39.85918
1202260020 116.24565 39.85918
1202260320 116.24565 39.85918
1202260620 116.24564 39.85918
1202261220 116.24564 39.85918
1202261520 116.24564 39.85918
1202261520 116.24564 39.85918
1202261819 116.24563 39.85918
1202262119 116.24563 39.85918
1202262419 116.24563 39.85918
1202262719 116.24563 39.85918
1202263019 116.24563 39.85917
1202263319 116.24562 39.85917
1202263919 116.24559 39.85916
1202264219 116.24558 39.85913
1202264519 116.24557 39.85911
1202264819 116.24557 39.85911
1202265119 116.24558 39.85911
1202265419 116.24553 39.85908
1202266019 116.24557 39.85912
1202266319 116.24558 39.85912
1202266619 116.24559 39.85912
1202266919 116.24559 39.85913
1202267219 116.2456 39.85913
1202267519 116.2456 39.85914
1202267819 116.24561 39.85914
1202268119 116.24569 39.85919
1202268419 116.24569 39.85917
1202268719 116.24567 39.85917
1202269019 116.24566 39.85917
1202269319 116.24565 39.85918
1202269619 116.24565 39.85919
1202269919 116.24565 39.85919
1202270219 116.24565 39.85918
1202270219 116.24565 39.85918
1202270519 116.24565 39.85918
1202270819 116.24565 39.85918
1202271119 116.24565 39.85918
1202271419 116.24564 39.85918
1202271719 116.24564 39.85919
1202272019 116.24564 39.85919
1202272319 116.24564 39.85919
1202272619 116.24563 39.85919
1202272919 116.24566 39.85923
1202273219 116.24553 39.85902
1202273519 116.24555 39.85905
1202273819 116.24556 39.85908
1202274119 116.24557 39.85911
1202274419 116.24558 39.85912
1202274719 116.24558 39.85911
1202275019 116.24558 39.8591
1202275319 116.24559 39.85911
1202275619 116.24559 39.85911
1202275919 116.24559 39.85912
1202276219 116.24559 39.85912
1202276519 116.24558 39.85913
1202276819 116.24558 39.85913
1202277119 116.24558 39.85914
1202277419 116.24558 39.85914
1202277719 116.24558 39.85914
1202278318 116.24558 39.85914
1202278618 116.24541 39.85926
1202278918 116.24547 39.85924
1202278918 116.24547 39.85924
1202279218 116.24551 39.85924
1202279519 116.24553 39.85925
1202279818 116.24555 39.85923
1202280118 116.2456 39.85906
1202280418 116.24557 39.85915
1202280718 116.24561 39.85916
1202281018 116.24562 39.85917
1202281318 116.24561 39.85919
1202281618 116.24562 39.85919
1202281918 116.24563 39.8592
1202282218 116.24563 39.8592
1202282518 116.24564 39.8592
1202282818 116.24564 39.85919
1202283118 116.24564 39.85919
1202283418 116.24564 39.85919
1202283718 116.24565 39.85919
1202284018 116.24565 39.85919
1202284318 116.24564 39.85919
1202284618 116.24564 39.85919
1202284918 116.24556 39.85927
1202285218 116.24564 39.85922
1202285518 116.24566 39.85921
1202285818 116.24567 39.8592
1202286118 116.24568 39.8592
1202286418 116.24568 39.8592
1202286718 116.24568 39.85919
1202287018 116.24568 39.85918
1202287318 116.24568 39.85918
1202287618 116.24568 39.85918
1202287618 116.24568 39.85918
1202287918 116.24568 39.85917
1202288218 116.24568 39.85916
1202288518 116.24568 39.85916
1202288818 116.24568 39.85916
1202289118 116.24568 39.85916
1202289418 116.24568 39.85916
1202289718 116.24568 39.85916
1202290018 116.24568 39.85916
1202290318 116.24568 39.85916
1202290618 116.24603 39.85824
1202290918 116.26083 39.86412
1202291218 116.31128 39.86637
1202291518 116.3433 39.87251
1202292118 116.34756 39.87735
1202292418 116.34745 39.87993
1202292718 116.34718 39.87977
1202293018 116.34677 39.89184
1202293618 116.34984 39.89478
1202293918 116.33843 39.88862
1202294218 116.33218 39.87605
1202294517 116.33197 39.87621
1202294817 116.33187 39.87607
1202295117 116.33188 39.87612
1202296017 116.3703 39.89289
1202296317 116.35757 39.88238
1202296317 116.35757 39.88238
1202297217 116.33559 39.88207
1202298117 116.31509 39.88436
1202298417 116.31568 39.89161
1202299317 116.33916 39.88837
1202299617 116.33584 39.87706
1202300050 116.33019 39.88401
1202300050 116.33019 39.88401
1202300817 116.34517 39.87647
1202301537 116.33635 39.89554
1202301717 116.34431 39.89595
1202302017 116.35054 39.91308
1202302370 116.37131 39.94729
1202302617 116.40208 39.94563
1202302917 116.41059 39.94088
1202303217 116.39005 39.93901
1202303517 116.37398 39.9315
1202303817 116.36481 39.92245
1202304117 116.34702 39.92183
1202304417 116.35015 39.9166
1202304717 116.35011 39.89806
1202305017 116.34167 39.85983
1202305017 116.34167 39.85983
1202305617 116.33872 39.86053
1202305917 116.33511 39.86747
1202306217 116.33084 39.87182
1202306517 116.32586 39.87589
1202306817 116.32058 39.87966
1202307117 116.33028 39.88214
1202307417 116.33164 39.87586
1202307717 116.32733 39.88783
1202308017 116.33184 39.88126
1202308317 116.3322 39.87578
1202308917 116.31538 39.89587
1202309217 116.31509 39.90612
1202309517 116.30293 39.90742
1202309817 116.3029 39.90742
1202310116 116.30291 39.90742
1202310416 116.30109 39.88861
1202310716 116.28903 39.88803
1202311016 116.29318 39.88596
1202311316 116.2968 39.88912
1202311616 116.28924 39.90411
1202311916 116.30324 39.90476
1202312216 116.31909 39.90612
1202312816 116.34653 39.89631
1202313116 116.35028 39.9207
1202313416 116.34332 39.93423
1202313716 116.34796 39.91689
1202313716 116.34796 39.91689
1202314016 116.34639 39.90401
1202314316 116.34698 39.88888
1202314616 116.34744 39.88006
1202314916 116.34756 39.87769
1202315216 116.35287 39.88204
1202315516 116.36689 39.88778
1202315816 116.39083 39.88954
1202316116 116.41999 39.89274
1202316416 116.45427 39.89181
1202316716 116.47757 39.89182
1202317016 116.48676 39.89631
1202317316 116.48013 39.89189
1202317616 116.44429 39.89222
1202317916 116.41338 39.89182
1202318216 116.38842 39.88908
1202319116 116.34734 39.88083
1202319416 116.34744 39.88071
1202319716 116.34738 39.88075
1202320016 116.34742 39.88079
1202320616 116.34708 39.88088
1202320916 116.34741 39.88093
1202321516 116.34746 39.88029
1202321816 116.34744 39.88029
1202322116 116.34744 39.88027
1202322416 116.34743 39.88028
1202322416 116.34743 39.88028
1202322716 116.34744 39.88027
1202323016 116.34768 39.88008
1202323316 116.34749 39.88012
1202323616 116.34746 39.88025
1202323916 116.34068 39.8673
1202324216 116.30108 39.86588
1202324516 116.258 39.86265
1202324816 116.249 39.8585
1202325116 116.24562 39.85904
1202325415 116.24563 39.85904
1202325715 116.24562 39.85903
1202326015 116.24562 39.85903
1202326315 116.24563 39.85905
1202326615 116.24563 39.85906
1202326915 116.24564 39.85905
1202327215 116.24564 39.85906
1202327515 116.24565 39.85908
1202327815 116.24566 39.8591
1202328115 116.24567 39.85912
1202328415 116.24567 39.85912
1202328715 116.24567 39.85912
1202329315 116.24566 39.85912
1202329615 116.24566 39.85912
1202329915 116.24566 39.85912
1202330215 116.24566 39.85912
1202330515 116.24566 39.85913
1202330815 116.24566 39.85913
1202331115 116.24566 39.85913
1202331115 116.24566 39.85913
1202331415 116.24559 39.85919
1202331715 116.24561 39.8592
1202332015 116.24562 39.85919
1202332315 116.24563 39.85919
1202332615 116.24536 39.85914
1202332915 116.24547 39.85912
1202333215 116.24557 39.85912
1202333515 116.24561 39.85913
1202333815 116.24563 39.85913
1202334115 116.24564 39.85913
1202334415 116.24565 39.85913
1202334715 116.24565 39.85912
1202335023 116.24565 39.8591
1202335315 116.24564 39.85909
1202335615 116.24564 39.85909
1202335915 116.24565 39.85909
1202336215 116.24565 39.85909
1202337115 116.24565 39.85909
1202337415 116.24566 39.85908
1202337715 116.24568 39.8591
1202338615 116.24568 39.85911
1202338915 116.24568 39.85911
1202339215 116.24568 39.85911
1202339515 116.24568 39.85912
1202339815 116.24568 39.85912
1202339815 116.24568 39.85912
1202340115 116.24568 39.85912
1202340715 116.24567 39.85913
1202341015 116.24568 39.85913
1202341315 116.24568 39.85914
1202341614 116.24568 39.85914
1202341914 116.24569 39.85914
1202342214 116.24569 39.85914
1202342514 116.24569 39.85914
1202342814 116.24569 39.85915
1202343114 116.24569 39.85915
1202343414 116.24569 39.85915
1202343714 116.24569 39.85915
1202344014 116.24569 39.85915
1202344314 116.24569 39.85915
1202344614 116.24569 39.85915
1202344914 116.24569 39.85915
1202345214 116.24569 39.85915
1202345514 116.24569 39.85915
1202345814 116.24569 39.85915
1202346114 116.24568 39.85915
1202346414 116.24568 39.85915
1202346714 116.24568 39.85915
1202347014 116.24568 39.85915
1202347314 116.24568 39.85915
1202347614 116.24568 39.85915
1202347914 116.24561 39.85894
1202348214 116.24566 39.859
1202348514 116.24566 39.85901
1202348814 116.24568 39.85903
1202349114 116.24567 39.85901
1202349414 116.24568 39.85903
1202350314 116.24568 39.85907
1202350614 116.24568 39.85909
1202350914 116.24568 39.8591
1202351214 116.24567 39.8591
1202351514 116.24567 39.8591
1202352177 116.24567 39.85912
1202352414 116.24567 39.85912
1202352714 116.24567 39.85913
1202353014 116.24567 39.85913
1202353914 116.24567 39.85914
1202354214 116.24567 39.85914
1202354514 116.24567 39.85914
1202354814 116.24567 39.85914
1202355114 116.24567 39.85914
1202355414 116.24567 39.85914
1202355714 116.24567 39.85914
1202356014 116.24567 39.85914
1202356614 116.24567 39.85914
1202356914 116.24567 39.85914
1202357513 116.24567 39.85914
1202357513 116.24567 39.85914
1202357813 116.24567 39.85914
1202358113 116.24567 39.85914
1202358413 116.24567 39.85914
1202358713 116.24567 39.85914
1202359013 116.24567 39.85914
1202359313 116.24567 39.85914
1202359613 116.24567 39.85914
1202359913 116.24567 39.85914
1202360213 116.24567 39.85914
1202360513 116.24567 39.85914
1202360813 116.24566 39.85914
1202361113 116.24567 39.85914
1202361413 116.24567 39.85914
1202361713 116.24567 39.85914
1202362013 116.24567 39.85914
1202362313 116.24567 39.85914
1202362613 116.24566 39.85914
1202362913 116.24566 39.85915
1202363213 116.24566 39.85915
1202363513 116.24566 39.85915
1202363813 116.24566 39.85915
1202364113 116.24566 39.85914
1202364413 116.24566 39.85914
1202364713 116.24566 39.85915
1202365013 116.24566 39.85915
1202365313 116.24565 39.85915
1202365613 116.24565 39.85915
1202365913 116.24565 39.85915
1202366213 116.24565 39.85915
1202366213 116.24565 39.85915
1202366513 116.24565 39.85915
1202366813 116.24565 39.85915
1202367113 116.24567 39.85929
1202367413 116.24596 39.85868
1202367713 116.24572 39.85923
1202368013 116.24572 39.85923
1202368313 116.24572 39.85923
1202368613 116.24572 39.85922
1202368913 116.24572 39.85922
1202369213 116.24571 39.85922
1202369513 116.24561 39.85891
1202369813 116.24562 39.85904
1202370113 116.24562 39.85908
1202370413 116.24564 39.85911
1202370713 116.24566 39.85911
1202371013 116.24568 39.85909
1202371913 116.24571 39.85911
1202372213 116.24571 39.85912
1202372513 116.24539 39.85924
1202372813 116.24552 39.85921
1202373113 116.24576 39.8589
1202373413 116.24588 39.85918
1202373713 116.24574 39.8592
1202374012 116.24573 39.85916
1202374312 116.24571 39.85915
1202374612 116.2457 39.85915
1202374912 116.24565 39.85927
1202374912 116.24565 39.85927
1202375212 116.24564 39.85926
1202375512 116.24564 39.85925
1202375812 116.24564 39.85924
1202376112 116.24576 39.85938
1202376412 116.24574 39.85931
1202376712 116.24574 39.85928
1202377012 116.24574 39.85924
1202377312 116.24572 39.85922
1202377612 116.24571 39.85921
1202377912 116.24571 39.8592
1202378212 116.2457 39.85919
1202378512 116.2457 39.85919
1202378812 116.2457 39.85919
1202379112 116.24569 39.8592
1202379412 116.24568 39.8592
1202379712 116.24568 39.8592
1202380012 116.24568 39.8592
1202380312 116.24547 39.8593
1202380612 116.24547 39.8593
1202380912 116.24548 39.8593
1202381212 116.24553 39.85927
1202381512 116.24557 39.85927
1202381812 116.24557 39.85927
1202382112 116.24576 39.85935
1202382412 116.24568 39.85925
1202382712 116.24564 39.85917
1202383012 116.24564 39.8591
1202383312 116.24566 39.85911
1202383612 116.24569 39.85913
1202383612 116.24569 39.85913
1202383912 116.24572 39.85936
1202384212 116.24568 39.85925
1202384512 116.24551 39.85904
1202384812 116.24562 39.85911
1202385112 116.24564 39.85913
1202385412 116.24564 39.85914
1202385712 116.24566 39.85914
1202386012 116.24566 39.85914
1202386312 116.24567 39.85915
1202386352 116.33042 39.87773
1202386612 116.24567 39.85917
1202386912 116.24567 39.85917
1202387212 116.24567 39.85917
1202387512 116.24567 39.85917
1202387812 116.24567 39.85916
1202388112 116.24567 39.85914
1202388412 116.2457 39.85913
1202389012 116.2457 39.8591
1202389312 116.24574 39.85907
1202389612 116.24569 39.85922
1202389912 116.2457 39.85913
1202390211 116.2457 39.85915
1202390811 116.27004 39.86389
1202391111 116.31264 39.86636
1202391411 116.34257 39.86647
1202391711 116.3477 39.88018
1202392011 116.34737 39.88001
1202392311 116.34731 39.88006
1202392611 116.34692 39.87961
1202392911 116.34692 39.87961
1202393211 116.34692 39.87961
1202393511 116.34692 39.87961
1202393811 116.34709 39.8809
1202394111 116.35727 39.88779
1202394411 116.37438 39.89703
1202394711 116.3731 39.89595
1202395011 116.37303 39.89612
1202395311 116.37309 39.89612
1202395611 116.37311 39.89611
1202395911 116.37325 39.89615
1202396211 116.37308 39.89609
1202396511 116.3731 39.89614
1202396811 116.37309 39.89612
1202397111 116.37312 39.8961
1202397411 116.3731 39.89609
1202397711 116.37311 39.89608
1202398011 116.37311 39.89608
1202398311 116.37301 39.89591
1202398611 116.37319 39.89608
1202398911 116.37313 39.89609
1202399211 116.37313 39.89604
1202399511 116.37313 39.89604
1202399811 116.37357 39.89475
1202400111 116.36722 39.8881
1202400411 116.34719 39.88847
1202400711 116.34479 39.88849
1202401011 116.3099 39.88607
1202401011 116.3099 39.88607
1202401311 116.29322 39.88259
1202401611 116.29042 39.88383
1202401911 116.2898 39.88548
1202402211 116.28984 39.88535
1202402511 116.29033 39.88411
1202402811 116.29006 39.88396
1202403111 116.29198 39.88511
1202403411 116.29196 39.88535
1202403711 116.29196 39.88519
1202404011 116.2906 39.88487
1202404311 116.29074 39.88483
1202404611 116.29077 39.88485
1202404911 116.29079 39.88444
1202405211 116.29048 39.88419
1202405511 116.29067 39.88469
1202405810 116.29035 39.88407
1202406110 116.29047 39.88395
1202406410 116.2905 39.88414
1202406710 116.29047 39.88411
1202407010 116.29046 39.8841
1202407310 116.29044 39.88411
1202407610 116.2905 39.88402
1202407910 116.29044 39.8841
1202408210 116.29022 39.88436
1202408510 116.29036 39.88392
1202408810 116.29027 39.8842
1202409110 116.29211 39.88417
1202420282 116.24573 39.85916
1202420581 116.24571 39.85917
1202420881 116.24571 39.85914
1202421181 116.2457 39.85913
1202421481 116.24568 39.85914
1202421781 116.24568 39.85914
1202422081 116.24569 39.85915
1202422381 116.2457 39.85915
1202422681 116.2457 39.85915
1202422981 116.2457 39.85914
1202423281 116.24569 39.85913
1202423581 116.24569 39.85914
1202423881 116.24568 39.85914
1202424181 116.24568 39.85914
1202424481 116.24568 39.85913
1202424781 116.24568 39.85914
1202424781 116.24568 39.85914
1202425081 116.24568 39.85913
1202425081 116.24568 39.85913
1202425381 116.24568 39.85913
1202425681 116.24568 39.85914
1202425981 116.24567 39.85914
1202426281 116.24567 39.85914
1202426581 116.24566 39.85914
1202426881 116.24566 39.85914
1202427181 116.24577 39.85929
1202427481 116.24573 39.85928
1202427781 116.24572 39.85925
1202428081 116.24572 39.85924
1202428381 116.24572 39.85923
1202428681 116.24572 39.85922
1202428981 116.24571 39.85922
1202429281 116.24571 39.85921
1202429581 116.2457 39.8592
1202429881 116.2457 39.85919
1202430181 116.24569 39.85919
1202430481 116.24569 39.85917
1202430781 116.24569 39.85917
1202431081 116.24569 39.85916
1202431381 116.24569 39.85916
1202431681 116.24569 39.85916
1202431981 116.24569 39.85916
1202432281 116.2457 39.85915
1202432581 116.2457 39.85915
1202432881 116.2457 39.85915
1202433181 116.2457 39.85915
1202433481 116.2457 39.85914
1202433481 116.2457 39.85914
1202433781 116.2457 39.85914
1202433781 116.2457 39.85914
1202434080 116.2457 39.85914
1202434380 116.2457 39.85914
1202434680 116.2457 39.85914
1202434980 116.24567 39.85914
1202435280 116.24569 39.85915
1202435580 116.24591 39.85942
1202435880 116.24588 39.85937
1202437380 116.24561 39.85916
1202438880 116.24569 39.85923
1202439180 116.2457 39.85924
1202439480 116.24569 39.85924
1202439780 116.24568 39.85924
1202440080 116.24568 39.85924
1202440380 116.24569 39.85938
1202440680 116.24569 39.85936
1202440980 116.24575 39.85912
1202441280 116.24571 39.85913
1202441580 116.24571 39.85914
1202441880 116.24572 39.85915
1202442180 116.24571 39.85914
1202442480 116.24571 39.85914
1202442480 116.24571 39.85914
1202442780 116.2457 39.85914
1202443080 116.2457 39.85913
1202443380 116.2457 39.85913
1202443680 116.2457 39.85913
1202443980 116.2457 39.85912
1202444280 116.24571 39.85912
1202444580 116.2457 39.85912
1202444880 116.2457 39.85912
1202445180 116.2457 39.85912
1202445480 116.2457 39.85912
1202445780 116.24569 39.85912
1202446080 116.24569 39.85913
1202446380 116.24568 39.85913
1202446680 116.24568 39.85913
1202446980 116.24568 39.85913
1202447280 116.24568 39.85913
1202447580 116.24568 39.85912
1202447880 116.24568 39.85913
1202448180 116.24568 39.85913
1202448480 116.24567 39.85913
1202448780 116.24567 39.85913
1202449080 116.24567 39.85913
1202449380 116.24567 39.85913
1202449680 116.24567 39.85913
1202449980 116.24566 39.85914
1202450280 116.24566 39.85914
1202450579 116.24566 39.85914
1202450879 116.24566 39.85914
1202451179 116.24566 39.85914
1202451179 116.24566 39.85914
1202451479 116.24566 39.85914
1202451779 116.24566 39.85914
1202452079 116.24566 39.85914
1202452379 116.24566 39.85915
1202452679 116.24566 39.85915
1202452979 116.24567 39.85915
1202453279 116.24567 39.85915
1202453579 116.24567 39.85915
1202453879 116.24567 39.85915
1202454179 116.24567 39.85915
1202454479 116.24568 39.85916
1202454779 116.24568 39.85916
1202455079 116.24568 39.85916
1202455379 116.24568 39.85916
1202455679 116.24568 39.85916
1202455979 116.24568 39.85916
1202456279 116.24568 39.85916
1202456579 116.24568 39.85916
1202456879 116.24568 39.85916
1202457179 116.24568 39.85915
1202457479 116.24568 39.85915
1202457779 116.24568 39.85915
1202458079 116.24568 39.85915
1202458379 116.24568 39.85915
1202458679 116.24568 39.85915
1202458979 116.24568 39.85915
1202459279 116.24571 39.85923
1202459579 116.24599 39.85926
1202459879 116.24564 39.85903
1202459879 116.24564 39.85903
1202460179 116.24564 39.85905
1202460479 116.24563 39.85906
1202460779 116.24563 39.85906
1202461079 116.24562 39.85907
1202461379 116.24561 39.85908
1202461679 116.2457 39.85931
1202461979 116.24562 39.85906
1202462279 116.24565 39.8591
1202462579 116.24567 39.85914
1202462879 116.24569 39.85914
1202463179 116.24567 39.85916
1202463479 116.24565 39.85919
1202463779 116.24563 39.85921
1202464079 116.24552 39.85935
1202464379 116.24556 39.85925
1202464679 116.2456 39.85923
1202464979 116.24562 39.85922
1202465279 116.24562 39.85921
1202465579 116.24562 39.8592
1202465879 116.24562 39.85919
1202466179 116.24562 39.85918
1202466479 116.24563 39.85918
1202466778 116.24563 39.85918
1202467078 116.24563 39.85918
1202467378 116.24574 39.85899
1202467678 116.24572 39.85901
1202467978 116.24572 39.85902
1202468278 116.24575 39.85935
1202468578 116.24572 39.85935
1202468578 116.24572 39.85935
1202468878 116.24572 39.85933
1202469178 116.24572 39.8593
1202469478 116.24572 39.85929
1202469778 116.24573 39.85928
1202470078 116.24628 39.85887
1202470378 116.25734 39.86661
1202482146 116.30696 39.90684
1202482446 116.3034 39.90474
1202482746 116.31078 39.9005
1202483046 116.32755 39.89572
1202483346 116.34244 39.89693
1202483646 116.35044 39.88867
1202483946 116.3416 39.88858
1202483946 116.3416 39.88858
1202484640 116.34024 39.84909
1202484846 116.35475 39.82969
1202485146 116.42839 39.83083
1202485446 116.46487 39.80886
1202485746 116.4802 39.81041
1202486046 116.45557 39.81722
1202486346 116.44085 39.84338
1202486646 116.45519 39.87221
1202486946 116.45561 39.8747
1202487246 116.43892 39.88629
1202487546 116.42913 39.90756
1202487846 116.42896 39.89981
1202488146 116.42124 39.89632
1202488446 116.4137 39.88483
1202488746 116.40273 39.87068
1202489346 116.34755 39.87882
1202489646 116.3439 39.88829
1202489946 116.32852 39.88349
1202490246 116.31655 39.88347
1202490546 116.31672 39.88376
1202490846 116.31676 39.88345
1202491146 116.31495 39.88646
1202491446 116.27748 39.87633
1202491746 116.30865 39.86621
1202492046 116.3558 39.86747
1202492346 116.36513 39.85329
