UTS Latitude Longitude
1201959166 116.30378 40.03632
1201959220 116.30143 40.03437
1201959390 116.27955 40.03278
1201959557 116.26515 40.03083
1201959687 116.26515 40.02368
1201959935 116.26972 40.02722
1201960048 116.27502 40.02142
1201960117 116.27605 40.02018
1201960418 116.28948 39.99283
1201960622 116.3099 39.9839
1201960671 116.3105 39.9816
1201960741 116.31037 39.98012
1201960797 116.31045 39.9771
1201961049 116.31068 39.97587
1201961171 116.30872 39.97477
1201961209 116.30602 39.97467
1201961241 116.30363 39.97433
1201961288 116.30077 39.97463
1201961396 116.30085 39.97
1201961661 116.30145 39.9615
1201961661 116.30145 39.9615
1201961670 116.30158 39.96128
1201961807 116.31272 39.96467
1201961866 116.31392 39.96507
1201962066 116.31453 39.96525
1201963339 116.3947 39.9871
1201963629 116.3633 39.98308
1201963655 116.36352 39.9808
1201963788 116.36365 39.97562
1201963893 116.36113 39.97532
1201964055 116.3496 39.9752
1201964224 116.34718 39.98595
1201964431 116.33425 39.99137
1201964460 116.33427 39.99173
1201964559 116.33353 39.99805
1201964559 116.33353 39.99805
1201964633 116.33425 39.99795
1201964753 116.34615 39.99953
1201964765 116.34635 39.99953
1201964809 116.34647 39.99657
1201964830 116.34648 39.99642
1201964887 116.34677 39.9924
1201964981 116.34675 39.98572
1201965426 116.37303 39.9509
1201965426 116.37303 39.9509
1201965436 116.37305 39.9507
1201965835 116.41977 39.94815
1201966035 116.42818 39.92473
1201966103 116.42838 39.9208
1201966239 116.42618 39.91422
1201966285 116.42147 39.91432
1201966415 116.42053 39.90472
1201966462 116.4205 39.90455
1201967255 116.42057 39.90378
1201967281 116.41865 39.90357
1201967332 116.41838 39.90412
1201967356 116.41848 39.90435
1201967360 116.41848 39.90427
1201967367 116.41845 39.90448
1201967383 116.4186 39.90535
1201967397 116.41853 39.9062
1201967421 116.41977 39.90685
1201967721 116.45345 39.90282
1201967833 116.45508 39.89605
1201967839 116.45503 39.89608
1201968140 116.44222 39.85785
1201968512 116.39747 39.8558
1201968544 116.39708 39.85577
1201968577 116.39652 39.8558
1201968695 116.39298 39.85648
1201968755 116.39347 39.85603
1201968813 116.39378 39.85423
1201968827 116.39382 39.85373
1201969220 116.3943 39.85297
1201969308 116.39372 39.86303
1201969311 116.39373 39.86302
1201969463 116.39408 39.87513
1201969563 116.39282 39.87933
1201969728 116.39248 39.88458
1201969826 116.39965 39.88728
1201969876 116.4008 39.88928
1201970061 116.41135 39.89155
1201970218 116.41998 39.89175
1201970355 116.43245 39.89215
1201970355 116.43245 39.89215
1201970516 116.44942 39.89173
1201970567 116.44978 39.89268
1201970690 116.45027 39.8928
1201970923 116.43033 39.89952
1201971188 116.42842 39.92043
1201971230 116.42835 39.92095
1201971230 116.42835 39.92095
1201971338 116.42812 39.92647
1201971418 116.42802 39.92895
1201971718 116.41918 39.94823
1201972138 116.37835 39.9476
1201972438 116.37503 39.97172
1201972455 116.3751 39.97215
1201972466 116.37522 39.9725
1201972480 116.37535 39.97283
1201972600 116.37543 39.97395
1201972603 116.37543 39.97402
1201972608 116.37545 39.97413
1201972608 116.37545 39.97413
1201973208 116.35023 40.01863
1201973233 116.35028 40.02083
1201973386 116.34278 40.02963
1201973422 116.34198 40.03008
1201973489 116.34125 40.031
1201973507 116.34097 40.0313
1201973562 116.34017 40.03188
1201973637 116.33853 40.03405
1201974058 116.32542 40.05097
1201974380 116.30167 40.08192
1201974668 116.26422 40.1207
1201974777 116.26283 40.12753
1201975378 116.29593 40.15318
1201975679 116.32083 40.16038
1201976459 116.32158 40.16123
1201976515 116.32145 40.16193
1201976585 116.32265 40.164
1201976885 116.30892 40.16845
1201976961 116.29605 40.16818
1201977596 116.2621 40.12938
1201977662 116.26238 40.1237
1201977726 116.26393 40.12067
1201977786 116.26693 40.1171
1201978087 116.27643 40.08925
1201978283 116.264 40.07353
1201978967 116.26403 40.07352
1201978971 116.26408 40.07342
1201979671 116.26412 40.07317
1201979971 116.29498 40.0584
1201980149 116.30178 40.04508
1201980335 116.3036 40.03655
1201980520 116.3064 40.02967
1201980542 116.30687 40.0282
1201980823 116.312 40.0118
1201980911 116.30907 40.0039
1201980991 116.30895 39.99893
1201981094 116.30898 39.9966
1201981175 116.30963 39.9913
1201981256 116.30978 39.98907
1201981374 116.31018 39.98467
1201981374 116.31018 39.98467
1201981813 116.3378 39.98493
1201981853 116.34185 39.9851
1201981877 116.34292 39.9852
1201981877 116.34292 39.9852
1201981898 116.3436 39.98522
1201981963 116.34668 39.98525
1201981963 116.34668 39.98525
1201981963 116.34668 39.98525
1201982467 116.33497 39.96655
1201982575 116.33192 39.96652
1201982632 116.33085 39.96645
1201982666 116.32983 39.96647
1201982744 116.32865 39.96638
1201982759 116.32797 39.96638
1201982883 116.32415 39.96622
1201982927 116.32205 39.9662
1201982949 116.32152 39.96608
1201983023 116.31722 39.96585
1201983031 116.31693 39.9658
1201983050 116.3164 39.96575
1201983122 116.31255 39.96492
1201983122 116.31255 39.96492
1201983147 116.31192 39.9647
1201983155 116.31163 39.96462
1201983202 116.31057 39.96417
1201983219 116.31017 39.96407
1201983262 116.30953 39.9638
1201983282 116.30905 39.96362
1201983282 116.30905 39.96362
1201983404 116.3063 39.96263
1201983404 116.3063 39.96263
1201983440 116.30535 39.96227
1201983484 116.30417 39.96188
1201983697 116.30218 39.95953
1201983697 116.30218 39.95953
1201983724 116.30222 39.95928
1201983863 116.30283 39.9564
1201983873 116.3029 39.95618
1201983888 116.3029 39.956
1201983964 116.30308 39.95448
1201984033 116.30325 39.95243
1201984074 116.30335 39.95165
1201984083 116.30335 39.95143
1201984122 116.30345 39.95028
1201984195 116.30353 39.94942
1201984230 116.30365 39.94815
1201984485 116.30395 39.94237
1201984654 116.30397 39.94035
1201984713 116.30397 39.9398
1201984785 116.30388 39.93815
1201984836 116.304 39.9365
1201984912 116.30402 39.9347
1201985009 116.3038 39.9331
1201985074 116.3039 39.931
1201985163 116.304 39.92798
1201985342 116.30405 39.92383
1201985367 116.30405 39.92335
1201985415 116.30408 39.92168
1201985454 116.3041 39.9208
1201985551 116.30393 39.91535
1201985565 116.30395 39.91497
1201985611 116.30395 39.91388
1201985628 116.30395 39.91343
1201985637 116.30395 39.91323
1201985683 116.30395 39.91185
1201985732 116.304 39.91017
1201985732 116.304 39.91017
1201985776 116.30405 39.90918
1201986047 116.30357 39.90468
1201986189 116.3011 39.90585
1201986242 116.30292 39.9048
1201986394 116.30575 39.90693
1201986808 116.3064 39.93103
1201986879 116.31352 39.93103
1201986956 116.3183 39.93105
1201987006 116.31932 39.93097
1201987092 116.31925 39.93113
1201987171 116.32 39.93203
1201987177 116.32005 39.93207
1201987177 116.32005 39.93207
1201987553 116.31478 39.9666
1201987697 116.31188 39.97398
1201987871 116.31708 39.97968
1201988110 116.31612 39.9715
1201988385 116.30322 39.96173
1201988491 116.29873 39.9596
1201988575 116.29662 39.96215
1201988812 116.29525 39.97293
1201989045 116.28918 39.99523
1201989107 116.28613 39.99538
1201989283 116.28822 39.99552
1201989283 116.28822 39.99552
1201989283 116.28822 39.99552
1201989565 116.27688 40.00055
1201989750 116.26357 40.0075
1201989998 116.25155 40.00473
1201990073 116.24848 40.00452
1201990073 116.24848 40.00452
1201990304 116.23148 40.00095
1201990483 116.23238 39.9985
1201990613 116.24757 40.00422
1201990671 116.2504 40.00463
1201990735 116.25617 40.00478
1201990928 116.27265 40.00117
1201990994 116.27965 40.00042
1201991294 116.29395 39.98293
1201991348 116.29947 39.98263
1201991417 116.30008 39.97867
1201991468 116.3015 39.97595
1201991557 116.30497 39.97445
1201991753 116.31487 39.9659
1201991935 116.3172 39.95575
1201992208 116.33378 39.9467
1201992280 116.33553 39.94632
1201992324 116.33932 39.94802
1201992440 116.34367 39.94433
1201992505 116.34378 39.94303
1201992605 116.33588 39.94622
1201992824 116.32027 39.95035
1201992850 116.31958 39.9504
1201992980 116.31788 39.9521
1201992980 116.31788 39.9521
1201993038 116.31737 39.95505
1201993172 116.31547 39.96532
1201993344 116.31338 39.97048
1201993431 116.31193 39.9744
1201993639 116.31857 39.9749
1201993745 116.32573 39.97512
1201993745 116.32573 39.97512
1201993862 116.32687 39.97543
1201994100 116.34648 39.97518
1201994174 116.349 39.9752
1201994290 116.36292 39.9753
1201994348 116.36527 39.97538
1201994586 116.35942 39.97682
1201994644 116.35943 39.97952
1201994947 116.37173 39.98837
1201995169 116.35575 40.01153
1201995470 116.33 40.04537
1201995707 116.32195 40.0504
1201995919 116.31812 40.05013
1201995963 116.31935 40.0483
1201996006 116.31958 40.04812
1201996099 116.32417 40.0429
1201996262 116.31712 40.03918
1201996475 116.30192 40.03928
1201996907 116.30202 40.03923
1201997030 116.30678 40.02848
1201997046 116.30688 40.02827
1201997347 116.32485 40.02695
1201997419 116.33072 40.0266
1201997490 116.33097 40.0294
1201997490 116.33097 40.0294
1201997501 116.33102 40.02953
1201997801 116.30957 40.0363
1201997848 116.30558 40.03535
1201998000 116.3035 40.04035
1201998349 116.3053 40.0327
1201998437 116.3073 40.02508
1201998440 116.30728 40.02507
1201998626 116.28022 40.02138
1201998839 116.26325 40.0213
1201998937 116.26207 40.02153
1201998955 116.26305 40.02175
1201998966 116.26305 40.02215
1201999182 116.27578 40.01998
1201999294 116.27993 40.02115
1201999356 116.28697 40.0226
1201999356 116.28697 40.0226
1201999361 116.28695 40.0226
1201999361 116.28695 40.0226
1201999402 116.2907 40.02312
1201999450 116.2934 40.02353
1201999524 116.29468 40.02367
1202002494 116.30267 40.03965
1202002696 116.2986 40.05185
1202002696 116.2986 40.05185
1202003255 116.28115 40.10727
1202003467 116.26428 40.12082
1202003554 116.26265 40.12745
1202003960 116.26282 40.12738
1202003967 116.2624 40.12738
1202004055 116.2626 40.13085
1202005884 116.26262 40.131
1202008806 116.26255 40.13098
1202009106 116.27672 40.15685
1202026792 116.29605 40.16768
1202027994 116.31878 40.05838
1202028090 116.31863 40.05052
1202028201 116.32315 40.0441
1202028285 116.32435 40.04272
1202028564 116.30883 40.03598
1202028665 116.30842 40.02805
1202028734 116.30707 40.0269
1202028801 116.30735 40.02533
1202029094 116.30893 39.99928
1202029132 116.30883 39.99725
1202029390 116.32642 39.99137
1202029461 116.33012 39.99152
1202029674 116.34217 39.99943
1202029795 116.34677 39.99242
1202030039 116.33777 39.98483
1202030125 116.34217 39.98515
1202030292 116.34733 39.9754
1202030409 116.35268 39.97517
1202030453 116.35455 39.97518
1202030677 116.36383 39.96733
1202030677 116.36383 39.96733
1202030876 116.36497 39.95477
1202030936 116.3654 39.95005
1202031020 116.37043 39.94965
1202031094 116.37245 39.9495
1202031196 116.367 39.94755
1202031247 116.36605 39.94745
1202031349 116.37253 39.94998
1202032011 116.35028 40.02093
1202032565 116.33452 40.03897
1202032728 116.3232 40.05343
1202032800 116.3228 40.05353
1202032824 116.32123 40.05257
1202033018 116.3095 40.05247
1202033078 116.306 40.0516
1202033144 116.3011 40.04968
1202033230 116.29353 40.0476
1202033409 116.30342 40.04045
1202033487 116.30377 40.03623
1202033883 116.30913 40.03525
1202033912 116.30865 40.03602
1202033951 116.30563 40.03537
1202034169 116.29612 40.04335
1202034354 116.2863 40.0409
1202034430 116.28513 40.04003
1202034619 116.28563 40.03757
1202034877 116.26738 40.03142
1202035110 116.26808 40.01962
1202035147 116.26535 40.01955
1202035602 116.30707 40.0248
1202035731 116.30505 40.03358
1202035877 116.31685 40.0347
1202035983 116.32978 40.03525
1202036088 116.33505 40.037
1202036157 116.33848 40.03273
1202036314 116.35307 40.0214
1202036615 116.41788 40.0207
1202037974 116.58128 40.07653
1202038023 116.58072 40.07652
1202038166 116.58082 40.07287
1202038228 116.58135 40.06975
1202038346 116.58225 40.0641
1202038647 116.55785 40.0619
1202038664 116.55593 40.0624
1202038669 116.55597 40.06238
1202038727 116.54983 40.06413
1202038735 116.54982 40.06412
1202038735 116.54982 40.06412
1202038938 116.53587 40.05442
1202039142 116.52823 40.0421
1202039325 116.51688 40.02382
1202039488 116.50605 40.02275
1202039788 116.47327 40.02038
1202039852 116.4687 40.02348
1202039883 116.46792 40.02338
1202039924 116.4658 40.02285
1202039989 116.46465 40.02205
1202040011 116.46465 40.02175
1202040180 116.46265 40.01462
1202040213 116.46138 40.01457
1202040302 116.46087 40.01322
1202040349 116.4612 40.01072
1202040583 116.45777 39.99612
1202040879 116.449 39.98002
1202041094 116.41835 39.98777
1202041442 116.41848 39.9717
1202041535 116.41525 39.968
1202041591 116.41858 39.9673
1202041730 116.41823 39.97365
1202041779 116.41828 39.97565
1202041899 116.41827 39.97443
1202041933 116.41642 39.97417
1202042170 116.41775 39.98665
1202042170 116.41775 39.98665
1202043711 116.31315 40.07373
1202044118 116.31072 40.06625
1202044182 116.31243 40.06665
1202044306 116.31952 40.05717
1202044306 116.31952 40.05717
1202044399 116.31957 40.0573
1202044540 116.3221 40.0543
1202044764 116.32633 40.04783
1202044900 116.3307 40.04185
1202045071 116.33138 40.0415
1202045196 116.33447 40.03745
1202045247 116.33217 40.03655
1202045493 116.32458 40.04265
1202045608 116.32005 40.0478
1202046040 116.3123 40.07007
1202046129 116.319 40.0715
1202046149 116.31903 40.07112
1202046188 116.31735 40.07033
1202046205 116.31735 40.07093
1202046399 116.31487 40.07025
1202046528 116.31348 40.07378
1202046828 116.31847 40.05867
1202046877 116.32147 40.055
1202046982 116.3186 40.05062
1202047017 116.31803 40.05008
1202047017 116.31803 40.05008
1202047121 116.3241 40.04297
1202047328 116.3224 40.03438
1202047374 116.31828 40.03435
1202047548 116.30555 40.03532
1202047548 116.30555 40.03532
1202047671 116.30413 40.03487
1202047722 116.30565 40.03257
1202047825 116.30525 40.03375
1202048264 116.30333 40.04072
1202048347 116.30215 40.03945
1202048507 116.2939 40.05158
1202048515 116.2941 40.05185
1202048689 116.29303 40.04773
1202048796 116.29933 40.04388
1202048928 116.30375 40.03598
1202048980 116.30413 40.03527
1202049087 116.30675 40.02858
1202049109 116.30693 40.02807
1202049280 116.31352 40.03153
1202049372 116.30898 40.03585
1202049475 116.30657 40.03562
1202049610 116.30682 40.02808
1202049842 116.312 40.01187
1202050003 116.30895 39.99918
1202050114 116.30965 39.99128
1202050318 116.3104 39.98175
1202050419 116.31077 39.97607
1202050652 116.31597 39.96422
1202050808 116.31837 39.9656
1202050902 116.32577 39.9659
1202051055 116.32758 39.97437
1202051205 116.32645 39.97523
1202051224 116.32582 39.97525
1202051291 116.31948 39.97485
1202051463 116.31083 39.97917
1202051541 116.31065 39.98103
1202051636 116.31072 39.98128
1202051682 116.31048 39.98357
1202051788 116.32075 39.98427
1202051894 116.3271 39.98605
1202051976 116.327 39.99128
1202052115 116.33315 39.9916
1202052323 116.3462 39.99952
1202052623 116.35282 39.99222
1202052677 116.36007 39.99228
1202052937 116.36313 39.9865
1202053061 116.36343 39.98103
1202053123 116.36358 39.97757
1202053256 116.36365 39.96745
1202053517 116.34468 39.96637
1202053587 116.34077 39.96633
1202053587 116.34077 39.96633
1202053603 116.34037 39.96632
1202053622 116.33937 39.9663
1202053665 116.338 39.9663
1202053724 116.33483 39.96633
1202053830 116.32927 39.96632
1202053954 116.32365 39.96603
1202053988 116.32177 39.96603
1202054247 116.31943 39.96607
1202054348 116.31777 39.96598
1202054418 116.31527 39.96583
1202054521 116.31793 39.96322
1202054595 116.31757 39.96283
1202054599 116.31752 39.96262
1202054628 116.31663 39.96273
1202054702 116.31715 39.95592
1202054784 116.31763 39.95195
1202054792 116.31765 39.95172
1202054823 116.31777 39.9512
1202055139 116.318 39.95042
1202055171 116.32057 39.9504
1202055605 116.33287 39.96077
1202055686 116.32908 39.96055
1202055943 116.31718 39.95423
1202055990 116.31772 39.95135
1202056016 116.31775 39.95087
1202056233 116.31803 39.95055
1202056535 116.32807 39.95602
1202056603 116.33623 39.9565
1202056671 116.33972 39.95692
1202056956 116.36433 39.95657
1202057362 116.36943 39.9597
1202057362 116.36943 39.9597
1202057379 116.3692 39.95982
1202057408 116.37068 39.9601
1202057408 116.37068 39.9601
1202057702 116.37523 39.97342
1202057820 116.3759 39.97552
1202057959 116.37525 39.97645
1202057981 116.37497 39.97803
1202058015 116.37465 39.97872
1202058085 116.37317 39.9838
1202058239 116.36468 39.99958
1202058436 116.36003 40.00608
1202058544 116.35447 40.01323
1202058711 116.35038 40.021
1202058888 116.34325 40.02772
1202058963 116.34023 40.03333
1202059004 116.33917 40.03333
1202059074 116.33823 40.03447
1202059310 116.33582 40.03732
1202059611 116.32358 40.05338
1202059615 116.32352 40.05348
1202059919 116.32588 40.07
1202060220 116.3517 40.08247
1202060293 116.35135 40.08547
1202060330 116.351 40.08727
1202060368 116.34927 40.08792
1202060553 116.35092 40.0872
1202060553 116.35092 40.0872
1202060697 116.33813 40.08223
1202060822 116.32148 40.08035
1202060906 116.31563 40.07907
1202061150 116.29285 40.09353
1202061396 116.26308 40.1226
1202061396 116.26308 40.1226
1202061797 116.25665 40.14025
1202062098 116.30697 40.1623
1202062333 116.32103 40.1598
1202062527 116.32173 40.1627
1202062568 116.32267 40.16407
1202062870 116.2964 40.16818
1202062870 116.2964 40.16818
1202062875 116.29612 40.16818
1202063027 116.2725 40.1676
1202063315 116.2553 40.14065
1202063482 116.2624 40.12317
1202063539 116.26363 40.12097
1202063553 116.26392 40.12067
1202063853 116.27953 40.09025
1202063881 116.27485 40.08875
1202063994 116.26002 40.08097
1202064033 116.2603 40.0809
1202064033 116.2603 40.0809
1202064143 116.27437 40.08837
1202064209 116.283 40.09122
1202064209 116.283 40.09122
1202064392 116.29538 40.07922
1202064458 116.29758 40.08017
1202064758 116.31855 40.07287
1202064758 116.31855 40.07287
1202064832 116.31423 40.07015
1202065001 116.31327 40.07373
1202065178 116.31073 40.06857
1202065376 116.3069 40.05703
1202065623 116.32235 40.05393
1202065871 116.33033 40.04353
1202065874 116.33035 40.04352
1202066116 116.35517 40.01147
1202066416 116.37497 39.97313
1202066549 116.37307 39.95715
1202066630 116.37303 39.95613
1202066709 116.37302 39.95532
1202066810 116.37303 39.95392
1202066890 116.37372 39.95225
1202067169 116.37303 39.95057
1202067282 116.37253 39.94942
1202067522 116.40205 39.9477
1202067822 116.42765 39.93728
1202067875 116.42803 39.93102
1202067909 116.42803 39.9301
1202067937 116.4281 39.92965
1202067967 116.42807 39.92848
1202068061 116.42813 39.92618
1202068088 116.42828 39.9262
1202068088 116.42828 39.9262
1202068129 116.42862 39.92512
1202068210 116.42832 39.92203
1202068248 116.42838 39.92085
1202068292 116.42843 39.91995
1202068357 116.42857 39.91668
1202068410 116.42865 39.91385
1202068469 116.42892 39.91173
1202068518 116.42942 39.90967
1202068617 116.42632 39.90378
1202068688 116.42092 39.90508
1202068708 116.42062 39.9043
1202068865 116.41508 39.90172
1202068877 116.4146 39.90198
1202068892 116.41415 39.90213
1202068925 116.41262 39.9027
1202068985 116.41213 39.90482
1202068990 116.41213 39.90492
1202069217 116.4118 39.90872
1202069217 116.4118 39.90872
1202069231 116.4117 39.9092
1202069244 116.41178 39.90955
1202069244 116.41178 39.90955
1202069315 116.41167 39.91287
1202069544 116.41123 39.92363
1202069648 116.41102 39.92852
1202069763 116.41093 39.93143
1202069895 116.41085 39.93197
1202069957 116.40633 39.93205
1202070093 116.40233 39.93835
1202070123 116.40267 39.9393
1202070123 116.40267 39.9393
1202070176 116.40502 39.93935
1202070207 116.40267 39.93942
1202070298 116.40103 39.93947
1202070315 116.40077 39.93942
1202070552 116.39145 39.93935
1202070634 116.38903 39.93925
1202070682 116.38593 39.9399
1202070870 116.37405 39.94665
1202070878 116.37387 39.94678
1202070945 116.37377 39.94978
1202071115 116.3726 39.94953
1202071122 116.37255 39.94937
1202071151 116.37257 39.94857
1202071184 116.3724 39.94813
1202071286 116.37102 39.94772
1202071321 116.36983 39.9476
1202071623 116.36595 39.94738
1202071702 116.35925 39.94527
1202071830 116.35672 39.94453
1202071892 116.35497 39.94565
1202072002 116.34952 39.95043
1202072006 116.34938 39.95048
1202072009 116.34935 39.95048
1202072176 116.34877 39.95658
1202072297 116.34125 39.9569
1202072302 116.3411 39.95687
1202072434 116.32862 39.9563
1202072434 116.32862 39.9563
1202072735 116.31223 39.97318
1202072780 116.3111 39.97615
1202072816 116.31095 39.97753
1202072844 116.31085 39.97947
1202072972 116.3185 39.97988
1202072997 116.31883 39.97978
1202073836 116.32115 39.97975
1202074508 116.3217 39.97962
1202074540 116.31953 39.9797
1202074699 116.31915 39.97187
1202074778 116.31928 39.9694
1202074824 116.31935 39.96745
1202074892 116.31947 39.96662
1202074940 116.3168 39.96598
1202074948 116.31652 39.96595
1202075022 116.31777 39.96557
1202075080 116.31998 39.96573
1202075091 116.32035 39.96575
1202075102 116.32078 39.96578
1202075271 116.32847 39.96088
1202075315 116.32853 39.96267
1202075379 116.3281 39.96578
1202076396 116.30357 39.96198
1202076480 116.30112 39.96825
1202076562 116.29955 39.96367
1202076693 116.29262 39.96243
1202076757 116.29275 39.96067
1202076912 116.2831 39.95633
1202076943 116.28265 39.95665
1202077060 116.29267 39.95785
1202077243 116.29605 39.96315
1202077264 116.29623 39.96325
1202077313 116.29583 39.9668
1202077790 116.32213 39.98453
1202077990 116.3372 39.98558
1202078103 116.33712 39.98555
1202078148 116.33467 39.98552
1202078431 116.3247 39.98492
1202078551 116.31108 39.9845
1202078650 116.30483 39.9842
1202078950 116.30127 39.96417
1202079252 116.29753 39.93123
1202079338 116.29813 39.9322
1202079422 116.29647 39.93232
1202079476 116.29767 39.935
1202079553 116.29965 39.9399
1202079573 116.2998 39.94007
1202079912 116.28255 39.92628
1202079982 116.28218 39.92335
1202080085 116.27913 39.92305
1202080253 116.26085 39.92323
1202080301 116.26048 39.92323
1202080503 116.2471 39.9247
1202080786 116.22252 39.92375
1202080816 116.22197 39.9235
1202081016 116.20102 39.91555
1202081168 116.1912 39.91707
1202081390 116.19112 39.91632
1202081410 116.1916 39.91607
1202081711 116.21125 39.92337
1202082297 116.27818 39.92293
1202082297 116.27818 39.92293
1202082339 116.28185 39.92283
1202082451 116.2944 39.92258
1202082583 116.3048 39.92277
1202082692 116.30627 39.93095
1202082754 116.31343 39.9309
1202082803 116.31562 39.93088
1202082876 116.3188 39.93105
1202082876 116.3188 39.93105
1202082925 116.31977 39.93325
1202082925 116.31977 39.93325
1202083094 116.31875 39.94493
1202083205 116.3174 39.955
1202083398 116.31313 39.97075
1202084340 116.29968 39.98075
1202084411 116.30018 39.97472
1202084493 116.30272 39.97447
1202084581 116.3111 39.97473
1202084740 116.31077 39.97935
1202084828 116.31032 39.98365
1202085128 116.28995 39.99222
1202085354 116.27665 40.01975
1202085655 116.25307 40.0433
1202085830 116.26058 40.05077
1202086087 116.26368 40.04788
1202086342 116.29568 40.04342
1202086445 116.30368 40.03997
1202086485 116.30298 40.04118
1202087927 116.30348 40.0405
1202087957 116.30225 40.03957
1202088061 116.30862 40.03597
1202088162 116.31712 40.03472
1202088312 116.31447 40.03923
1202088348 116.31445 40.04048
1202088475 116.31255 40.0387
1202088559 116.31692 40.0379
1202088728 116.30553 40.03525
1202088893 116.30347 40.04052
1202089459 116.3022 40.03965
1202089531 116.30477 40.0347
1202089740 116.3171 40.03902
1202089878 116.32277 40.04485
1202090009 116.3201 40.04772
1202090310 116.31072 40.07042
1202090514 116.29275 40.09362
1202091218 116.26263 40.12787
1202091258 116.26257 40.13055
1202093176 116.26252 40.13073
1202093476 116.28538 40.1486
1202093503 116.2882 40.1496
1202093507 116.28823 40.14952
1202108382 116.28813 40.14957
1202108672 116.29613 40.16813
1202108972 116.30723 40.16792
1202109272 116.32198 40.16317
1202109272 116.32198 40.16317
1202109572 116.32242 40.16368
1202109874 116.29625 40.1534
1202110175 116.26222 40.12838
1202110212 116.2621 40.12435
1202110439 116.2913 40.09377
1202110486 116.29167 40.0932
1202110633 116.30043 40.0815
1202110706 116.29343 40.07847
1202111006 116.3082 40.07243
1202111006 116.3082 40.07243
1202111306 116.32163 40.04602
1202111333 116.32427 40.04288
1202111588 116.30903 40.03628
1202111588 116.30903 40.03628
1202111841 116.30213 40.0389
1202111912 116.30227 40.03873
1202111962 116.30385 40.03617
1202112020 116.30483 40.03472
1202112084 116.30845 40.03593
1202112144 116.3135 40.03168
1202112405 116.3048 40.03437
1202112510 116.3037 40.04018
1202112735 116.304 40.03582
1202112735 116.304 40.03582
1202112884 116.29225 40.0329
1202112936 116.293 40.03268
1202113066 116.30037 40.03397
1202113115 116.30378 40.03473
1202113225 116.31345 40.03168
1202113410 116.31925 40.03423
1202113531 116.33098 40.03302
1202113619 116.3307 40.0265
1202113619 116.3307 40.0265
1202113744 116.32412 40.02783
1202113785 116.3236 40.0297
1202113794 116.32325 40.02972
1202113932 116.31357 40.03155
1202113991 116.3137 40.03122
1202114212 116.30482 40.03435
1202114444 116.30338 40.04045
1202114544 116.30412 40.03565
1202114799 116.31352 40.03155
1202114921 116.30575 40.03535
1202115171 116.3037 40.03633
1202115504 116.27493 40.03262
1202115649 116.26668 40.03077
1202115649 116.26668 40.03077
1202115810 116.2759 40.02037
1202116110 116.29145 39.99078
1202117310 116.34853 39.8508
1202117435 116.3738 39.85568
1202117463 116.37443 39.85565
1202117478 116.37483 39.85567
1202117547 116.37827 39.85567
1202117564 116.3789 39.85568
1202118045 116.40645 39.85547
1202118078 116.40715 39.85587
1202118128 116.40262 39.85662
1202118175 116.40092 39.85808
1202118184 116.40053 39.85845
1202118187 116.40052 39.8585
1202118236 116.39902 39.85998
1202118306 116.39488 39.864
1202118586 116.3696 39.86972
1202118886 116.35923 39.87682
1202118909 116.35793 39.87758
1202118937 116.35775 39.87917
1202119131 116.35738 39.88713
1202119131 116.35738 39.88713
1202119212 116.35745 39.8873
1202119247 116.35733 39.89
1202119247 116.35733 39.89
1202119250 116.35735 39.89002
1202119343 116.357 39.89443
1202119480 116.3572 39.89535
1202119519 116.35728 39.89587
1202119822 116.3573 39.89687
1202119827 116.35732 39.89703
1202120014 116.35735 39.89772
1202120227 116.3571 39.90222
1202120291 116.35688 39.90438
1202120291 116.35688 39.90438
1202120435 116.35715 39.9068
1202120499 116.35715 39.91195
1202120619 116.35792 39.91625
1202120716 116.35885 39.92223
1202120898 116.36177 39.93017
1202120955 116.36202 39.93318
1202121064 116.366 39.93932
1202121154 116.36605 39.94497
1202121154 116.36605 39.94497
1202121315 116.3739 39.9497
1202121535 116.37675 39.96653
1202121680 116.38205 39.96762
1202121983 116.37475 39.9689
1202122041 116.37498 39.9702
1202122299 116.37303 39.9851
1202122430 116.36787 39.9953
1202122472 116.3707 39.99572
1202122772 116.3675 39.99568
1202122801 116.36623 39.99722
1202122970 116.36543 39.99853
1202123027 116.36057 39.99883
1202123202 116.36188 39.9926
1202123286 116.3632 39.98672
1202123392 116.3632 39.98057
1202123462 116.36358 39.97827
1202123509 116.36377 39.97575
1202123742 116.38095 39.97543
1202124043 116.38978 39.96702
1202124097 116.38837 39.97038
1202124169 116.3902 39.97083
1202124218 116.39302 39.9714
1202124254 116.39532 39.97157
1202124387 116.39582 39.97358
1202124467 116.39957 39.97558
1202124590 116.40343 39.98087
1202170121 116.35862 39.91678
1202170170 116.3541 39.91718
1202170170 116.3541 39.91718
1202170471 116.34892 39.9564
1202170612 116.34893 39.9752
1202170687 116.35927 39.97525
1202170758 116.36332 39.97528
1202170857 116.36658 39.97578
1202170919 116.36652 39.97897
1202170979 116.36975 39.97912
1202170998 116.36983 39.97885
1202171007 116.3701 39.97893
1202171014 116.37027 39.9788
1202171298 116.37008 39.97887
1202171469 116.3597 39.9805
1202171550 116.35847 39.98052
1202171596 116.35832 39.98208
1202171649 116.35698 39.98318
1202171659 116.35703 39.9836
1202171884 116.35573 39.98228
1202171917 116.35562 39.98065
1202171922 116.3556 39.9805
1202172223 116.32118 39.98435
1202172259 116.32347 39.98473
1202172268 116.32387 39.98488
1202173060 116.3231 39.98483
1202173208 116.31 39.98875
1202173241 116.30995 39.98922
1202173303 116.31525 39.99098
1202173525 116.33188 39.99158
1202173611 116.33173 39.9916
1202174651 116.32322 39.98485
1202174709 116.31585 39.98468
1202174818 116.31583 39.98522
1202176277 116.31 39.98955
1202176821 116.30493 40.03442
1202178697 116.26483 40.12028
1202178743 116.26275 40.1243
1202178820 116.26275 40.12755
1202178826 116.26287 40.1276
1202179126 116.25827 40.1415
1202179730 116.32072 40.16018
1202179740 116.32052 40.1597
1202194475 116.32093 40.15967
1202194775 116.31227 40.16842
1202194910 116.29613 40.16777
1202195395 116.2961 40.16793
1202195696 116.31547 40.16408
1202195876 116.32175 40.1628
1202195954 116.32065 40.15972
1202196255 116.31462 40.16342
1202196457 116.29613 40.1678
1202198164 116.29602 40.16782
1202198466 116.2783 40.15357
1202198658 116.25622 40.14095
1202198876 116.26355 40.12113
1202199177 116.29543 40.08843
1202199477 116.32045 40.05193
1202199505 116.31838 40.05037
1202199554 116.31975 40.04792
1202199665 116.32427 40.04287
1202199866 116.32023 40.03432
1202200165 116.30103 40.0446
1202200219 116.30338 40.04045
1202200459 116.30198 40.03915
1202200567 116.30412 40.03568
1202200635 116.30488 40.03462
1202200896 116.3348 40.03725
1202201082 116.34813 40.03543
1202201085 116.34823 40.03545
1202201250 116.36468 40.03578
1202201553 116.39135 40.03195
1202201854 116.40532 40.04007
1202202010 116.4025 40.0217
1202202310 116.4624 40.01375
1202203091 116.47382 39.98875
1202203135 116.47147 39.98677
1202203423 116.44962 39.9792
1202203626 116.41858 39.98758
1202203679 116.41767 39.98657
1202203955 116.41857 39.96638
1202204028 116.4189 39.96112
1202204028 116.4189 39.96112
1202204130 116.42523 39.96108
1202204213 116.42487 39.96283
1202204400 116.4242 39.96327
1202204408 116.4248 39.9635
1202204525 116.41925 39.96087
1202204606 116.41327 39.96075
1202204716 116.41218 39.95812
1202204958 116.42575 39.9566
1202205131 116.41962 39.94812
1202205407 116.41925 39.93997
1202205463 116.41942 39.93612
1202205478 116.41948 39.93565
1202205600 116.4139 39.93232
1202206015 116.40262 39.93163
1202206217 116.39132 39.9321
1202206517 116.36662 39.93772
1202206535 116.36668 39.93858
1202206744 116.36602 39.94693
1202206798 116.3705 39.94718
1202207844 116.37052 39.94718
1202207942 116.36718 39.94745
1202208049 116.36575 39.94808
1202208214 116.36497 39.95615
1202208336 116.36412 39.96548
1202208492 116.36348 39.98013
1202208561 116.36342 39.9833
1202208745 116.3634 39.98305
1202208801 116.36335 39.981
1202208877 116.36363 39.97565
1202208990 116.36372 39.96722
1202209169 116.36477 39.95733
1202209203 116.36492 39.9549
1202209276 116.36533 39.95027
1202209326 116.36542 39.94903
1202209476 116.37263 39.94988
1202209504 116.37245 39.94907
1202209550 116.371 39.94775
1202209567 116.37077 39.94763
1202209616 116.36623 39.94745
1202209916 116.34922 39.93257
1202210008 116.33847 39.93107
1202210092 116.33787 39.92998
1202210180 116.3378 39.92782
1202210220 116.33778 39.9257
1202210252 116.33813 39.92398
1202210389 116.34673 39.92225
1202210479 116.34913 39.92132
1202210479 116.34913 39.92132
1202210579 116.3501 39.91823
1202210583 116.35008 39.91823
1202210791 116.3579 39.9173
1202210866 116.36245 39.91277
1202210981 116.36772 39.9103
1202211064 116.36782 39.90325
1202211122 116.36793 39.89942
1202211195 116.36817 39.89458
1202211373 116.36813 39.8826
1202211634 116.36808 39.86933
1202211634 116.36808 39.86933
1202211959 116.4068 39.8705
1202212083 116.41537 39.86525
1202212116 116.41555 39.86485
1202212215 116.41978 39.86432
1202212215 116.41978 39.86432
1202212320 116.42435 39.86313
1202212351 116.42437 39.86283
1202212374 116.42448 39.86193
1202212433 116.42492 39.86128
1202212433 116.42492 39.86128
1202212485 116.42525 39.86073
1202212523 116.4255 39.86032
1202212563 116.42573 39.85855
1202212626 116.42578 39.85817
1202212639 116.42583 39.8578
1202212862 116.4376 39.85737
1202212974 116.43887 39.85283
1202213523 116.4221 39.83818
1202213570 116.42202 39.83873
1202213597 116.42217 39.8401
1202213812 116.42225 39.84387
1202214019 116.40852 39.85298
1202214054 116.40817 39.85317
1202214203 116.64595 40.11627
1202214203 116.64595 40.11627
1202214364 116.40803 39.85482
1202214627 116.40842 39.8551
1202214707 116.40798 39.85375
1202214787 116.40438 39.85253
1202215069 116.40668 39.85248
1202215235 116.40833 39.84627
1202215547 116.4084 39.84475
1202215731 116.41643 39.8484
1202215783 116.42152 39.84827
1202215809 116.42205 39.84825
1202215874 116.4271 39.84813
1202215925 116.42748 39.84583
1202215945 116.42797 39.84538
1202216026 116.43227 39.84482
1202216141 116.43993 39.84433
1202216532 116.45215 39.82892
1202216700 116.47302 39.8284
1202216700 116.47302 39.8284
1202216818 116.44142 39.83025
1202216882 116.44353 39.82602
1202222530 116.44355 39.82535
1202222564 116.44343 39.82593
1202222626 116.44805 39.82283
1202222648 116.44847 39.82335
1202222663 116.44817 39.82305
1202222663 116.44817 39.82305
1202222721 116.44595 39.82458
1202222803 116.44138 39.83032
1202223041 116.4406 39.8441
1202223073 116.43902 39.84435
1202223308 116.42295 39.84818
1202223332 116.42253 39.84822
1202223389 116.41735 39.84868
1202223393 116.41735 39.84875
1202223429 116.41733 39.85128
1202223473 116.41757 39.85437
1202223490 116.4175 39.85482
1202223597 116.41795 39.85553
1202223612 116.41775 39.85562
1202223697 116.42515 39.85702
1202223760 116.41883 39.85698
1202223979 116.41485 39.87865
1202224140 116.41282 39.88985
1202224180 116.41283 39.89108
1202224356 116.4125 39.89923
1202224533 116.41193 39.9062
1202224590 116.41187 39.90865
1202224636 116.41182 39.9102
1202224727 116.41158 39.91797
1202224782 116.41132 39.92205
1202224953 116.41108 39.92975
1202225137 116.41097 39.93123
1202225336 116.40612 39.93203
1202225386 116.40288 39.9321
1202225501 116.39737 39.93215
1202225604 116.39003 39.93327
1202225671 116.3898 39.93742
1202225710 116.38847 39.93925
1202225759 116.38753 39.93942
1202226052 116.37087 39.94773
1202226229 116.34923 39.94003
1202226251 116.34925 39.93955
1202226380 116.3493 39.93767
1202226404 116.3493 39.93722
1202226429 116.34932 39.93668
1202226429 116.34932 39.93668
1202226503 116.34938 39.93132
1202226584 116.33858 39.93112
1202226693 116.33055 39.9311
1202226739 116.32833 39.93108
1202226796 116.32162 39.93108
1202226887 116.31452 39.93108
1202226990 116.3048 39.93105
1202227290 116.30413 39.90623
1202227590 116.30465 39.87745
1202227590 116.30465 39.87745
1202227636 116.30145 39.87943
1202227939 116.30055 39.88057
1202228064 116.30543 39.88352
1202228206 116.30553 39.89502
1202228303 116.3045 39.90452
1202228429 116.30938 39.9062
1202228522 116.31533 39.90623
1202228550 116.31702 39.90595
1202228681 116.33687 39.90605
1202228909 116.35647 39.9055
1202228913 116.35657 39.9055
1202228947 116.35677 39.90418
1202228984 116.35722 39.90452
1202229066 116.35723 39.90797
1202229124 116.35782 39.90733
1202229160 116.3573 39.91197
1202229248 116.35837 39.91503
1202229302 116.35873 39.91612
1202229366 116.3585 39.91705
1202229409 116.35865 39.92223
1202229555 116.34852 39.92217
1202229589 116.3469 39.92262
1202229600 116.34708 39.92315
1202229605 116.34715 39.92333
1202229609 116.34718 39.9234
1202229707 116.34388 39.92642
1202229791 116.33793 39.92705
1202229883 116.33785 39.9297
1202229938 116.34102 39.93103
1202230038 116.34902 39.93093
1202230139 116.34983 39.93117
1202230439 116.37325 39.9525
1202230598 116.37402 39.9641
1202230735 116.37558 39.975
1202230748 116.37563 39.9753
1202230873 116.37313 39.98395
1202231070 116.36137 40.00375
1202231070 116.36137 40.00375
1202231370 116.3491 40.02317
1202231434 116.34317 40.0277
1202231597 116.3365 40.03617
1202231815 116.32362 40.05327
1202232115 116.31027 40.07105
1202232310 116.31263 40.086
1202232504 116.31703 40.0761
1202232596 116.3142 40.0742
1202232624 116.31378 40.07405
1202232631 116.3136 40.07398
1202232659 116.31258 40.07372
1202232871 116.29283 40.09362
1202233138 116.26233 40.12395
1202233239 116.26277 40.12763
1202233528 116.26258 40.12785
1202233828 116.27837 40.15333
1202234066 116.29622 40.16822
1202287533 116.29623 40.16743
1202287540 116.29622 40.16745
1202288064 116.29608 40.1677
1202288107 116.29712 40.16813
1202288169 116.29982 40.16822
1202288366 116.31692 40.16855
1202288668 116.36747 40.17302
1202288836 116.38373 40.1777
1202288887 116.38397 40.17752
1202288997 116.38562 40.17457
1202289256 116.40175 40.16283
1202289306 116.40188 40.16062
1202289370 116.4025 40.15492
1202289670 116.4057 40.10438
1202289827 116.4075 40.08445
1202289883 116.40762 40.07853
1202290017 116.40657 40.06698
1202290173 116.40735 40.05737
1202290333 116.40835 40.03982
1202290388 116.40927 40.03632
1202290496 116.41147 40.02553
1202290650 116.40983 40.00817
1202290761 116.4109 40.00173
1202290925 116.4022 39.99742
1202291098 116.4011 39.98182
1202291098 116.4011 39.98182
1202291255 116.40113 39.96825
1202291388 116.40167 39.95807
1202291388 116.40167 39.95807
1202291689 116.38257 39.95012
1202292442 116.36487 39.95635
1202292657 116.3523 39.94887
1202293029 116.33823 39.92682
1202293131 116.33118 39.92805
1202293428 116.34082 39.93107
1202293492 116.34867 39.93087
1202293627 116.36138 39.931
1202293695 116.36622 39.93125
1202293713 116.36643 39.93125
1202293713 116.36643 39.93125
1202293747 116.36667 39.93327
1202293750 116.36668 39.93333
1202293845 116.36222 39.93535
1202293848 116.36222 39.9354
1202293888 116.36238 39.93877
1202294126 116.34322 39.94547
1202294238 116.33585 39.94685
1202294342 116.33002 39.95075
1202294414 116.32917 39.95583
1202294448 116.32902 39.95708
1202294695 116.33978 39.95717
1202294770 116.34337 39.95668
1202295238 116.35035 39.94562
1202295330 116.35038 39.94683
1202295620 116.36528 39.94977
1202295678 116.36567 39.94768
1202295921 116.36562 39.94917
1202296181 116.36377 39.97513
1202296185 116.36375 39.97505
1202296431 116.373 39.97943
1202296654 116.35983 39.9754
1202296955 116.34743 39.98792
1202297078 116.33875 39.99173
1202297120 116.33475 39.9917
1202297420 116.31 39.99665
1202297720 116.30797 40.0218
1202298047 116.3028 40.04185
1202298131 116.30643 40.0361
1202298207 116.3048 40.0347
1202298315 116.30845 40.03572
1202298420 116.31667 40.03488
1202298558 116.31707 40.03892
1202298708 116.32445 40.04262
1202298861 116.32232 40.05327
1202299161 116.34393 40.0597
1202299317 116.36295 40.05977
1202299406 116.3623 40.06225
1202299462 116.36515 40.06328
1202299762 116.3629 40.06075
1202299830 116.35802 40.06017
1202299956 116.36293 40.05973
1202300228 116.3753 40.05943
1202300258 116.37407 40.05923
1202300558 116.34738 40.06025
1202300668 116.33617 40.05832
1202300668 116.33617 40.05832
1202300728 116.33243 40.05758
1202300798 116.32662 40.05642
1202300862 116.32365 40.05448
1202300998 116.31967 40.04797
1202301113 116.32425 40.04285
1202301211 116.32572 40.0392
1202301211 116.32572 40.0392
1202301462 116.30903 40.03615
1202301756 116.32557 40.03818
1202302051 116.30605 40.03535
1202302212 116.30642 40.0295
1202302316 116.30673 40.0286
1202302430 116.31348 40.03158
1202303086 116.3136 40.03145
1202303337 116.30815 40.0195
1202303378 116.3111 40.01918
1202303482 116.31538 40.01597
1202303591 116.31518 40.01705
1202303891 116.30867 40.03598
1202304097 116.33333 40.03673
1202304398 116.33028 40.04498
1202304496 116.32362 40.05332
1202304796 116.30198 40.08185
1202304886 116.2929 40.0936
1202305186 116.26237 40.12727
1202305197 116.2629 40.12757
1202305361 116.2625 40.12772
1202305468 116.25653 40.1403
1202305769 116.27387 40.16763
1202305884 116.2961 40.16788
1202305884 116.2961 40.16788
1202305891 116.296 40.16773
1202305891 116.296 40.16773
1202306254 116.29607 40.1678
1202306554 116.32275 40.16415
1202306644 116.3209 40.15958
1202306902 116.32117 40.16038
1202307202 116.31217 40.16642
1202307342 116.29613 40.16773
1202307342 116.29613 40.16773
1202307401 116.29615 40.1681
1202307701 116.323 40.16503
1202307746 116.32222 40.16348
1202307779 116.32152 40.1621
1202307831 116.32083 40.15963
1202314990 116.32073 40.19138
1202321857 116.32118 40.19302
1202321917 116.3192 40.19202
1202321942 116.3203 40.19175
1202322058 116.31908 40.18168
1202322146 116.31733 40.16882
1202322286 116.32315 40.16487
1202322321 116.32238 40.16373
1202322393 116.32153 40.16223
1202322405 116.32147 40.16203
1202323065 116.32072 40.15958
1202323074 116.32053 40.1597
1202323430 116.32263 40.16405
1202323650 116.31698 40.16508
1202323950 116.27152 40.14553
1202324180 116.2631 40.12135
1202324183 116.2631 40.12135
1202325450 116.25223 40.04363
1202325535 116.25253 40.04222
1202325638 116.25593 40.03865
1202325748 116.24442 40.03662
1202326048 116.2643 40.03053
1202326739 116.26915 39.95942
1202327039 116.27878 39.92217
1202327042 116.27867 39.92207
1202327069 116.27952 39.92193
1202327076 116.27972 39.92198
1202327194 116.28072 39.92185
1202327206 116.28053 39.92165
1202327250 116.27898 39.92192
1202327295 116.28162 39.92272
1202327530 116.30493 39.92285
1202327647 116.30965 39.93102
1202327680 116.31352 39.93103
1202327750 116.31875 39.93107
1202328038 116.34585 39.93862
1202328247 116.34252 39.94832
1202328325 116.3413 39.95277
1202328445 116.34797 39.95673
1202328645 116.35285 39.97518
1202328731 116.35915 39.97527
1202328781 116.35493 39.9753
1202329860 116.30363 39.8656
1202330013 116.31792 39.86663
1202330313 116.34257 39.89063
1202330916 116.41028 39.94755
1202331021 116.41048 39.94013
1202331087 116.41015 39.93942
1202331197 116.41922 39.93958
1202331300 116.42652 39.93968
1202331458 116.41375 39.9396
1202331458 116.41375 39.9396
1202331719 116.39542 39.93937
1202331730 116.3954 39.93937
1202331778 116.3901 39.93908
1202332003 116.38072 39.95002
1202332096 116.37572 39.95205
1202332261 116.37415 39.95617
1202332494 116.36408 39.96557
1202332673 116.36378 39.97505
1202332775 116.36362 39.97773
1202332868 116.36352 39.9803
1202332926 116.36357 39.97555
1202333065 116.36365 39.96688
1202333365 116.35005 39.94365
1202333665 116.3438 39.89658
1202333965 116.33895 39.84723
1202334266 116.39357 39.85367
1202334279 116.3936 39.85298
1202334333 116.394 39.84807
1202334478 116.39303 39.83625
1202334657 116.39092 39.83642
1202334715 116.39433 39.83557
1202335015 116.39395 39.86003
1202335047 116.3938 39.86375
1202335201 116.39412 39.87637
1202335471 116.39363 39.898
1202335544 116.39342 39.8983
1202335896 116.35805 39.89832
1202337084 116.37303 39.95558
1202337999 116.35752 39.97352
1202338033 116.35925 39.97343
1202338414 116.4008 39.9869
1202338673 116.41092 39.99328
1202338744 116.411 39.99752
1202338899 116.4017 40.0038
1202338985 116.39848 40.00402
1202339035 116.39737 40.0052
1202339089 116.39657 40.00522
1202339162 116.39833 40.00393
1202339203 116.39435 40.00372
1202339503 116.38577 39.98113
1202339534 116.38185 39.98105
1202339588 116.3816 39.9789
1202339767 116.37597 39.97552
1202340067 116.33493 39.9664
1202340217 116.33982 39.95708
1202340309 116.34073 39.95485
1202340355 116.34117 39.95503
1202340358 116.34122 39.955
1202340655 116.34022 39.95663
1202340747 116.3482 39.95662
1202340747 116.3482 39.95662
1202340911 116.36495 39.95655
1202340949 116.36897 39.95658
1202341187 116.37743 39.9612
1202341190 116.37743 39.96127
1202341482 116.373 39.95045
1202341784 116.36183 39.93182
1202341792 116.3618 39.93142
1202341930 116.3587 39.92258
1202342008 116.35483 39.92245
1202342111 116.34735 39.92532
1202342410 116.35377 39.9468
1202342756 116.34897 39.95647
1202342813 116.34867 39.95673
1202343031 116.33415 39.95665
1202343130 116.32882 39.96033
1202343284 116.3277 39.97497
1202344173 116.33567 40.03733
1202344173 116.33567 40.03733
1202344327 116.3272 40.03927
1202344414 116.32457 40.0426
1202344602 116.31963 40.05893
1202344856 116.2928 40.0936
1202345156 116.2574 40.1393
1202345457 116.31188 40.1629
1202345609 116.32165 40.16257
1202345673 116.32092 40.15965
1202367008 116.32068 40.15965
1202367013 116.32053 40.15968
1202367294 116.31358 40.163
1202367362 116.3123 40.1684
1202367381 116.31287 40.16823
1202367773 116.296 40.16775
1202368030 116.29613 40.16803
1202368330 116.31448 40.16328
1202368601 116.32048 40.15968
1202368792 116.32303 40.16487
1202370777 116.29595 40.16817
1202371078 116.27655 40.1573
1202371379 116.26168 40.1324
1202371481 116.26345 40.12115
1202371781 116.29702 40.08642
1202372039 116.32205 40.05425
1202372152 116.3197 40.04793
1202372221 116.32062 40.04685
1202372521 116.31738 40.03465
1202372610 116.30562 40.03537
1202372691 116.30273 40.03845
1202373738 116.30338 40.04048
1202374038 116.31147 40.03357
1202374038 116.31147 40.03357
1202374308 116.33087 40.02972
1202374432 116.33923 40.02945
1202374509 116.33132 40.02953
1202374787 116.30767 40.02785
1202374985 116.30652 40.02783
1202375282 116.30345 40.04042
1202375566 116.28463 40.03265
1202375845 116.30805 40.01947
1202376146 116.31247 39.9994
1202376226 116.31607 39.99633
1202376307 116.32007 39.99468
1202376322 116.32025 39.99395
1202376403 116.32008 39.99468
1202376705 116.31228 40.00488
1202376746 116.31267 40.00903
1202376859 116.32003 40.01197
1202376962 116.32928 40.00827
1202377079 116.331 39.99787
1202377166 116.33085 39.99178
1202377466 116.36485 39.98597
1202377766 116.41798 39.98063
1202377807 116.41823 39.97633
1202377807 116.41823 39.97633
1202377846 116.41833 39.97433
1202377902 116.41825 39.97303
1202378027 116.41843 39.97142
1202378094 116.41635 39.96823
1202378094 116.41635 39.96823
1202378341 116.41182 39.96378
1202378401 116.4119 39.96128
1202378427 116.41205 39.95815
1202378544 116.41 39.94835
1202378723 116.41562 39.94793
1202378787 116.41883 39.94802
1202378790 116.41887 39.948
1202378961 116.41172 39.9396
1202379050 116.40772 39.93958
1202379261 116.38657 39.9395
1202379261 116.38657 39.9395
1202379301 116.38615 39.93973
1202379491 116.3739 39.94978
1202379643 116.36917 39.94962
1202379701 116.36328 39.94972
1202379721 116.36295 39.94998
1202379745 116.3623 39.95143
1202379819 116.3643 39.9515
1202379871 116.36518 39.94975
1202379871 116.36518 39.94975
1202380219 116.3856 39.94008
1202380519 116.3668 39.93312
1202380526 116.36683 39.93357
1202380671 116.36597 39.9468
1202380971 116.37293 39.98418
1202381271 116.40402 39.99675
1202381571 116.4039 39.99715
1202381871 116.40152 39.96483
1202381871 116.40152 39.96483
1202381923 116.40153 39.96088
1202382032 116.40165 39.958
1202382160 116.40182 39.95278
1202382160 116.40182 39.95278
1202382465 116.34922 39.94023
1202382620 116.34727 39.92223
1202382728 116.33888 39.92198
1202382828 116.33872 39.91907
1202382837 116.33865 39.91897
1202383037 116.33835 39.9217
1202383091 116.33872 39.91732
1202383217 116.3469 39.91713
1202383220 116.34695 39.9172
1202383520 116.36293 39.89823
1202383554 116.36748 39.89832
1202383737 116.38565 39.89862
1202383829 116.3892 39.89875
1202383829 116.3892 39.89875
1202384135 116.40478 39.90658
1202384138 116.40482 39.9066
1202384192 116.41122 39.90682
1202384192 116.41122 39.90682
1202384494 116.42812 39.92978
1202384768 116.4427 39.95325
1202384768 116.4427 39.95325
1202384831 116.44115 39.95473
1202385129 116.44148 39.9524
1202385429 116.42163 39.94833
1202385601 116.40192 39.95163
1202385722 116.4017 39.95693
1202385725 116.40172 39.95695
1202385761 116.4016 39.95767
1202385815 116.39918 39.95995
1202385986 116.40033 39.9671
1202386059 116.40138 39.96795
1202386205 116.40248 39.97868
1202386266 116.4047 39.97905
1202386266 116.4047 39.97905
1202386365 116.4039 39.97868
1202386526 116.4103 39.98697
1202386530 116.41033 39.98692
1202386569 116.41057 39.9854
1202386613 116.41088 39.98215
1202386832 116.41172 39.9646
1202387056 116.41243 39.9535
1202387146 116.41247 39.95293
1202387247 116.41255 39.95172
1202387756 116.41 39.94837
1202387866 116.40277 39.94782
1202388029 116.39007 39.94772
1202388102 116.38785 39.94767
1202388303 116.37252 39.94945
1202388596 116.40163 39.94728
1202388664 116.40188 39.94977
1202388693 116.4019 39.95072
1202388693 116.4019 39.95072
1202388808 116.40178 39.95615
1202388897 116.40195 39.95703
1202389166 116.39003 39.96187
1202389411 116.38912 39.94808
1202389411 116.38912 39.94808
1202389711 116.34925 39.9393
1202389753 116.34933 39.93815
1202389888 116.34967 39.93007
1202390189 116.3503 39.90802
1202390473 116.34273 39.87735
1202390476 116.3427 39.87737
1202390656 116.34395 39.86573
1202390726 116.3446 39.86613
1202390744 116.34513 39.86627
1202390768 116.34572 39.86643
1202390768 116.34572 39.86643
1202390842 116.34742 39.86655
1202390890 116.34815 39.86433
1202391041 116.3483 39.86408
1202391044 116.34837 39.86407
1202391164 116.35635 39.8673
1202391187 116.35782 39.86747
1202391257 116.35812 39.8685
1202391389 116.35778 39.87557
1202391514 116.36763 39.877
1202391629 116.36835 39.88167
1202391629 116.36835 39.88167
1202391880 116.36837 39.8936
1202391972 116.36832 39.89778
1202391980 116.36845 39.89772
1202392095 116.36788 39.90797
1202392100 116.3679 39.908
1202392100 116.3679 39.908
1202392172 116.36758 39.91272
1202392294 116.36732 39.92092
1202392373 116.36728 39.92232
1202392553 116.36732 39.92442
1202392637 116.36678 39.931
1202392714 116.36212 39.93322
1202392837 116.36238 39.93897
1202392892 116.36012 39.93923
1202392892 116.36012 39.93923
1202392903 116.36035 39.93973
1202392934 116.36038 39.94093
1202392951 116.35965 39.94107
1202393028 116.3585 39.94052
1202393084 116.36123 39.93942
1202393096 116.36152 39.93952
1202393144 116.36518 39.9395
1202393181 116.36607 39.9395
1202393181 116.36607 39.9395
1202393325 116.366 39.9454
1202393348 116.366 39.94657
1202393380 116.36595 39.94675
1202393545 116.36608 39.94752
1202393904 116.3554 39.9514
1202393921 116.35433 39.95117
1202394028 116.3538 39.94655
1202394034 116.35398 39.94657
1202394106 116.3566 39.94757
1202394118 116.35718 39.94787
1202394188 116.36278 39.9495
1202394286 116.36562 39.94745
1202394587 116.39142 39.94748
1202394664 116.40125 39.94735
1202394682 116.40143 39.94733
1202394768 116.40233 39.94753
1202394810 116.40228 39.94795
1202394986 116.40208 39.94918
1202395110 116.40185 39.95182
1202395145 116.4019 39.95423
1202395190 116.40192 39.9562
1202395374 116.39593 39.96208
1202395427 116.39072 39.96187
1202395491 116.39018 39.96187
1202395575 116.38942 39.96172
1202395875 116.37002 39.9668
1202395942 116.3676 39.96952
1202395950 116.36772 39.96982
1202395982 116.36777 39.97073
1202395996 116.36768 39.97125
1202396299 116.37307 39.97867
1202396335 116.3729 39.98065
1202396431 116.36375 39.98048
1202396522 116.36345 39.97777
1202396739 116.36473 39.95687
1202396782 116.36503 39.95458
1202396858 116.36542 39.95005
1202396890 116.36563 39.94802
1202397149 116.3658 39.9476
1202397241 116.37255 39.94987
1202397241 116.37255 39.94987
1202397244 116.37258 39.94983
1202397271 116.37243 39.94872
1202397308 116.37092 39.9478
1202397608 116.40042 39.94738
1202397620 116.40108 39.9474
1202397662 116.40195 39.94717
1202397700 116.4023 39.94752
1202397886 116.40198 39.94975
1202397938 116.40218 39.95075
1202397974 116.402 39.9522
1202398119 116.40183 39.95737
1202398122 116.40188 39.9573
1202398122 116.40188 39.9573
1202398275 116.4017 39.96608
1202398576 116.43902 39.95995
1202398579 116.4389 39.95988
1202398879 116.43788 39.95888
1202398900 116.43603 39.95845
1202398989 116.43338 39.95497
1202398989 116.43338 39.95497
1202399101 116.43348 39.95762
1202399126 116.43347 39.95798
1202399177 116.42577 39.95815
1202399222 116.42328 39.95795
1202399406 116.41228 39.9562
1202399517 116.41873 39.95558
1202399617 116.4188 39.95495
1202399617 116.4188 39.95495
1202399700 116.41897 39.95345
1202399787 116.41902 39.95283
1202399817 116.41897 39.95138
1202399861 116.41903 39.95095
1202399886 116.4192 39.95038
1202399890 116.41925 39.95018
1202399893 116.41915 39.95017
1202400194 116.41935 39.94253
1202400239 116.41933 39.93993
1202400320 116.41117 39.93958
1202400376 116.41048 39.93955
1202400494 116.4085 39.9395
1202400716 116.3905 39.93915
1202400716 116.3905 39.93915
1202401016 116.37402 39.94912
1202401123 116.36655 39.9475
1202401127 116.36657 39.9475
1202401192 116.36192 39.94642
1202401198 116.36182 39.94635
1202401287 116.35417 39.94633
1202401418 116.35518 39.95093
1202401514 116.35515 39.95627
1202401584 116.36385 39.95657
1202401584 116.36385 39.95657
1202401661 116.36887 39.95638
1202401717 116.37167 39.95617
1202401749 116.37235 39.95667
1202401795 116.3734 39.95673
1202401823 116.37343 39.95713
1202402037 116.39498 39.967
1202402101 116.39992 39.96687
1202402213 116.40148 39.96038
1202402289 116.39543 39.9618
1202402333 116.39393 39.96175
1202402433 116.39308 39.96205
1202402484 116.39238 39.96165
1202402548 116.39125 39.96167
1202402850 116.3749 39.96102
1202402890 116.37398 39.96415
1202402923 116.37438 39.9664
1202402989 116.37512 39.97137
1202403095 116.38397 39.97147
1202403212 116.38642 39.97172
1202403218 116.38647 39.97165
1202403243 116.38597 39.97125
1202403346 116.38007 39.97138
1202403648 116.36513 39.99855
1202403948 116.34365 40.02677
1202404231 116.32373 40.0531
1202405486 116.26245 40.12748
1202405786 116.28032 40.1494
1202406164 116.2937 40.16787
1202406214 116.29603 40.16768
1202406379 116.2961 40.16803
1202406679 116.3221 40.16322
1202406744 116.32098 40.15968
1202408543 116.32143 40.1619
1202408543 116.32143 40.1619
1202408877 116.32302 40.16455
1202408962 116.31702 40.16505
1202409067 116.31225 40.16845
1202409166 116.29615 40.16795
1202409169 116.29613 40.16788
1202409181 116.29602 40.16763
1202412056 116.29608 40.16778
1202412067 116.29615 40.16812
1202412178 116.3198 40.1687
1202412226 116.32235 40.16768
1202412234 116.32198 40.1676
1202412254 116.32195 40.16737
1202413177 116.32172 40.16727
1202413284 116.31793 40.16592
1202413584 116.29673 40.1548
1202413737 116.27225 40.14585
1202414037 116.25533 40.14838
1202414099 116.25702 40.14658
1202415838 116.25693 40.1468
1202415849 116.25682 40.14718
1202416149 116.27507 40.16103
1202416450 116.2763 40.19177
1202416475 116.27968 40.1926
1202416612 116.28092 40.20578
1202416813 116.28095 40.20612
1202416890 116.2813 40.21102
1202416994 116.28128 40.2107
1202417074 116.27788 40.21085
1202417200 116.28118 40.2106
1202417200 116.28118 40.2106
1202417524 116.28742 40.2208
1202417593 116.29378 40.2212
1202417663 116.29368 40.22597
1202423260 116.29892 40.226
1202423273 116.29865 40.22615
1202423280 116.29862 40.22627
1202423295 116.29882 40.22658
1202423385 116.29388 40.22643
1202423686 116.2815 40.20635
1202423707 116.28082 40.20593
1202424372 116.28085 40.20575
1202424672 116.29427 40.18117
1202424838 116.31062 40.1784
1202424842 116.31065 40.17837
1202424921 116.31248 40.17613
1202427590 116.3125 40.176
1202427719 116.3171 40.16857
1202427800 116.32203 40.16827
1202427821 116.32237 40.1677
1202427835 116.32203 40.16762
1202427846 116.322 40.16748
1202428321 116.32258 40.167
1202428362 116.32482 40.16702
1202428486 116.32098 40.15968
1202460354 116.30898 40.03612
1202460475 116.31352 40.03158
1202460775 116.31232 40.0287
1202461066 116.30905 40.00375
1202461146 116.30883 39.99835
1202461287 116.30973 39.99115
1202461377 116.31533 39.99107
1202461508 116.32642 39.99137
1202461603 116.33265 39.99155
1202461694 116.3418 39.99182
1202461752 116.34632 39.99187
1202461923 116.34043 39.98737
1202462138 116.34733 39.9754
1202462166 116.34823 39.97517
1202462216 116.35247 39.97522
1202462220 116.35255 39.97523
1202462300 116.3591 39.97528
1202462428 116.3638 39.967
1202462487 116.36525 39.9663
1202462487 116.36525 39.9663
1202462639 116.37327 39.96258
1202462694 116.37172 39.9574
1202462994 116.38052 39.96687
1202463597 116.49813 40.00137
1202463897 116.57215 40.04008
1202463944 116.57962 40.04702
1202464171 116.58657 40.07895
1202464404 116.58043 40.07643
1202464706 116.56532 40.0641
1202464803 116.55573 40.06248
1202464803 116.55573 40.06248
1202464846 116.54942 40.06423
1202464996 116.5411 40.05707
1202465164 116.52732 40.04033
1202465465 116.50538 40.02407
1202465523 116.49945 40.02222
1202465745 116.46763 40.02323
1202465880 116.46188 40.01453
1202465933 116.46093 40.01317
1202465970 116.46102 40.01063
1202465970 116.46102 40.01063
1202465973 116.46102 40.01057
1202466105 116.4617 39.99577
1202466148 116.46407 39.9929
1202466207 116.45957 39.98723
1202466268 116.45168 39.98343
1202466549 116.41813 39.98768
1202466549 116.41813 39.98768
1202466632 116.41882 39.98758
1202466749 116.41798 39.9809
1202466911 116.4186 39.96698
1202467010 116.419 39.95812
1202467050 116.41905 39.95618
1202467118 116.41933 39.95302
1202467173 116.41917 39.9485
1202467473 116.42667 39.9142
1202467617 116.42078 39.90737
1202467629 116.42078 39.90735
1202467671 116.4206 39.90443
1202467799 116.4158 39.90145
1202467852 116.41328 39.9
1202467963 116.40587 39.89962
1202468094 116.39902 39.89935
1202468197 116.39375 39.8989
1202468375 116.37852 39.89873
1202468548 116.36808 39.90257
1202468684 116.36763 39.91327
1202468766 116.36752 39.9167
1202468832 116.36723 39.92058
1202468835 116.36722 39.9206
1202469076 116.36657 39.93818
1202469089 116.36653 39.93868
1202469209 116.36602 39.94682
1202469359 116.37403 39.94905
1202469588 116.37408 39.9808
1202469748 116.37598 39.98597
1202469821 116.37733 39.98698
1202470008 116.3878 39.98125
1202471464 116.27325 40.02313
1202471514 116.2759 40.02017
1202471762 116.2645 40.03005
1202471762 116.2645 40.03005
1202472068 116.26297 40.03023
1202472165 116.26948 40.02757
1202472280 116.27598 40.0202
1202472580 116.28948 39.99262
1202472660 116.29293 39.98468
1202472743 116.29428 39.98297
1202472827 116.29968 39.98128
1202472846 116.30065 39.98107
1202472913 116.30193 39.98118
1202472950 116.30323 39.9811
1202473011 116.30877 39.98122
1202473086 116.3095 39.97962
1202473156 116.3105 39.9793
1202473200 116.31092 39.97912
1202473225 116.31182 39.97947
1202473321 116.31835 39.9797
1202473392 116.3209 39.98432
1202473450 116.32663 39.98452
1202473687 116.33277 39.99157
1202473765 116.334 39.99322
1202473846 116.33365 39.99897
1202474099 116.33828 40.01378
1202474188 116.33373 40.01365
1202474277 116.33552 40.0137
1202474443 116.336 40.00745
1202474517 116.33557 40.0064
1202474608 116.3324 40.0001
1202474747 116.3274 39.9946
1202474986 116.32735 39.98525
1202475286 116.32035 39.96598
1202475522 116.30382 39.93837
1202475712 116.29547 39.9378
1202475815 116.29818 39.9356
1202475820 116.29803 39.9359
1202475820 116.29803 39.9359
1202475916 116.29577 39.93163
1202476061 116.30443 39.93355
1202476221 116.29398 39.94468
1202476335 116.28213 39.94408
1202476508 116.30293 39.94135
1202476808 116.32503 39.96612
1202477108 116.3746 39.96622
1202485223 116.31167 40.16277
1202488335 116.34833 39.97528
1202488539 116.32928 39.97537
1202488648 116.32772 39.97512
1202488950 116.31597 39.96872
1202488954 116.31573 39.96853
1202488957 116.31573 39.96863
1202488983 116.31425 39.96847
1202488987 116.31418 39.96848
1202489023 116.31297 39.97105
1202489324 116.2993 39.96257
1202489587 116.2999 39.97442
1202489658 116.29645 39.97432
1202489758 116.29455 39.98288
1202490058 116.26968 39.95393
1202490120 116.26772 39.94558
1202490420 116.23118 39.95327
1202490581 116.20797 39.95468
1202490610 116.20752 39.95487
1202490610 116.20752 39.95487
1202490657 116.2079 39.95292
1202490957 116.18912 39.94667
1202491001 116.18288 39.94678
1202491109 116.18523 39.94668
1202491197 116.1927 39.9467
1202491197 116.1927 39.9467
1202491390 116.19358 39.93407
1202491469 116.19162 39.92945
1202491562 116.18658 39.92805
1202491624 116.17995 39.92643
1202491825 116.18043 39.91057
1202492013 116.19197 39.90607
1202492117 116.20198 39.90605
1202492329 116.21487 39.9062
