UTS Latitude Longitude
1201959571 116.36802 40.00016
1201959873 116.36679 39.99667
1201960175 116.36876 40.0118
1201960477 116.35997 40.01613
1201961810 116.36952 40.00235
1201962112 116.37442 39.99628
1201962414 116.35882 40.00015
1201962724 116.33772 39.99736
1201963017 116.33233 39.9993
1201963319 116.3265 39.99271
1201963621 116.33357 39.99871
1201963922 116.33355 39.99853
1201964224 116.33358 39.9984
1201964526 116.33205 39.99165
1201964828 116.31809 39.99513
1201965431 116.3096 39.9908
1201965431 116.3096 39.9908
1201965733 116.3096 39.9908
1201966035 116.32794 39.99497
1201966337 116.3464 40.00483
1201966639 116.34756 40.01408
1201967242 116.34735 40.01409
1201967845 116.33752 39.99177
1201968146 116.33399 39.9953
1201968448 116.33396 39.99543
1201968750 116.33214 39.99163
1201969052 116.30973 39.99033
1201969354 116.29955 39.98485
1201969655 116.29941 39.98634
1201969957 116.29906 39.98637
1201972010 116.31252 39.93106
1201972312 116.31373 39.93255
1201972614 116.31859 39.94515
1201972916 116.3376 39.95686
1201973218 116.34883 39.95999
1201973519 116.34714 39.99134
1201973821 116.34643 40.00462
1201974123 116.35212 39.99999
1201974425 116.33483 39.9995
1201974727 116.33259 39.99168
1201975028 116.32822 39.99302
1201975330 116.33349 39.99833
1201975632 116.33357 39.99813
1201975934 116.33353 39.99813
1201976235 116.33342 39.99858
1201976537 116.34568 40.01875
1201976839 116.3438 40.02828
1201977141 116.35064 40.02874
1201977443 116.3432 40.02818
1201978046 116.33746 39.9995
1201978348 116.33367 39.99845
1201978650 116.33388 39.9983
1201978952 116.33228 39.99163
1201979264 116.32718 39.98067
1201979554 116.32776 39.96867
1201980957 116.32559 39.93695
1201981561 116.34165 39.93792
1201981862 116.34497 39.93843
1201981878 116.34497 39.93843
1201982722 116.34239 39.94854
1201983024 116.32044 39.95052
1201983326 116.31949 39.93473
1201983626 116.31943 39.93149
1201983928 116.30605 39.92692
1201984230 116.30427 39.93938
1201984532 116.32388 39.9659
1201984834 116.3277 39.97467
1201985136 116.32729 39.98565
1201985136 116.32729 39.98565
1201985437 116.32695 39.98519
1201985437 116.32695 39.98519
1201985739 116.33223 39.97151
1201986343 116.34123 39.95284
1201986644 116.33568 39.94685
1201986946 116.34597 39.93924
1201987248 116.33577 39.94642
1201987550 116.33564 39.94679
1201987852 116.33564 39.94679
1201988153 116.32831 39.95088
1201988455 116.31862 39.94437
1201988757 116.31959 39.92724
1201989059 116.31062 39.92261
1201989360 116.29483 39.93099
1201989662 116.29594 39.92692
1201989964 116.29809 39.93497
1201990266 116.30089 39.94195
1201992686 116.28324 39.95614
1201992686 116.28324 39.95614
1201993567 116.31711 39.95596
1201993869 116.31944 39.93799
1201994171 116.33912 39.93594
1201994473 116.35031 39.9469
1201994777 116.35192 39.94667
1201995342 116.36465 39.95635
1201996076 116.3663 39.94141
1201996378 116.3962 39.94757
1201996680 116.40166 39.96137
1201996981 116.40387 39.98151
1201997283 116.40136 39.99063
1201997585 116.40167 40.00396
1201998188 116.41113 40.00111
1201999498 116.40546 39.96547
1202000101 116.40365 39.96728
1202000403 116.40386 39.96725
1202001007 116.45409 39.95245
1202001308 116.46596 39.93232
1202001610 116.49592 39.93376
1202001912 116.50041 39.93026
1202003924 116.4893 39.97069
1202004203 116.48559 39.99108
1202005790 116.65924 40.11555
1202006392 116.79005 40.14618
1202006694 116.85081 40.14778
1202007298 116.89173 40.11572
1202007651 116.89178 40.11564
1202007651 116.89178 40.11564
1202007651 116.89178 40.11564
1202007651 116.89178 40.11564
1202007651 116.89178 40.11564
1202007651 116.89178 40.11564
1202007651 116.89178 40.11564
1202007651 116.89178 40.11564
1202007651 116.89178 40.11564
1202007651 116.89178 40.11564
1202007651 116.89178 40.11564
1202007651 116.89178 40.11564
1202007651 116.89178 40.11564
1202007651 116.89178 40.11564
1202007651 116.89178 40.11564
1202007651 116.89178 40.11564
1202007651 116.89178 40.11564
1202007651 116.89178 40.11564
1202007651 116.89178 40.11564
1202007651 116.89178 40.11564
1202007651 116.89178 40.11564
1202007651 116.89178 40.11564
1202023592 116.89221 40.11628
1202023894 116.90067 40.12809
1202024196 116.88323 40.15212
1202025100 116.893 40.11472
1202025704 116.88842 40.15184
1202026005 116.82823 40.14975
1202026609 116.72427 40.12138
1202026911 116.67501 40.11458
1202027213 116.61952 40.1165
1202027816 116.55511 40.10079
1202028965 116.52771 40.04121
1202029266 116.51763 40.0249
1202029568 116.50891 40.01268
1202029870 116.5049 40.01054
1202030478 116.50602 40.01096
1202030779 116.50602 40.01096
1202031261 116.50596 40.01096
1202031261 116.50596 40.01096
1202031261 116.50596 40.01096
1202031261 116.50596 40.01096
1202032117 116.50137 40.00602
1202032419 116.48264 39.98864
1202033022 116.45151 39.99981
1202033324 116.45146 40.00032
1202033626 116.45675 39.9893
1202033928 116.44954 39.98061
1202034228 116.43824 39.96841
1202034530 116.45041 39.96503
1202034832 116.4394 39.95077
1202035134 116.43984 39.94289
1202035436 116.43759 39.93283
1202035737 116.45531 39.93243
1202036039 116.45531 39.95167
1202036341 116.44053 39.96158
1202036643 116.42283 39.97621
1202038031 116.36437 39.96683
1202038333 116.36489 39.95522
1202038634 116.37105 39.9478
1202038936 116.36415 39.96448
1202039238 116.35957 39.97071
1202039540 116.35948 39.98028
1202040143 116.32781 39.98507
1202040445 116.311 39.98444
1202040747 116.31041 39.97999
1202041049 116.30971 39.97471
1202041652 116.32004 39.98425
1202041954 116.32308 39.98431
1202042256 116.32308 39.98431
1202042558 116.32308 39.98431
1202042859 116.32308 39.98431
1202042859 116.32308 39.98431
1202043161 116.32316 39.98432
1202043463 116.32316 39.98432
1202043765 116.32316 39.98432
1202044067 116.32316 39.98432
1202044368 116.32316 39.98432
1202044670 116.32316 39.98432
1202044972 116.32316 39.98432
1202045274 116.32316 39.98432
1202045592 116.32845 39.99142
1202045877 116.34117 39.99178
1202046193 116.36289 39.99128
1202046481 116.36347 39.9779
1202046783 116.36416 39.96328
1202047084 116.3726 39.94992
1202047386 116.3666 39.94753
1202047688 116.35395 39.94385
1202047990 116.34569 39.94098
1202048292 116.34081 39.95405
1202048593 116.3489 39.95077
1202049197 116.34007 39.93723
1202049499 116.34007 39.93723
1202049800 116.34007 39.93723
1202050102 116.34007 39.93723
1202050403 116.34375 39.93834
1202050403 116.34375 39.93834
1202050705 116.34622 39.93938
1202051007 116.34604 39.93927
1202051308 116.34252 39.94803
1202051610 116.34869 39.95478
1202051912 116.34936 39.93718
1202052214 116.35001 39.92153
1202052516 116.35037 39.90264
1202052817 116.30734 39.89595
1202053119 116.30441 39.88257
1202053421 116.31453 39.88763
1202053723 116.31877 39.88316
1202054024 116.32041 39.88213
1202054326 116.32884 39.87593
1202054628 116.33459 39.88067
1202054930 116.33257 39.88142
1202056559 116.33643 39.88472
1202057112 116.32275 39.88314
1202057414 116.3206 39.88307
1202057716 116.31789 39.88859
1202058017 116.30449 39.88666
1202058319 116.30897 39.906
1202058621 116.31507 39.89682
1202058923 116.31064 39.90417
1202059224 116.33359 39.9059
1202059526 116.3564 39.90581
1202059828 116.37629 39.90579
1202060130 116.3993 39.90646
1202060432 116.41064 39.90688
1202060733 116.4204 39.90699
1202061337 116.44654 39.90729
1202061639 116.44405 39.90815
1202062242 116.44434 39.92103
1202062544 116.45576 39.92166
1202062846 116.45584 39.93196
1202063148 116.45595 39.93725
1202063449 116.45529 39.93963
1202063751 116.45533 39.92196
1202064053 116.45519 39.89709
1202064355 116.43334 39.89245
1202064958 116.41158 39.89577
1202065260 116.41142 39.89946
1202065562 116.41285 39.89249
1202065864 116.42488 39.89224
1202066166 116.43817 39.8957
1202066467 116.43331 39.90695
1202067071 116.45625 39.92008
1202067373 116.45586 39.93149
1202067674 116.4559 39.94175
1202067976 116.45465 39.95271
1202068278 116.44374 39.95995
1202068580 116.44063 39.97061
1202068882 116.44643 39.97682
1202069182 116.44783 39.97828
1202069484 116.44984 39.98588
1202069786 116.44178 39.99331
1202070088 116.44822 39.99559
1202070390 116.47084 39.98681
1202070691 116.47742 39.98372
1202070993 116.48348 39.98094
1202070993 116.48348 39.98094
1202071295 116.46683 39.98232
1202071295 116.46683 39.98232
1202071597 116.46181 40.00005
1202071899 116.45729 40.01405
1202072200 116.43559 40.02977
1202072502 116.41098 40.0344
1202072804 116.40787 40.05548
1202073106 116.40688 40.06751
1202073407 116.40086 40.07831
1202073709 116.37663 40.06918
1202074011 116.3623 40.06226
1202074313 116.33937 40.05883
1202074615 116.31478 40.06511
1202074916 116.31671 40.0771
1202075218 116.3062 40.07641
1202075520 116.30082 40.08333
1202075822 116.27453 40.11228
1202076124 116.26656 40.12633
1202076425 116.26764 40.12837
1202076727 116.26716 40.12619
1202077029 116.26245 40.12448
1202077029 116.26245 40.12448
1202077934 116.31374 40.07011
1202078236 116.29382 40.09217
1202078236 116.29382 40.09217
1202078538 116.31275 40.06654
1202078840 116.32918 40.04475
1202079141 116.34356 40.02645
1202080714 116.36386 39.97202
1202081015 116.3678 39.97225
1202081317 116.37483 39.97842
1202081619 116.37481 39.97844
1202081921 116.36695 39.98637
1202082223 116.36357 39.97573
1202082523 116.36504 39.95452
1202083127 116.41209 39.9478
1202083429 116.41443 39.94664
1202083731 116.41738 39.94679
1202084032 116.40023 39.94783
1202084334 116.37484 39.94763
1202084636 116.37244 39.94889
1202084938 116.36542 39.94935
1202085239 116.34632 39.93918
1202085541 116.31308 39.93812
1202085843 116.30163 39.96333
1202086145 116.286 39.99835
1202086447 116.26973 40.02789
1202086748 116.26223 40.03591
1202087050 116.27804 40.01791
1202087352 116.29358 39.98592
1202087654 116.33995 39.9852
1202087956 116.36355 39.97768
1202088257 116.36475 39.95692
1202088559 116.37393 39.94973
1202088861 116.36583 39.94779
1202089163 116.36583 39.94783
1202089465 116.36564 39.94939
1202089766 116.35489 39.95668
1202090068 116.35479 39.96515
1202090370 116.35951 39.97634
1202090672 116.35238 39.98545
1202091275 116.36521 39.95226
1202091577 116.34631 39.93937
1202091577 116.34631 39.93937
1202091879 116.33974 39.93716
1202092181 116.33974 39.93716
1202092486 116.34928 39.93274
1202092784 116.35012 39.91667
1202093086 116.35021 39.91106
1202093388 116.3474 39.91603
1202093690 116.34719 39.93052
1202093991 116.37076 39.93136
1202094293 116.4023 39.93185
1202094595 116.42448 39.93217
1202094897 116.43747 39.92744
1202095198 116.43823 39.9323
1202095374 116.44068 39.93225
1202095933 116.44074 39.93222
1202095933 116.44074 39.93222
1202096234 116.44445 39.93574
1202096536 116.44927 39.933
1202096838 116.46656 39.93201
1202097140 116.46836 39.92809
1202097441 116.45603 39.92746
1202097742 116.45318 39.9533
1202098044 116.45769 39.96585
1202098346 116.48335 39.97899
1202098648 116.48221 39.98762
1202098949 116.47336 39.98552
1202099251 116.47814 39.97518
1202099553 116.48217 39.98774
1202099855 116.48217 39.98774
1202100157 116.48218 39.98777
1202100458 116.48218 39.98777
1202100760 116.48218 39.98777
1202101062 116.48218 39.98777
1202101666 116.51807 40.02525
1202101967 116.53404 40.05211
1202102269 116.55171 40.07923
1202102571 116.55791 40.11097
1202102873 116.6027 40.11659
1202103175 116.66458 40.11484
1202103175 116.66458 40.11484
1202103476 116.71596 40.12153
1202103778 116.76963 40.14175
1202104080 116.82383 40.1491
1202104382 116.88055 40.15163
1202104683 116.88241 40.153
1202105099 116.88237 40.15298
1202105099 116.88237 40.15298
1202105099 116.88237 40.15298
1202105099 116.88237 40.15298
1202105099 116.88237 40.15298
1202105099 116.88237 40.15298
1202105099 116.88237 40.15298
1202105099 116.88237 40.15298
1202105099 116.88237 40.15298
1202105099 116.88237 40.15298
1202105099 116.88237 40.15298
1202105099 116.88237 40.15298
1202105099 116.88237 40.15298
1202109875 116.88242 40.15302
1202110780 116.89016 40.11653
1202111082 116.8987 40.12586
1202111384 116.90392 40.15148
1202111555 116.90875 40.15331
1202111991 116.88222 40.15196
1202112296 116.83837 40.15111
1202113201 116.66496 40.11487
1202113503 116.6039 40.11665
1202113805 116.55597 40.10593
1202114105 116.54916 40.06549
1202114407 116.52732 40.04035
1202114709 116.50732 40.01117
1202115011 116.48629 39.99184
1202115313 116.4678 39.99236
1202115614 116.4678 39.99236
1202115916 116.4678 39.99236
1202116218 116.45667 39.98484
1202116520 116.44393 39.97425
1202116520 116.44393 39.97425
1202116822 116.41856 39.9692
1202117123 116.41786 39.98954
1202117425 116.41756 39.99224
1202117727 116.44252 39.98325
1202118029 116.45863 39.97346
1202118330 116.45563 39.9754
1202118632 116.45563 39.9754
1202118934 116.44562 39.97603
1202119236 116.44174 39.96589
1202119538 116.44254 39.96603
1202119839 116.4435 39.95918
1202120141 116.48412 39.98865
1202120443 116.55428 40.02931
1202120745 116.58259 40.07587
1202121348 116.56661 40.06397
1202121650 116.56583 40.0712
1202121952 116.56583 40.0712
1202122254 116.56393 40.07015
1202122556 116.57104 40.06328
1202122857 116.57104 40.06328
1202123159 116.57104 40.06328
1202123461 116.57104 40.06328
1202123763 116.57104 40.06328
1202123763 116.57104 40.06328
1202124064 116.57514 40.06288
1202124366 116.57514 40.06288
1202124668 116.57514 40.06288
1202124970 116.57514 40.06288
1202125272 116.57514 40.06288
1202125875 116.58076 40.06234
1202126177 116.58076 40.06234
1202126479 116.58076 40.06234
1202126781 116.58076 40.06234
1202127082 116.58254 40.06211
1202127685 116.58269 40.06128
1202127987 116.58269 40.06128
1202128288 116.58269 40.06128
1202128590 116.58143 40.07011
1202128892 116.58143 40.07011
1202129194 116.58143 40.07011
1202129496 116.58143 40.07011
1202129797 116.58143 40.07011
1202130099 116.58143 40.07011
1202130401 116.58143 40.07011
1202130703 116.58143 40.07011
1202131005 116.58143 40.07011
1202131306 116.58143 40.07011
1202131306 116.58143 40.07011
1202131608 116.58143 40.07011
1202131910 116.58133 40.0706
1202132212 116.5819 40.07551
1202132815 116.58326 40.05121
1202133117 116.51691 40.01654
1202133419 116.45948 39.96663
1202133721 116.42765 39.93521
1202134022 116.42753 39.92457
1202134324 116.4283 39.92691
1202134626 116.42925 39.92308
1202134928 116.4115 39.92296
1202135230 116.40663 39.91327
1202135531 116.40943 39.90912
1202135833 116.41374 39.9157
1202136138 116.41306 39.91702
1202136440 116.41306 39.91702
1202136742 116.41306 39.91702
1202137043 116.4196 39.92283
1202137345 116.40976 39.91426
1202137647 116.40924 39.91423
1202137949 116.41066 39.90924
1202138251 116.41128 39.9232
1202138552 116.41084 39.93419
1202139156 116.41204 39.96323
1202139458 116.41135 39.97835
1202139759 116.418 39.98697
1202140060 116.41106 39.98775
1202140362 116.41343 39.9929
1202140664 116.41352 39.9929
1202140966 116.41353 39.9929
1202141267 116.41353 39.9929
1202141569 116.41365 39.99307
1202141871 116.41365 39.99307
1202142173 116.41366 39.99303
1202142475 116.41366 39.99303
1202142776 116.41369 39.99301
1202143380 116.4178 39.98854
1202143682 116.41112 39.97993
1202143983 116.41164 39.96948
1202145545 116.39049 39.93204
1202145847 116.37741 39.92127
1202146148 116.37387 39.91307
1202146450 116.36969 39.91337
1202146752 116.36748 39.91039
1202147054 116.36748 39.90744
1202147355 116.3612 39.91068
1202147657 116.35835 39.91681
1202147959 116.35181 39.92235
1202148261 116.33712 39.92211
1202148864 116.33706 39.93107
1202149166 116.32329 39.9374
1202149468 116.30823 39.94442
1202149770 116.30679 39.95566
1202150072 116.31691 39.95545
1202150373 116.32133 39.93712
1202150675 116.34888 39.93635
1202150977 116.34902 39.93118
1202151279 116.37279 39.93151
1202151882 116.41516 39.93223
1202152184 116.41999 39.92358
1202152184 116.41999 39.92358
1202152486 116.42076 39.90842
1202152788 116.41844 39.90577
1202153023 116.41835 39.90659
1202153394 116.4218 39.90698
1202153696 116.46366 39.90356
1202153998 116.48642 39.92162
1202154299 116.49601 39.92579
1202154903 116.25668 39.86195
1202154903 116.47633 39.93268
1202155205 116.47198 39.92253
1202155506 116.47173 39.91002
1202155808 116.45778 39.90732
1202156412 116.44404 39.91216
1202156714 116.43606 39.90718
1202157015 116.43803 39.89132
1202157317 116.43284 39.86928
1202157619 116.4321 39.86459
1202157920 116.42435 39.86218
1202158222 116.42219 39.86198
1202158523 116.43026 39.86453
1202158825 116.43262 39.86464
1202158996 116.43487 39.86888
1202159303 116.43478 39.86888
1202159303 116.43478 39.86888
1202159303 116.43478 39.86888
1202160459 116.4376 39.86996
1202160761 116.4387 39.88949
1202161063 116.43513 39.90574
1202161365 116.44132 39.90602
1202162270 116.50629 39.92191
1202162572 116.50909 39.93357
1202163779 116.44621 39.92203
1202164081 116.4367 39.9212
1202164081 116.4367 39.9212
1202164383 116.43158 39.92276
1202164684 116.43418 39.92273
1202164986 116.42985 39.90337
1202165590 116.43302 39.86976
1202166193 116.39382 39.86526
1202166495 116.38213 39.88208
1202166797 116.37854 39.88195
1202167099 116.39477 39.89137
1202167401 116.40034 39.90652
1202167702 116.41991 39.90704
1202168004 116.44366 39.90684
1202168306 116.48429 39.90583
1202168608 116.47741 39.96072
1202168909 116.45699 39.98488
1202169211 116.45797 39.98754
1202169513 116.45816 39.98767
1202169815 116.45906 39.98723
1202170418 116.48377 39.93941
1202170720 116.48358 39.89927
1202171022 116.48981 39.87853
1202171324 116.50278 39.86615
1202171324 116.50278 39.86615
1202171626 116.48411 39.87488
1202171926 116.47147 39.876
1202172228 116.46058 39.87489
1202172530 116.47072 39.88304
1202172832 116.45571 39.89225
1202173134 116.44253 39.90243
1202173435 116.44202 39.90571
1202173737 116.61358 39.84582
1202174039 116.62544 39.84125
1202174341 116.6236 39.84235
1202174642 116.42889 39.9126
1202174944 116.40518 39.94775
1202175246 116.34132 39.93809
1202175548 116.31895 39.9465
1202176161 116.30313 39.93128
1202176453 116.30434 39.93167
1202176755 116.31884 39.94401
1202177057 116.3255 39.96612
1202178867 116.4036 39.96727
1202178867 116.4036 39.96727
1202179471 116.47373 39.9804
1202179773 116.50932 40.01288
1202180075 116.53207 40.0491
1202180376 116.55482 40.09793
1202180678 116.60516 40.11657
1202180980 116.66568 40.11469
1202181282 116.72878 40.12191
1202181584 116.78602 40.14583
1202181885 116.85161 40.14688
1202182187 116.89309 40.11492
1202182489 116.89179 40.11571
1202182844 116.89174 40.11572
1202182844 116.89174 40.11572
1202182844 116.89174 40.11572
1202182844 116.89174 40.11572
1202182844 116.89174 40.11572
1202182844 116.89174 40.11572
1202182844 116.89174 40.11572
1202182844 116.89174 40.11572
1202182844 116.89174 40.11572
1202182844 116.89174 40.11572
1202182844 116.89174 40.11572
1202182844 116.89174 40.11572
1202182844 116.89174 40.11572
1202182844 116.89174 40.11572
1202182844 116.89174 40.11572
1202182844 116.89174 40.11572
1202182844 116.89174 40.11572
1202182844 116.89174 40.11572
1202182844 116.89174 40.11572
1202182844 116.89174 40.11572
1202182844 116.89174 40.11572
1202182844 116.89174 40.11572
1202195768 116.8918 40.11573
1202196069 116.89577 40.11877
1202196371 116.89201 40.14291
1202196673 116.88235 40.15202
1202196975 116.90425 40.15244
1202197276 116.90879 40.15345
1202197578 116.91098 40.13204
1202197880 116.89191 40.11637
1202198182 116.86342 40.1336
1202198484 116.83018 40.15015
1202198785 116.77733 40.14388
1202199087 116.72952 40.12212
1202199389 116.68805 40.12066
1202199691 116.64664 40.11622
1202199993 116.59059 40.11691
1202200294 116.55533 40.10189
1202200898 116.52829 40.04249
1202201200 116.51256 40.01736
1202201200 116.51256 40.01736
1202201501 116.4955 40.00095
1202201803 116.4674 39.99729
1202202105 116.44192 39.99366
1202202407 116.44168 39.99316
1202202709 116.41996 39.98782
1202203010 116.41125 39.99714
1202203312 116.41119 40.00055
1202203613 116.39315 39.98708
1202203915 116.3685 39.98646
1202204217 116.36335 39.98137
1202204518 116.36363 39.96681
1202205122 116.304 39.9301
1202205424 116.30403 39.89683
1202206329 116.3158 39.90975
1202206634 116.32272 39.90651
1202206804 116.31845 39.90649
1202207110 116.31851 39.90648
1202207665 116.31853 39.90649
1202207967 116.31853 39.90649
1202208269 116.31853 39.90649
1202208570 116.31864 39.90648
1202208872 116.30183 39.90682
1202209174 116.30475 39.87937
1202209476 116.30015 39.88099
1202209778 116.30515 39.89501
1202210079 116.3156 39.89602
1202210380 116.31993 39.90607
1202210682 116.33374 39.90597
1202210984 116.34428 39.90593
1202211285 116.36461 39.9058
1202211587 116.36513 39.90582
1202211889 116.36715 39.90581
1202212191 116.37457 39.90587
1202212493 116.39463 39.90636
1202212794 116.40547 39.9001
1202212794 116.40547 39.9001
1202213096 116.42702 39.8993
1202213700 116.45505 39.88408
1202214002 116.45556 39.89356
1202214303 116.45685 39.90648
1202214985 116.44983 39.90712
1202215569 116.4399 39.87832
1202216172 116.34368 39.86788
1202217320 116.34187 39.86495
1202217621 116.32761 39.8294
1202217923 116.29928 39.83926
1202218225 116.28936 39.84159
1202218527 116.30615 39.83558
1202218829 116.33979 39.82967
1202219130 116.35332 39.84715
1202219432 116.35339 39.84967
1202219734 116.35335 39.8503
1202220036 116.35321 39.85011
1202220337 116.35321 39.85011
1202220337 116.35321 39.85011
1202220639 116.35321 39.85008
1202220941 116.35321 39.84588
1202221545 116.35907 39.83433
1202222148 116.40717 39.8555
1202222450 116.41414 39.86077
1202222752 116.4247 39.8569
1202223054 116.44428 39.85849
1202224471 116.50707 39.82042
1202224773 116.48168 39.84405
1202225073 116.46863 39.85692
1202225377 116.45408 39.86576
1202225677 116.45533 39.87772
1202225980 116.45533 39.87772
1202226281 116.45522 39.87776
1202226584 116.45522 39.87776
1202226884 116.45521 39.8806
1202228393 116.40827 39.93211
1202228997 116.37435 39.93163
1202229902 116.35031 39.91002
1202230204 116.33805 39.90592
1202231109 116.30464 39.9079
1202232330 116.3071 40.02484
1202232618 116.30967 40.03431
1202233223 116.31203 40.01227
1202233827 116.31008 39.98286
1202234127 116.31031 39.98058
1202234431 116.31964 39.9749
1202234731 116.33096 39.97509
1202235061 116.35445 39.97519
1202235636 116.35941 39.97353
1202236240 116.37197 39.97884
1202236541 116.36474 39.97537
1202236843 116.36134 39.97533
1202237145 116.35561 39.97527
1202237447 116.35858 39.97513
1202237447 116.35858 39.97513
1202238050 116.34918 39.9665
1202238352 116.30262 39.96148
1202238654 116.29871 39.96713
1202238955 116.30267 39.95627
1202239256 116.30328 39.94904
1202239558 116.30378 39.93158
1202240162 116.31136 39.90614
1202240464 116.32275 39.90043
1202240765 116.31369 39.89848
1202241067 116.31331 39.89895
1202241369 116.32134 39.899
1202241671 116.32453 39.90091
1202242274 116.36756 39.90571
1202242576 116.39801 39.90644
1202242878 116.42058 39.90483
1202243180 116.41387 39.90017
1202243885 116.4077 39.89965
1202244187 116.40608 39.89183
1202244488 116.38876 39.88221
1202244790 116.37962 39.88197
1202245092 116.3913 39.88963
1202245394 116.42238 39.89205
1202245696 116.4382 39.8961
1202245997 116.43253 39.90183
1202246299 116.42879 39.92234
1202246601 116.43749 39.93175
1202246903 116.43109 39.93246
1202247205 116.42797 39.94467
1202247506 116.42797 39.94467
1202247808 116.41814 39.94835
1202248110 116.38981 39.94777
1202248412 116.36582 39.94766
1202248713 116.38228 39.95006
1202249015 116.37001 39.94768
1202249317 116.3647 39.95875
1202249619 116.37543 39.97117
1202249921 116.37536 39.97431
1202249921 116.37536 39.97431
1202250222 116.36748 39.96688
1202250524 116.37116 39.94985
1202250825 116.36493 39.95634
1202251127 116.35546 39.96664
1202251429 116.332 39.97411
1202251730 116.34428 39.97531
1202252032 116.36363 39.98592
1202252334 116.37527 39.99644
1202252636 116.37128 39.99292
1202252937 116.37107 39.99595
1202253239 116.38106 39.98828
1202253843 116.39569 39.96912
1202254145 116.39559 39.97536
1202254446 116.40145 39.98908
1202254748 116.4018 39.99346
1202255050 116.40131 39.97075
1202255352 116.40234 39.94729
1202255654 116.42743 39.933
1202255955 116.44073 39.93222
1202256257 116.43402 39.9324
1202256559 116.43654 39.93965
1202256861 116.42819 39.93391
1202257163 116.41368 39.94813
1202257163 116.41368 39.94813
1202257464 116.40365 39.93954
1202257766 116.40182 39.95727
1202258068 116.40122 39.97533
1202258671 116.39059 39.96746
1202258973 116.36388 39.96628
1202259275 116.36564 39.94752
1202259577 116.37144 39.9314
1202259879 116.367 39.92835
1202260180 116.35019 39.93107
1202260482 116.35017 39.91279
1202260784 116.34668 39.90604
1202261086 116.34656 39.9108
1202261388 116.34658 39.91097
1202261991 116.34657 39.91105
1202262293 116.34661 39.91117
1202262595 116.34764 39.91254
1202262896 116.37608 39.90579
1202263198 116.42114 39.90697
1202263500 116.44428 39.90761
1202264104 116.45567 39.926
1202264405 116.43771 39.93238
1202264706 116.43767 39.93177
1202264706 116.43767 39.93177
1202265008 116.44075 39.9323
1202265310 116.42823 39.92236
1202265612 116.4394 39.88079
1202265913 116.41523 39.86525
1202266215 116.41498 39.87602
1202266517 116.43565 39.88302
1202266819 116.42878 39.91304
1202267121 116.44382 39.93983
1202267422 116.4622 39.9689
1202267724 116.47823 39.98198
1202268026 116.50168 40.00601
1202268328 116.5183 40.02567
1202268629 116.54077 40.05678
1202268931 116.55472 40.09747
1202269233 116.5832 40.1169
1202269535 116.64436 40.11618
1202269837 116.69398 40.12408
1202270138 116.74899 40.13262
1202270440 116.80831 40.14803
1202270440 116.80831 40.14803
1202270742 116.8632 40.15215
1202271044 116.88238 40.153
1202271464 116.88237 40.153
1202271464 116.88237 40.153
1202271464 116.88237 40.153
1202271464 116.88237 40.153
1202271464 116.88237 40.153
1202271464 116.88237 40.153
1202271464 116.88237 40.153
1202271464 116.88237 40.153
1202271464 116.88237 40.153
1202271464 116.88237 40.153
1202271464 116.88237 40.153
1202286198 116.88237 40.153
1202286499 116.88237 40.153
1202286801 116.89266 40.14148
1202287102 116.89682 40.1236
1202287404 116.89193 40.11632
1202287706 116.89107 40.11671
1202288008 116.90554 40.1263
1202288310 116.90741 40.15236
1202288611 116.90789 40.15241
1202288913 116.89012 40.14674
1202289215 116.89473 40.11561
1202289387 116.89175 40.11573
1202289693 116.89174 40.1157
1202289693 116.89174 40.1157
1202289970 116.89172 40.11568
1202290059 116.89176 40.11569
1202290060 116.89176 40.11569
1202290201 116.89181 40.11568
1202290201 116.89181 40.11568
1202290201 116.89181 40.11568
1202290201 116.89181 40.11568
1202290201 116.89181 40.11568
1202291959 116.89174 40.11572
1202292261 116.88064 40.11712
1202292261 116.88064 40.11712
1202292563 116.87909 40.09101
1202292865 116.87953 40.08398
1202293167 116.87729 40.07604
1202293468 116.88124 40.05673
1202293770 116.86587 40.04469
1202294072 116.86709 40.0287
1202294445 116.85706 39.99962
1202294746 116.85704 40.00081
1202295048 116.88776 40.00751
1202295350 116.89665 40.02686
1202295652 116.90201 40.04017
1202296180 116.89985 40.03934
1202296180 116.89985 40.03934
1202297008 116.90172 40.03957
1202297338 116.9027 40.04614
1202297640 116.89736 40.05338
1202297942 116.88049 40.06319
1202298312 116.87912 40.09056
1202298614 116.89313 40.11537
1202298916 116.89185 40.11603
1202299061 116.89185 40.11603
1202299383 116.8917 40.11601
1202299383 116.8917 40.11601
1202299383 116.8917 40.11601
1202299383 116.8917 40.11601
1202299383 116.8917 40.11601
1202299383 116.8917 40.11601
1202299383 116.8917 40.11601
1202299383 116.8917 40.11601
1202299383 116.8917 40.11601
1202299383 116.8917 40.11601
1202299383 116.8917 40.11601
1202299383 116.8917 40.11601
1202299383 116.8917 40.11601
1202299383 116.8917 40.11601
1202299383 116.8917 40.11601
1202299383 116.8917 40.11601
1202299383 116.8917 40.11601
1202299383 116.8917 40.11601
1202299383 116.8917 40.11601
1202299383 116.8917 40.11601
1202299383 116.8917 40.11601
1202299383 116.8917 40.11601
1202299383 116.8917 40.11601
1202320756 116.89476 40.11556
1202321057 116.89432 40.11427
1202321359 116.89661 40.1037
1202321661 116.93285 40.0895
1202321963 116.93172 40.08989
1202322265 116.89435 40.11437
1202322566 116.89435 40.11437
1202322798 116.89449 40.11431
1202323104 116.89461 40.11429
1202323104 116.89461 40.11429
1202323104 116.89461 40.11429
1202323104 116.89461 40.11429
1202323104 116.89461 40.11429
1202323104 116.89461 40.11429
1202323104 116.89461 40.11429
1202323104 116.89461 40.11429
1202323104 116.89461 40.11429
1202323104 116.89461 40.11429
1202323104 116.89461 40.11429
1202323104 116.89461 40.11429
1202323104 116.89461 40.11429
1202323104 116.89461 40.11429
1202323104 116.89461 40.11429
1202323104 116.89461 40.11429
1202323104 116.89461 40.11429
1202323104 116.89461 40.11429
1202323104 116.89461 40.11429
1202323104 116.89461 40.11429
1202323104 116.89461 40.11429
1202323104 116.89461 40.11429
1202323104 116.89461 40.11429
1202374351 116.89488 40.11603
1202374653 116.89838 40.13322
1202374955 116.88238 40.152
1202375256 116.90446 40.15239
1202375558 116.90383 40.15176
1202376162 116.87781 40.11849
1202376464 116.84917 40.14962
1202376765 116.8186 40.14873
1202377067 116.76237 40.13987
1202377369 116.7151 40.12173
1202377671 116.66698 40.11466
1202377973 116.60997 40.11656
1202378273 116.5587 40.11271
1202378575 116.55156 40.07906
1202379179 116.51592 40.02234
1202379481 116.49427 39.99982
1202379782 116.47968 39.98589
1202380084 116.46237 39.97029
1202380386 116.44171 39.96097
1202380688 116.41259 39.96812
1202380989 116.39132 39.96765
1202381291 116.39132 39.96765
1202381291 116.39132 39.96765
1202381895 116.36443 39.96056
1202382197 116.3664 39.93966
1202382498 116.36724 39.92091
1202382800 116.3678 39.90625
1202383102 116.36816 39.88853
1202383404 116.36807 39.86917
1202383706 116.36606 39.85921
1202384309 116.39409 39.84608
1202384611 116.39946 39.83547
1202384913 116.39542 39.85352
1202385214 116.44697 39.8602
1202385516 116.45562 39.90246
1202385818 116.51442 39.90672
1202386120 116.52025 39.9128
1202386422 116.46772 39.90704
1202386723 116.45502 39.8928
1202387025 116.45552 39.88603
1202387330 116.45561 39.89176
1202387631 116.46248 39.8958
1202387933 116.45604 39.90482
1202388235 116.49733 39.9067
1202388537 116.51995 39.91546
1202388537 116.51995 39.91546
1202388839 116.5405 39.91487
1202389140 116.54764 39.91795
1202389442 116.54317 39.91495
1202389744 116.54317 39.91495
1202390046 116.54131 39.915
1202390347 116.52135 39.91603
1202390649 116.49637 39.9148
1202390951 116.48703 39.91572
1202391253 116.46785 39.9147
1202391555 116.45589 39.92116
1202392158 116.44909 39.95179
1202392460 116.44924 39.94146
1202392762 116.46819 39.94276
1202393064 116.47733 39.93234
1202393365 116.48156 39.93226
1202393667 116.48156 39.93226
1202393969 116.48072 39.92173
1202394271 116.4722 39.9318
1202394572 116.45587 39.94747
1202394874 116.44133 39.96125
1202395176 116.4131 39.96799
1202395478 116.40217 39.96722
1202395780 116.45553 39.94969
1202396081 116.45517 39.93064
1202396081 116.45517 39.93064
1202396383 116.46615 39.91451
1202396684 116.48518 39.91365
1202396986 116.48608 39.91008
1202397288 116.47244 39.91446
1202397589 116.45613 39.91782
1202397891 116.4549 39.87518
1202398193 116.39889 39.85576
1202398495 116.32696 39.84766
1202398797 116.3044 39.89146
1202399098 116.31666 39.89538
1202399400 116.31502 39.88797
1202399702 116.32986 39.88332
1202400004 116.32054 39.87929
1202400305 116.33394 39.87184
1202400607 116.33767 39.87227
1202400909 116.34314 39.87614
1202401513 116.35313 39.88773
1202401814 116.35732 39.89725
1202402116 116.36763 39.90544
1202402418 116.36825 39.89462
1202402720 116.36843 39.89591
1202403022 116.36801 39.90515
1202403323 116.36721 39.92184
1202403323 116.36721 39.92184
1202403625 116.36221 39.93116
1202403927 116.34993 39.91727
1202404530 116.34674 39.91203
1202404832 116.34721 39.92654
1202405134 116.34987 39.93134
1202405436 116.34847 39.96586
1202405738 116.35797 39.98561
1202406341 116.39877 39.98669
1202406643 116.40115 39.99075
1202406945 116.40164 39.99338
1202407551 116.39481 39.98716
1202407852 116.37035 39.98681
1202408154 116.36834 39.9806
1202408566 116.36886 39.98051
1202408566 116.36886 39.98051
1202408988 116.3694 39.98058
1202409294 116.36951 39.9806
1202409294 116.36951 39.9806
1202409294 116.36951 39.9806
1202409294 116.36951 39.9806
1202410753 116.36354 39.97815
1202411054 116.34907 39.97524
1202411356 116.32047 39.97499
1202411658 116.30061 39.97449
1202411960 116.29427 39.97313
1202412262 116.30401 39.93454
1202412563 116.29604 39.90642
1202412865 116.3085 39.91001
1202413167 116.31893 39.90653
1202413469 116.31508 39.90112
1202413770 116.31451 39.89497
1202413770 116.31451 39.89497
1202414072 116.31712 39.89597
1202414374 116.32277 39.90819
1202414676 116.31895 39.90651
1202414978 116.30616 39.90731
1202415279 116.29786 39.92297
1202415581 116.27725 39.92326
1202415883 116.27888 39.92435
1202416185 116.29451 39.92262
1202416487 116.30396 39.9121
1202416788 116.32133 39.90609
1202417090 116.3432 39.9127
1202417392 116.34997 39.9275
1202417694 116.38086 39.94747
1202417995 116.4007 39.9577
1202418297 116.38906 39.95774
1202418599 116.39633 39.94747
1202418901 116.40873 39.93957
1202419203 116.40567 39.94793
1202419504 116.40136 39.9664
1202419806 116.3956 39.97121
1202420108 116.35789 39.96645
1202420410 116.30243 39.95803
1202420712 116.29961 39.94286
1202421013 116.29282 39.95793
1202421013 116.29282 39.95793
1202421315 116.30412 39.96156
1202421617 116.30373 39.94455
1202421919 116.26849 39.94558
1202422220 116.26855 39.93563
1202422522 116.27895 39.95838
1202423126 116.28233 39.95218
1202423886 116.28233 39.95207
1202424187 116.28233 39.95209
1202424489 116.28233 39.95209
1202424791 116.28231 39.95608
1202424791 116.28231 39.95608
1202425093 116.28699 39.95839
1202425395 116.30432 39.94
1202425696 116.31697 39.95791
1202425998 116.32959 39.96616
1202426300 116.34743 39.98431
1202426602 116.33436 39.99145
1202426903 116.33446 39.9892
1202427205 116.35012 39.98537
1202427507 116.36375 39.9693
1202427809 116.36571 39.94734
1202428111 116.35063 39.94287
1202428412 116.3462 39.9392
1202428713 116.34772 39.9311
1202429015 116.32175 39.93118
1202429317 116.31441 39.93771
1202429619 116.33655 39.93719
1202429920 116.34313 39.9462
1202430222 116.34539 39.94957
1202431868 116.34544 40.02459
1202432164 116.33615 40.03822
1202432768 116.34519 40.03472
1202433372 116.34772 40.01997
1202433673 116.375 39.97461
1202433991 116.40356 39.96753
1202434277 116.45023 39.95485
1202434579 116.42275 39.96836
1202435182 116.45379 39.9614
1202436088 116.54433 40.05933
1202438755 116.88237 40.15299
1202438755 116.88237 40.15299
1202438755 116.88237 40.15299
1202438755 116.88237 40.15299
1202438755 116.88237 40.15299
1202438755 116.88237 40.15299
1202438755 116.88237 40.15299
1202438755 116.88237 40.15299
1202438755 116.88237 40.15299
1202438755 116.88237 40.15299
1202438755 116.88237 40.15299
1202438755 116.88237 40.15299
1202438755 116.88237 40.15299
1202438755 116.88237 40.15299
1202438755 116.88237 40.15299
1202438755 116.88237 40.15299
1202438755 116.88237 40.15299
1202438755 116.88237 40.15299
1202438755 116.88237 40.15299
1202438755 116.88237 40.15299
1202438755 116.88237 40.15299
1202438755 116.88237 40.15299
1202438755 116.88237 40.15299
1202464051 116.88237 40.15303
1202464352 116.88237 40.15303
1202464654 116.89286 40.14101
1202464956 116.8961 40.12013
1202465258 116.89542 40.11777
1202465559 116.90548 40.14345
1202465860 116.90874 40.15332
1202466162 116.88232 40.15196
1202466464 116.90108 40.12619
1202466718 116.89169 40.11564
1202467071 116.8917 40.11566
1202467372 116.90939 40.13392
1202467674 116.89645 40.17721
1202467976 116.86589 40.21079
1202468278 116.86089 40.23163
1202468579 116.86089 40.23163
1202468579 116.86089 40.23163
1202468881 116.84287 40.22693
1202469183 116.8417 40.22845
1202469485 116.84314 40.22699
1202469789 116.84169 40.2283
1202470091 116.86567 40.22431
1202470695 116.92284 40.17524
1202471107 116.92226 40.17539
1202471107 116.92226 40.17539
1202471107 116.92226 40.17539
1202471107 116.92226 40.17539
1202472564 116.93782 40.15306
1202472866 116.9502 40.15154
1202473014 116.9502 40.15154
1202473343 116.95015 40.15155
1202473343 116.95015 40.15155
1202474199 116.9512 40.15062
1202474500 116.90494 40.14653
1202474802 116.89505 40.11669
1202475465 116.89479 40.11579
1202475767 116.89479 40.11579
1202475942 116.89372 40.11507
1202476249 116.89373 40.11513
1202476249 116.89373 40.11513
1202476249 116.89373 40.11513
1202476249 116.89373 40.11513
1202476249 116.89373 40.11513
1202476249 116.89373 40.11513
1202476249 116.89373 40.11513
1202476249 116.89373 40.11513
1202476249 116.89373 40.11513
1202476249 116.89373 40.11513
1202476249 116.89373 40.11513
1202476249 116.89373 40.11513
1202476249 116.89373 40.11513
1202476249 116.89373 40.11513
1202476249 116.89373 40.11513
1202476249 116.89373 40.11513
1202476249 116.89373 40.11513
1202476249 116.89373 40.11513
1202476249 116.89373 40.11513
1202476249 116.89373 40.11513
1202476249 116.89373 40.11513
1202476249 116.89373 40.11513
1202476249 116.89373 40.11513
1202485551 116.89373 40.11519
1202485853 116.89373 40.11519
1202486155 116.87824 40.11759
1202486456 116.87957 40.084
1202486758 116.87957 40.084
1202487060 116.88066 40.06261
1202487348 116.87948 40.05445
1202487350 116.87948 40.05445
1202487364 116.87948 40.05445
1202487805 116.87948 40.05439
1202488356 116.88086 40.05852
1202488775 116.87886 40.05847
1202488775 116.87886 40.05847
1202488775 116.87886 40.05847
1202488775 116.87886 40.05847
1202488775 116.87886 40.05847
1202490534 116.87931 40.0586
1202490835 116.87933 40.08732
1202491137 116.88095 40.09821
1202491439 116.89174 40.1155
1202491741 116.89173 40.11569
1202492043 116.89173 40.11569
1202492344 116.87816 40.11607
