UTS Latitude Longitude
1201959388 116.4049 39.91556
1201959688 116.40671 39.91426
1201959988 116.40662 39.91437
1201960288 116.40486 39.91611
1201960588 116.40286 39.92638
1201961188 116.40375 39.95227
1201961488 116.40378 39.9522
1201961788 116.40382 39.9523
1201962088 116.41061 39.95784
1201962688 116.41071 39.93438
1201962988 116.41104 39.92565
1201963288 116.41153 39.91905
1201963588 116.42005 39.91987
1201963888 116.41142 39.91802
1201964488 116.40847 39.9396
1201964788 116.40171 39.9589
1201965088 116.4013 39.97409
1201965388 116.38139 39.98668
1201965688 116.34669 39.99209
1201965988 116.34696 39.9878
1201966288 116.3612 39.9753
1201966588 116.36427 39.96209
1201966588 116.36427 39.96209
1201966888 116.36557 39.94854
1201967188 116.36577 39.94724
1201967788 116.42533 39.94807
1201968088 116.46333 39.97034
1201968388 116.47563 39.98234
1201968688 116.45877 39.96706
1201968988 116.44055 39.96135
1201969288 116.43474 39.94771
1201969588 116.43661 39.94644
1201969888 116.42822 39.94006
1201970188 116.42782 39.94408
1201970488 116.41926 39.95167
1201970788 116.41413 39.95569
1201971088 116.41224 39.95762
1201971387 116.40161 39.95741
1201971987 116.40231 39.93769
1201972287 116.40236 39.93556
1201972587 116.40252 39.93391
1201972887 116.3905 39.93221
1201973187 116.36672 39.93099
1201973487 116.36724 39.92076
1201973787 116.36737 39.91599
1201974387 116.3677 39.90405
1201974687 116.37351 39.90574
1201974987 116.38421 39.90597
1201975287 116.39497 39.90628
1201975592 116.41029 39.90676
1201975887 116.42961 39.90365
1201976187 116.48633 39.90706
1201976811 116.45125 39.97822
1201977087 116.461 39.98968
1201977387 116.46609 39.98996
1201977687 116.48633 39.99167
1201977987 116.51667 40.02313
1201978287 116.53328 40.05087
1201978587 116.557 40.06518
1201978887 116.56108 40.06552
1201979187 116.56109 40.06553
1201979487 116.56115 40.06552
1201979787 116.56108 40.06554
1201980087 116.56109 40.06554
1201980387 116.5611 40.06552
1201980687 116.5611 40.06554
1201980987 116.56107 40.06553
1201981287 116.56263 40.06861
1201981587 116.56537 40.07157
1201981887 116.56487 40.07148
1201982187 116.56489 40.0715
1201982487 116.56491 40.07149
1201982788 116.36616 39.91321
1201982788 116.36616 39.91321
1201983087 116.56489 40.07148
1201983386 116.56489 40.0715
1201983686 116.5649 40.07152
1201983986 116.56489 40.07152
1201983986 116.56489 40.07152
1201984586 116.56488 40.07154
1201984886 116.56489 40.07153
1201985186 116.56489 40.07151
1201985486 116.56488 40.07151
1201985786 116.56488 40.07151
1201986086 116.56418 40.07142
1201986386 116.56309 40.06627
1201986686 116.57463 40.06295
1201986986 116.57461 40.06297
1201987286 116.58273 40.06199
1201987586 116.5824 40.06417
1201987886 116.58192 40.06692
1201988186 116.5819 40.06696
1201988486 116.58193 40.06696
1201988786 116.58184 40.06737
1201989086 116.58151 40.06955
1201989386 116.58122 40.07135
1201989986 116.58098 40.07254
1201990286 116.58151 40.07655
1201990586 116.58156 40.07647
1201990886 116.58326 40.07611
1201991186 116.58735 40.07776
1201991486 116.58467 40.0777
1201991786 116.57285 40.04106
1201992086 116.5004 40.0036
1201992386 116.4487 39.97971
1201992686 116.38827 39.98677
1201992686 116.38827 39.98677
1201992986 116.32787 39.98505
1201993286 116.31405 39.98782
1201993586 116.3143 39.98415
1201993886 116.34753 39.97642
1201994186 116.36353 39.97715
1201994486 116.36486 39.95561
1201994786 116.34841 39.93922
1201995086 116.32755 39.93682
1201995385 116.36459 39.94681
1201995685 116.36876 39.94098
1201995985 116.36546 39.95069
1201996285 116.371 39.95481
1201996585 116.36416 39.9661
1201996885 116.4142 39.96778
1201997185 116.45338 39.96091
1201997485 116.47601 39.9824
1201997785 116.49721 40.00238
1201998085 116.52409 40.03411
1201998385 116.54962 40.06661
1201998685 116.56661 40.07038
1201999285 116.5664 40.07208
1201999585 116.56643 40.07205
1201999885 116.56645 40.07206
1202000485 116.56225 40.0698
1202000785 116.56224 40.06966
1202001385 116.56228 40.06958
1202001385 116.56228 40.06958
1202001685 116.58305 40.06015
1202002285 116.58193 40.06698
1202002585 116.58183 40.0677
1202002885 116.58163 40.06885
1202003185 116.58124 40.07115
1202003485 116.58042 40.07617
1202003785 116.58492 40.07667
1202004071 116.58757 40.07748
1202004985 116.46039 39.96747
1202005359 116.38471 39.96712
1202006185 116.4391 39.96242
1202006485 116.49482 39.99841
1202006785 116.57678 40.04492
1202007085 116.58602 40.07684
1202007369 116.58715 40.07744
1202007684 116.58353 40.07664
1202007984 116.55333 40.0291
1202008284 116.47511 39.98074
1202008584 116.40925 39.98735
1202008884 116.33209 39.98506
1202009184 116.26846 39.96569
1202009484 116.25855 39.9231
1202009784 116.25204 39.9164
1202010684 116.27741 39.91226
1202010984 116.30245 39.90618
1202011585 116.38702 39.90605
1202012184 116.40645 39.91408
1202012484 116.40652 39.91418
1202012784 116.40661 39.91415
1202013384 116.40639 39.91403
1202013684 116.40635 39.91404
1202013984 116.4064 39.91403
1202014284 116.40649 39.91415
1202014584 116.40658 39.91403
1202014884 116.4065 39.91403
1202015184 116.40649 39.91401
1202015484 116.40662 39.91409
1202015784 116.40657 39.9141
1202016084 116.40653 39.91406
1202016384 116.40654 39.91409
1202016684 116.40665 39.9142
1202016984 116.40664 39.91417
1202017284 116.4067 39.91413
1202017584 116.40642 39.91381
1202017884 116.40664 39.91411
1202018184 116.40646 39.91396
1202018484 116.4062 39.91378
1202018784 116.40646 39.91397
1202018784 116.40646 39.91397
1202019084 116.40645 39.91398
1202019384 116.40656 39.91398
1202019683 116.40658 39.91408
1202019983 116.40657 39.91411
1202020283 116.40655 39.91408
1202020583 116.40649 39.91404
1202020883 116.40641 39.91406
1202021183 116.4063 39.91407
1202021483 116.40645 39.91405
1202021783 116.40645 39.91413
1202022083 116.4065 39.91413
1202022383 116.39555 39.91371
1202022683 116.40041 39.90733
1202022983 116.37022 39.90595
1202023283 116.3701 39.90531
1202023583 116.40685 39.90661
1202023883 116.4104 39.9142
1202024183 116.40655 39.9143
1202024483 116.40658 39.91429
1202024783 116.40671 39.9139
1202025083 116.40678 39.91399
1202025383 116.40677 39.91408
1202025983 116.40673 39.91407
1202026283 116.40678 39.91411
1202026583 116.4067 39.91401
1202026883 116.40665 39.91403
1202027783 116.40634 39.9141
1202028083 116.40657 39.91405
1202028382 116.40639 39.91403
1202028681 116.40632 39.9141
1202028983 116.40631 39.914
1202029283 116.40623 39.91394
1202029583 116.40636 39.91404
1202029883 116.40639 39.91411
1202030783 116.40637 39.91415
1202031083 116.40638 39.91414
1202031383 116.40637 39.91415
1202031683 116.40642 39.91411
1202031982 116.40639 39.91416
1202032282 116.40646 39.91409
1202032582 116.40645 39.91402
1202032882 116.40646 39.91416
1202033182 116.40644 39.91398
1202033482 116.40638 39.91414
1202033782 116.41531 39.9229
1202034082 116.42808 39.93064
1202034382 116.45659 39.96381
1202034682 116.48132 39.98728
1202034982 116.51229 40.01664
1202035282 116.52754 40.04054
1202035582 116.54896 40.06429
1202036071 116.56219 40.07001
1202036357 116.56669 40.07046
1202036657 116.56441 40.07214
1202036957 116.5644 40.07213
1202037257 116.56443 40.07211
1202037557 116.56442 40.07215
1202037857 116.56443 40.07219
1202038157 116.56441 40.07212
1202038457 116.56441 40.07213
1202038756 116.56439 40.07218
1202039056 116.5644 40.07217
1202039356 116.56439 40.07214
1202039656 116.5644 40.07211
1202039956 116.5644 40.07211
1202039956 116.5644 40.07211
1202040256 116.5644 40.07208
1202040856 116.56443 40.07207
1202041156 116.56441 40.07208
1202041756 116.5644 40.07204
1202042056 116.5644 40.07205
1202042356 116.5644 40.07208
1202042956 116.56414 40.07108
1202043256 116.56328 40.06607
1202043556 116.56323 40.06535
1202043835 116.5633 40.06527
1202043847 116.5633 40.06527
1202044156 116.57959 40.06245
1202044456 116.58276 40.06159
1202044756 116.58283 40.06156
1202045056 116.58239 40.06401
1202045356 116.58214 40.06584
1202045656 116.58095 40.07286
1202045956 116.58049 40.07558
1202046256 116.5818 40.07623
1202046556 116.58347 40.07568
1202046856 116.58459 40.07665
1202047153 116.58748 40.07752
1202047756 116.58287 40.05851
1202048056 116.58203 40.07477
1202048345 116.58739 40.07742
1202048627 116.58739 40.07742
1202048956 116.58269 40.06482
1202049256 116.5431 40.02588
1202049556 116.47686 39.98234
1202049856 116.43544 39.96483
1202050156 116.40694 39.96785
1202050456 116.37578 39.96686
1202050756 116.35508 39.95556
1202051055 116.35503 39.95188
1202051355 116.35486 39.95185
1202051655 116.36555 39.94786
1202051955 116.38966 39.94754
1202052255 116.44256 39.95116
1202052555 116.47157 39.9784
1202052855 116.49988 40.00452
1202053155 116.50559 40.01091
1202053455 116.50562 40.01092
1202053755 116.50564 40.01085
1202054055 116.50563 40.01087
1202054355 116.50557 40.01093
1202054655 116.50564 40.01086
1202054955 116.50561 40.0109
1202055555 116.50564 40.01089
1202055855 116.50563 40.0109
1202056155 116.50564 40.0109
1202056455 116.50563 40.01085
1202056755 116.50565 40.01086
1202057055 116.50564 40.01089
1202057355 116.50561 40.01089
1202057355 116.50561 40.01089
1202057655 116.50559 40.01092
1202057955 116.50557 40.01093
1202058255 116.5056 40.01095
1202058555 116.50557 40.01098
1202058855 116.50554 40.01093
1202059155 116.5056 40.01092
1202059455 116.50568 40.01095
1202059755 116.50556 40.01081
1202060055 116.50551 40.01093
1202060355 116.50561 40.01091
1202060655 116.5056 40.01093
1202060955 116.50564 40.01093
1202061255 116.50559 40.01093
1202061555 116.50561 40.01092
1202061855 116.50556 40.01091
1202062155 116.50559 40.01093
1202062455 116.50556 40.01094
1202062754 116.50559 40.01091
1202063054 116.50563 40.01088
1202063354 116.50557 40.01088
1202063654 116.50557 40.01092
1202063954 116.50556 40.01086
1202064254 116.50558 40.01087
1202064554 116.50557 40.0109
1202064854 116.50558 40.0109
1202065154 116.50555 40.01091
1202065454 116.50558 40.01083
1202065754 116.50559 40.01089
1202066054 116.50562 40.01092
1202066054 116.50562 40.01092
1202066354 116.50562 40.01095
1202066654 116.50562 40.01089
1202066954 116.50557 40.0109
1202067254 116.50552 40.01087
1202067554 116.50561 40.01094
1202067854 116.5056 40.0109
1202068154 116.50558 40.01095
1202068454 116.50559 40.01097
1202068754 116.5056 40.01094
1202069054 116.50562 40.01099
1202069354 116.50559 40.01097
1202069654 116.50561 40.01095
1202069954 116.5056 40.01092
1202070254 116.50554 40.01096
1202070554 116.5056 40.01099
1202070854 116.50559 40.01094
1202071154 116.5056 40.0109
1202071454 116.50558 40.01095
1202071754 116.50556 40.01097
1202072054 116.50557 40.01096
1202072354 116.50555 40.01095
1202072654 116.50556 40.01095
1202073255 116.50556 40.01097
1202073554 116.50562 40.01094
1202074154 116.50562 40.01097
1202074454 116.51497 40.02052
1202074754 116.53776 40.05534
1202074754 116.53776 40.05534
1202075054 116.55491 40.09845
1202075353 116.58151 40.11683
1202075953 116.68304 40.11651
1202076253 116.74504 40.12926
1202076553 116.81149 40.14834
1202076853 116.87432 40.15181
1202077453 116.95931 40.14956
1202077753 116.95331 40.1867
1202078053 116.94828 40.19239
1202078353 116.94831 40.19239
1202078653 116.94828 40.19245
1202078953 116.94825 40.1924
1202079253 116.94822 40.19239
1202079553 116.94829 40.19236
1202079853 116.94828 40.1924
1202080153 116.94826 40.19237
1202080453 116.94834 40.19242
1202081053 116.9483 40.19246
1202081353 116.9483 40.19242
1202081653 116.94972 40.19175
1202081953 116.94972 40.19176
1202082253 116.94972 40.19176
1202082553 116.94972 40.19176
1202082853 116.94967 40.19172
1202083153 116.94964 40.19171
1202083453 116.94972 40.1917
1202083453 116.94972 40.1917
1202083753 116.94971 40.19171
1202083753 116.94971 40.19171
1202084053 116.9497 40.19171
1202084353 116.9497 40.19174
1202084653 116.94964 40.19175
1202084953 116.94969 40.19174
1202085253 116.94967 40.19174
1202085553 116.9497 40.19174
1202085853 116.94969 40.19176
1202086153 116.94967 40.19172
1202086453 116.94964 40.19171
1202087053 116.94971 40.19171
1202087353 116.94973 40.19175
1202087652 116.94972 40.19171
1202087952 116.94972 40.19173
1202088252 116.9497 40.19174
1202088552 116.94973 40.19171
1202088852 116.94971 40.1917
1202089152 116.94972 40.19172
1202089752 116.94971 40.19172
1202090052 116.94969 40.19173
1202090352 116.94971 40.19172
1202090652 116.94968 40.19175
1202091552 116.94969 40.19173
1202091852 116.94971 40.19175
1202092152 116.94968 40.19174
1202092452 116.94968 40.19174
1202092452 116.94968 40.19174
1202092752 116.94968 40.19174
1202093052 116.94969 40.19173
1202093352 116.94972 40.19174
1202093652 116.94969 40.19172
1202093952 116.94968 40.19172
1202094252 116.94967 40.19176
1202094552 116.94968 40.19172
1202094852 116.94974 40.19171
1202095152 116.94967 40.19181
1202095452 116.9497 40.19173
1202095752 116.94972 40.19173
1202096052 116.9497 40.19175
1202096352 116.9497 40.19175
1202096652 116.94968 40.19175
1202096952 116.94969 40.19176
1202097252 116.94972 40.19176
1202097552 116.94971 40.19173
1202097852 116.9497 40.19172
1202098152 116.94971 40.19172
1202098452 116.94973 40.19174
1202098752 116.94975 40.1917
1202099052 116.94968 40.19176
1202099352 116.94967 40.19175
1202099652 116.94968 40.19175
1202099952 116.94972 40.19175
1202100251 116.94977 40.19171
1202100551 116.94969 40.19175
1202100851 116.9497 40.19174
1202101151 116.94973 40.19176
1202101151 116.94973 40.19176
1202101451 116.94973 40.19175
1202101751 116.94974 40.19177
1202102051 116.94971 40.19174
1202102351 116.94976 40.19175
1202102651 116.94968 40.19175
1202102951 116.94965 40.19172
1202103251 116.94971 40.19174
1202103551 116.94967 40.19172
1202103851 116.94972 40.19177
1202104151 116.94971 40.19173
1202104451 116.94968 40.19175
1202104751 116.94969 40.19175
1202105051 116.94968 40.19171
1202105351 116.9497 40.19172
1202105651 116.94969 40.19173
1202105951 116.94972 40.19173
1202106251 116.94969 40.19172
1202106551 116.94967 40.19173
1202106851 116.94968 40.19172
1202107151 116.94971 40.19178
1202107451 116.94974 40.19171
1202107751 116.94971 40.1917
1202108051 116.9497 40.1917
1202108351 116.9497 40.19173
1202108651 116.94972 40.19169
1202108951 116.94971 40.19172
1202109251 116.94972 40.1917
1202109551 116.94971 40.19172
1202109851 116.9497 40.19172
1202109851 116.9497 40.19172
1202110151 116.94972 40.19175
1202110451 116.94971 40.1917
1202110751 116.9497 40.19171
1202111051 116.94971 40.19172
1202111351 116.94971 40.19171
1202111651 116.94971 40.19171
1202111951 116.9497 40.19173
1202112251 116.94967 40.19169
1202112851 116.94973 40.19166
1202113151 116.94972 40.19171
1202113750 116.94972 40.19171
1202114050 116.94974 40.19171
1202114350 116.94971 40.19175
1202114650 116.94972 40.19171
1202114950 116.94969 40.19174
1202115250 116.94969 40.19173
1202115550 116.94974 40.19171
1202115850 116.94971 40.19175
1202116150 116.94969 40.19173
1202116450 116.94971 40.19172
1202116750 116.94973 40.19173
1202117050 116.9497 40.19172
1202117350 116.94974 40.1917
1202117650 116.94978 40.1917
1202117950 116.94973 40.19175
1202118250 116.94972 40.19174
1202118550 116.94973 40.19173
1202118550 116.94973 40.19173
1202118850 116.94975 40.19173
1202119150 116.94972 40.19174
1202119450 116.94973 40.19176
1202119750 116.94975 40.19174
1202120050 116.95094 40.17225
1202120350 116.91946 40.15191
1202120650 116.84268 40.15132
1202120960 116.77508 40.14325
1202121250 116.70569 40.12354
1202121550 116.64583 40.11629
1202121850 116.60415 40.11668
1202122150 116.5565 40.10784
1202122450 116.55105 40.07626
1202122750 116.55597 40.05743
1202123050 116.55615 40.04808
1202123050 116.55615 40.04808
1202123350 116.55653 40.0665
1202123650 116.55783 40.07027
1202123950 116.55783 40.07027
1202124250 116.56654 40.07044
1202124550 116.56455 40.07221
1202124850 116.56455 40.07221
1202125150 116.56458 40.07223
1202125450 116.56457 40.07222
1202125750 116.56456 40.0722
1202126049 116.56454 40.0722
1202126649 116.56454 40.0722
1202126949 116.56453 40.07222
1202127249 116.56455 40.07217
1202127249 116.56455 40.07217
1202127549 116.56454 40.07223
1202127849 116.56455 40.07216
1202128149 116.56454 40.07216
1202128449 116.56453 40.07218
1202128749 116.5645 40.0722
1202129049 116.56452 40.07216
1202129349 116.56451 40.07217
1202129649 116.56452 40.07218
1202129949 116.56451 40.07219
1202130237 116.56451 40.07219
1202130240 116.56451 40.07219
1202130523 116.56451 40.07219
1202130849 116.57048 40.06332
1202131149 116.57049 40.06333
1202131449 116.57575 40.06284
1202131749 116.57576 40.06281
1202132049 116.57576 40.06281
1202132349 116.57926 40.06247
1202132649 116.58259 40.06143
1202132949 116.58262 40.06143
1202133249 116.58286 40.06131
1202133549 116.5815 40.07007
1202133849 116.58146 40.07003
1202134149 116.58142 40.07002
1202134449 116.58143 40.07001
1202134749 116.58148 40.07002
1202135049 116.58169 40.0764
1202135349 116.58166 40.07638
1202135649 116.58162 40.07632
1202135949 116.5826 40.07461
1202135949 116.5826 40.07461
1202136247 116.58749 40.07767
1202136549 116.58848 40.07767
1202136849 116.58709 40.07864
1202137149 116.58203 40.04957
1202137449 116.51543 40.01593
1202137749 116.45987 39.96703
1202138048 116.45533 39.94969
1202138348 116.45839 39.94845
1202138648 116.481 39.95647
1202139248 116.51603 40.02222
1202139548 116.53133 40.04798
1202139848 116.5657 40.06406
1202140148 116.58086 40.07298
1202140448 116.58728 40.07768
1202140748 116.5875 40.07833
1202141048 116.58585 40.08003
1202141348 116.57109 40.03915
1202141648 116.49939 40.00281
1202141948 116.45112 39.97833
1202142248 116.45062 39.9816
1202142548 116.46721 39.98206
1202143672 116.55544 40.0625
1202143748 116.56386 40.06114
1202144048 116.58178 40.06756
1202144348 116.58758 40.07763
1202144648 116.58698 40.07857
1202144648 116.58698 40.07857
1202144948 116.58454 40.07862
1202145248 116.57817 40.04617
1202145548 116.51779 40.01681
1202145848 116.46963 39.97572
1202146148 116.43586 39.96463
1202146448 116.38699 39.96718
1202146748 116.37332 39.96136
1202147048 116.37265 39.94974
1202147348 116.38878 39.9392
1202147648 116.39491 39.93937
1202147948 116.40006 39.93944
1202148248 116.41571 39.93951
1202148548 116.41965 39.93253
1202148848 116.42496 39.93221
1202149148 116.43182 39.93228
1202149448 116.45145 39.93233
1202150047 116.49246 39.93375
1202150347 116.49587 39.9233
1202150947 116.45669 39.96512
1202151547 116.44681 39.96708
1202151847 116.44322 39.97017
1202152150 116.44855 39.97887
1202152447 116.46414 39.96939
1202152747 116.48147 39.95925
1202153047 116.47336 39.96375
1202153347 116.46788 39.95197
1202153347 116.46788 39.95197
1202153647 116.45529 39.95183
1202153947 116.46868 39.96654
1202154247 116.48383 39.97005
1202154547 116.48368 39.98073
1202154847 116.48357 39.98658
1202155147 116.5081 40.01176
1202155447 116.51538 40.0212
1202155747 116.5265 40.03842
1202156047 116.54796 40.06255
1202156347 116.56111 40.06555
1202156647 116.56115 40.06556
1202156947 116.56665 40.07065
1202157247 116.56585 40.07201
1202157847 116.56582 40.07201
1202158147 116.56581 40.07201
1202158447 116.56587 40.07206
1202159047 116.56583 40.072
1202159347 116.56582 40.07202
1202159947 116.56583 40.07201
1202160247 116.56581 40.07201
1202160847 116.56585 40.07203
1202161147 116.56584 40.072
1202161447 116.56585 40.07197
1202161747 116.56586 40.07195
1202162046 116.56582 40.07199
1202162046 116.56582 40.07199
1202162346 116.56579 40.07201
1202162646 116.56578 40.072
1202162946 116.56579 40.07201
1202163246 116.56583 40.07203
1202163546 116.56583 40.07203
1202163846 116.56582 40.07202
1202164146 116.56583 40.072
1202164446 116.56585 40.072
1202164746 116.56584 40.07202
1202165046 116.56584 40.07197
1202165346 116.56585 40.07202
1202165646 116.56582 40.07198
1202165946 116.56586 40.072
1202166246 116.56416 40.07089
1202166546 116.56263 40.06855
1202166846 116.56263 40.0685
1202170917 116.58099 40.07089
1202171217 116.581 40.07089
1202171503 116.581 40.07089
1202171803 116.581 40.0709
1202172103 116.581 40.0709
1202172401 116.58082 40.07334
1202172703 116.58043 40.07532
1202173003 116.58102 40.07639
1202173303 116.581 40.07639
1202173603 116.58279 40.07466
1202173903 116.58719 40.07707
1202174187 116.58747 40.07736
1202174503 116.57954 40.04733
1202174803 116.50725 40.00983
1202174803 116.50725 40.00983
1202175103 116.44969 39.95533
1202175103 116.44969 39.95533
1202175403 116.45536 39.90245
1202175702 116.44841 39.89225
1202176002 116.42118 39.89908
1202176302 116.40528 39.90863
1202176602 116.40649 39.91395
1202176902 116.4066 39.91397
1202178702 116.40669 39.91393
1202179002 116.40675 39.91407
1202179602 116.40696 39.91422
1202180202 116.40732 39.91402
1202180502 116.40766 39.914
1202180802 116.4072 39.91419
1202181102 116.40719 39.91401
1202181402 116.40699 39.91406
1202181702 116.40693 39.91397
1202182002 116.4067 39.91416
1202182302 116.40673 39.91419
1202182302 116.40673 39.91419
1202182602 116.40675 39.91415
1202182902 116.40672 39.9142
1202183202 116.40677 39.9142
1202183502 116.40665 39.91423
1202183802 116.40661 39.9143
1202183802 116.40661 39.9143
1202184102 116.4066 39.91433
1202184402 116.40661 39.91434
1202184702 116.40666 39.91426
1202185002 116.40662 39.91421
1202185302 116.40654 39.91432
1202185602 116.40666 39.91435
1202185902 116.40666 39.91439
1202186202 116.40659 39.91439
1202186502 116.40651 39.91412
1202186802 116.40663 39.91428
1202187102 116.40664 39.91428
1202187701 116.40663 39.9143
1202188001 116.40669 39.91424
1202188301 116.40679 39.91422
1202188601 116.40679 39.91418
1202188901 116.40679 39.91423
1202189201 116.40679 39.91401
1202189501 116.40682 39.91407
1202189801 116.40662 39.91396
1202190101 116.40656 39.91384
1202190401 116.40642 39.91392
1202190701 116.40635 39.91395
1202191001 116.40642 39.91392
1202191301 116.40641 39.91396
1202191901 116.40661 39.91396
1202192201 116.40667 39.91397
1202192501 116.40661 39.91399
1202192501 116.40661 39.91399
1202192801 116.40655 39.91417
1202193101 116.40644 39.91401
1202193401 116.4066 39.91412
1202193701 116.40655 39.91418
1202194001 116.40667 39.91416
1202194301 116.40663 39.9143
1202194601 116.40661 39.91427
1202195201 116.40671 39.91426
1202195801 116.40668 39.91434
1202196101 116.40669 39.91427
1202196701 116.40665 39.91428
1202197301 116.40678 39.91407
1202197601 116.40682 39.91416
1202197901 116.4068 39.9141
1202198201 116.40683 39.91408
1202198501 116.40672 39.91421
1202198801 116.40655 39.91434
1202199101 116.40629 39.91453
1202199401 116.40618 39.91453
1202199701 116.4064 39.91433
1202200000 116.4064 39.91423
1202200300 116.40641 39.91421
1202200900 116.40646 39.91397
1202201200 116.40667 39.91407
1202201200 116.40667 39.91407
1202201500 116.40683 39.91416
1202201800 116.40704 39.91433
1202202100 116.40702 39.91421
1202202400 116.40669 39.91409
1202202700 116.40677 39.91414
1202203000 116.40655 39.91411
1202203300 116.40697 39.91445
1202203600 116.40683 39.91438
1202203900 116.40655 39.91401
1202204200 116.40667 39.91422
1202204500 116.40669 39.9143
1202204800 116.40669 39.91427
1202205100 116.40655 39.91407
1202205400 116.40644 39.914
1202206000 116.41095 39.93311
1202206300 116.41537 39.94788
1202206600 116.4195 39.93334
1202206900 116.41999 39.9208
1202207200 116.41151 39.90838
1202207500 116.40768 39.9137
1202208100 116.42863 39.92435
1202208400 116.44318 39.95172
1202208700 116.48357 39.98281
1202209000 116.49167 39.99733
1202209300 116.51731 40.02408
1202209600 116.52061 40.0333
1202209900 116.52048 40.03361
1202209900 116.52048 40.03361
1202210200 116.52046 40.0337
1202210500 116.52044 40.03368
1202211100 116.52046 40.03365
1202211400 116.52047 40.03378
1202211700 116.52045 40.03368
1202212000 116.51463 40.03333
1202212299 116.49474 40.02178
1202212899 116.46702 40.00515
1202213499 116.44966 39.98081
1202213799 116.41835 39.98774
1202214099 116.41834 39.97398
1202214399 116.41209 39.96796
1202214699 116.4014 39.97258
1202214999 116.41139 39.96847
1202215299 116.42538 39.96127
1202215599 116.44596 39.95789
1202215899 116.45522 39.93262
1202216199 116.45509 39.91944
1202216480 116.45953 39.91204
1202216490 116.45953 39.91204
1202216799 116.47071 39.91187
1202217099 116.47126 39.91159
1202217399 116.47144 39.91157
1202217699 116.47122 39.91161
1202217999 116.47151 39.91138
1202218299 116.47179 39.91132
1202218599 116.47173 39.91132
1202218599 116.47173 39.91132
1202218899 116.4715 39.9115
1202219199 116.45696 39.9073
1202219499 116.44482 39.91195
1202219799 116.455 39.90544
1202220099 116.45075 39.90727
1202220399 116.45244 39.9117
1202220699 116.4658 39.90683
1202220999 116.47161 39.91163
1202221299 116.47191 39.91155
1202221599 116.47199 39.91154
1202221899 116.47093 39.91134
1202222199 116.47094 39.91134
1202222499 116.47082 39.91135
1202222799 116.47105 39.91136
1202223099 116.47171 39.91137
1202223399 116.4719 39.91148
1202223699 116.4718 39.91143
1202223998 116.4722 39.91148
1202224298 116.47216 39.9114
1202224598 116.47205 39.9116
1202224898 116.47227 39.91144
1202225198 116.47244 39.91145
1202225498 116.47216 39.90962
1202225798 116.47498 39.90976
1202226098 116.47176 39.90885
1202226098 116.47176 39.90885
1202226398 116.47185 39.90758
1202226700 116.51365 39.90664
1202226998 116.52889 39.94886
1202227298 116.50212 40.00504
1202227298 116.50212 40.00504
1202227598 116.57715 40.04518
1202227898 116.58661 40.07818
1202228198 116.5806 40.07646
1202228498 116.56891 40.06359
1202228798 116.56619 40.07038
1202229098 116.56484 40.07135
1202229398 116.56485 40.07131
1202229698 116.56483 40.07132
1202229998 116.56485 40.07133
1202230298 116.56484 40.07131
1202230598 116.56486 40.07135
1202230898 116.56484 40.07131
1202231198 116.56485 40.07132
1202231798 116.56485 40.07135
1202232098 116.56489 40.07141
1202232398 116.56487 40.07136
1202232698 116.56488 40.07132
1202232998 116.56484 40.07133
1202233298 116.56484 40.07133
1202233598 116.5649 40.07133
1202234198 116.56485 40.07132
1202234498 116.56484 40.07131
1202234798 116.56483 40.07133
1202235398 116.56481 40.07128
1202235698 116.56484 40.0713
1202235997 116.56484 40.07132
1202236297 116.56484 40.07132
1202236597 116.56481 40.07131
1202236897 116.56483 40.07133
1202237197 116.56484 40.07129
1202237497 116.56488 40.07128
1202237797 116.56485 40.0713
1202238097 116.56484 40.0713
1202238397 116.56486 40.07133
1202238697 116.56485 40.07135
1202238997 116.56483 40.07134
1202239297 116.56485 40.07136
1202239897 116.56251 40.06852
1202240197 116.56866 40.06353
1202240497 116.56872 40.06354
1202240797 116.56871 40.06358
1202241097 116.57458 40.06297
1202241397 116.57454 40.06295
1202241697 116.58125 40.06233
1202241997 116.58124 40.06229
1202242297 116.5829 40.06019
1202242597 116.58228 40.06499
1202242897 116.58228 40.06498
1202243197 116.58226 40.06498
1202243497 116.5819 40.06749
1202243797 116.58184 40.0675
1202244097 116.58186 40.0675
1202244397 116.58177 40.06787
1202244697 116.58125 40.07113
1202244697 116.58125 40.07113
1202244997 116.58126 40.07113
1202245297 116.5805 40.07552
1202245597 116.58184 40.07563
1202245897 116.58336 40.07609
1202246197 116.58333 40.07609
1202246494 116.58759 40.07744
1202246777 116.58759 40.07744
1202247397 116.4976 40.00108
1202247697 116.48105 39.95715
1202247997 116.48483 39.90522
1202248296 116.55095 39.90798
1202248596 116.56736 39.90351
1202248896 116.56644 39.90222
1202249196 116.56633 39.90206
1202249496 116.56643 39.90205
1202249796 116.56643 39.90229
1202250096 116.56645 39.90229
1202250396 116.56645 39.90237
1202250696 116.56595 39.90888
1202250996 116.48797 39.90692
1202251296 116.43311 39.90727
1202251596 116.42772 39.89628
1202251884 116.42656 39.89583
1202252196 116.4386 39.89216
1202252496 116.46764 39.90366
1202252796 116.53006 39.90806
1202253096 116.52135 39.96218
1202253396 116.50773 40.01141
1202253396 116.50773 40.01141
1202253696 116.5206 40.03334
1202253996 116.52075 40.03371
1202254296 116.52071 40.03367
1202254596 116.5207 40.03367
1202254896 116.52073 40.03369
1202255196 116.52076 40.03373
1202255496 116.52073 40.03366
1202255796 116.52077 40.03368
1202256396 116.5207 40.03364
1202256696 116.52072 40.03365
1202256996 116.52069 40.03366
1202257296 116.52073 40.0336
1202257596 116.52074 40.03362
1202257896 116.52074 40.03366
1202258196 116.52072 40.03365
1202258496 116.52075 40.03366
1202258796 116.5207 40.03363
1202259096 116.5207 40.03366
1202259396 116.52068 40.03365
1202259696 116.52073 40.03365
1202259996 116.52071 40.03366
1202260295 116.52067 40.03364
1202260595 116.52069 40.03361
1202260895 116.52069 40.03365
1202261195 116.52072 40.03364
1202261495 116.52067 40.03366
1202261795 116.52062 40.03367
1202262095 116.52068 40.03366
1202262095 116.52068 40.03366
1202262395 116.52064 40.03362
1202262695 116.52069 40.03366
1202262995 116.52072 40.03364
1202263295 116.52072 40.03366
1202263895 116.52073 40.03366
1202264195 116.52071 40.03365
1202264495 116.52069 40.03367
1202264795 116.52069 40.03369
1202265095 116.5207 40.03365
1202265395 116.52069 40.03365
1202265695 116.52068 40.03364
1202265995 116.52069 40.03365
1202266295 116.52071 40.03365
1202266595 116.5207 40.03364
1202266895 116.52068 40.03365
1202267195 116.52066 40.03369
1202267495 116.52072 40.03371
1202267796 116.52071 40.03367
1202268095 116.52071 40.03366
1202268395 116.5207 40.03367
1202268695 116.5207 40.03368
1202268995 116.52068 40.03368
1202269295 116.5207 40.03364
1202269595 116.5207 40.03365
1202269895 116.52071 40.03369
1202270195 116.52076 40.03367
1202270495 116.52074 40.03368
1202270795 116.52076 40.03366
1202270795 116.52076 40.03366
1202271095 116.52073 40.03366
1202271397 116.52074 40.03366
1202271397 116.52074 40.03366
1202271695 116.52072 40.03368
1202271995 116.52074 40.03366
1202272295 116.5207 40.03363
1202272595 116.5207 40.03366
1202272894 116.52076 40.03363
1202273194 116.52073 40.03363
1202273494 116.5207 40.03362
1202273794 116.5207 40.03364
1202274094 116.52069 40.03366
1202274394 116.5207 40.03364
1202274694 116.5207 40.03364
1202274994 116.52072 40.03366
1202275294 116.52072 40.03365
1202275594 116.52072 40.03366
1202275894 116.52075 40.03366
1202276194 116.52072 40.03365
1202276794 116.5207 40.03364
1202277094 116.52066 40.03364
1202277394 116.52068 40.03364
1202277694 116.52069 40.03364
1202278294 116.52067 40.0336
1202278594 116.52068 40.03359
1202278894 116.52069 40.0336
1202279194 116.52071 40.03353
1202279494 116.52071 40.03361
1202279494 116.52071 40.03361
1202279794 116.52074 40.03364
1202280094 116.5207 40.0336
1202280394 116.52072 40.03361
1202280694 116.52072 40.03363
1202280994 116.52073 40.03361
1202281294 116.52069 40.03363
1202281594 116.5207 40.03364
1202281894 116.52073 40.03358
1202282194 116.52074 40.03362
1202282494 116.52073 40.03361
1202282794 116.52068 40.03365
1202283094 116.52069 40.03365
1202283394 116.52069 40.03361
1202283694 116.52071 40.03363
1202283994 116.52072 40.03367
1202284294 116.52073 40.03369
1202284594 116.52076 40.03369
1202284894 116.52076 40.03366
1202285194 116.52072 40.03365
1202285494 116.52071 40.03364
1202285793 116.52071 40.03363
1202286093 116.52071 40.03361
1202286393 116.52072 40.03362
1202286693 116.52071 40.03362
1202286993 116.5207 40.03366
1202287293 116.52073 40.03363
1202287593 116.52074 40.03364
1202288193 116.52075 40.03365
1202288193 116.52075 40.03365
1202288493 116.52071 40.03365
1202288793 116.52069 40.03367
1202289093 116.5207 40.03364
1202289393 116.52075 40.03362
1202289693 116.52076 40.03361
1202289993 116.52075 40.03364
1202290293 116.52073 40.03365
1202290593 116.52071 40.03367
1202290893 116.52073 40.03365
1202291193 116.52071 40.03365
1202291493 116.52074 40.03363
1202292093 116.52072 40.03365
1202292393 116.52072 40.03366
1202292693 116.52072 40.03365
1202292993 116.52067 40.03368
1202293293 116.52073 40.03366
1202293593 116.52073 40.03365
1202293893 116.52069 40.03367
1202294193 116.52072 40.03368
1202294493 116.52068 40.03371
1202294793 116.52067 40.03369
1202295093 116.52065 40.03384
1202295393 116.52068 40.03367
1202295693 116.52066 40.03374
1202295993 116.52068 40.03369
1202296293 116.52071 40.03368
1202296593 116.52068 40.03365
1202296893 116.51968 40.02791
1202297193 116.49785 40.00311
1202297493 116.46952 39.99594
1202297793 116.45163 39.98331
1202298393 116.41869 39.96645
1202298693 116.42062 39.9481
1202298992 116.43218 39.93235
1202299292 116.45488 39.93243
1202299592 116.47213 39.92709
1202299892 116.47461 39.92167
1202300192 116.46686 39.91477
1202300492 116.45112 39.91871
1202300792 116.43505 39.92279
1202301092 116.41973 39.93197
1202301392 116.41879 39.94842
1202301692 116.41852 39.97093
1202301992 116.4182 39.97766
1202302292 116.41889 39.95925
1202302592 116.41932 39.94381
1202302883 116.39468 39.93943
1202302886 116.39468 39.93943
1202303192 116.40273 39.92933
1202303492 116.38348 39.9209
1202303792 116.36702 39.92796
1202304092 116.38309 39.93192
1202304392 116.39058 39.93198
1202304692 116.41886 39.93219
1202304992 116.44901 39.93227
1202305292 116.44996 39.95783
1202305592 116.51057 40.01257
1202305892 116.57918 40.04686
1202305892 116.57918 40.04686
1202306192 116.58671 40.0783
1202306492 116.58133 40.07939
1202306792 116.58161 40.09455
1202307092 116.60571 40.11654
1202307693 116.74934 40.13293
1202307992 116.82143 40.14888
1202308292 116.91372 40.15216
1202308592 116.95074 40.14996
1202309192 116.94976 40.19179
1202309492 116.9497 40.19176
1202309792 116.95819 40.19066
1202310092 117.00984 40.18226
1202310392 117.03531 40.14362
1202310691 117.09308 40.14863
1202310991 117.1277 40.14849
1202311291 117.12749 40.14846
1202311591 117.12749 40.14853
1202311891 117.12757 40.14848
1202312191 117.12755 40.14849
1202312491 117.12754 40.14845
1202313091 117.1275 40.14836
1202313391 117.12757 40.14834
1202314291 117.1053 40.14423
1202314591 117.10413 40.14132
1202314591 117.10413 40.14132
1202314891 117.10414 40.14136
1202315191 117.10417 40.14132
1202315491 117.10416 40.14134
1202315791 117.10417 40.14136
1202316391 117.12764 40.14848
1202316391 117.12764 40.14848
1202316691 117.12767 40.14833
1202316991 117.12764 40.14842
1202317291 117.12764 40.14845
1202317591 117.12765 40.1484
1202317891 117.12769 40.1484
1202318191 117.12755 40.14846
1202318491 117.12753 40.14846
1202318791 117.1276 40.14844
1202319091 117.12754 40.14845
1202319391 117.12759 40.14843
1202319691 117.12757 40.14839
1202319991 117.12755 40.14844
1202320291 117.12758 40.14841
1202320591 117.12757 40.14842
1202320891 117.12758 40.14841
1202321191 117.12753 40.14841
1202321491 117.12761 40.14844
1202321791 117.12758 40.14842
1202322091 117.12406 40.14474
1202322391 117.08963 40.14468
1202322690 117.01172 40.1408
1202322990 116.97947 40.14415
1202323290 116.96498 40.19065
1202323290 116.96498 40.19065
1202323590 116.94972 40.19168
1202323890 116.94973 40.1917
1202324190 116.94971 40.19171
1202324490 116.94969 40.19175
1202324790 116.94976 40.19166
1202325090 116.94981 40.19171
1202325390 116.94974 40.19175
1202325690 116.94976 40.19173
1202325990 116.94971 40.19179
1202326290 116.9497 40.19177
1202326590 116.94976 40.19177
1202326890 116.94975 40.19181
1202327190 116.94974 40.19174
1202327490 116.94971 40.19171
1202327790 116.94972 40.19177
1202328090 116.94974 40.19172
1202328390 116.94982 40.19177
1202328690 116.94969 40.19174
1202328990 116.94972 40.19175
1202329290 116.94972 40.19175
1202329590 116.94973 40.19173
1202329890 116.94972 40.19173
1202330190 116.94973 40.19176
1202330490 116.9497 40.19175
1202330790 116.94971 40.19175
1202331090 116.9497 40.19171
1202331390 116.94972 40.19172
1202331690 116.94974 40.19174
1202331990 116.94969 40.19174
1202332590 116.94973 40.19175
1202332890 116.94971 40.19176
1202333190 116.94972 40.19175
1202333490 116.94969 40.19176
1202333790 116.94973 40.19175
1202334090 116.94975 40.19174
1202334390 116.9497 40.19173
1202334689 116.94968 40.19177
1202334989 116.94973 40.19177
1202335289 116.9497 40.19173
1202335589 116.94968 40.19168
1202335889 116.9497 40.19172
1202336189 116.94967 40.19171
1202336489 116.94974 40.19175
1202336789 116.94973 40.19172
1202337089 116.94972 40.1918
1202337389 116.94972 40.19175
1202337689 116.94972 40.19175
1202337989 116.94973 40.19178
1202338289 116.94972 40.19172
1202338589 116.94978 40.19175
1202338889 116.94977 40.19176
1202339189 116.94976 40.19176
1202339489 116.94975 40.19175
1202339789 116.94971 40.19174
1202340089 116.9497 40.19171
1202340689 116.94975 40.19176
1202340689 116.94975 40.19176
1202340989 116.94973 40.19175
1202341289 116.94973 40.19174
1202341589 116.94973 40.19172
1202341889 116.94974 40.19172
1202342189 116.94974 40.19173
1202342489 116.94974 40.19172
1202342789 116.94971 40.19171
1202343089 116.94972 40.19172
1202343389 116.94975 40.19177
1202343689 116.94975 40.19175
1202343989 116.94972 40.19171
1202344289 116.94973 40.19171
1202344589 116.94972 40.1917
1202344889 116.94973 40.1917
1202345189 116.94975 40.1917
1202345489 116.94972 40.19174
1202345789 116.94973 40.19171
1202346089 116.9497 40.19174
1202346389 116.94973 40.19173
1202346689 116.94972 40.19174
1202346989 116.94973 40.19172
1202347288 116.94976 40.19173
1202347588 116.94973 40.19172
1202347888 116.94972 40.19174
1202348188 116.94975 40.19174
1202348488 116.9497 40.19174
1202348788 116.94971 40.19174
1202349088 116.94973 40.19175
1202349388 116.94976 40.19176
1202349388 116.94976 40.19176
1202350288 116.94966 40.19173
1202350588 116.94972 40.19177
1202350888 116.94972 40.19176
1202351188 116.94971 40.19174
1202351488 116.94976 40.1918
1202351788 116.94974 40.19187
1202352088 116.94972 40.19181
1202352388 116.94972 40.19177
1202352688 116.94973 40.19177
1202352988 116.94971 40.19176
1202353288 116.94967 40.19179
1202353588 116.94965 40.19184
1202353888 116.94968 40.19178
1202354488 116.94971 40.19178
1202354791 116.94971 40.19178
1202355088 116.94967 40.19181
1202355388 116.9497 40.1918
1202355688 116.94968 40.19177
1202355988 116.94968 40.19175
1202356288 116.94969 40.19178
1202356588 116.94976 40.1918
1202356888 116.94968 40.1918
1202357188 116.94962 40.19179
1202358088 116.94961 40.19176
1202358088 116.94961 40.19176
1202358388 116.94965 40.19178
1202358688 116.94963 40.1917
1202358988 116.94969 40.19181
1202359288 116.94972 40.19178
1202359588 116.94968 40.19177
1202359888 116.94966 40.19179
1202360187 116.94964 40.19176
1202360487 116.94969 40.19175
1202360787 116.94975 40.19185
1202361087 116.94967 40.19176
1202361387 116.94965 40.19176
1202361687 116.9497 40.19172
1202361987 116.94967 40.19175
1202362287 116.94967 40.19175
1202362587 116.9497 40.19176
1202362887 116.94965 40.19173
1202363187 116.94964 40.19175
1202363487 116.94963 40.19173
1202363787 116.94956 40.19171
1202364087 116.94965 40.19172
1202364387 116.94966 40.19178
1202364687 116.94965 40.19176
1202364987 116.94965 40.19171
1202365287 116.94962 40.19172
1202365587 116.94962 40.1917
1202365887 116.94969 40.19169
1202366187 116.94968 40.19166
1202366487 116.94964 40.1917
1202366787 116.94969 40.19173
1202366787 116.94969 40.19173
1202367087 116.94967 40.1918
1202367387 116.94969 40.19183
1202367687 116.94965 40.19178
1202367987 116.94965 40.19171
1202368287 116.94969 40.19165
1202368587 116.94969 40.19173
1202368887 116.94967 40.19174
1202369187 116.94966 40.19178
1202369487 116.9497 40.19177
1202369787 116.94971 40.19174
1202370087 116.94967 40.19173
1202370387 116.94971 40.19171
1202370687 116.94968 40.19171
1202370987 116.94964 40.19177
1202371287 116.94964 40.19176
1202371587 116.94967 40.19171
1202371887 116.9495 40.19166
1202372187 116.94962 40.19175
1202372487 116.94961 40.19172
1202372787 116.94963 40.19174
1202373386 116.94965 40.19175
1202373686 116.94966 40.19175
1202373986 116.94966 40.19175
1202374286 116.94971 40.19172
1202374586 116.94971 40.19174
1202374886 116.94972 40.19174
1202375186 116.94972 40.19173
1202375486 116.9497 40.19173
1202375486 116.9497 40.19173
1202375786 116.94974 40.19176
1202376086 116.94967 40.19171
1202376386 116.94967 40.19171
1202376686 116.94967 40.19172
1202376986 116.94968 40.19171
1202377286 116.94968 40.19173
1202377586 116.94972 40.19172
1202377886 116.94969 40.19177
1202378186 116.9497 40.19174
1202378486 116.94969 40.19176
1202378786 116.94965 40.19175
1202379086 116.94965 40.19175
1202379386 116.94967 40.19171
1202379686 116.94971 40.19178
1202379986 116.94972 40.19182
1202380286 116.9497 40.19179
1202380586 116.94827 40.1925
1202380886 116.94835 40.19242
1202381486 116.94829 40.1924
1202381786 116.94832 40.19244
1202382086 116.94829 40.1924
1202382386 116.94827 40.19238
1202382686 116.94826 40.19242
1202382986 116.94828 40.19242
1202383286 116.94828 40.19243
1202383586 116.94829 40.1924
1202383886 116.94829 40.19243
1202384186 116.94825 40.19232
1202384186 116.94825 40.19232
1202384486 116.94824 40.1924
1202384786 116.94828 40.19243
1202385086 116.94828 40.19243
1202385386 116.95326 40.1929
1202385685 117.02105 40.20075
1202385985 117.09647 40.18905
1202386286 117.16414 40.19917
1202386585 117.16289 40.22566
1202386885 117.16267 40.22595
1202387185 117.16264 40.22602
1202387785 117.1627 40.22596
1202388085 117.1627 40.22595
1202388385 117.16264 40.22609
1202388685 117.16271 40.22596
1202388985 117.16265 40.22602
1202389285 117.16259 40.22614
1202389288 117.16259 40.22614
1202389585 117.1627 40.22585
1202389885 117.16267 40.22588
1202390185 117.16274 40.22584
1202390485 117.16266 40.22613
1202390785 117.16265 40.226
1202391085 117.16265 40.226
1202391385 117.1627 40.22598
1202391685 117.16269 40.22601
1202391985 117.16273 40.22601
1202392285 117.16274 40.22598
1202392585 117.1627 40.226
1202392885 117.1627 40.22591
1202392885 117.1627 40.22591
1202393185 117.16269 40.22606
1202393485 117.16265 40.22596
1202393785 117.16262 40.22595
1202394085 117.16264 40.22593
1202394385 117.16269 40.22599
1202394685 117.16267 40.22594
1202394985 117.16262 40.22603
1202395285 117.16268 40.226
1202395585 117.16269 40.22601
1202395885 117.16261 40.22599
1202396185 117.16264 40.22597
1202396485 117.16266 40.22598
1202396785 117.16266 40.22598
1202397085 117.16261 40.22587
1202397385 117.16263 40.22591
1202397685 117.16263 40.22599
1202397985 117.16261 40.22604
1202398284 117.16265 40.22598
1202398584 117.1627 40.22597
1202398884 117.16273 40.22597
1202399184 117.16264 40.22603
1202399484 117.16263 40.22606
1202399784 117.16264 40.22606
1202400084 117.16268 40.22599
1202400384 117.16263 40.22603
1202400684 117.1627 40.22601
1202400984 117.16262 40.22601
1202401284 117.16273 40.22597
1202401584 117.16268 40.22599
1202401584 117.16268 40.22599
1202401884 117.16268 40.22604
1202402184 117.16269 40.22609
1202402484 117.16269 40.22598
1202402784 117.1627 40.22598
1202403084 117.16268 40.22599
1202403384 117.1627 40.22598
1202403684 117.16275 40.226
1202403984 117.1628 40.22602
1202404284 117.16271 40.22595
1202404584 117.16271 40.22592
1202404884 117.16267 40.22598
1202405184 117.16265 40.22596
1202405484 117.16269 40.22598
1202405784 117.16268 40.22592
1202406084 117.17749 40.19502
1202406384 117.14822 40.16199
1202406684 117.11264 40.1443
1202406984 117.10388 40.14144
1202407284 117.10387 40.14142
1202407584 117.10386 40.14139
1202407884 117.10385 40.14136
1202408184 117.07172 40.14395
1202408484 117.01491 40.15202
1202408784 117.01072 40.17555
1202409084 116.98556 40.18148
1202409384 116.96048 40.19153
1202409684 116.96051 40.19152
1202409984 116.96048 40.19156
1202410283 116.96047 40.19153
1202410283 116.96047 40.19153
1202410583 116.95639 40.19068
1202410883 116.9497 40.19173
1202411183 116.94967 40.19176
1202411483 116.94968 40.19173
1202411783 116.94966 40.19177
1202412083 116.94967 40.19178
1202412383 116.94967 40.19182
1202412683 116.94968 40.19182
1202412983 116.95584 40.19073
1202413283 116.97984 40.18341
1202413583 117.00921 40.18285
1202413883 117.00921 40.18286
1202414183 117.00922 40.18283
1202414483 116.98698 40.18161
1202414783 116.96116 40.19052
1202415083 116.95372 40.19114
1202415383 116.9538 40.19118
1202415683 116.9538 40.19119
1202415983 116.96164 40.19055
1202416283 116.9497 40.19175
1202416583 116.9497 40.19176
1202416883 116.94971 40.19176
1202417183 116.94973 40.19177
1202417483 116.94973 40.19176
1202417783 116.94973 40.19177
1202418083 116.94976 40.19173
1202418383 116.94967 40.19181
1202418683 116.95444 40.19095
1202418983 116.9616 40.18929
1202418983 116.9616 40.18929
1202419283 116.96161 40.1893
1202419583 116.96164 40.18929
1202419883 116.96158 40.18924
1202420183 116.96157 40.18924
1202420483 116.96158 40.18928
1202420783 116.96163 40.18927
1202421083 116.9538 40.19055
1202421383 116.95406 40.18642
1202421683 116.95376 40.19115
1202421983 116.95154 40.19106
1202422282 116.95154 40.19106
1202422582 116.95155 40.19107
1202422882 116.95156 40.19107
1202423182 116.95156 40.19105
1202423482 116.95154 40.19104
1202423782 116.95154 40.19105
1202424082 116.95154 40.19105
1202424382 116.95158 40.19109
1202424682 116.95157 40.19107
1202424982 116.95153 40.19108
1202425282 116.95155 40.19107
1202425582 116.95158 40.19106
1202425882 116.95148 40.19107
1202426182 116.94971 40.19175
1202426482 116.94972 40.19174
1202426782 116.94971 40.19173
1202427082 116.94971 40.19174
1202427382 116.94969 40.19173
1202427682 116.94971 40.19173
1202427682 116.94971 40.19173
1202427982 116.94973 40.19171
1202428282 116.94971 40.19174
1202428582 116.94972 40.19173
1202428882 116.94971 40.19174
1202429182 116.94972 40.1917
1202429482 116.94972 40.19178
1202429782 116.94969 40.1918
1202430082 116.94972 40.19174
1202430382 116.94973 40.19168
1202430682 116.94969 40.19172
1202430982 116.94972 40.19179
1202431282 116.94968 40.19176
1202431582 116.94971 40.19175
1202431882 116.94971 40.19177
1202432182 116.94971 40.19175
1202432482 116.9497 40.19172
1202432782 116.94968 40.19173
1202433082 116.94969 40.19174
1202433382 116.94971 40.19177
1202433682 116.94971 40.19177
1202433982 116.94967 40.19176
1202434282 116.94966 40.19174
1202434582 116.94969 40.19175
1202434881 116.94971 40.19176
1202435181 116.94976 40.19172
1202435481 116.94975 40.19173
1202435781 116.94968 40.19169
1202436081 116.94978 40.19173
1202437281 116.94975 40.1917
1202438781 116.94972 40.19169
1202439081 116.94973 40.1917
1202439381 116.94972 40.19173
1202439681 116.94973 40.19173
1202439981 116.9497 40.19173
1202440281 116.94971 40.19175
1202440881 116.94973 40.19172
1202441181 116.94971 40.19175
1202441481 116.94974 40.19178
1202441781 116.94973 40.19178
1202442081 116.94972 40.19181
1202442381 116.94974 40.19182
1202442681 116.94975 40.19176
1202442981 116.94978 40.19174
1202443581 116.94974 40.19169
1202443881 116.94972 40.19173
1202444181 116.94973 40.19176
1202444481 116.94975 40.19179
1202444781 116.94968 40.19179
1202445081 116.94973 40.19177
1202445081 116.94973 40.19177
1202445381 116.94976 40.19175
1202445381 116.94976 40.19175
1202445681 116.94979 40.1917
1202445981 116.94974 40.19173
1202446281 116.94976 40.19177
1202446581 116.94978 40.19174
1202446881 116.94978 40.19175
1202447181 116.94975 40.19178
1202447480 116.94972 40.19182
1202447780 116.94969 40.19177
1202448080 116.9497 40.19176
1202448380 116.94971 40.19169
1202448680 116.94976 40.19173
1202448980 116.94972 40.19171
1202449280 116.94973 40.19174
1202449580 116.9497 40.19173
1202449880 116.94976 40.19173
1202450180 116.94971 40.19171
1202450480 116.94978 40.19173
1202450781 116.94971 40.19173
1202451080 116.94969 40.1917
1202451380 116.94968 40.1917
1202451680 116.94972 40.19168
1202451980 116.94973 40.19168
1202452280 116.94968 40.19168
1202452580 116.94966 40.19178
1202452880 116.94973 40.19175
1202453180 116.94973 40.19173
1202453480 116.94971 40.19177
1202453780 116.94972 40.19173
1202453780 116.94972 40.19173
1202454080 116.94972 40.19172
1202454080 116.94972 40.19172
1202454380 116.94962 40.1917
1202454680 116.9497 40.19178
1202454980 116.94971 40.19174
1202455280 116.94969 40.19171
1202455580 116.94974 40.19173
1202455880 116.94975 40.1917
1202456180 116.94974 40.19173
1202456480 116.94973 40.19171
1202456780 116.94973 40.19173
1202457080 116.94968 40.19174
1202457380 116.94973 40.19171
1202457680 116.9497 40.19174
1202457980 116.94972 40.1917
1202458280 116.9497 40.19172
1202458580 116.94979 40.19168
1202458880 116.94974 40.19171
1202459180 116.94974 40.19169
1202459480 116.94975 40.19171
1202459780 116.94974 40.19173
1202460080 116.94973 40.19172
1202460379 116.94971 40.19173
1202460679 116.94974 40.19171
1202460979 116.94977 40.19169
1202461279 116.94973 40.19172
1202461579 116.94977 40.19175
1202461879 116.94976 40.19171
1202462179 116.94973 40.19171
1202462479 116.94973 40.19169
1202462779 116.94978 40.1917
1202462779 116.94978 40.1917
1202463079 116.94978 40.19174
1202463379 116.94973 40.19168
1202463679 116.94972 40.19177
1202463979 116.94974 40.19175
1202464279 116.95894 40.18828
1202464579 116.96621 40.19058
1202464879 116.98021 40.15391
1202465179 116.99711 40.12658
1202465479 116.99719 40.12571
1202465779 116.98582 40.10983
1202466079 116.98297 40.11066
1202466379 116.98299 40.11073
1202466679 116.98301 40.11063
1202466979 116.98301 40.11058
1202467279 116.98304 40.1106
1202467579 116.98304 40.11067
1202467879 116.98303 40.11068
1202468179 116.98301 40.11061
1202468479 116.98301 40.1107
1202468779 116.983 40.11067
1202469079 116.98303 40.11066
1202469379 116.98301 40.11067
1202469679 116.98299 40.11065
1202469979 116.9829 40.11071
1202470579 116.99728 40.12397
1202470879 116.98007 40.15182
1202471179 116.97779 40.18912
1202471179 116.97779 40.18912
1202471479 116.9497 40.19183
1202471479 116.9497 40.19183
1202471779 116.94977 40.19174
1202472079 116.93231 40.19863
1202472379 116.88057 40.20008
1202472678 116.86528 40.22619
1202472978 116.85282 40.23084
1202473278 116.80945 40.24019
1202473578 116.79334 40.26791
1202473878 116.79455 40.29503
1202474178 116.79461 40.29502
1202474478 116.79456 40.29503
1202474778 116.79449 40.29501
1202475078 116.79752 40.30055
1202475378 116.78639 40.29333
1202475678 116.75904 40.28895
1202475687 116.75904 40.28894
1202475978 116.75816 40.29024
1202476278 116.75818 40.29031
1202476578 116.7582 40.29028
1202476878 116.7582 40.29025
1202477178 116.75812 40.29028
1202477478 116.75815 40.29025
1202477778 116.75817 40.29026
1202478078 116.75816 40.29027
1202478378 116.75815 40.29026
1202478678 116.7582 40.29029
1202478978 116.75819 40.29026
1202479278 116.75815 40.29025
1202479578 116.75818 40.29022
1202479878 116.75824 40.29025
1202480178 116.75819 40.29027
1202480178 116.75819 40.29027
1202480478 116.75811 40.29021
1202480778 116.75814 40.29024
1202481078 116.75814 40.29026
1202481378 116.75817 40.29032
1202481678 116.75818 40.29033
1202481978 116.75818 40.29031
1202482278 116.75818 40.29028
1202482578 116.75821 40.29033
1202482878 116.75942 40.29088
1202483178 116.7594 40.29087
1202483478 116.76066 40.29076
1202483778 116.75906 40.29168
1202484078 116.75811 40.29022
1202484378 116.75809 40.29024
1202484677 116.7581 40.29027
1202484977 116.75814 40.29027
1202485277 116.75814 40.29025
1202485577 116.75814 40.29023
1202485877 116.75814 40.29025
1202486177 116.75812 40.29028
1202486477 116.75813 40.29031
1202486777 116.75813 40.29028
1202487077 116.75911 40.28898
1202487377 116.78032 40.29125
1202487677 116.81144 40.31873
1202487977 116.80915 40.3192
1202488277 116.82524 40.33318
1202488577 116.83024 40.36023
1202488877 116.84536 40.37487
1202488877 116.84536 40.37487
1202489177 116.85079 40.37577
1202489477 116.85082 40.37568
1202489777 116.85093 40.37651
1202490077 116.85088 40.37645
1202490377 116.851 40.37641
1202490677 116.85118 40.37651
1202490977 116.85099 40.37627
1202491277 116.85103 40.37638
1202491577 116.8509 40.37598
1202491877 116.85079 40.37597
1202492177 116.85076 40.3761
