UTS Latitude Longitude
1202210759 116.31478 39.90695
1202210847 116.31488 39.9062
1202210915 116.31487 39.90116
1202212287 116.26877 39.93222
1202212599 116.26877 39.95732
1202212856 116.26852 39.94811
1202214004 116.31421 39.9095
1202214351 116.31507 39.89934
1202215551 116.36533 39.85742
1202215657 116.36501 39.85017
1202216151 116.34649 39.82999
1202216670 116.34035 39.82083
1202217270 116.32109 39.84973
1202217870 116.28779 39.85448
1202218469 116.25117 39.85005
1202219069 116.22188 39.84614
1202219669 116.20522 39.84454
1202220269 116.2052 39.84456
1202220869 116.20471 39.84299
1202220900 116.20351 39.84305
1202221469 116.20317 39.84264
1202222069 116.15663 39.8634
1202222669 116.11586 39.83795
1202223269 116.09954 39.83703
1202223869 116.09953 39.83699
1202224469 116.09953 39.83695
1202225069 116.09954 39.83694
1202225669 116.09953 39.83694
1202226269 116.09953 39.83695
1202226869 116.09954 39.83694
1202227469 116.09954 39.83695
1202228069 116.0995 39.83706
1202228669 116.0995 39.83702
1202229269 116.0995 39.83701
1202229868 116.09951 39.837
1202230468 116.09951 39.837
1202230940 116.09957 39.83651
1202231069 116.09963 39.83696
1202231069 116.09963 39.83696
1202231668 116.09961 39.83697
1202232268 116.09961 39.83698
1202232868 116.09964 39.83703
1202233468 116.09962 39.83698
1202234668 116.09959 39.83699
1202235268 116.09958 39.83698
1202235868 116.09958 39.83698
1202236468 116.09958 39.83698
1202237068 116.09957 39.83698
1202237668 116.09957 39.83698
1202238868 116.09957 39.83699
1202239468 116.09957 39.83698
1202240068 116.09956 39.83698
1202240667 116.09956 39.83698
1202241267 116.09956 39.83698
1202242467 116.09956 39.83698
1202243067 116.09956 39.83697
1202243667 116.09956 39.83697
1202244267 116.09956 39.83697
1202244867 116.09956 39.83697
1202245467 116.09955 39.83697
1202246067 116.09954 39.83697
1202246667 116.09954 39.83697
1202247267 116.09954 39.83697
1202247867 116.09954 39.83697
1202248467 116.09954 39.83697
1202248467 116.09954 39.83697
1202249067 116.09954 39.83697
1202249667 116.09961 39.83705
1202250267 116.09958 39.83702
1202250867 116.09947 39.83705
1202251467 116.09948 39.83704
1202252067 116.09949 39.83703
1202252666 116.0995 39.83702
1202253266 116.09951 39.83702
1202253866 116.09952 39.83702
1202254466 116.09952 39.83701
1202255066 116.09952 39.83701
1202255666 116.09952 39.83701
1202256266 116.09952 39.837
1202256866 116.09952 39.837
1202257466 116.09952 39.83699
1202258666 116.09952 39.83698
1202259866 116.09953 39.83698
1202260466 116.09953 39.83698
1202261066 116.09953 39.83698
1202261666 116.09953 39.83698
1202262266 116.09953 39.83697
1202262866 116.09953 39.83697
1202264066 116.09953 39.83697
1202264665 116.09953 39.83697
1202265265 116.09964 39.83706
1202265865 116.09955 39.83701
1202265865 116.09955 39.83701
1202266465 116.09955 39.83701
1202267065 116.09956 39.83699
1202267665 116.09956 39.83698
1202268265 116.09956 39.83697
1202268865 116.09956 39.83696
1202269465 116.09957 39.83697
1202270065 116.09956 39.83697
1202270665 116.09956 39.83697
1202271265 116.09956 39.83697
1202271865 116.09955 39.83697
1202272465 116.09955 39.83697
1202273065 116.09955 39.83697
1202273665 116.09955 39.83697
1202274264 116.09955 39.83697
1202274864 116.09955 39.83697
1202275464 116.09955 39.83697
1202276064 116.09955 39.83697
1202276664 116.09955 39.83697
1202277264 116.09955 39.83697
1202277864 116.09954 39.83697
1202278464 116.09954 39.83697
1202279064 116.09954 39.83696
1202279664 116.09954 39.83697
1202280264 116.09953 39.83697
1202280864 116.09953 39.83697
1202281464 116.09953 39.83697
1202282064 116.09953 39.83697
1202282664 116.09953 39.83696
1202283264 116.09953 39.83696
1202283264 116.09953 39.83696
1202283864 116.09953 39.83697
1202284464 116.09953 39.83697
1202285064 116.09953 39.83689
1202285664 116.09956 39.83691
1202286263 116.09957 39.83693
1202286863 116.09958 39.83692
1202287463 116.09957 39.83693
1202288063 116.09957 39.83694
1202288663 116.09955 39.83695
1202289263 116.09941 39.83694
1202289863 116.09942 39.83698
1202290463 116.09946 39.83698
1202291063 116.09946 39.83698
1202291663 116.09946 39.83699
1202292263 116.09948 39.83699
1202292263 116.09948 39.83699
1202292863 116.09958 39.83697
1202293463 116.09956 39.83695
1202294063 116.09957 39.83697
1202294663 116.09958 39.83694
1202295263 116.09971 39.83528
1202295863 116.09961 39.83703
1202297062 116.09962 39.83704
1202298262 116.09961 39.83697
1202298862 116.09975 39.83714
1202299462 116.12421 39.8086
1202300062 116.1491 39.80456
1202300662 116.14912 39.80398
1202301262 116.14915 39.80396
1202301862 116.14915 39.80393
1202303062 116.14874 39.80543
1202303662 116.14877 39.80542
1202304862 116.1047 39.83933
1202305462 116.09956 39.83695
1202306062 116.09956 39.83698
1202306662 116.09957 39.83699
1202307262 116.09959 39.83701
1202307861 116.09959 39.83701
1202309061 116.09953 39.83704
1202309661 116.0995 39.83696
1202309661 116.0995 39.83696
1202310261 116.09959 39.83699
1202310861 116.0996 39.837
1202311461 116.0996 39.83699
1202312061 116.09959 39.83699
1202312661 116.09959 39.83699
1202313261 116.09959 39.83699
1202313861 116.09959 39.83699
1202314461 116.09958 39.837
1202315061 116.09958 39.83701
1202315661 116.09958 39.83701
1202316261 116.09958 39.837
1202316861 116.09958 39.83699
1202317341 116.14908 39.80479
1202317462 116.09958 39.83702
1202318061 116.09957 39.837
1202318661 116.0996 39.83703
1202319260 116.09961 39.83704
1202319860 116.09971 39.83713
1202320460 116.09965 39.83704
1202321660 116.09957 39.83694
1202322260 116.09959 39.83698
1202322860 116.09957 39.83698
1202323460 116.09956 39.83699
1202324060 116.09957 39.83698
1202324660 116.09957 39.83697
1202325860 116.09957 39.83694
1202326460 116.09956 39.83694
1202327060 116.09956 39.83693
1202327060 116.09956 39.83693
1202327660 116.09957 39.83693
1202328260 116.09957 39.83693
1202328860 116.09957 39.83694
1202329460 116.09957 39.83694
1202330060 116.09957 39.83694
1202331259 116.0996 39.83698
1202331859 116.09955 39.83699
1202332459 116.09962 39.83687
1202333059 116.0996 39.83691
1202333659 116.09959 39.83691
1202334259 116.09936 39.83692
1202334859 116.09943 39.83692
1202335459 116.09947 39.83694
1202336059 116.09951 39.83694
1202336659 116.09952 39.83693
1202337259 116.09952 39.83692
1202337859 116.09953 39.83692
1202338459 116.09952 39.83692
1202339059 116.09953 39.83693
1202339659 116.09953 39.83693
1202340259 116.09954 39.83693
1202340859 116.09953 39.83693
1202341459 116.09952 39.83693
1202342058 116.09952 39.83692
1202342658 116.09953 39.83693
1202343258 116.09953 39.83693
1202343858 116.09954 39.83693
1202345058 116.09954 39.83693
1202345658 116.09954 39.83694
1202346858 116.09954 39.83694
1202347458 116.09954 39.83694
1202348658 116.0995 39.8369
1202348830 116.0995 39.83689
1202350458 116.09953 39.83691
1202351058 116.09952 39.83692
1202351658 116.0997 39.83708
1202352258 116.09939 39.83686
1202352857 116.09976 39.83707
1202354057 116.09958 39.83699
1202354657 116.09957 39.83696
1202355257 116.09957 39.83695
1202355857 116.09957 39.83694
1202356457 116.09958 39.83694
1202357057 116.09958 39.83693
1202357657 116.09959 39.83693
1202358257 116.09959 39.83692
1202358857 116.09959 39.83692
1202359457 116.09959 39.83692
1202360057 116.09959 39.83693
1202360657 116.09959 39.83693
1202361857 116.09958 39.83693
1202362457 116.09957 39.83694
1202363057 116.09956 39.83694
1202363657 116.09956 39.83695
1202364257 116.09956 39.83695
1202364856 116.09956 39.83695
1202365456 116.09956 39.83695
1202366056 116.09955 39.83695
1202366656 116.09955 39.83695
1202367856 116.09956 39.83695
1202368456 116.09956 39.83695
1202369056 116.09956 39.83696
1202369656 116.09956 39.83696
1202370256 116.09956 39.83695
1202370856 116.09956 39.83695
1202371456 116.09957 39.83695
1202372056 116.09956 39.83695
1202372656 116.09956 39.83695
1202373256 116.09955 39.83684
1202373856 116.0997 39.83702
1202374456 116.09962 39.837
1202375055 116.09959 39.83698
1202376255 116.09957 39.83696
1202376855 116.09955 39.83695
1202377455 116.09956 39.83694
1202378055 116.0996 39.8369
1202378655 116.0996 39.8369
1202379255 116.09949 39.83683
1202379255 116.09949 39.83683
1202379855 116.09969 39.83701
1202380455 116.09964 39.83687
1202381055 116.0996 39.83689
1202381655 116.09961 39.8369
1202382255 116.09962 39.83691
1202382855 116.09964 39.83716
1202384055 116.09959 39.83709
1202384655 116.09959 39.83708
1202385255 116.0996 39.83708
1202385855 116.09959 39.83707
1202387054 116.09959 39.83705
1202387654 116.09958 39.83704
1202388254 116.09958 39.83703
1202388254 116.09958 39.83703
1202388854 116.09958 39.83702
1202389454 116.09958 39.837
1202390054 116.09958 39.83699
1202390654 116.10584 39.83895
1202390768 116.11688 39.83672
1202391254 116.1543 39.80859
1202391854 116.19238 39.83502
1202392454 116.22838 39.84408
1202392679 116.24684 39.85784
1202393127 116.28908 39.87441
1202393279 116.27791 39.87389
1202393727 116.25813 39.86264
1202394327 116.28596 39.86064
1202394378 116.28478 39.86065
1202394978 116.36202 39.8683
1202395578 116.42399 39.889
1202395622 116.42368 39.88919
1202396222 116.42368 39.88919
1202396396 116.39392 39.89011
1202396822 116.373 39.88759
1202397051 116.36109 39.88436
1202397651 116.34904 39.86658
1202397681 116.35321 39.86672
1202398251 116.34552 39.8446
1202398281 116.34552 39.8446
1202398851 116.36791 39.86318
1202399272 116.3638 39.84797
1202399272 116.3638 39.84797
1202399700 116.3638 39.84797
1202400300 116.36899 39.88656
1202400709 116.36806 39.90997
1202401120 116.3636 39.91297
1202401309 116.35801 39.91609
1202401720 116.34423 39.90035
1202402968 116.35063 39.90619
1202403376 116.33979 39.93584
1202403976 116.31944 39.92672
1202404113 116.34501 39.8604
1202404576 116.28883 39.91196
1202404964 116.28821 39.89906
1202405564 116.30388 39.9095
1202405568 116.30388 39.9095
1202406164 116.30435 39.88403
1202406668 116.32339 39.87582
1202406939 116.32877 39.88322
1202407829 116.39627 39.87235
1202408857 116.33953 39.84085
1202409199 116.32674 39.81872
1202409668 116.34218 39.83006
1202410013 116.32102 39.84855
1202410343 116.29869 39.85676
1202410636 116.2852 39.86503
1202411235 116.23088 39.85127
1202411835 116.19816 39.83995
1202412435 116.1305 39.8471
1202413035 116.0996 39.8369
1202413635 116.0996 39.8369
1202414235 116.09961 39.83692
1202414835 116.09963 39.83694
1202415435 116.09963 39.83694
1202416035 116.09962 39.83696
1202416635 116.09962 39.83696
1202417235 116.09962 39.83697
1202417835 116.09961 39.83697
1202418435 116.0996 39.83698
1202419035 116.0996 39.83698
1202419635 116.0996 39.83698
1202420235 116.0996 39.83697
1202420835 116.09952 39.83708
1202421435 116.09955 39.83704
1202422035 116.09957 39.83702
1202422635 116.09962 39.83698
1202423234 116.09954 39.83675
1202423834 116.09957 39.83678
1202424434 116.09955 39.83682
1202425034 116.09955 39.83684
1202425634 116.09955 39.83687
1202426234 116.09955 39.83688
1202426234 116.09955 39.83688
1202426834 116.09955 39.83688
1202427434 116.09955 39.83689
1202428034 116.09917 39.8368
1202428634 116.09958 39.83687
1202429234 116.09959 39.83688
1202429834 116.09959 39.83689
1202430434 116.0996 39.8369
1202431034 116.0996 39.83691
1202431634 116.09959 39.83691
1202432234 116.09959 39.83692
1202432834 116.09958 39.83693
1202433434 116.09958 39.83693
1202434033 116.09958 39.83693
1202434633 116.09957 39.83693
1202435233 116.09957 39.83693
1202435833 116.09957 39.83693
1202438833 116.09956 39.83694
1202439433 116.09956 39.83694
1202440033 116.09956 39.83694
1202440633 116.09956 39.83694
1202441233 116.09956 39.83694
1202441833 116.09956 39.83694
1202442433 116.09956 39.83695
1202443033 116.09956 39.83695
1202443633 116.09956 39.83695
1202443633 116.09956 39.83695
1202444233 116.09957 39.83694
1202444832 116.09956 39.83694
1202445432 116.09956 39.83694
1202446032 116.09956 39.83694
1202446632 116.09956 39.83694
1202447232 116.09872 39.83658
1202447832 116.09939 39.83694
1202448432 116.09943 39.83697
1202449032 116.09945 39.83699
1202449632 116.09946 39.837
1202450232 116.09948 39.837
1202450832 116.0999 39.83677
1202451432 116.09944 39.83692
1202452032 116.09956 39.83695
1202452632 116.0996 39.83694
1202453232 116.0996 39.83693
1202453832 116.0996 39.83692
1202454432 116.09961 39.83695
1202455032 116.0996 39.83698
1202455632 116.0996 39.83697
1202456231 116.09959 39.83697
1202456831 116.09958 39.83696
1202457431 116.09958 39.83697
1202458031 116.09959 39.83696
1202458631 116.09958 39.83696
1202459831 116.09957 39.83695
1202460431 116.09958 39.83695
1202461031 116.09849 39.83661
1202461031 116.09849 39.83661
1202461631 116.09947 39.83692
1202462231 116.09948 39.83692
1202462831 116.09949 39.83692
1202463431 116.10021 39.83724
1202464031 116.09989 39.83705
1202464631 116.09976 39.83702
1202465231 116.09959 39.83696
1202465831 116.09958 39.83695
1202466431 116.09959 39.83695
1202467031 116.09958 39.83695
1202467630 116.09961 39.83695
1202468230 116.09961 39.83696
1202468830 116.10188 39.83963
1202469430 116.11462 39.85084
1202470030 116.1209 39.85215
1202470630 116.12094 39.85214
1202471230 116.12096 39.85214
1202471830 116.12094 39.85211
1202472430 116.12094 39.85211
1202473030 116.12094 39.85209
1202473630 116.12095 39.85209
1202474230 116.12094 39.85208
1202474830 116.12094 39.85206
1202475430 116.12094 39.85205
1202476030 116.12093 39.85204
1202476630 116.12093 39.85205
1202477230 116.12093 39.85205
1202477830 116.12093 39.85205
1202478429 116.12094 39.85206
1202478429 116.12094 39.85206
1202479029 116.12094 39.85206
1202479629 116.12094 39.85206
1202480229 116.12094 39.85206
1202480829 116.12095 39.85208
1202481429 116.12094 39.85206
1202482029 116.12094 39.85208
1202482629 116.12095 39.85209
1202483229 116.12095 39.85209
1202483829 116.12095 39.85209
1202484429 116.12078 39.85213
1202485029 116.12087 39.85209
1202485629 116.12089 39.85208
1202486229 116.12091 39.85209
1202486829 116.12093 39.85209
1202487429 116.12094 39.85208
1202487429 116.12094 39.85208
1202488029 116.09932 39.83901
1202488629 116.09968 39.837
1202489228 116.09959 39.83697
1202489828 116.09959 39.83693
1202490428 116.09957 39.83693
1202490521 116.30463 39.92871
1202491028 116.09953 39.83699
1202491628 116.09955 39.83703
1202492228 116.09956 39.83704
