UTS Latitude Longitude
1201959523 116.43804 39.94022
1201959701 116.43841 39.9405
1201960001 116.42789 39.94372
1201960301 116.4093 39.9481
1201960601 116.38793 39.94771
1201960901 116.36844 39.94759
1201961226 116.36596 39.94626
1201961826 116.36711 39.92255
1201962126 116.36739 39.91571
1201962380 116.3651 39.91015
1201962680 116.36772 39.9028
1201962980 116.35762 39.89829
1201963280 116.35635 39.90436
1201963293 116.35703 39.90395
1201963580 116.35714 39.89631
1201963880 116.34926 39.89483
1201964180 116.34917 39.89572
1201964351 116.3505 39.8945
1201964951 116.35294 39.88024
1201965251 116.35265 39.88464
1201965647 116.34554 39.88828
1201965851 116.33565 39.89637
1201966003 116.31882 39.89602
1201966003 116.31882 39.89602
1201966303 116.31386 39.89599
1201966303 116.31386 39.89599
1201966304 116.31374 39.896
1201966604 116.3041 39.88839
1201966904 116.29441 39.86546
1201966986 116.28958 39.86522
1201967286 116.30326 39.86074
1201967586 116.28846 39.86729
1201967886 116.30326 39.88256
1201968186 116.30458 39.90009
1201968486 116.31069 39.90467
1201968699 116.31072 39.90063
1201968999 116.28812 39.89594
1201969299 116.26864 39.89897
1201969542 116.25943 39.90326
1201969769 116.26779 39.90428
1201970069 116.2679 39.89059
1201970369 116.27747 39.8604
1201970519 116.28015 39.85748
1201971014 116.30659 39.86852
1201971314 116.30437 39.89303
1201971614 116.30423 39.92123
1201971914 116.30414 39.93698
1201972514 116.31451 39.9653
1201972814 116.34267 39.96629
1201973114 116.37067 39.96655
1201973414 116.37365 39.98225
1201974314 116.40374 40.00104
1201974520 116.40916 40.0016
1201974820 116.40116 39.98993
1201975120 116.3752 39.98664
1201975420 116.36358 39.97687
1201975524 116.36041 39.97544
1201975824 116.35308 39.98034
1201975827 116.35287 39.98033
1201976127 116.3474 39.98194
1201976427 116.34125 39.97522
1201976607 116.33257 39.97522
1201976907 116.32906 39.97502
1201977207 116.31943 39.97528
1201977507 116.31941 39.9669
1201977807 116.31664 39.96599
1201978106 116.30222 39.95928
1201978406 116.30394 39.94169
1201978706 116.304 39.93024
1201979006 116.30402 39.9215
1201979306 116.30372 39.90494
1201979606 116.31508 39.89926
1201979707 116.31496 39.89668
1201980007 116.30668 39.89595
1201980194 116.30262 39.89004
1201980494 116.28522 39.89583
1201980794 116.26877 39.91289
1201980794 116.26877 39.91289
1201981094 116.25871 39.9183
1201981151 116.25879 39.92004
1201981451 116.2686 39.9175
1201981751 116.26748 39.90676
1201981888 116.26759 39.90454
1201982188 116.26762 39.89961
1201982488 116.26777 39.88926
1201982738 116.27415 39.86729
1201983038 116.27738 39.85032
1201983638 116.34235 39.82963
1201983938 116.40043 39.83077
1201984238 116.42374 39.822
1201984238 116.42374 39.822
1201984538 116.43311 39.80574
1201984838 116.43288 39.80551
1201985738 116.43279 39.80571
1201986038 116.43271 39.80564
1201986338 116.43197 39.80617
1201986938 116.43287 39.80558
1201987238 116.43308 39.80551
1201987538 116.43269 39.80567
1201987838 116.43291 39.80554
1201988138 116.43291 39.80557
1201988438 116.43291 39.80556
1201989037 116.43287 39.80556
1201989337 116.43288 39.80556
1201989637 116.43288 39.80556
1201989937 116.43281 39.80536
1201990237 116.43302 39.80524
1201990537 116.43293 39.80533
1201990837 116.43294 39.80534
1201991137 116.43296 39.80528
1201991437 116.43292 39.80508
1201991737 116.43279 39.80541
1201992037 116.43308 39.8056
1201992337 116.43252 39.80559
1201992637 116.43267 39.80562
1201992937 116.43247 39.80545
1201993237 116.4326 39.8057
1201993537 116.43279 39.8056
1201993837 116.43309 39.80595
1201994137 116.43289 39.80569
1201994137 116.43289 39.80569
1201994437 116.43294 39.80588
1201994737 116.43264 39.80568
1201995037 116.4329 39.80562
1201995337 116.43277 39.80566
1201995637 116.43293 39.8055
1201995937 116.43302 39.80555
1201996237 116.43271 39.8054
1201996537 116.43288 39.80545
1201996837 116.43274 39.8055
1201997137 116.43276 39.80551
1201997437 116.43275 39.80581
1201997737 116.43277 39.80554
1201998037 116.43273 39.80543
1201998337 116.43275 39.80547
1201998937 116.43274 39.80546
1201999237 116.43276 39.80546
1201999537 116.43274 39.80547
1201999837 116.43272 39.80552
1202000137 116.43276 39.80552
1202000437 116.43278 39.80552
1202000737 116.43279 39.80559
1202001037 116.43671 39.79863
1202001337 116.43306 39.80546
1202001637 116.43285 39.80561
1202001937 116.43291 39.80559
1202002237 116.43289 39.80541
1202002537 116.43291 39.80564
1202002837 116.43302 39.80536
1202002837 116.43302 39.80536
1202003137 116.43291 39.80523
1202003437 116.43287 39.8053
1202003737 116.43285 39.80534
1202004037 116.43278 39.80557
1202004937 116.43298 39.80583
1202005237 116.43286 39.80573
1202011694 116.43287 39.8054
1202012136 116.43299 39.80562
1202012436 116.43283 39.8057
1202012736 116.43282 39.8056
1202013036 116.43287 39.80552
1202013336 116.4329 39.80553
1202013636 116.43256 39.8057
1202013936 116.43305 39.80547
1202014236 116.43282 39.80557
1202014536 116.43285 39.80562
1202014836 116.43287 39.80548
1202015136 116.43293 39.80542
1202015436 116.43289 39.80551
1202015736 116.43277 39.80565
1202016336 116.43283 39.80554
1202016636 116.43299 39.80551
1202016936 116.43299 39.80551
1202017236 116.43297 39.80551
1202017536 116.43295 39.80551
1202017836 116.43292 39.80551
1202018136 116.43291 39.80551
1202018436 116.43287 39.80545
1202018736 116.43257 39.80567
1202019036 116.43264 39.80576
1202019636 116.43313 39.80575
1202019936 116.43274 39.80568
1202020236 116.43273 39.80563
1202020536 116.43268 39.80556
1202020836 116.43283 39.80551
1202021136 116.4329 39.80549
1202021736 116.43292 39.80549
1202022036 116.4329 39.80551
1202022336 116.43289 39.80552
1202022636 116.43288 39.80553
1202022936 116.43294 39.80542
1202023236 116.4326 39.8054
1202023836 116.43278 39.80539
1202024436 116.43281 39.80541
1202024736 116.43282 39.80542
1202025336 116.4329 39.80553
1202025636 116.4326 39.8056
1202025936 116.4326 39.80555
1202026236 116.43264 39.8055
1202026536 116.43324 39.80516
1202026836 116.43288 39.80559
1202027436 116.43287 39.80556
1202028035 116.4326 39.80574
1202028335 116.43282 39.80567
1202028635 116.43297 39.80547
1202028935 116.43295 39.8055
1202028935 116.43295 39.8055
1202029235 116.43852 39.81103
1202029535 116.43767 39.8058
1202029580 116.43767 39.80627
1202029880 116.44385 39.82608
1202030180 116.42219 39.8407
1202030304 116.42237 39.84529
1202030480 116.42433 39.8371
1202030780 116.44402 39.83062
1202030960 116.45354 39.8331
1202032006 116.39739 39.84975
1202032065 116.39734 39.85003
1202032965 116.39424 39.8637
1202033265 116.38293 39.85939
1202033359 116.38569 39.85934
1202033659 116.38235 39.8706
1202033958 116.34291 39.8699
1202034258 116.34271 39.88005
1202034558 116.34274 39.89041
1202034858 116.30331 39.89615
1202035158 116.31482 39.89527
1202035173 116.31482 39.89527
1202035473 116.31633 39.89546
1202036073 116.31059 39.9045
1202036250 116.31502 39.90351
1202036401 116.31065 39.89627
1202036550 116.31058 39.9041
1202036850 116.32391 39.90616
1202037105 116.32944 39.91163
1202037278 116.28995 39.95231
1202037406 116.31751 39.90951
1202037706 116.31495 39.89814
1202037853 116.30892 39.89585
1202038153 116.28898 39.90514
1202038351 116.28207 39.90889
1202038651 116.28906 39.90693
1202038823 116.28906 39.90296
1202039123 116.30409 39.92039
1202040162 116.40399 39.96741
1202040338 116.40754 39.96771
1202040638 116.37495 39.97124
1202041667 116.38052 39.96692
1202041967 116.4327 39.96664
1202042267 116.45231 39.95361
1202042567 116.45524 39.92472
1202042567 116.45524 39.92472
1202042867 116.4555 39.89332
1202043167 116.46143 39.88294
1202043262 116.46356 39.88301
1202043559 116.45768 39.88345
1202043859 116.43849 39.88916
1202044459 116.42944 39.90669
1202044638 116.42143 39.90462
1202044938 116.41524 39.90103
1202045238 116.41406 39.90043
1202045238 116.41406 39.90043
1202045538 116.40658 39.89972
1202045838 116.3946 39.89911
1202046138 116.37 39.89854
1202046845 116.35292 39.89872
1202047145 116.37478 39.90567
1202047445 116.38983 39.90618
1202048045 116.42784 39.907
1202048282 116.42496 39.90795
1202048582 116.41774 39.91422
1202048882 116.40304 39.91366
1202049182 116.4003 39.90612
1202049216 116.4005 39.90522
1202049516 116.40575 39.89159
1202049677 116.40617 39.88741
1202049937 116.38789 39.88498
1202050237 116.36834 39.88948
1202050537 116.36768 39.90832
1202050585 116.36738 39.90866
1202050885 116.36522 39.90795
1202051185 116.36245 39.9026
1202051485 116.35553 39.89796
1202051595 116.35352 39.89825
1202051895 116.30382 39.89586
1202052195 116.30429 39.88071
1202052211 116.3043 39.88067
1202052495 116.308 39.85985
1202052795 116.35458 39.85242
1202053095 116.39073 39.85238
1202053137 116.39074 39.85236
1202053437 116.39423 39.84202
1202053737 116.37688 39.83049
1202054037 116.37331 39.8329
1202054337 116.37294 39.83087
1202054637 116.42045 39.83073
1202054937 116.4628 39.83493
1202055237 116.44329 39.82542
1202055537 116.44329 39.82542
1202055837 116.44329 39.82543
1202056137 116.4433 39.82542
1202056437 116.4433 39.82542
1202056737 116.4433 39.82543
1202057037 116.4433 39.82545
1202057337 116.4433 39.82545
1202057637 116.4433 39.82545
1202057937 116.4433 39.82544
1202057937 116.4433 39.82544
1202058237 116.4433 39.82544
1202058537 116.44331 39.82543
1202058836 116.44331 39.82544
1202059136 116.44331 39.82544
1202059436 116.44332 39.82544
1202059736 116.44332 39.82544
1202060036 116.44332 39.82544
1202060336 116.44332 39.82544
1202060636 116.44332 39.82544
1202060936 116.44332 39.82544
1202061236 116.44332 39.82545
1202061536 116.44332 39.82545
1202061836 116.44332 39.82545
1202062436 116.44332 39.82545
1202062736 116.44903 39.81459
1202063036 116.4417 39.81171
1202063336 116.44113 39.81135
1202063636 116.44134 39.81126
1202063936 116.44152 39.8112
1202064236 116.43646 39.80702
1202064536 116.43268 39.80551
1202064836 116.43264 39.8055
1202065136 116.43263 39.8055
1202065436 116.43262 39.8055
1202065736 116.43261 39.8055
1202066036 116.43262 39.80549
1202066336 116.43271 39.80545
1202066636 116.43316 39.80569
1202066636 116.43316 39.80569
1202066936 116.433 39.80552
1202067236 116.43312 39.80495
1202067536 116.43277 39.80531
1202067836 116.4329 39.80573
1202068136 116.43261 39.80567
1202068436 116.43248 39.80538
1202068736 116.43237 39.80545
1202069036 116.43244 39.80598
1202069336 116.43267 39.80561
1202069636 116.43267 39.80559
1202069936 116.43268 39.80559
1202070236 116.43266 39.80559
1202070536 116.43261 39.80557
1202070836 116.43237 39.80551
1202071136 116.43232 39.80537
1202071436 116.43245 39.80555
1202071736 116.43232 39.80561
1202072036 116.4324 39.80553
1202072336 116.4321 39.80575
1202072636 116.43255 39.80545
1202072936 116.43256 39.80549
1202073236 116.43261 39.80543
1202073536 116.43267 39.80546
1202073836 116.43269 39.80555
1202074136 116.43255 39.80554
1202074436 116.43223 39.80548
1202074736 116.43228 39.80557
1202075336 116.43238 39.80554
1202075336 116.43238 39.80554
1202075636 116.43226 39.80548
1202075936 116.43229 39.80548
1202076236 116.43235 39.80547
1202076536 116.43238 39.80546
1202076836 116.43242 39.80544
1202077136 116.43298 39.80515
1202077436 116.43278 39.80531
1202077736 116.4325 39.80553
1202078035 116.43221 39.80559
1202078335 116.43208 39.80594
1202078635 116.4322 39.80579
1202078935 116.43246 39.80557
1202079235 116.43248 39.80552
1202079535 116.43247 39.80553
1202080135 116.43234 39.80557
1202080435 116.43304 39.80568
1202080735 116.43255 39.80545
1202081035 116.43246 39.80547
1202081335 116.43252 39.80553
1202081635 116.43252 39.80552
1202081935 116.43228 39.80565
1202082235 116.43267 39.80557
1202082535 116.4329 39.80543
1202082835 116.43276 39.80549
1202083135 116.43275 39.80549
1202083435 116.43265 39.80548
1202083735 116.43265 39.8055
1202084035 116.43275 39.80557
1202084035 116.43275 39.80557
1202084335 116.43262 39.80535
1202084635 116.43259 39.8054
1202084935 116.43259 39.80542
1202085235 116.4326 39.80554
1202085535 116.43262 39.80552
1202086135 116.4326 39.80552
1202086435 116.43259 39.80552
1202086735 116.43257 39.80556
1202087035 116.43252 39.80539
1202087335 116.43248 39.80553
1202087635 116.4325 39.80547
1202087935 116.43253 39.8055
1202088235 116.43259 39.80561
1202088535 116.43257 39.80557
1202088835 116.43237 39.80541
1202089135 116.43259 39.8053
1202089435 116.43256 39.80543
1202089735 116.43257 39.80577
1202090035 116.43255 39.80562
1202090335 116.43255 39.80558
1202090635 116.43254 39.80558
1202091235 116.43253 39.80554
1202091835 116.43254 39.80552
1202092135 116.43239 39.80544
1202092435 116.43246 39.80544
1202092735 116.43212 39.80525
1202092735 116.43212 39.80525
1202093035 116.43245 39.80579
1202093335 116.43251 39.80556
1202093635 116.43254 39.80551
1202093935 116.43263 39.80552
1202094235 116.43226 39.80606
1202094535 116.43257 39.80555
1202094835 116.43393 39.80568
1202095135 116.43328 39.80577
1202095435 116.43265 39.80558
1202095735 116.43266 39.80558
1202096035 116.43252 39.80553
1202096335 116.43258 39.80556
1202096635 116.43261 39.80555
1202096935 116.43263 39.80555
1202097235 116.43272 39.80554
1202097534 116.43267 39.80569
1202097834 116.4326 39.8055
1202098434 116.43283 39.80535
1202098734 116.43269 39.80543
1202099034 116.43246 39.80548
1202099334 116.43251 39.80544
1202099634 116.43255 39.80544
1202099934 116.4329 39.80528
1202100234 116.43272 39.80531
1202100534 116.43257 39.80539
1202100834 116.43246 39.8055
1202101134 116.43264 39.80546
1202101434 116.43262 39.80547
1202101434 116.43262 39.80547
1202101734 116.43265 39.80541
1202102034 116.43284 39.80553
1202102334 116.43269 39.80539
1202102634 116.43253 39.80557
1202102934 116.43275 39.80544
1202103234 116.43248 39.80554
1202103534 116.43253 39.80548
1202103834 116.43258 39.80548
1202104134 116.43255 39.80548
1202104434 116.43254 39.80548
1202104734 116.43256 39.80547
1202105034 116.43257 39.80546
1202105334 116.43258 39.80546
1202105634 116.4326 39.80548
1202105934 116.43271 39.8054
1202106234 116.4325 39.80552
1202106534 116.43257 39.80556
1202106834 116.43255 39.80544
1202107134 116.43256 39.80545
1202107434 116.43252 39.8055
1202107734 116.4325 39.80552
1202108034 116.43249 39.80555
1202108334 116.43269 39.80576
1202108634 116.43254 39.80559
1202108934 116.43251 39.80562
1202109234 116.43249 39.80559
1202109534 116.4328 39.80536
1202109834 116.43226 39.80522
1202110134 116.43259 39.8055
1202110434 116.43259 39.80555
1202110734 116.43274 39.80574
1202111334 116.43265 39.80529
1202111634 116.43267 39.80562
1202111934 116.43261 39.80568
1202112234 116.43259 39.80559
1202112534 116.43251 39.80546
1202112834 116.4326 39.80536
1202113134 116.4326 39.80537
1202113434 116.43255 39.80539
1202113734 116.43253 39.80541
1202114034 116.43255 39.80541
1202114334 116.43256 39.80541
1202114634 116.43254 39.80542
1202114934 116.43233 39.80558
1202115534 116.4398 39.81124
1202115834 116.44325 39.81145
1202116090 116.44231 39.8113
1202116390 116.4425 39.82772
1202116690 116.43923 39.85304
1202116831 116.44327 39.85795
1202117035 116.43623 39.85757
1202117335 116.39415 39.85824
1202117401 116.39422 39.86008
1202117701 116.38502 39.85588
1202117719 116.38284 39.85582
1202118019 116.40386 39.85561
1202118319 116.4157 39.86064
1202118456 116.4202 39.86424
1202118619 116.41754 39.86433
1202118919 116.41487 39.87897
1202119219 116.41284 39.89085
1202119519 116.42129 39.89763
1202119758 116.42045 39.90363
1202120058 116.41129 39.89983
1202120358 116.4057 39.89755
1202120658 116.39511 39.89067
1202120958 116.37883 39.8883
1202121258 116.36892 39.8941
1202121558 116.35735 39.88943
1202121561 116.35731 39.88966
1202121861 116.35752 39.88053
1202122161 116.36152 39.86818
1202122494 116.39366 39.85653
1202122638 116.39668 39.85098
1202122938 116.38804 39.85772
1202123238 116.38611 39.86098
1202123473 116.38793 39.85813
1202123473 116.38793 39.85813
1202123682 116.32788 39.90963
1202123774 116.4079 39.85545
1202124073 116.40882 39.84171
1202124259 116.40878 39.83798
1202124445 116.40863 39.84089
1202124745 116.40688 39.8409
1202125045 116.39478 39.85632
1202125345 116.35146 39.85159
1202125645 116.30681 39.86288
1202125945 116.30438 39.89318
1202126506 116.31064 39.8967
1202126806 116.31465 39.90609
1202126913 116.31504 39.90048
1202127213 116.31993 39.89834
1202127513 116.32146 39.8991
1202127813 116.3422 39.89502
1202128113 116.35023 39.88801
1202128113 116.35023 39.88801
1202128264 116.3515 39.88788
1202128564 116.34745 39.87772
1202128701 116.34472 39.87639
1202128701 116.34472 39.87639
1202129001 116.3407 39.85522
1202129191 116.33079 39.85682
1202129448 116.3091 39.85886
1202129748 116.30553 39.87634
1202129881 116.3051 39.88033
1202130048 116.31444 39.88168
1202130348 116.31527 39.89066
1202130648 116.32273 39.90118
1202130948 116.32919 39.9103
1202131187 116.33676 39.91276
1202131336 116.33879 39.91254
1202131980 116.33606 39.89677
1202132236 116.34251 39.86996
1202132536 116.33676 39.85658
1202132651 116.33364 39.85638
1202132951 116.32509 39.86146
1202133251 116.3257 39.86648
1202133515 116.31936 39.87419
1202133815 116.33257 39.88854
1202134115 116.34309 39.89023
1202134313 116.3553 39.89772
1202134424 116.35709 39.89636
1202134724 116.35717 39.88826
1202135024 116.35731 39.881
1202135324 116.35885 39.86396
1202135372 116.3589 39.8641
1202135372 116.3589 39.8641
1202135624 116.36747 39.86428
1202135924 116.4126 39.8697
1202136224 116.43847 39.88847
1202136524 116.43438 39.91196
1202136524 116.43438 39.91196
1202136613 116.43492 39.91316
1202136913 116.42933 39.922
1202137213 116.4053 39.92299
1202137480 116.4003 39.91472
1202137780 116.41122 39.90677
1202138080 116.43 39.90113
1202138376 116.44634 39.89131
1202138676 116.43327 39.89251
1202138842 116.42367 39.89248
1202139142 116.401 39.8915
1202139404 116.40049 39.90092
1202139404 116.40049 39.90092
1202139445 116.40053 39.89973
1202139745 116.38343 39.89892
1202140045 116.36332 39.8983
1202140345 116.31567 39.89587
1202140645 116.30417 39.92441
1202140945 116.29729 39.93443
1202141074 116.29893 39.93837
1202141296 116.29929 39.93947
1202141596 116.3034 39.95573
1202141653 116.30518 39.95557
1202141912 116.30359 39.94417
1202142212 116.33739 39.93695
1202142478 116.35082 39.93826
1202142778 116.34247 39.93823
1202143078 116.34662 39.9356
1202143250 116.34055 39.93109
1202143550 116.31988 39.93175
1202143850 116.31704 39.93797
1202144150 116.28237 39.94562
1202144270 116.28212 39.94311
1202144570 116.28949 39.93138
1202144870 116.29866 39.93762
1202145170 116.2981 39.93137
1202145470 116.29732 39.92703
1202145770 116.29734 39.92686
1202146000 116.29623 39.92681
1202146300 116.28985 39.94646
1202146538 116.28709 39.94118
1202146650 116.2822 39.94336
1202146950 116.27603 39.94525
1202147250 116.26908 39.94375
1202147550 116.25978 39.94572
1202147550 116.25978 39.94572
1202147630 116.25601 39.94562
1202147850 116.25943 39.94555
1202148150 116.26364 39.94565
1202148450 116.26594 39.94555
1202148750 116.29524 39.94414
1202149050 116.3405 39.93755
1202149350 116.34962 39.93894
1202149559 116.35064 39.95663
1202149859 116.34989 39.94703
1202150159 116.34918 39.93348
1202150159 116.34918 39.93348
1202150721 116.34981 39.92037
1202151021 116.35022 39.90824
1202151321 116.33718 39.8965
1202151321 116.33718 39.8965
1202151921 116.30409 39.8932
1202152221 116.30553 39.87322
1202152521 116.28691 39.8651
1202152692 116.28248 39.86679
1202152992 116.28514 39.86456
1202153292 116.3036 39.85737
1202153592 116.30824 39.85668
1202153892 116.33513 39.84754
1202154192 116.34307 39.82878
1202154492 116.4078 39.82976
1202154792 116.42711 39.82095
1202155392 116.43277 39.80549
1202155992 116.43254 39.80552
1202156292 116.43249 39.80538
1202156592 116.43262 39.80546
1202156892 116.43271 39.80551
1202157192 116.43245 39.80559
1202157492 116.43271 39.80561
1202157792 116.43276 39.8056
1202158092 116.43277 39.80558
1202158392 116.43269 39.80562
1202158692 116.43301 39.80562
1202158992 116.43271 39.80557
1202159892 116.43247 39.80553
1202160192 116.4328 39.80554
1202160492 116.43257 39.80569
1202160792 116.43258 39.80565
1202161092 116.43242 39.80563
1202161392 116.43248 39.8056
1202161692 116.4324 39.80558
1202161992 116.43261 39.80566
1202162292 116.43271 39.80554
1202162892 116.43249 39.80547
1202163192 116.43258 39.80538
1202163492 116.43316 39.80525
1202163792 116.43245 39.8057
1202163792 116.43245 39.8057
1202164092 116.43279 39.80553
1202164392 116.43301 39.80548
1202164692 116.43255 39.80541
1202164992 116.43273 39.80559
1202165292 116.4327 39.8057
1202165591 116.43272 39.80573
1202166191 116.43232 39.80521
1202166491 116.43279 39.80555
1202166791 116.43282 39.80553
1202167091 116.43281 39.80554
1202167391 116.43316 39.80586
1202167691 116.43283 39.80559
1202168291 116.43276 39.80556
1202168591 116.43289 39.80592
1202168891 116.43307 39.80548
1202169191 116.43291 39.80548
1202169491 116.43265 39.80559
1202170091 116.4325 39.80564
1202170391 116.43252 39.8056
1202170691 116.43254 39.80559
1202170991 116.43254 39.80558
1202171291 116.4326 39.80563
1202171591 116.43262 39.80562
1202171891 116.4326 39.8056
1202172191 116.43261 39.80557
1202172491 116.43261 39.80556
1202172491 116.43261 39.80556
1202172791 116.43262 39.80556
1202173091 116.43263 39.80556
1202173391 116.43266 39.80556
1202173691 116.43257 39.80577
1202173991 116.43258 39.80568
1202174291 116.43258 39.80575
1202174591 116.43262 39.80568
1202174891 116.4328 39.80484
1202175191 116.43265 39.80562
1202175491 116.43265 39.8056
1202175791 116.43264 39.80524
1202176391 116.43272 39.80548
1202176691 116.43274 39.80551
1202176991 116.43274 39.80556
1202178791 116.43209 39.80557
1202179091 116.43257 39.80538
1202179691 116.43263 39.80542
1202180291 116.43285 39.80547
1202180591 116.4328 39.80553
1202181191 116.43277 39.80551
1202181191 116.43277 39.80551
1202181491 116.43272 39.80558
1202181791 116.43289 39.80526
1202182091 116.43281 39.80534
1202182391 116.43277 39.80537
1202182691 116.43276 39.80539
1202182991 116.43277 39.80554
1202183291 116.43272 39.80566
1202183591 116.43279 39.80566
1202183891 116.43266 39.80579
1202184191 116.43291 39.80555
1202184491 116.43305 39.8057
1202184791 116.43281 39.80574
1202185690 116.43286 39.80545
1202185990 116.43283 39.80554
1202186290 116.43273 39.80553
1202186290 116.43273 39.80553
1202186590 116.43271 39.80566
1202186890 116.43307 39.80523
1202187190 116.43259 39.80561
1202187490 116.43279 39.80554
1202187790 116.4326 39.80542
1202188090 116.43267 39.80555
1202188690 116.43226 39.80581
1202188990 116.43265 39.80541
1202189290 116.43261 39.80548
1202189590 116.43258 39.80575
1202189890 116.43258 39.80566
1202190190 116.43254 39.80566
1202190490 116.43254 39.80577
1202190790 116.43219 39.80587
1202191090 116.43276 39.8056
1202191390 116.43249 39.80588
1202191690 116.4327 39.80551
1202191990 116.4327 39.80555
1202192290 116.4331 39.80542
1202192590 116.43291 39.80546
1202192890 116.43286 39.80548
1202193190 116.43278 39.80553
1202193490 116.43274 39.80555
1202193790 116.43273 39.80554
1202194090 116.43269 39.80555
1202194390 116.43273 39.80568
1202194690 116.43273 39.80559
1202195890 116.43271 39.80537
1202196490 116.42242 39.8024
1202197090 116.36246 39.81012
1202197390 116.34593 39.8193
1202197690 116.33908 39.81458
1202197990 116.33551 39.82178
1202198590 116.33537 39.82178
1202198590 116.33537 39.82178
1202199026 116.37273 39.83015
1202199626 116.4836 39.87516
1202199926 116.48391 39.93375
1202200226 116.4748 39.9802
1202200526 116.53193 40.02176
1202200826 116.56063 40.03224
1202201126 116.57853 40.04624
1202201426 116.58347 40.05132
1202201726 116.58381 40.05861
1202202026 116.58201 40.06941
1202202326 116.58412 40.0767
1202202449 116.58673 40.07845
1202202749 116.58363 40.05846
1202203349 116.47818 39.98359
1202203649 116.45289 39.97721
1202203949 116.45288 39.97721
1202204549 116.41798 39.96818
1202204761 116.40901 39.96791
1202205061 116.35949 39.96646
1202205361 116.31937 39.96668
1202205779 116.31268 39.96505
1202206079 116.30282 39.95411
1202206196 116.30311 39.95335
1202206495 116.31284 39.97171
1202206663 116.31393 39.9759
1202206795 116.31251 39.97554
1202207095 116.32402 39.97505
1202207225 116.32766 39.96846
1202207525 116.31557 39.96606
1202208125 116.30394 39.93765
1202208425 116.29564 39.94262
1202208725 116.29848 39.93821
1202209025 116.29614 39.93242
1202209025 116.29614 39.93242
1202209325 116.29596 39.93222
1202209625 116.30079 39.92706
1202209925 116.30353 39.92552
1202210088 116.40504 39.85564
1202210226 116.30385 39.92499
1202210267 116.30394 39.9243
1202210566 116.31934 39.92692
1202210756 116.32303 39.92449
1202211056 116.31422 39.92694
1202211056 116.31422 39.92694
1202211356 116.30389 39.92488
1202211580 116.30373 39.92361
1202211809 116.30378 39.90882
1202212109 116.31026 39.89985
1202212330 116.30993 39.89592
1202212733 116.30144 39.88055
1202213033 116.30456 39.88945
1202213333 116.29612 39.8999
1202213446 116.29618 39.90582
1202213746 116.31424 39.90608
1202214046 116.32937 39.90741
1202214346 116.33529 39.91258
1202214646 116.34377 39.91261
1202214946 116.34938 39.91243
1202215246 116.35639 39.91264
1202215729 116.37116 39.92086
1202216512 116.3339 39.90636
1202217345 116.30377 39.90629
1202217645 116.28466 39.90641
1202217779 116.27963 39.90646
1202217960 116.28041 39.91149
1202218260 116.29587 39.91168
1202218560 116.31082 39.90986
1202218860 116.32857 39.90991
1202218992 116.33026 39.91694
1202219909 116.31265 39.89602
1202220192 116.31056 39.90098
1202220240 116.31073 39.90176
1202220892 116.29514 39.92508
1202221192 116.29967 39.94002
1202221492 116.29909 39.93807
1202221704 116.2985 39.93715
1202222004 116.30428 39.92255
1202222304 116.32644 39.92188
1202222604 116.34929 39.92187
1202223124 116.35132 39.90867
1202223311 116.3506 39.90812
1202223911 116.31406 39.92253
1202224137 116.29923 39.92298
1202224437 116.29733 39.934
1202224737 116.29975 39.93993
1202224824 116.29832 39.93693
1202225124 116.31123 39.93105
1202225368 116.32494 39.92682
1202225668 116.31438 39.92705
1202225968 116.30368 39.92499
1202226264 116.30385 39.92396
1202227164 116.31204 39.97957
1202227227 116.31382 39.97959
1202227464 116.31919 39.97485
1202227764 116.33263 39.96619
1202228064 116.3714 39.96667
1202228364 116.39792 39.96419
1202228441 116.39948 39.96409
1202228741 116.40094 39.96675
1202229041 116.40158 39.9505
1202229041 116.40158 39.9505
1202229341 116.42747 39.94201
1202229641 116.42719 39.927
1202229941 116.42862 39.9128
1202230241 116.43839 39.88875
1202230541 116.43295 39.86946
1202230841 116.43237 39.86048
1202231141 116.4383 39.85717
1202231160 116.4385 39.85535
1202231460 116.44099 39.83147
1202231760 116.44919 39.81255
1202232060 116.43785 39.80358
1202232122 116.43796 39.80306
1202232422 116.43248 39.80541
1202232722 116.43244 39.80541
1202233022 116.43244 39.8054
1202233322 116.43245 39.80541
1202233622 116.43244 39.80541
1202233922 116.43244 39.80543
1202234222 116.43253 39.80559
1202234522 116.43253 39.80556
1202235122 116.43253 39.80556
1202235422 116.43254 39.80557
1202235422 116.43254 39.80557
1202235722 116.43254 39.80557
1202236022 116.43254 39.80558
1202236322 116.43249 39.80559
1202236622 116.43974 39.81107
1202236922 116.43978 39.81109
1202237222 116.43376 39.80468
1202237522 116.42639 39.80276
1202237822 116.41956 39.8188
1202238122 116.39568 39.82963
1202238422 116.3734 39.83292
1202238722 116.35544 39.82997
1202239022 116.34371 39.82262
1202239322 116.34338 39.82075
1202239622 116.34339 39.82074
1202239922 116.34337 39.82075
1202240222 116.34337 39.82075
1202240522 116.34336 39.82075
1202240822 116.34336 39.82075
1202241122 116.34336 39.82075
1202241422 116.34336 39.82075
1202241722 116.34336 39.82075
1202242022 116.34336 39.82074
1202242622 116.34336 39.82075
1202242922 116.34336 39.82075
1202243222 116.34337 39.82075
1202243522 116.34336 39.82075
1202243821 116.34336 39.82075
1202244121 116.34336 39.82075
1202244121 116.34336 39.82075
1202244421 116.34336 39.82075
1202244721 116.3434 39.82079
1202245021 116.3433 39.82062
1202245321 116.34331 39.82064
1202245621 116.3433 39.82066
1202245921 116.34331 39.82066
1202246221 116.3434 39.82069
1202246521 116.34338 39.82068
1202246821 116.34336 39.82068
1202247121 116.34336 39.82068
1202247421 116.34334 39.82068
1202247721 116.34334 39.82068
1202248021 116.34334 39.82068
1202248321 116.34334 39.82068
1202248621 116.34334 39.82068
1202248921 116.34334 39.82068
1202249221 116.34334 39.82069
1202249521 116.34334 39.82069
1202249876 116.34334 39.82069
1202250121 116.34334 39.82069
1202250421 116.34333 39.8207
1202250721 116.34333 39.82071
1202251021 116.34333 39.82071
1202251321 116.34333 39.82072
1202251621 116.34333 39.82072
1202251921 116.34333 39.82072
1202252221 116.34333 39.82073
1202252521 116.34333 39.82073
1202252821 116.34333 39.82073
1202252821 116.34333 39.82073
1202253121 116.34334 39.82073
1202253421 116.34334 39.82074
1202253721 116.34334 39.82074
1202254021 116.34334 39.82074
1202254321 116.34334 39.82074
1202254621 116.34334 39.82074
1202254921 116.34318 39.82076
1202255221 116.34327 39.82084
1202255521 116.34327 39.82082
1202255821 116.34329 39.82081
1202256121 116.34331 39.8208
1202256121 116.34331 39.8208
1202256421 116.34331 39.8208
1202256721 116.34783 39.82851
1202257021 116.38607 39.83042
1202257321 116.41944 39.82315
1202257621 116.43346 39.80576
1202257921 116.43356 39.80558
1202258221 116.43352 39.8056
1202258521 116.4335 39.80561
1202258821 116.43349 39.80562
1202259121 116.43349 39.80562
1202259421 116.43347 39.80548
1202259721 116.43355 39.80563
1202260021 116.43354 39.80575
1202260321 116.43358 39.80567
1202260621 116.43346 39.80573
1202260921 116.43343 39.80573
1202261221 116.43351 39.80572
1202261521 116.43349 39.80578
1202261521 116.43349 39.80578
1202261821 116.43349 39.80578
1202262121 116.43348 39.80578
1202262121 116.43348 39.80578
1202262421 116.43348 39.80578
1202262721 116.43347 39.80578
1202263021 116.43347 39.80577
1202263320 116.43355 39.80578
1202263920 116.43413 39.80588
1202264220 116.43364 39.80587
1202264520 116.43357 39.80581
1202264820 116.43354 39.80579
1202265120 116.43354 39.80577
1202265420 116.43352 39.80574
1202265720 116.43352 39.80573
1202266020 116.43353 39.80571
1202266320 116.43353 39.8057
1202266620 116.43345 39.80574
1202266920 116.4335 39.80568
1202267220 116.43351 39.80569
1202267520 116.43351 39.8057
1202267820 116.43352 39.8057
1202268120 116.43354 39.80568
1202268420 116.43355 39.80567
1202268720 116.43355 39.80567
1202269020 116.43355 39.80567
1202269320 116.43362 39.80561
1202269620 116.43363 39.80565
1202269920 116.43354 39.8057
1202270220 116.43361 39.80566
1202270220 116.43361 39.80566
1202270520 116.43359 39.80563
1202270820 116.43326 39.80606
1202271120 116.4335 39.80558
1202271420 116.43351 39.80559
1202271720 116.43352 39.80561
1202272020 116.43354 39.80563
1202272320 116.43355 39.80564
1202272620 116.43354 39.80565
1202272920 116.43354 39.80565
1202273220 116.43353 39.80565
1202273820 116.43314 39.80541
1202274120 116.43349 39.80563
1202274420 116.43342 39.8056
1202274720 116.43354 39.80572
1202275020 116.43353 39.8057
1202275320 116.43317 39.80537
1202275620 116.4334 39.80566
1202275920 116.43343 39.80572
1202276220 116.43348 39.80572
1202276520 116.43349 39.80571
1202276820 116.43349 39.80571
1202277120 116.4335 39.8057
1202277420 116.43351 39.8057
1202277720 116.43352 39.8057
1202278320 116.43373 39.80571
1202278620 116.43368 39.80568
1202278920 116.43357 39.80561
1202278920 116.43357 39.80561
1202279220 116.43358 39.80562
1202279520 116.43355 39.80566
1202279820 116.43343 39.80593
1202280120 116.43349 39.80576
1202280420 116.43351 39.80572
1202280720 116.4335 39.80572
1202281020 116.43351 39.80571
1202281320 116.43351 39.80571
1202281620 116.43352 39.8057
1202281920 116.43353 39.80569
1202282220 116.43354 39.80568
1202282520 116.43354 39.80568
1202282820 116.43355 39.80568
1202283120 116.4334 39.80605
1202283419 116.43379 39.80562
1202283719 116.4338 39.80557
1202284019 116.43371 39.8054
1202284319 116.43338 39.80572
1202284619 116.43304 39.80615
1202284919 116.43354 39.80553
1202285219 116.43351 39.80585
1202285519 116.43355 39.8058
1202285819 116.43372 39.8056
1202286119 116.43361 39.80564
1202286419 116.43363 39.80566
1202286719 116.43364 39.80566
1202287019 116.43364 39.80566
1202287319 116.43368 39.8058
1202287619 116.43367 39.80574
1202287919 116.43364 39.80574
1202288219 116.4335 39.8057
1202288519 116.43366 39.80575
1202288819 116.43365 39.80575
1202289119 116.43352 39.80585
1202289419 116.43356 39.80578
1202289719 116.43357 39.80577
1202290019 116.43357 39.80577
1202290319 116.43361 39.80551
1202290619 116.43358 39.80555
1202290919 116.43355 39.80562
1202291219 116.43355 39.80564
1202291519 116.43355 39.80565
1202291819 116.43354 39.80566
1202292119 116.43354 39.80567
1202292419 116.43364 39.8056
1202292719 116.43337 39.80571
1202293019 116.43342 39.80574
1202293319 116.43355 39.80577
1202293619 116.43352 39.8058
1202293919 116.43371 39.80587
1202294219 116.4335 39.80571
1202294519 116.4335 39.80574
1202294819 116.43351 39.80574
1202295119 116.4332 39.80598
1202295419 116.43352 39.80569
1202296019 116.43408 39.80491
1202296319 116.43347 39.80578
1202296319 116.43347 39.80578
1202296492 116.30387 39.92492
1202296619 116.4332 39.80635
1202296619 116.4332 39.80635
1202296919 116.43754 39.80741
1202296963 116.43766 39.80673
1202297238 116.45041 39.80342
1202297538 116.44043 39.81121
1202297838 116.44045 39.81126
1202298438 116.43777 39.80639
1202298738 116.4385 39.81123
1202299038 116.43853 39.81116
1202299338 116.44929 39.81219
1202299638 116.44114 39.82965
1202299719 116.44094 39.83566
1202300318 116.43255 39.857
1202300618 116.42697 39.85753
1202300918 116.4153 39.86753
1202301218 116.4125 39.89452
1202301605 116.39267 39.89015
1202301876 116.37632 39.88807
1202302176 116.35794 39.88814
1202302476 116.32357 39.8887
1202302776 116.30473 39.89508
1202302862 116.31022 39.8957
1202303162 116.31073 39.90577
1202303462 116.30185 39.89594
1202303584 116.29571 39.89604
1202303884 116.28896 39.88851
1202304184 116.28816 39.86545
1202304334 116.27759 39.86543
1202304634 116.29101 39.8779
1202304934 116.30571 39.89528
1202305234 116.29617 39.89602
1202305303 116.29477 39.89588
1202305603 116.2867 39.88619
1202305603 116.2867 39.88619
1202305611 116.2867 39.88619
1202306211 116.28912 39.88481
1202306511 116.28905 39.88473
1202306811 116.28944 39.8955
1202307111 116.29627 39.90448
1202307232 116.29776 39.90609
1202307577 116.32211 39.89891
1202307577 116.32211 39.89891
1202307877 116.31092 39.8963
1202308154 116.31065 39.90514
1202308454 116.27565 39.90618
1202309054 116.24682 39.89612
1202309187 116.24674 39.89046
1202309487 116.26767 39.88622
1202309787 116.27066 39.89184
1202310087 116.28346 39.89897
1202310387 116.29614 39.90388
1202310687 116.29615 39.90582
1202310869 116.29607 39.9048
1202311312 116.29361 39.89582
1202311912 116.19765 39.90615
1202312092 116.18412 39.90633
1202312212 116.18057 39.91388
1202312512 116.19227 39.91852
1202312804 116.19542 39.93172
1202313104 116.23273 39.92847
1202313268 116.24797 39.92837
1202313568 116.26957 39.93137
1202313867 116.30314 39.93121
1202314000 116.30451 39.93929
1202314300 116.30272 39.93101
1202314300 116.30272 39.93101
1202314600 116.29614 39.94325
1202314725 116.29923 39.93855
1202315025 116.30399 39.92218
1202315472 116.29659 39.89558
1202315772 116.27102 39.87641
1202316072 116.22334 39.84667
1202316372 116.19987 39.81195
1202316545 116.1877 39.80641
1202316845 116.20173 39.81243
1202317145 116.2029 39.84137
1202317445 116.20517 39.84277
1202317745 116.22627 39.84806
1202318209 116.26063 39.85454
1202318809 116.27931 39.8409
1202319109 116.29866 39.83938
1202319409 116.31116 39.82907
1202319709 116.3285 39.82906
1202319820 116.33099 39.82928
1202320120 116.34868 39.85063
1202320442 116.35293 39.83884
1202320742 116.38731 39.83058
1202321042 116.42555 39.82154
1202321342 116.43289 39.80566
1202321342 116.43289 39.80566
1202321642 116.43245 39.80558
1202321942 116.43249 39.80561
1202322241 116.43248 39.80559
1202322541 116.43254 39.8055
1202322841 116.43251 39.80547
1202323141 116.43251 39.80547
1202323741 116.43242 39.80559
1202324041 116.43241 39.8056
1202324341 116.43261 39.80533
1202324641 116.43255 39.80557
1202324941 116.43287 39.80575
1202325241 116.43303 39.80524
1202325541 116.43288 39.80509
1202325841 116.43288 39.80509
1202326141 116.4331 39.80505
1202326741 116.43262 39.80518
1202327041 116.43261 39.80538
1202327641 116.43169 39.80592
1202327641 116.43169 39.80592
1202327941 116.43271 39.80552
1202328241 116.43255 39.80557
1202328541 116.43261 39.80551
1202328841 116.43262 39.80551
1202329141 116.43259 39.80541
1202329441 116.41479 39.80188
1202329741 116.39597 39.80167
1202330341 116.34152 39.82067
1202330641 116.33045 39.8218
1202330941 116.32607 39.80708
1202331241 116.32586 39.80529
1202331541 116.32581 39.80528
1202331841 116.3258 39.80527
1202332141 116.32578 39.80526
1202332441 116.3258 39.80526
1202332741 116.32582 39.80526
1202333041 116.32601 39.80545
1202333341 116.326 39.80541
1202333641 116.32596 39.80526
1202333941 116.3259 39.80518
1202334241 116.32537 39.80498
1202334541 116.32543 39.80505
1202334841 116.32594 39.80516
1202335141 116.32834 39.80091
1202335441 116.33999 39.82637
1202335741 116.39212 39.83052
1202336041 116.42265 39.82225
1202336341 116.43401 39.80649
1202336341 116.43401 39.80649
1202336641 116.43253 39.80537
1202336941 116.43277 39.80549
1202337241 116.4325 39.80535
1202337541 116.43228 39.80536
1202337841 116.43258 39.80539
1202338141 116.43245 39.80541
1202338441 116.43264 39.80541
1202338741 116.4328 39.80561
1202339041 116.43279 39.80559
1202339341 116.43241 39.80535
1202339641 116.43312 39.80581
1202339941 116.43289 39.80581
1202340241 116.43287 39.80553
1202340541 116.43307 39.80553
1202340841 116.43329 39.80535
1202341141 116.43296 39.80556
1202341440 116.43258 39.80587
1202341740 116.4326 39.80573
1202342040 116.43253 39.80508
1202342340 116.43265 39.80567
1202342641 116.43268 39.80562
1202342940 116.43267 39.80563
1202343240 116.43254 39.8054
1202343540 116.43274 39.80572
1202343840 116.43272 39.80548
1202344140 116.43272 39.80546
1202344440 116.43306 39.80551
1202344740 116.43269 39.80581
1202345040 116.43295 39.80522
1202345040 116.43295 39.80522
1202345340 116.43268 39.80571
1202345640 116.43269 39.80565
1202345940 116.43269 39.80563
1202346240 116.43269 39.80563
1202346540 116.43246 39.80555
1202346840 116.43279 39.80563
1202347140 116.43265 39.80566
1202347440 116.43267 39.80567
1202347740 116.43268 39.80561
1202348040 116.4328 39.80563
1202348340 116.43272 39.80549
1202348640 116.43272 39.80547
1202348940 116.43274 39.80543
1202349240 116.4328 39.80552
1202349540 116.43287 39.80563
1202350440 116.43256 39.80576
1202350740 116.4321 39.80467
1202351040 116.43245 39.80525
1202351340 116.43253 39.80534
1202351640 116.4327 39.80527
1202351940 116.43291 39.80565
1202352240 116.43275 39.80541
1202352840 116.43274 39.80545
1202353440 116.43284 39.80548
1202353740 116.4328 39.8055
1202354040 116.43276 39.80565
1202354340 116.43286 39.80548
1202354640 116.43281 39.80551
1202354940 116.43293 39.80557
1202355240 116.43276 39.80563
1202355540 116.43279 39.80558
1202355840 116.4327 39.80557
1202356140 116.43282 39.80557
1202356440 116.43282 39.80553
1202356740 116.43331 39.80535
1202357040 116.43272 39.80601
1202357640 116.43319 39.80552
1202357940 116.43311 39.8055
1202358240 116.43277 39.8055
1202358540 116.43278 39.8055
1202358840 116.43261 39.80514
1202359140 116.43302 39.80545
1202359440 116.4329 39.8055
1202359740 116.43285 39.80565
1202360040 116.43285 39.80562
1202360340 116.43287 39.80563
1202360639 116.43299 39.80562
1202360939 116.43271 39.80541
1202361239 116.4328 39.80555
1202361539 116.43278 39.80552
1202361839 116.43277 39.80561
1202362139 116.43275 39.80558
1202362439 116.43269 39.8056
1202362439 116.43269 39.8056
1202362739 116.43268 39.80558
1202363039 116.43247 39.80575
1202363339 116.43257 39.80562
1202363639 116.43257 39.80565
1202363939 116.43238 39.80576
1202364239 116.43302 39.80535
1202364539 116.43271 39.80556
1202364839 116.43276 39.80568
1202365139 116.43275 39.80547
1202365439 116.4329 39.80548
1202365739 116.43287 39.80552
1202366039 116.43286 39.80553
1202366339 116.43284 39.80554
1202366639 116.43285 39.80554
1202366939 116.43284 39.80555
1202367239 116.43284 39.80555
1202367539 116.43283 39.80555
1202367839 116.43283 39.80554
1202368139 116.43282 39.80555
1202368439 116.43289 39.80542
1202368739 116.43292 39.80539
1202369039 116.43291 39.8055
1202369339 116.43281 39.80555
1202369639 116.43248 39.80559
1202370239 116.43256 39.8053
1202370539 116.43257 39.80532
1202370839 116.43261 39.8056
1202371139 116.43264 39.80559
1202371139 116.43264 39.80559
1202371439 116.43264 39.80557
1202371739 116.43263 39.80559
1202372039 116.43283 39.80558
1202372339 116.43268 39.80561
1202372639 116.43275 39.8057
1202372939 116.43286 39.80561
1202373239 116.43301 39.80534
1202373539 116.43295 39.80539
1202374139 116.43311 39.80565
1202374439 116.43266 39.80565
1202374739 116.43242 39.80565
1202375039 116.43247 39.80562
1202375339 116.43258 39.80557
1202375639 116.43276 39.80579
1202375939 116.43271 39.80552
1202376239 116.43269 39.80551
1202376839 116.43265 39.80542
1202377139 116.43271 39.80559
1202377439 116.43275 39.80549
1202377739 116.43267 39.80554
1202378039 116.43254 39.80555
1202378339 116.43278 39.8054
1202378939 116.43261 39.80552
1202379239 116.43215 39.80566
1202379539 116.43241 39.80543
1202379839 116.43243 39.80553
1202379839 116.43243 39.80553
1202380139 116.43243 39.80553
1202380438 116.43229 39.80529
1202380738 116.43266 39.8055
1202381038 116.43252 39.80541
1202381338 116.43273 39.80558
1202381638 116.43274 39.80522
1202381938 116.43276 39.80582
1202382238 116.43285 39.80541
1202382538 116.4328 39.80549
1202382838 116.43265 39.80559
1202382896 116.43327 39.80623
1202383139 116.43263 39.80573
1202383439 116.43333 39.80583
1202384038 116.43263 39.80613
1202384338 116.43266 39.80599
1202384638 116.42971 39.80562
1202384938 116.42668 39.80287
1202384995 116.42388 39.80256
1202385295 116.40977 39.81961
1202385595 116.39507 39.83537
1202385895 116.39427 39.85401
1202386163 116.40802 39.85904
1202386195 116.40772 39.86033
1202386495 116.41051 39.87191
1202386795 116.41458 39.88069
1202386795 116.41458 39.88069
1202387095 116.41227 39.87204
1202387395 116.38143 39.8744
1202387656 116.37794 39.88099
1202387932 116.37625 39.882
1202388232 116.3683 39.88751
1202388532 116.35296 39.88808
1202388832 116.34705 39.89799
1202388832 116.34705 39.89799
1202388876 116.34683 39.89895
1202389132 116.34228 39.89042
1202389432 116.3404 39.85087
1202389732 116.35874 39.84497
1202389814 116.35945 39.84438
1202390032 116.35378 39.84473
1202390332 116.33081 39.84764
1202390632 116.30474 39.88255
1202390932 116.26825 39.88629
1202391232 116.26187 39.92305
1202391532 116.23332 39.92466
1202391827 116.21455 39.9281
1202392127 116.24179 39.92812
1202392526 116.25855 39.9236
1202392826 116.26792 39.90606
1202393126 116.27324 39.89906
1202393189 116.27404 39.89902
1202393489 116.2938 39.8998
1202393789 116.29605 39.90643
1202394089 116.29631 39.90578
1202394389 116.31058 39.9039
1202394689 116.3107 39.89602
1202395003 116.30522 39.9078
1202395289 116.29612 39.90077
1202395589 116.29609 39.90587
1202395876 116.29599 39.90476
1202396169 116.30013 39.89534
1202396469 116.29609 39.90622
1202396492 116.29609 39.9053
1202396792 116.31092 39.8955
1202396904 116.31488 39.89475
1202397204 116.31076 39.89634
1202397239 116.30925 39.89601
1202397239 116.30925 39.89601
1202397539 116.3062 39.86687
1202397839 116.34916 39.85088
1202398139 116.40357 39.85569
1202398397 116.41767 39.8491
1202398397 116.41767 39.8491
1202398439 116.41608 39.84829
1202398739 116.39464 39.85676
1202399039 116.39128 39.87953
1202399263 116.38277 39.88496
1202399263 116.38277 39.88496
1202399563 116.37689 39.88808
1202399563 116.37689 39.88808
1202399622 116.37362 39.88796
1202399922 116.36808 39.87334
1202400222 116.35519 39.8631
1202400258 116.35507 39.86326
1202400522 116.35817 39.86713
1202400822 116.33056 39.86899
1202401122 116.32059 39.88345
1202401280 116.3199 39.88603
1202401580 116.32065 39.88395
1202401731 116.32802 39.88323
1202402031 116.35667 39.88794
1202402284 116.35711 39.89755
1202402584 116.35034 39.90017
1202402733 116.35718 39.89541
1202403033 116.35752 39.88162
1202403033 116.35752 39.88162
1202403333 116.35694 39.86818
1202403438 116.35812 39.86709
1202403738 116.34918 39.86826
1202403991 116.34461 39.87032
1202404291 116.34072 39.85301
1202404591 116.33027 39.8215
1202404881 116.31914 39.8099
1202405181 116.32988 39.82145
1202405481 116.33825 39.82096
1202405707 116.33957 39.8387
1202405916 116.35065 39.84422
1202406099 116.35213 39.8465
1202406399 116.34156 39.86187
1202406699 116.34953 39.89731
1202406999 116.34731 39.92173
1202407078 116.34426 39.92178
1202407378 116.34705 39.9124
1202407678 116.34677 39.91134
1202407678 116.34677 39.91134
1202407978 116.34668 39.91099
1202408207 116.34659 39.90579
1202408507 116.34795 39.89483
1202408591 116.3491 39.89331
1202408891 116.34733 39.88151
1202409191 116.3404 39.86709
1202409374 116.34063 39.85326
1202409647 116.34998 39.84447
1202409947 116.35294 39.83683
1202410247 116.37592 39.83002
1202410547 116.40792 39.82971
1202410847 116.40805 39.82955
1202411018 116.40872 39.82895
1202411318 116.4312 39.81739
1202411411 116.43135 39.81606
1202411711 116.4331 39.80607
1202412011 116.4331 39.80607
1202412311 116.43283 39.8056
1202412611 116.43365 39.8054
1202412611 116.43365 39.8054
1202412911 116.43267 39.80534
1202413211 116.43256 39.80566
1202413511 116.43229 39.80515
1202413811 116.43263 39.8055
1202414111 116.43253 39.80541
1202414411 116.4327 39.80565
1202414711 116.4327 39.80565
1202415011 116.43266 39.80564
1202415311 116.43266 39.80563
1202415611 116.43269 39.80561
1202415911 116.43269 39.8056
1202416210 116.43246 39.80564
1202416510 116.4329 39.80553
1202416810 116.43258 39.80561
1202417110 116.43254 39.80561
1202417410 116.43202 39.80562
1202417710 116.43258 39.80549
1202418010 116.43283 39.80557
1202418310 116.43249 39.80554
1202418610 116.43278 39.80573
1202418910 116.43272 39.8055
1202419210 116.43252 39.80554
1202419510 116.43253 39.80546
1202419810 116.43227 39.80557
1202420110 116.43232 39.80559
1202420410 116.43241 39.80555
1202420710 116.4324 39.80556
1202421010 116.43242 39.80555
1202421310 116.43244 39.80554
1202421310 116.43244 39.80554
1202421610 116.43245 39.80552
1202421910 116.43247 39.8055
1202422210 116.43195 39.80601
1202422510 116.43258 39.80571
1202422810 116.43245 39.80548
1202423110 116.4321 39.80606
1202423410 116.43256 39.8055
1202423710 116.43242 39.8057
1202424010 116.43236 39.80571
1202424310 116.43252 39.80551
1202424610 116.43257 39.8056
1202424910 116.43255 39.80563
1202425210 116.43257 39.80564
1202425510 116.43254 39.80553
1202425810 116.43281 39.80566
1202426110 116.43267 39.80518
1202426410 116.43282 39.80552
1202426710 116.43243 39.80533
1202427010 116.43243 39.80533
1202427310 116.43284 39.80531
1202427910 116.43254 39.80542
1202428210 116.4328 39.80553
1202428510 116.43275 39.80544
1202428810 116.43251 39.80544
1202429110 116.43288 39.80546
1202429410 116.433 39.80543
1202429710 116.43266 39.8055
1202430010 116.43262 39.80538
1202430010 116.43262 39.80538
1202430310 116.43262 39.80556
1202430610 116.43263 39.80553
1202430910 116.43276 39.80549
1202431210 116.43272 39.80546
1202431510 116.43254 39.80557
1202431810 116.43254 39.80559
1202432110 116.43262 39.80538
1202432410 116.43245 39.80569
1202432710 116.43258 39.80565
1202433010 116.43264 39.80544
1202433310 116.43265 39.80543
1202433910 116.43253 39.80554
1202434210 116.43251 39.80547
1202434510 116.43255 39.8054
1202434810 116.43248 39.80534
1202435109 116.43261 39.80559
1202435409 116.43257 39.80554
1202435709 116.43258 39.80538
1202436009 116.4326 39.80542
1202437509 116.4328 39.8055
1202438709 116.4325 39.80573
1202439009 116.43263 39.80554
1202439309 116.43268 39.80557
1202439609 116.43269 39.80557
1202439909 116.43268 39.80554
1202440209 116.43343 39.80534
1202440509 116.43242 39.80587
1202440809 116.43256 39.8056
1202441109 116.43256 39.80566
1202441409 116.43249 39.80573
1202441709 116.43293 39.80522
1202442009 116.43272 39.80559
1202442309 116.43278 39.80554
1202442609 116.43278 39.80554
1202442909 116.43276 39.80488
1202443209 116.43272 39.80536
1202443509 116.43281 39.80546
1202443809 116.43241 39.80603
1202444109 116.43289 39.80535
1202444409 116.43272 39.80535
1202444709 116.43276 39.80536
1202445009 116.43276 39.80526
1202445309 116.43264 39.80545
1202445609 116.43266 39.80582
1202445909 116.43255 39.80541
1202446209 116.43284 39.80552
1202446509 116.43284 39.80553
1202446809 116.43259 39.80566
1202447109 116.43264 39.80573
1202447409 116.4326 39.80586
1202447409 116.4326 39.80586
1202447709 116.43274 39.80558
1202448009 116.43257 39.80572
1202448309 116.43253 39.80564
1202448609 116.43248 39.80545
1202448909 116.43248 39.80562
1202449209 116.43248 39.80558
1202449509 116.43249 39.80557
1202449809 116.43249 39.80556
1202450109 116.43242 39.80565
1202450409 116.4327 39.8057
1202450709 116.43274 39.80557
1202451009 116.43242 39.8056
1202451309 116.43284 39.8055
1202451609 116.43266 39.80566
1202451909 116.43259 39.80564
1202452209 116.43258 39.80563
1202452509 116.43257 39.80562
1202452809 116.43257 39.80559
1202453109 116.43259 39.80557
1202453409 116.43252 39.80551
1202453709 116.43255 39.80549
1202454009 116.43257 39.80567
1202454308 116.43244 39.8056
1202454608 116.43246 39.80555
1202454908 116.43302 39.80561
1202455208 116.4327 39.80565
1202455508 116.43271 39.80548
1202455808 116.43262 39.80579
1202456108 116.43252 39.80564
1202456108 116.43252 39.80564
1202456408 116.43233 39.80626
1202456708 116.4322 39.80565
1202457008 116.43228 39.80558
1202457308 116.43247 39.80555
1202457608 116.43245 39.80529
1202457908 116.43252 39.80542
1202458208 116.43253 39.80543
1202458508 116.43252 39.80543
1202458808 116.43268 39.8056
1202459108 116.43254 39.80555
1202459408 116.43267 39.8056
1202459708 116.43239 39.8057
1202460008 116.43273 39.80554
1202460308 116.43283 39.8054
1202460608 116.43257 39.80556
1202460908 116.43348 39.80352
1202461208 116.40351 39.80372
1202461508 116.37115 39.80362
1202461808 116.34528 39.81954
1202462108 116.34006 39.83617
1202462408 116.35203 39.84448
1202462602 116.35337 39.84639
1202462902 116.32783 39.84757
1202463202 116.30432 39.89004
1202463416 116.31606 39.89476
1202463716 116.31062 39.90096
1202464016 116.31053 39.89608
1202464316 116.3105 39.89617
1202464522 116.30413 39.9033
1202464822 116.26884 39.90618
1202464908 116.27034 39.9061
1202465208 116.28125 39.89892
1202465508 116.29595 39.90573
1202465808 116.3037 39.90451
1202466108 116.30369 39.90453
1202466408 116.30369 39.90454
1202466708 116.31074 39.9023
1202467008 116.31071 39.89558
1202467260 116.30915 39.8954
1202467560 116.29094 39.86522
1202467860 116.28886 39.85981
1202467893 116.28888 39.85982
1202468193 116.30372 39.85781
1202468493 116.29791 39.85501
1202468793 116.29821 39.85638
1202469093 116.29837 39.85669
1202469170 116.3021 39.85675
1202469300 116.43261 39.80588
1202469471 116.32748 39.84813
1202469483 116.32782 39.84835
1202469771 116.31366 39.85372
1202470071 116.27696 39.86177
1202470225 116.27646 39.85856
1202470371 116.27689 39.85367
1202470670 116.28396 39.82498
1202470970 116.28476 39.80585
1202471270 116.28386 39.78396
1202471570 116.26799 39.76909
1202471870 116.28531 39.75168
1202472082 116.29464 39.75297
1202472382 116.29155 39.75279
1202472682 116.27014 39.75941
1202472982 116.28834 39.77728
1202473282 116.2804 39.79138
1202473493 116.28027 39.80304
1202473793 116.2839 39.82538
1202473793 116.2839 39.82538
1202474093 116.33019 39.82914
1202474393 116.35895 39.85361
1202474693 116.40062 39.85563
1202475385 116.4128 39.89175
1202475593 116.41221 39.90106
1202475800 116.42036 39.90405
1202475800 116.42036 39.90405
1202476100 116.4048 39.89963
1202476254 116.39737 39.89934
1202476554 116.37854 39.89877
1202476854 116.35357 39.89866
1202477154 116.35121 39.92127
1202477454 116.34944 39.95069
1202477878 116.34953 39.94734
1202478178 116.34017 39.93741
1202478399 116.34723 39.93139
1202478646 116.35892 39.93096
1202478737 116.36133 39.92826
1202479037 116.35044 39.91051
1202479337 116.32444 39.88869
1202479535 116.31141 39.88676
1202479835 116.30463 39.88764
1202480135 116.30893 39.9059
1202480735 116.31044 39.89595
1202481035 116.31045 39.89579
1202481335 116.29618 39.89805
1202481335 116.29618 39.89805
1202481635 116.29602 39.90595
1202481935 116.296 39.90549
1202482235 116.29612 39.90603
1202482535 116.29612 39.90574
1202482559 116.29786 39.90591
1202482859 116.30397 39.92258
1202482988 116.29535 39.9229
1202483247 116.3039 39.92384
1202483547 116.33009 39.92167
1202483847 116.35098 39.91594
1202484147 116.36674 39.91001
1202484194 116.36703 39.91022
1202484494 116.36243 39.90254
1202484718 116.35433 39.8985
1202485018 116.33382 39.88732
1202485079 116.33212 39.88757
1202485379 116.32043 39.88015
1202485680 116.31528 39.88304
1202485680 116.31528 39.88304
1202485979 116.3045 39.88886
1202485979 116.3045 39.88886
1202486279 116.29616 39.90195
1202486478 116.29679 39.90609
1202486778 116.32932 39.90641
1202487058 116.33859 39.91456
1202487358 116.32978 39.91278
1202487658 116.31485 39.90483
1202487678 116.31486 39.90336
1202487978 116.32194 39.89244
1202488278 116.32045 39.88398
1202488486 116.32696 39.88312
1202488786 116.31582 39.88315
1202489086 116.31507 39.88581
1202489248 116.31487 39.88692
1202489548 116.30426 39.90897
1202489646 116.30455 39.91643
1202489946 116.30373 39.90771
1202490246 116.30391 39.89157
1202490546 116.30411 39.89143
1202490731 116.30402 39.8901
1202490943 116.29887 39.88321
1202491243 116.30377 39.89259
1202491310 116.30404 39.88974
1202491610 116.31106 39.85688
1202491768 116.31358 39.86046
1202492068 116.3107 39.85648
1202492068 116.3107 39.85648
