UTS Latitude Longitude
1201961194 116.48245 39.90524
1201961496 116.43173 39.90202
1201961798 116.43505 39.90538
1201962100 116.43484 39.91129
1201962402 116.44448 39.91854
1201963005 116.43074 39.90711
1201963609 116.42067 39.91304
1201963910 116.4142 39.9142
1201964816 116.41069 39.93764
1201965419 116.37402 39.96401
1201965721 116.36573 39.96689
1201966023 116.36541 39.9672
1201966325 116.38849 39.96293
1201966627 116.40207 39.94413
1201966928 116.41057 39.941
1201967230 116.42274 39.94818
1201967532 116.47221 39.97791
1201967646 116.48346 39.98373
1201967834 116.48369 39.97244
1201968134 116.49109 39.96037
1201968436 116.49342 39.95542
1201968738 116.4848 39.96456
1201969040 116.47937 39.97413
1201969342 116.46717 39.98203
1201969643 116.452 39.98352
1201969945 116.44007 39.9908
1201970262 116.46059 39.98627
1201970549 116.47634 39.97603
1201970851 116.48551 39.9832
1201971152 116.48806 39.98134
1201971454 116.47997 39.98599
1201971756 116.48642 39.99685
1201972058 116.48483 40.0016
1201972359 116.46716 40.00266
1201972661 116.47649 40.01247
1201972963 116.47649 40.01247
1201972963 116.47649 40.01247
1201973265 116.49241 40.00537
1201974878 116.4567 39.99092
1201975179 116.45947 39.97664
1201975481 116.45947 39.97664
1201976386 116.47159 39.97906
1201976990 116.47674 39.97543
1201977292 116.45764 39.95673
1201977594 116.44922 39.94556
1201977594 116.44922 39.94556
1201977594 116.44922 39.94556
1201977895 116.44923 39.93493
1201977895 116.44923 39.93493
1201978197 116.44917 39.92766
1201978499 116.44018 39.92203
1201978801 116.43454 39.9256
1201979103 116.43447 39.92228
1201979404 116.42822 39.92781
1201980008 116.47077 39.97665
1201980310 116.53369 40.02243
1201980611 116.58362 40.05978
1201980913 116.58282 40.07954
1201981215 116.58236 40.06303
1201981517 116.56298 40.06758
1201981819 116.56729 40.07083
1201982120 116.56589 40.07154
1201982422 116.56589 40.07154
1201982724 116.56589 40.07154
1201983026 116.56589 40.07154
1201983328 116.56589 40.07154
1201983629 116.56589 40.07154
1201983931 116.56589 40.07154
1201984233 116.56589 40.07154
1201984535 116.56589 40.07154
1201984836 116.56589 40.07154
1201985138 116.56589 40.07154
1201985440 116.56589 40.07154
1201985440 116.56589 40.07154
1201985742 116.56589 40.07154
1201986044 116.56589 40.07154
1201986345 116.56436 40.07146
1201986647 116.56264 40.0682
1201986949 116.57123 40.06326
1201987553 116.58268 40.06237
1201987854 116.58231 40.06446
1201988156 116.5822 40.06549
1201988458 116.5822 40.06549
1201988760 116.5821 40.06613
1201989061 116.58186 40.06735
1201989362 116.58156 40.06942
1201989664 116.58132 40.07079
1201989966 116.58132 40.07079
1201990268 116.58132 40.07079
1201990569 116.58069 40.07458
1201990871 116.5818 40.07625
1201991173 116.58188 40.07541
1201991777 116.58293 40.06347
1201992380 116.48284 39.98772
1201992682 116.44326 39.95979
1201992984 116.38737 39.96723
1201993286 116.36086 39.96295
1201993889 116.3664 39.93858
1201994191 116.36966 39.92339
1201994493 116.36784 39.91345
1201994794 116.35067 39.91723
1201995096 116.35018 39.92387
1201995398 116.36793 39.94737
1201995700 116.42695 39.94727
1201996002 116.42909 39.91055
1201996303 116.43495 39.90861
1201996605 116.43486 39.90746
1201996907 116.45567 39.92034
1201997209 116.45519 39.9212
1201997511 116.43293 39.91195
1201998114 116.36778 39.94742
1201998718 116.35028 39.93105
1201999019 116.35037 39.90998
1201999321 116.35719 39.89359
1201999623 116.35725 39.89766
1201999925 116.35354 39.91048
1202000227 116.36786 39.92112
1202000528 116.40436 39.92283
1202000830 116.42805 39.92262
1202001132 116.44432 39.93123
1202001434 116.44189 39.9396
1202001736 116.44043 39.9329
1202002037 116.44178 39.93958
1202002339 116.44178 39.93958
1202002641 116.44171 39.93953
1202002943 116.42779 39.93992
1202003243 116.44181 39.93961
1202003545 116.45556 39.91355
1202003847 116.4585 39.88458
1202004149 116.44752 39.90725
1202005054 116.4497 39.93992
1202005808 116.45675 39.99939
1202006109 116.45222 40.0212
1202006411 116.47544 40.08272
1202006713 116.49934 40.09404
1202007015 116.54997 40.10594
1202007316 116.55495 40.09965
1202007618 116.5474 40.06219
1202007920 116.52348 40.03339
1202008222 116.50778 40.01028
1202008524 116.47751 39.96053
1202008825 116.47133 39.93252
1202009127 116.4661 39.94135
1202009429 116.45147 39.94732
1202009731 116.44148 39.93971
1202010334 116.4611 39.89934
1202010636 116.45623 39.90634
1202010938 116.43056 39.89884
1202011240 116.4205 39.86707
1202011833 116.42967 39.90668
1202011833 116.42967 39.90668
1202012135 116.43842 39.93823
1202013342 116.45135 39.93986
1202013945 116.47028 39.968
1202014247 116.4867 39.9921
1202016857 116.49602 40.00899
1202017159 116.49382 40.00657
1202017461 116.48192 40.00435
1202018065 116.46163 39.96949
1202018366 116.45525 39.94748
1202018970 116.48242 39.95714
1202019875 116.47538 39.98188
1202020177 116.47258 40.0005
1202020478 116.40941 39.86212
1202020478 116.40941 39.86212
1202020781 116.40981 40.03608
1202021104 116.40584 40.0455
1202021104 116.40584 40.0455
1202021384 116.41153 40.02563
1202021686 116.40151 40.00199
1202021686 116.40151 40.00199
1202021988 116.4017 39.9936
1202022290 116.39092 39.96755
1202022591 116.36467 39.95681
1202023195 116.35021 39.94812
1202023497 116.34029 39.956
1202023799 116.32749 39.97706
1202024402 116.31147 39.97469
1202024704 116.28967 39.99289
1202025006 116.2859 39.9961
1202025307 116.29866 39.98856
1202025608 116.35835 39.98573
1202025910 116.43177 39.98745
1202026212 116.47038 40.03599
1202027419 116.5819 40.07941
1202028324 116.53415 40.05266
1202028550 116.52764 40.0416
1202030578 116.46669 40.02282
1202030879 116.4613 40.00564
1202031181 116.45411 39.9994
1202031483 116.45411 39.9994
1202031785 116.45307 40.00032
1202032087 116.45788 39.98791
1202032388 116.46077 39.97007
1202032690 116.48335 39.93333
1202032992 116.46476 39.92947
1202033294 116.46243 39.92849
1202033595 116.45525 39.9209
1202034199 116.44942 39.89234
1202034501 116.41464 39.8919
1202034803 116.40863 39.89581
1202035105 116.42431 39.89605
1202035406 116.43276 39.89286
1202035708 116.43283 39.89826
1202036010 116.42892 39.91236
1202036312 116.43323 39.92309
1202036613 116.43758 39.93209
1202036915 116.42176 39.93974
1202037217 116.40962 39.93946
1202038122 116.40118 39.96855
1202038423 116.40141 39.99142
1202039027 116.3983 40.00395
1202039328 116.39453 39.98969
1202039328 116.39453 39.98969
1202039630 116.38095 39.9931
1202039932 116.36832 39.99464
1202040234 116.36441 39.98939
1202040536 116.35889 39.99317
1202040536 116.35889 39.99317
1202040837 116.33424 39.99938
1202041139 116.33384 39.99684
1202041441 116.32816 39.99158
1202042044 116.30996 39.9859
1202042648 116.30882 39.98253
1202042950 116.31256 39.97187
1202043553 116.32966 39.9513
1202043855 116.33789 39.92589
1202044157 116.3501 39.91976
1202044459 116.34974 39.90497
1202044754 116.37378 39.9044
1202045065 116.38829 39.9061
1202045367 116.39917 39.90648
1202045669 116.41209 39.90533
1202046272 116.4294 39.90551
1202046574 116.45813 39.89934
1202046745 116.45892 39.8994
1202048030 116.4681 39.89919
1202048634 116.45953 39.89198
1202049238 116.44904 39.90707
1202049238 116.44904 39.90707
1202049539 116.42594 39.90717
1202050143 116.41355 39.91326
1202050445 116.41168 39.91481
1202050747 116.41946 39.92292
1202051350 116.42621 39.95143
1202053277 116.33747 39.99773
1202053733 116.3436 39.99955
1202054035 116.34729 39.98427
1202054337 116.35963 39.96623
1202054638 116.36462 39.96087
1202054940 116.36388 39.97129
1202055242 116.38346 39.9864
1202055544 116.41667 39.98718
1202055845 116.42662 39.98756
1202056449 116.44186 39.99354
1202056751 116.44702 39.99542
1202057053 116.47543 39.98764
1202057656 116.47619 40.01254
1202058262 116.49414 40.00677
1202059455 116.49105 40.00383
1202059757 116.47775 40.0086
1202060361 116.4777 40.00863
1202060663 116.4777 40.00863
1202060964 116.4777 40.00863
1202061266 116.46189 40.01032
1202061568 116.43541 39.98549
1202061870 116.4043 39.96758
1202062172 116.37981 39.96692
1202062473 116.34806 39.96643
1202062775 116.31616 39.96606
1202063077 116.31764 39.95107
1202063679 116.31558 39.96517
1202063981 116.31308 39.9709
1202064283 116.30321 39.95346
1202064585 116.30395 39.9341
1202064887 116.29969 39.92292
1202065188 116.27932 39.92293
1202065188 116.27932 39.92293
1202065490 116.28003 39.9219
1202065792 116.30482 39.92259
1202066019 116.31311 39.92683
1202066399 116.31305 39.93101
1202066700 116.33023 39.93101
1202067002 116.3353 39.931
1202067304 116.34481 39.93095
1202067606 116.35291 39.93351
1202067908 116.34634 39.93903
1202068209 116.32726 39.93329
1202068511 116.33298 39.93105
1202068813 116.33708 39.93103
1202069115 116.34716 39.93095
1202069416 116.34974 39.92197
1202069718 116.35015 39.91368
1202070020 116.3503 39.90957
1202070322 116.34844 39.8971
1202070624 116.34231 39.8663
1202070925 116.35818 39.85202
1202071227 116.36471 39.84933
1202071529 116.37597 39.8488
1202071831 116.39516 39.85554
1202072133 116.41637 39.8642
1202072434 116.42743 39.86455
1202072434 116.42743 39.86455
1202072736 116.43162 39.86451
1202073041 116.4334 39.86892
1202073644 116.42363 39.89634
1202073946 116.43399 39.90695
1202074248 116.44396 39.91194
1202074550 116.44308 39.90733
1202075153 116.42229 39.90709
1202076059 116.42733 39.92292
1202076360 116.44002 39.92167
1202076662 116.45456 39.92189
1202076964 116.47197 39.92051
1202077266 116.46427 39.9125
1202077567 116.44753 39.91616
1202077869 116.44735 39.91519
1202078171 116.46867 39.91443
1202078473 116.48645 39.91425
1202078775 116.49776 39.91299
1202079076 116.48189 39.91445
1202079378 116.46316 39.91247
1202079680 116.44782 39.91763
1202079982 116.44761 39.91512
1202080284 116.44876 39.91524
1202080585 116.45512 39.91715
1202081188 116.45776 39.88753
1202081490 116.45567 39.89505
1202081795 116.45592 39.90465
1202082097 116.44427 39.9146
1202082399 116.46613 39.92175
1202082700 116.49263 39.92167
1202083002 116.49929 39.93469
1202083304 116.4959 39.93302
1202083606 116.48709 39.92176
1202083908 116.46115 39.92203
1202084511 116.46606 39.92937
1202084813 116.45587 39.93155
1202085115 116.43633 39.93244
1202085417 116.4274 39.94666
1202085718 116.4018 39.95869
1202086020 116.41225 39.95603
1202086322 116.42402 39.9481
1202086624 116.42797 39.93605
1202086924 116.44505 39.93982
1202087226 116.45741 39.95599
1202087226 116.45741 39.95599
1202087528 116.44056 39.9437
1202087830 116.44762 39.95696
1202088132 116.44253 39.96438
1202088433 116.42505 39.96695
1202088735 116.42598 39.95552
1202089037 116.43705 39.93976
1202089339 116.45794 39.93246
1202089641 116.4782 39.92693
1202089942 116.47225 39.92843
1202090244 116.45529 39.93236
1202090546 116.44159 39.93965
1202091149 116.44164 39.93965
1202091451 116.44165 39.93963
1202091753 116.44165 39.93963
1202092055 116.44165 39.93963
1202092357 116.44173 39.93964
1202092658 116.45982 39.95857
1202092960 116.46494 39.96396
1202093262 116.48274 39.98852
1202093564 116.48842 39.99371
1202093866 116.48842 39.99371
1202094167 116.48842 39.99371
1202094469 116.50073 40.0053
1202094771 116.49636 40.00929
1202094771 116.49636 40.00929
1202103035 116.49533 40.00825
1202103337 116.49083 40.00366
1202103639 116.46674 40.00401
1202104544 116.46215 39.9515
1202104846 116.46394 39.93249
1202105148 116.45038 39.93064
1202105449 116.45045 39.93054
1202105751 116.44892 39.93242
1202106053 116.4406 39.93179
1202106355 116.44051 39.93141
1202106657 116.45528 39.92379
1202106657 116.45528 39.92379
1202106958 116.45468 39.86838
1202107562 116.39704 39.87064
1202107863 116.36548 39.87306
1202108164 116.35794 39.87215
1202108768 116.31754 39.89885
1202109070 116.35707 39.89809
1202109372 116.39557 39.89909
1202109673 116.43313 39.90704
1202109975 116.43751 39.92964
1202113004 116.34996 39.92191
1202113603 116.32115 39.89911
1202114367 116.32121 39.89838
1202114669 116.3151 39.9047
1202114970 116.31167 39.92275
1202115272 116.31985 39.93033
1202115876 116.32538 39.92311
1202116177 116.31647 39.92171
1202116479 116.31311 39.92677
1202116781 116.32752 39.93136
1202116781 116.32752 39.93136
1202117083 116.35232 39.94301
1202117385 116.40538 39.94772
1202117385 116.40538 39.94772
1202117686 116.43575 39.93976
1202117988 116.43835 39.93909
1202118290 116.45477 39.93226
1202118592 116.45537 39.91407
1202118894 116.45462 39.86731
1202119195 116.40881 39.85592
1202119497 116.40361 39.85252
1202119799 116.40806 39.85409
1202120101 116.43369 39.85755
1202120402 116.45961 39.88307
1202120704 116.47162 39.88847
1202121006 116.47111 39.88869
1202121610 116.47153 39.90622
1202121911 116.46689 39.9071
1202122213 116.4389 39.90718
1202122515 116.43837 39.8889
1202122817 116.40665 39.87088
1202123119 116.35225 39.86714
1202123420 116.34275 39.89161
1202123722 116.3152 39.89629
1202124023 116.31529 39.89857
1202124325 116.31083 39.90635
1202124626 116.30335 39.88379
1202124928 116.30763 39.88623
1202124928 116.30763 39.88623
1202125230 116.30898 39.88556
1202125532 116.30458 39.89938
1202125834 116.29947 39.91499
1202126135 116.29249 39.92251
1202126739 116.30399 39.94565
1202127343 116.28207 39.94599
1202127946 116.33763 39.93148
1202128248 116.33779 39.92947
1202128550 116.33702 39.93613
1202128852 116.33402 39.93598
1202129153 116.33809 39.92294
1202129455 116.33828 39.90854
1202129757 116.34127 39.90393
1202130059 116.34653 39.90884
1202130360 116.34003 39.90635
1202130662 116.34449 39.9126
1202130964 116.34595 39.91266
1202132247 116.40902 39.9068
1202133454 116.45613 39.9089
1202133756 116.45583 39.91964
1202134965 116.4814 39.98721
1202135267 116.49657 40.00953
1202135409 116.49627 40.00927
1202139427 116.53002 39.94747
1202139427 116.53002 39.94747
1202139729 116.50749 39.90669
1202140031 116.48336 39.87452
1202140635 116.44302 39.82573
1202141416 116.44306 39.82583
1202142019 116.44306 39.82583
1202142321 116.44306 39.82583
1202142623 116.44306 39.82583
1202142623 116.44306 39.82583
1202143398 116.44307 39.8256
1202151287 116.44499 39.82468
1202152474 116.44785 39.82291
1202152474 116.44785 39.82291
1202152776 116.44518 39.83087
1202153077 116.48176 39.86144
1202153379 116.46174 39.869
1202153681 116.46149 39.87854
1202153983 116.45783 39.88324
1202154586 116.45844 39.89394
1202154888 116.4556 39.90585
1202155190 116.45549 39.91917
1202155492 116.45559 39.94091
1202155793 116.44927 39.94732
1202156095 116.45529 39.94816
1202156397 116.45611 39.94257
1202156699 116.46702 39.939
1202157001 116.45726 39.93248
1202157302 116.44944 39.92703
1202157604 116.44891 39.92362
1202157906 116.43978 39.92223
1202158208 116.43021 39.91716
1202158510 116.43032 39.91585
1202158810 116.44462 39.92136
1202159414 116.48851 39.92171
1202159716 116.49599 39.93245
1202160017 116.48454 39.93255
1202160017 116.48454 39.93255
1202160926 116.44762 39.91479
1202161228 116.45511 39.90026
1202161530 116.44965 39.8721
1202162133 116.45002 39.8795
1202163038 116.42015 39.87886
1202163340 116.42808 39.89215
1202163944 116.42514 39.86721
1202164547 116.43383 39.86899
1202164849 116.42253 39.89944
1202165151 116.42095 39.90639
1202165453 116.41999 39.92269
1202166056 116.43445 39.92305
1202166358 116.4344 39.92239
1202166660 116.41373 39.94806
1202167264 116.39618 39.96601
1202167264 116.39618 39.96601
1202167565 116.40165 39.96725
1202168169 116.38302 39.97158
1202168471 116.38922 39.94803
1202168772 116.42755 39.9368
1202169074 116.43746 39.92732
1202169376 116.42045 39.92312
1202169678 116.39285 39.92206
1202169980 116.36729 39.92237
1202170583 116.37122 39.91758
1202170884 116.37065 39.91094
1202171186 116.37913 39.93171
1202171488 116.40232 39.93947
1202171789 116.40139 39.96681
1202172091 116.39691 39.98721
1202172393 116.40084 39.98585
1202172695 116.4115 39.9707
1202172996 116.43079 39.9615
1202173298 116.43351 39.95337
1202173600 116.41792 39.968
1202173902 116.38162 39.9813
1202174204 116.38152 39.97667
1202174505 116.37829 39.95007
1202174807 116.40019 39.95011
1202174807 116.40019 39.95011
1202175109 116.41816 39.93959
1202175713 116.43851 39.94071
1202176014 116.44123 39.93966
1202176316 116.45541 39.93756
1202176618 116.47882 39.93248
1202176920 116.50994 39.9336
1202178730 116.48757 39.99288
1202191714 116.49554 40.00829
1202192015 116.47578 40.00049
1202192317 116.45656 39.99688
1202192619 116.46128 40.00027
1202193223 116.46282 39.97297
1202193524 116.46279 39.94312
1202193826 116.44689 39.93246
1202194128 116.44053 39.93159
1202194430 116.40105 39.93204
1202194732 116.36704 39.93123
1202195335 116.39632 39.93222
1202195939 116.40053 39.93943
1202196240 116.41623 39.93969
1202196844 116.44049 39.9314
1202196844 116.44049 39.9314
1202197146 116.45537 39.932
1202197749 116.45883 39.88811
1202198051 116.45547 39.92088
1202200868 116.5493 40.0643
1202201496 116.49626 40.01978
1202201773 116.49632 40.00926
1202201773 116.49632 40.00926
1202203376 116.49633 40.00937
1202203678 116.49633 40.00937
1202203979 116.49633 40.00937
1202204281 116.49633 40.00937
1202204583 116.50063 40.00562
1202204885 116.51643 40.01482
1202205186 116.5492 40.02657
1202205488 116.59455 40.03517
1202206092 116.68077 40.062
1202206394 116.7613 40.06604
1202206695 116.83917 40.0719
1202206997 116.91504 40.07798
1202206997 116.91504 40.07798
1202207299 116.98649 40.07127
1202207601 117.00301 40.03874
1202208492 117.09795 39.99044
1202209172 117.08384 39.98892
1202209341 117.0772 39.98654
1202210021 117.08298 39.98866
1202210234 117.09798 39.99055
1202213062 117.09823 39.99019
1202217233 116.97592 40.05886
1202217806 116.97562 40.0604
1202218466 116.97521 40.06073
1202219154 116.97749 40.0561
1202219443 116.97974 40.05441
1202223443 116.97658 40.05574
1202223733 116.97561 40.06046
1202224715 116.97599 40.05884
1202225951 116.93358 40.04015
1202226216 116.93025 40.04163
1202229309 116.939 40.0528
1202229611 116.9687 40.0544
1202229840 116.97596 40.05882
1202378819 116.97527 40.06065
1202379120 116.97527 40.06065
1202379421 116.97527 40.06065
1202379723 116.97553 40.06052
1202380025 116.97662 40.05315
1202380327 116.97662 40.05315
1202380628 116.97662 40.05315
1202380930 116.99704 40.05171
1202381232 117.03175 40.07875
1202381520 117.04442 40.09433
1202383106 117.0447 40.0878
1202383275 117.05301 40.08543
1202384251 117.1077 40.11276
1202388063 117.12529 40.13575
1202388365 117.10733 40.11648
1202388666 117.09533 40.08728
1202388968 117.05325 40.08555
1202389499 117.04359 40.09385
1202398025 117.03516 40.08005
1202398327 117.0018 40.05162
1202398629 116.99449 40.0516
1202398931 116.97539 40.06047
1202399232 116.97534 40.06049
1202402966 116.9755 40.06042
1202406967 116.97666 40.05315
1202407269 116.97666 40.05315
1202407571 116.99508 40.05161
1202407873 117.02232 40.03207
1202408168 117.03638 40.03048
1202411866 117.0358 40.03118
1202412168 117.01974 40.04466
1202412606 116.97604 40.05888
1202412606 116.97604 40.05888
1202414284 116.97583 40.05886
1202414589 116.97538 40.06053
1202466372 116.97568 40.0605
1202466674 116.98284 40.07174
1202466976 117.03255 40.07907
1202467278 117.04439 40.09428
1202467580 117.00293 40.06788
1202467881 116.97844 40.06031
1202468183 116.98077 40.06415
1202468485 116.99867 40.06832
1202468787 117.00302 40.06709
1202469088 117.00437 40.07544
1202470903 117.00427 40.07535
1202471205 117.00294 40.0667
1202471507 116.99715 40.07811
