UTS Latitude Longitude
1201959837 116.42478 39.93228
1201959837 116.42478 39.93228
1201959990 116.4278 39.93762
1201959993 116.42778 39.93802
1201960353 116.39567 39.94772
1201960353 116.39567 39.94772
1201960353 116.39567 39.94772
1201961079 116.36047 39.9667
1201961079 116.36047 39.9667
1201961256 116.35942 39.97338
1201961616 116.37672 39.96678
1201961976 116.41212 39.95772
1201962136 116.41925 39.94982
1201962516 116.41203 39.96248
1201966104 116.41105 39.98037
1201966104 116.41105 39.98037
1201966109 116.41103 39.97975
1201966469 116.40527 39.96763
1201966829 116.38138 39.96162
1201967015 116.37893 39.96523
1201967463 116.38378 39.97958
1201967463 116.38378 39.97958
1201967624 116.38793 39.97642
1201967626 116.38795 39.97627
1201967989 116.35862 39.98593
1201968349 116.3211 39.98242
1201968730 116.31177 39.9846
1201969144 116.29838 39.99282
1201969331 116.2991 39.9856
1201969691 116.3008 39.96732
1201970072 116.30203 39.96127
1201970072 116.30203 39.96127
1201970432 116.32903 39.9551
1201970743 116.34182 39.94352
1201970792 116.34243 39.94323
1201971259 116.34953 39.93277
1201971619 116.34995 39.92148
1201971979 116.35048 39.89898
1201972339 116.34182 39.86292
1201972700 116.36037 39.85397
1201973060 116.38905 39.8555
1201973286 116.40413 39.85535
1201973596 116.41773 39.85623
1201973874 116.45132 39.86333
1201974234 116.45482 39.86693
1201974604 116.45533 39.88158
1201974964 116.45547 39.89107
1201975373 116.45565 39.90057
1201976103 116.45625 39.91895
1201976901 116.45482 39.9523
1201977262 116.47565 39.97283
1201977635 116.48123 39.98707
1201977995 116.51205 40.0163
1201978356 116.53008 40.04567
1201978356 116.53008 40.04567
1201979077 116.5665 40.11638
1201979438 116.6127 40.11598
1201979801 116.62365 40.12337
1201980236 116.6345 40.13333
1201988402 116.64785 40.1351
1201988763 116.65397 40.16317
1201989124 116.65288 40.20712
1201990726 116.6526 40.20853
1201995999 116.65208 40.20837
1201996359 116.65383 40.16202
1201999307 116.64755 40.13498
1202020535 116.6376 40.13457
1202020898 116.58335 40.1171
1202021258 116.56223 40.0877
1202022659 116.56627 40.07038
1202027300 116.58213 40.06493
1202028058 116.58445 40.07655
1202028616 116.58583 40.07668
1202029746 116.58548 40.07733
1202029746 116.58548 40.07733
1202029754 116.58548 40.07733
1202030115 116.57087 40.03878
1202030836 116.42815 39.94817
1202032042 116.3434 39.92298
1202032402 116.31227 39.92263
1202032805 116.29677 39.9133
1202032935 116.29315 39.9159
1202033230 116.29743 39.9346
1202033640 116.27838 39.9231
1202034002 116.26882 39.88197
1202034241 116.27393 39.86953
1202034962 116.28125 39.88828
1202035259 116.29465 39.88845
1202036546 116.33665 39.88462
1202036672 116.3367 39.88288
1202037480 116.37822 39.88807
1202038638 116.36633 39.86948
1202038898 116.35972 39.86782
1202038993 116.36527 39.8683
1202039355 116.41135 39.86973
1202039806 116.45395 39.87018
1202040080 116.47175 39.86992
1202040312 116.47118 39.86775
1202040672 116.45503 39.88107
1202040672 116.45503 39.88107
1202042314 116.41907 39.94728
1202042674 116.4222 39.958
1202042722 116.42527 39.95805
1202042924 116.43882 39.9585
1202043288 116.47448 39.98002
1202043654 116.48355 39.9795
1202043810 116.49343 39.97785
1202045328 116.48733 39.97893
1202045688 116.47662 39.96967
1202046166 116.4738 39.97508
1202047501 116.4656 39.98317
1202047501 116.4656 39.98317
1202047512 116.46477 39.98365
1202048399 116.46302 39.98462
1202048651 116.4759 39.98827
1202049013 116.46203 39.99503
1202049059 116.463 39.99618
1202049420 116.43305 39.9877
1202050140 116.3386 39.99183
1202050357 116.33325 39.9916
1202050610 116.3372 39.99163
1202050614 116.3372 39.99163
1202050739 116.33733 39.99175
1202050739 116.33733 39.99175
1202050739 116.33733 39.99175
1202051099 116.35902 39.98878
1202051524 116.36293 39.98955
1202051885 116.40975 39.98702
1202052074 116.4185 39.98723
1202052809 116.39593 39.98692
1202054268 116.35623 39.96637
1202054628 116.37295 39.9501
1202054836 116.38047 39.94818
1202055013 116.3831 39.94827
1202055377 116.38762 39.94505
1202055803 116.38778 39.9401
1202056165 116.38995 39.93268
1202056654 116.39715 39.92357
1202057101 116.4046 39.92483
1202057336 116.40513 39.92857
1202057764 116.41048 39.93218
1202058451 116.41045 39.94412
1202058461 116.4104 39.94465
1202058823 116.38802 39.94763
1202059565 116.35717 39.9447
1202059936 116.34693 39.95688
1202060315 116.33978 39.95758
1202060955 116.33247 39.96605
1202060957 116.33247 39.96605
1202060960 116.33247 39.96605
1202061269 116.34842 39.97053
1202061449 116.34777 39.97928
1202061809 116.34743 39.9844
1202062170 116.34632 40.0066
1202062595 116.34992 40.01468
1202063315 116.35858 39.99755
1202063371 116.35882 39.99463
1202063375 116.35883 39.99462
1202063378 116.35883 39.99463
1202065222 116.46895 39.91228
1202065296 116.46368 39.91223
1202065540 116.45513 39.9076
1202065825 116.44432 39.9087
1202065825 116.44432 39.9087
1202065828 116.44433 39.90892
1202066232 116.4433 39.9204
1202066621 116.44427 39.93213
1202066981 116.44238 39.95082
1202067341 116.45388 39.97648
1202067717 116.45703 39.98973
1202067818 116.45677 39.99155
1202068245 116.46293 39.99633
1202068254 116.46252 39.99612
1202068563 116.44255 39.99427
1202068732 116.45338 39.99568
1202069094 116.46417 39.9765
1202069455 116.48377 39.94745
1202069815 116.48355 39.89802
1202070175 116.48335 39.88622
1202070560 116.46232 39.88315
1202070633 116.45545 39.88333
1202070722 116.45538 39.88408
1202071082 116.44988 39.88327
1202071446 116.42717 39.86967
1202072166 116.35828 39.86207
1202072241 116.35837 39.85968
1202072502 116.35875 39.86398
1202072868 116.35793 39.8741
1202073230 116.3573 39.88458
1202073768 116.35722 39.8972
1202074007 116.35503 39.89832
1202074408 116.34922 39.891
1202074822 116.34643 39.90567
1202075113 116.3469 39.92172
1202075474 116.31983 39.9222
1202075834 116.27928 39.92298
1202076461 116.3045 39.92363
1202076810 116.31925 39.9268
1202077198 116.33727 39.92677
1202077649 116.34732 39.92652
1202078051 116.3666 39.93125
1202078457 116.36603 39.94633
1202078817 116.37432 39.96575
1202078817 116.37432 39.96575
1202079186 116.41018 39.96748
1202080368 116.4301 39.96205
1202080368 116.4301 39.96205
1202080735 116.42683 39.94723
1202081099 116.42947 39.9083
1202081459 116.43358 39.8695
1202081819 116.42442 39.8628
1202081973 116.4222 39.8601
1202081973 116.4222 39.8601
1202082491 116.4277 39.84487
1202082883 116.42728 39.84825
1202082883 116.42728 39.84825
1202082885 116.42733 39.84835
1202082893 116.42733 39.84883
1202083253 116.4324 39.85742
1202083423 116.4379 39.86477
1202083785 116.44075 39.88037
1202084145 116.45543 39.88665
1202084505 116.45557 39.92905
1202084901 116.46818 39.96623
1202085132 116.48368 39.98105
1202085135 116.48368 39.98143
1202085187 116.48362 39.98537
1202085401 116.47993 39.99418
1202085964 116.48253 39.98822
1202086338 116.51677 40.02333
1202086699 116.54787 40.0625
1202087061 116.55925 40.11328
1202087678 116.61295 40.11572
1202088038 116.6523 40.1149
1202088415 116.6356 40.12715
1202117706 116.63763 40.13448
1202118066 116.62523 40.11645
1202118426 116.58512 40.11705
1202118786 116.55493 40.09978
1202119146 116.54908 40.06473
1202119201 116.54298 40.05833
1202119595 116.51768 40.02487
1202119955 116.48748 39.99293
1202120316 116.47168 39.9787
1202120677 116.44493 39.96463
1202120766 116.44538 39.96685
1202121066 116.44323 39.97343
1202121518 116.41285 39.96803
1202123003 116.38427 39.9716
1202124508 116.39337 39.95005
1202124871 116.38512 39.9671
1202125232 116.3225 39.9661
1202125275 116.32048 39.96622
1202125635 116.32785 39.96797
1202125995 116.34702 39.9625
1202126030 116.34712 39.96063
1202126392 116.34913 39.94292
1202126408 116.349 39.94288
1202126768 116.34225 39.94902
1202126970 116.33268 39.9565
1202127357 116.31835 39.94518
1202127509 116.31737 39.93793
1202127869 116.3034 39.95453
1202128229 116.31008 39.96362
1202128252 116.3116 39.96423
1202128613 116.31075 39.97923
1202128678 116.31068 39.98145
1202129275 116.31882 39.98022
1202129275 116.31882 39.98022
1202129284 116.31877 39.98072
1202129674 116.31027 39.9843
1202130394 116.27035 39.87855
1202130754 116.30362 39.82928
1202131114 116.39163 39.83048
1202131489 116.39585 39.80992
1202133080 116.3881 39.80143
1202133440 116.39582 39.8214
1202133800 116.40072 39.83775
1202133805 116.40072 39.83805
1202134166 116.4352 39.82705
1202134308 116.43812 39.82652
1202134668 116.44483 39.82525
1202134834 116.44085 39.84163
1202134834 116.44085 39.84163
1202134834 116.44085 39.84163
1202134838 116.44082 39.84213
1202135188 116.42223 39.84603
1202135243 116.42227 39.84965
1202135603 116.4153 39.86847
1202135963 116.36828 39.8738
1202136397 116.36825 39.89782
1202136527 116.36972 39.90348
1202136527 116.36972 39.90348
1202136839 116.37288 39.90288
1202136841 116.37268 39.90287
1202136842 116.3726 39.90287
1202137202 116.35197 39.8979
1202137648 116.32187 39.88868
1202138068 116.32023 39.88507
1202138345 116.32817 39.8843
1202138702 116.34392 39.89263
1202139591 116.3386 39.92145
1202139739 116.33887 39.92677
1202140067 116.33868 39.91887
1202140698 116.33863 39.91948
1202141058 116.33783 39.9277
1202141430 116.34478 39.93108
1202142231 116.35155 39.93912
1202142235 116.35155 39.93915
1202142878 116.35142 39.93912
1202142991 116.3546 39.9433
1202142994 116.35487 39.94347
1202142999 116.35548 39.94373
1202143375 116.40403 39.94767
1202143735 116.42758 39.93683
1202144108 116.42808 39.92163
1202144469 116.42927 39.9097
1202144727 116.4229 39.90382
1202145447 116.42988 39.948
1202146530 116.539 40.05587
1202146896 116.55497 40.09923
1202147257 116.60483 40.1165
1202147257 116.60483 40.1165
1202161752 116.65875 40.12865
1202167308 116.6438 40.13055
1202167803 116.62832 40.13797
1202170827 116.63748 40.1344
1202171196 116.65082 40.12907
1202171556 116.66373 40.11105
1202171918 116.64617 40.12893
1202172037 116.64122 40.13628
1202172041 116.64075 40.13627
1202193371 116.63762 40.13447
1202193371 116.63762 40.13447
1202193731 116.59212 40.11695
1202194092 116.56232 40.08865
1202196112 116.56725 40.07088
1202200703 116.56487 40.0722
1202201077 116.58052 40.07417
1202202898 116.58042 40.07637
1202204097 116.58193 40.07488
1202204097 116.58193 40.07488
1202204574 116.58343 40.07623
1202205005 116.58422 40.07647
1202207557 116.58715 40.07907
1202207918 116.55137 40.02842
1202208638 116.42737 39.9424
1202208941 116.42755 39.93265
1202209204 116.43287 39.93898
1202209566 116.44407 39.92105
1202209751 116.44343 39.90742
1202210111 116.4397 39.90545
1202210425 116.43513 39.90538
1202211226 116.40625 39.90685
1202211344 116.40637 39.90912
1202211344 116.40637 39.90912
1202211735 116.42628 39.90707
1202211833 116.43553 39.90627
1202212242 116.43492 39.90627
1202212258 116.43488 39.9069
1202213772 116.43482 39.90843
1202213782 116.43487 39.9078
1202213785 116.43487 39.90755
1202213788 116.43483 39.90738
1202214148 116.41148 39.91382
1202214341 116.40797 39.91267
1202214701 116.4109 39.90915
1202214770 116.4117 39.91245
1202214770 116.4117 39.91245
1202215998 116.44413 39.92022
1202216358 116.43985 39.92565
1202216503 116.43755 39.92765
1202216863 116.43783 39.93512
1202216863 116.43783 39.93512
1202217290 116.43025 39.93428
1202217651 116.42905 39.91082
1202217923 116.20138 39.90251
1202217923 116.20138 39.90251
1202218283 116.43275 39.90437
1202218543 116.43747 39.90403
1202218904 116.43205 39.90727
1202219264 116.42755 39.94522
1202219624 116.37335 39.95258
1202220926 116.36805 39.9664
1202221286 116.38038 39.96105
1202221310 116.37955 39.96117
1202221312 116.3794 39.96122
1202221315 116.37915 39.96123
1202221676 116.36807 39.94743
1202221970 116.34032 39.9373
1202222336 116.34147 39.95222
1202222696 116.35403 39.96608
1202223406 116.43238 39.96662
1202223766 116.44813 39.97857
1202224126 116.4653 39.99233
1202224340 116.47805 39.9971
1202225176 116.52343 40.03335
1202225536 116.55002 40.06927
1202225897 116.57733 40.1167
1202225897 116.57733 40.1167
1202228118 116.63757 40.13453
1202228478 116.63698 40.16972
1202228838 116.65422 40.19312
1202256602 116.65222 40.2084
1202256968 116.65387 40.16977
1202257328 116.6425 40.13628
1202259170 116.63757 40.13457
1202259536 116.65115 40.12493
1202259896 116.66228 40.11527
1202260277 116.64577 40.12895
1202297729 116.63758 40.13455
1202298864 116.65425 40.19598
1202298865 116.65425 40.19625
1202313647 116.65242 40.208
1202314038 116.6539 40.16957
1202314398 116.651 40.13267
1202314758 116.66337 40.11103
1202315120 116.66328 40.1148
1202315482 116.65848 40.1433
1202329784 116.65705 40.14283
1202330146 116.6451 40.13615
1202330509 116.6346 40.13258
1202330869 116.63723 40.16967
1202331229 116.65425 40.1973
1202350447 116.6539 40.16957
1202350811 116.63922 40.1362
1202366689 116.63732 40.13443
1202367050 116.60413 40.11677
1202367410 116.5661 40.09745
1202367410 116.5661 40.09745
1202375225 116.36553 40.0
1202375403 116.37072 40.00025
1202375763 116.38673 39.96652
1202376125 116.45547 39.94412
1202376727 116.46163 39.86953
1202376764 116.46145 39.86977
1202377485 116.427 39.94725
1202377632 116.41183 39.94773
1202377663 116.41238 39.94783
1202378024 116.45542 39.94933
1202378197 116.46077 39.94258
1202378270 116.46277 39.94292
1202378270 116.46277 39.94292
1202378277 116.46275 39.9429
1202378400 116.4559 39.94597
1202378684 116.43842 39.94278
1202379044 116.43092 39.93967
1202379044 116.43092 39.93967
1202379450 116.41193 39.91437
1202379536 116.40967 39.91283
1202379896 116.4114 39.9184
1202380256 116.41972 39.93435
1202380337 116.42397 39.93513
1202380698 116.43333 39.9548
1202380822 116.4327 39.9598
1202381039 116.43453 39.96513
1202381287 116.43982 39.95122
1202381741 116.45528 39.93255
1202381881 116.46083 39.9271
1202382139 116.46673 39.92928
1202382499 116.45438 39.93168
1202383220 116.36167 39.93018
1202383365 116.35543 39.92252
1202383393 116.35435 39.92243
1202383814 116.37435 39.91307
1202384093 116.36005 39.91523
1202384095 116.35988 39.91522
1202384098 116.35968 39.91518
1202384460 116.35005 39.93967
1202384820 116.328 39.94945
1202384878 116.32718 39.94895
1202384964 116.33038 39.94878
1202385324 116.34662 39.93632
1202385685 116.35243 39.90583
1202386045 116.39133 39.9062
1202386674 116.4082 39.91397
1202387035 116.42017 39.92207
1202387397 116.42767 39.94247
1202387758 116.47117 39.97807
1202387969 116.47953 39.97315
1202388460 116.48282 39.96987
1202388470 116.48355 39.96985
1202388830 116.50077 39.95898
1202388830 116.50077 39.95898
1202388891 116.49985 39.95935
1202389251 116.49693 39.97495
1202389410 116.48527 39.9706
1202389410 116.48527 39.9706
1202390416 116.48267 39.97005
1202391510 116.41222 39.9566
1202391559 116.41228 39.9562
1202391640 116.41232 39.9573
1202391995 116.4302 39.96762
1202392049 116.43422 39.96535
1202392411 116.38218 39.967
1202392663 116.37228 39.9702
1202392665 116.37248 39.97022
1202392668 116.3727 39.97023
1202393034 116.31868 39.9656
1202393077 116.32047 39.96568
1202394399 116.35027 39.91492
1202394760 116.34587 39.8671
1202394974 116.35788 39.8702
1202395262 116.3683 39.87765
1202395603 116.37778 39.88812
1202395675 116.37273 39.88808
1202396038 116.37728 39.89845
1202396568 116.38703 39.92175
1202396579 116.38725 39.92177
1202396971 116.38777 39.94135
1202397232 116.38875 39.9632
1202397472 116.3912 39.967
1202397813 116.43848 39.95952
1202397813 116.43848 39.95952
1202397922 116.43383 39.9583
1202398318 116.41948 39.9478
1202398678 116.4081 39.9321
1202399044 116.36905 39.93132
1202399183 116.36668 39.9383
1202399544 116.35593 39.94423
1202399798 116.33935 39.94067
1202400172 116.34225 39.94875
1202400281 116.34048 39.95555
1202400641 116.31572 39.96555
1202400718 116.31947 39.96562
1202400718 116.31947 39.96562
1202401590 116.33275 39.9695
1202401590 116.33275 39.9695
1202401599 116.33258 39.97002
1202401959 116.3473 39.98633
1202402165 116.34698 39.9967
1202402165 116.34698 39.9967
1202402312 116.34682 39.9993
1202402579 116.34572 40.012
1202402683 116.34612 40.00378
1202402944 116.33403 39.99207
1202403355 116.34613 39.99208
1202403718 116.37768 39.98603
1202403906 116.40368 39.98692
1202403906 116.40368 39.98692
1202403909 116.4042 39.98693
1202403909 116.4042 39.98693
1202404270 116.43512 39.98497
1202404637 116.4535 39.98392
1202405004 116.48178 39.98767
1202405412 116.50862 40.01027
1202405772 116.55308 40.02795
1202406132 116.60085 40.03467
1202406492 116.61927 40.02835
1202406852 116.6375 40.03408
1202407212 116.62605 40.0813
1202407572 116.65533 40.09773
1202409924 116.65735 40.11155
1202410285 116.65098 40.13057
1202410285 116.65098 40.13057
1202410666 116.65415 40.16917
1202432802 116.65188 40.20842
1202433163 116.65355 40.15852
1202433527 116.65252 40.11287
1202433887 116.6285 40.11642
1202434418 116.61307 40.1161
1202434778 116.63722 40.13235
1202453528 116.63758 40.13452
1202453889 116.58643 40.11708
1202454251 116.56253 40.09405
1202454626 116.56613 40.07045
1202459635 116.56465 40.07217
1202459639 116.56467 40.07217
1202459999 116.56873 40.06352
1202461011 116.58462 40.0766
1202462365 116.5875 40.07735
1202462725 116.55158 40.02848
1202463085 116.46335 40.01388
1202463445 116.4253 40.03882
1202463933 116.41605 40.04223
1202463933 116.41605 40.04223
1202463934 116.41605 40.0422
1202463934 116.41605 40.0422
1202464298 116.41115 40.0014
1202464648 116.40105 39.98015
1202464836 116.4005 39.97562
1202464840 116.40048 39.97562
1202465200 116.40195 39.97782
1202465258 116.403 39.98063
1202465621 116.3957 39.97223
1202465982 116.44483 39.9584
1202466343 116.4385 39.94165
1202466417 116.43563 39.93995
1202466578 116.42822 39.94112
1202466969 116.40165 39.96025
1202467307 116.40197 39.99222
1202467671 116.4063 39.99728
1202467721 116.4068 39.99702
1202467724 116.4068 39.99702
1202468084 116.40107 39.97655
1202468411 116.40177 39.95302
1202468563 116.39667 39.95025
1202468566 116.3969 39.95025
1202468567 116.39712 39.95025
1202468927 116.45013 39.95817
1202469288 116.51573 40.01593
1202469648 116.5818 40.04925
1202469877 116.58655 40.07907
1202470242 116.5817 40.0594
1202470602 116.54237 40.06322
1202470602 116.54237 40.06322
1202470963 116.52928 40.06638
1202471932 116.54398 40.02607
1202476086 116.51633 40.03333
1202476197 116.51603 40.03178
1202476558 116.51578 40.03163
1202476918 116.53938 40.05607
1202477234 116.54205 40.06258
1202477572 116.53575 40.0627
1202477933 116.5537 40.063
1202478296 116.58107 40.07153
1202478565 116.58663 40.07757
1202478925 116.57663 40.08788
1202479052 116.58165 40.09413
1202479413 116.56407 40.11645
1202479773 116.63122 40.16425
1202480133 116.65412 40.18345
1202480490 116.65432 40.20963
1202480548 116.6542 40.20087
1202480552 116.6542 40.20025
1202480912 116.65047 40.14742
1202485027 116.6376 40.1346
1202485389 116.63537 40.12153
1202485389 116.63537 40.12153
1202485755 116.65542 40.11108
1202486431 116.65725 40.1115
1202486819 116.65772 40.1113
1202487179 116.6514 40.13527
1202487539 116.64373 40.13615
1202487903 116.63568 40.17423
1202488278 116.63623 40.21043
1202488278 116.63623 40.21043
1202490168 116.55463 40.21732
