UTS Latitude Longitude
1201959371 116.41843 39.90703
1201959468 116.41208 39.90693
1201959548 116.40892 39.90715
1201959608 116.40765 39.90725
1201959612 116.4075 39.90712
1201959622 116.4073 39.90695
1201959683 116.4017 39.90667
1201959815 116.40052 39.90812
1201959895 116.40045 39.9136
1201960058 116.39633 39.92187
1201960319 116.39015 39.9314
1201960532 116.37858 39.93675
1201960601 116.37943 39.93895
1201960636 116.37977 39.93887
1201960683 116.37722 39.93937
1201960764 116.37377 39.94093
1201960835 116.36967 39.94118
1201960968 116.36612 39.94602
1201960987 116.36602 39.9465
1201961147 116.35805 39.94495
1201961224 116.3551 39.9441
1201961248 116.35422 39.94388
1201962276 116.30272 39.98108
1201967282 116.30737 40.02665
1201967286 116.30738 40.02665
1201967463 116.3082 40.0358
1201967463 116.3082 40.0358
1201967595 116.31703 40.03467
1201967702 116.32818 40.03485
1201967828 116.33095 40.03073
1201968028 116.33565 40.02938
1201968181 116.33892 40.02937
1201968206 116.33987 40.02957
1201968234 116.34067 40.02972
1201968238 116.34082 40.02977
1201968242 116.34092 40.02978
1201968547 116.36068 40.00397
1201968547 116.36068 40.00397
1201968821 116.37312 39.98087
1201969012 116.35945 39.97652
1201969059 116.35962 39.97632
1201969149 116.35288 39.97528
1201969348 116.34797 39.98525
1201969367 116.34908 39.98528
1201969370 116.34945 39.9853
1201969370 116.34945 39.9853
1201969540 116.37702 39.98627
1201969917 116.4016 39.99187
1201969947 116.40162 39.99298
1201970043 116.40998 39.99368
1201970317 116.41898 40.00052
1201970586 116.41887 40.00138
1201970635 116.41893 40.00307
1201971051 116.41885 40.0035
1201971055 116.41885 40.0034
1201971490 116.41887 40.00312
1201971504 116.41882 40.00235
1201971504 116.41882 40.00235
1201971512 116.4188 40.00198
1201971524 116.4188 40.00133
1201971575 116.4187 39.9989
1201971578 116.41868 39.99888
1201971666 116.4176 39.9927
1201971669 116.41762 39.99262
1201971708 116.41768 39.99017
1201972012 116.40135 39.98712
1201972178 116.38347 39.98668
1201972181 116.38342 39.98668
1201972372 116.36373 39.98615
1201972384 116.36347 39.98618
1201972384 116.36347 39.98618
1201972462 116.36325 39.98337
1201972599 116.3635 39.97637
1201972632 116.3634 39.9763
1201972729 116.35933 39.9756
1201972771 116.35937 39.97627
1201972774 116.35932 39.97627
1201973002 116.37293 39.97527
1201973119 116.37047 39.97
1201973144 116.3699 39.97018
1201973162 116.36955 39.9692
1201973168 116.36952 39.96902
1201973247 116.3696 39.96698
1201973298 116.36503 39.96692
1201973468 116.36378 39.9699
1201973767 116.37812 39.97538
1201973819 116.38115 39.97545
1201973857 116.38168 39.97545
1201973903 116.38167 39.97838
1201973937 116.3815 39.98098
1201974114 116.37333 39.98402
1201974274 116.36413 39.98623
1201974574 116.33633 39.98552
1201975859 116.34533 39.98505
1201975861 116.34557 39.98508
1201975862 116.3457 39.98508
1201975866 116.34622 39.98512
1201975866 116.34622 39.98512
1201975892 116.34692 39.9857
1201975999 116.34982 39.99203
1201976033 116.34985 39.99202
1201976052 116.35113 39.99205
1201976143 116.35853 39.99228
1201976296 116.36307 39.98665
1201976385 116.36322 39.9834
1201976499 116.36015 39.98053
1201976576 116.35943 39.98047
1201976694 116.34777 39.98065
1201976734 116.34777 39.98127
1201976734 116.34777 39.98127
1201976798 116.3478 39.98582
1201976906 116.34713 39.9915
1201976992 116.3467 39.99928
1201977151 116.34638 40.00573
1201977441 116.34565 40.01942
1201977513 116.34835 40.02147
1201977912 116.33758 40.03492
1201977946 116.33653 40.0363
1201978246 116.32937 40.0462
1201978360 116.32548 40.05567
1201978492 116.33362 40.05772
1201978509 116.33392 40.05777
1201978539 116.33273 40.05773
1201978587 116.33255 40.059
1201978632 116.3325 40.05907
1201978724 116.33272 40.058
1201978761 116.33148 40.05737
1201978850 116.32613 40.05622
1201978908 116.32322 40.05417
1201979077 116.31838 40.05037
1201979333 116.30007 40.04467
1201979419 116.30028 40.04458
1201979469 116.30422 40.04222
1201979473 116.30423 40.04218
1201979558 116.3086 40.03628
1201979860 116.33013 40.03525
1201979885 116.33107 40.03312
1201979941 116.33092 40.0298
1201979972 116.3309 40.02683
1201980047 116.33113 40.02813
1201980047 116.33113 40.02813
1201980213 116.33697 40.02942
1201980213 116.33697 40.02942
1201980313 116.33985 40.02965
1201980345 116.34062 40.0298
1201980361 116.34107 40.02967
1201981485 116.36993 39.98082
1201981752 116.3748 39.97543
1201981970 116.38045 39.96687
1201982160 116.39537 39.96728
1201982223 116.39942 39.96738
1201982525 116.42952 39.96608
1201982587 116.4299 39.96222
1201982610 116.43065 39.96177
1201982655 116.42938 39.9597
1201982745 116.429 39.95842
1201982745 116.429 39.95842
1201982767 116.42812 39.95833
1201982770 116.42805 39.95832
1201982814 116.42795 39.95837
1201982873 116.42658 39.95832
1201982939 116.41995 39.95808
1201984199 116.40147 39.99332
1201984285 116.40155 39.99585
1201984391 116.40255 39.99745
1201984434 116.40493 39.99745
1201984539 116.40833 39.99748
1201984653 116.41 39.9975
1201984950 116.42125 40.00033
1201985032 116.4204 40.00072
1201985206 116.41788 39.99252
1201985274 116.41772 39.98905
1201985357 116.41788 39.98802
1201985547 116.42253 39.98745
1201985580 116.42318 39.98747
1201985829 116.44907 39.97972
1201985923 116.45097 39.98652
1201986007 116.45605 39.98828
1201986076 116.45678 39.9918
1201986141 116.4567 39.99517
1201986262 116.4568 39.99932
1201986280 116.45667 39.99902
1201986285 116.45663 39.99892
1201986313 116.4566 39.99888
1201986313 116.4566 39.99888
1201986411 116.4566 39.99622
1201986764 116.46203 39.97862
1201987064 116.48022 39.95813
1201987368 116.48318 39.90982
1201987459 116.47005 39.90702
1201987944 116.46758 39.90705
1201988041 116.46568 39.90707
1201988077 116.46458 39.9071
1201988440 116.45937 39.90715
1201988446 116.45918 39.90715
1201988592 116.45635 39.90782
1201988793 116.46545 39.91467
1201988847 116.47038 39.91425
1201989072 116.45712 39.91218
1201989196 116.45573 39.92152
1201989421 116.45515 39.92942
1201989640 116.45023 39.92713
1201989744 116.4447 39.9257
1201989841 116.43803 39.92572
1201989896 116.435 39.92568
1201990036 116.42975 39.9302
1201990376 116.42963 39.93025
1201990386 116.42875 39.93005
1201990388 116.42862 39.93002
1201990391 116.42848 39.92998
1201990465 116.42703 39.93225
1201990597 116.42832 39.91932
1201990732 116.42867 39.91265
1201991035 116.45273 39.90283
1201991336 116.50597 39.90657
1201991448 116.52287 39.90803
1201991693 116.52005 39.91433
1201991816 116.52722 39.91557
1201991816 116.52722 39.91557
1201991912 116.5375 39.91493
1201991950 116.53782 39.91492
1201992020 116.54133 39.91373
1201992045 116.54135 39.91225
1201992064 116.54125 39.91153
1201992064 116.54125 39.91153
1201992094 116.54123 39.91153
1201992224 116.54157 39.9147
1201992260 116.5435 39.91475
1201992305 116.54455 39.91475
1201992305 116.54455 39.91475
1201992492 116.52833 39.91555
1201992605 116.5205 39.91603
1201992906 116.49535 39.9147
1201993149 116.47582 39.91435
1201993214 116.4727 39.9144
1201993428 116.46557 39.91232
1201993431 116.46548 39.91233
1201993453 116.46472 39.91237
1201993472 116.46513 39.91223
1201993560 116.4663 39.9123
1201993560 116.4663 39.9123
1201993560 116.4663 39.9123
1201993560 116.4663 39.9123
1201993563 116.46667 39.91227
1201993563 116.46667 39.91227
1201993623 116.47138 39.9123
1201993765 116.47518 39.9141
1201994002 116.48728 39.90842
1201994068 116.48805 39.90798
1201994121 116.48753 39.90865
1201994188 116.48423 39.90975
1201994892 116.48403 39.91032
1201994932 116.48487 39.91115
1201994949 116.48462 39.91322
1201994961 116.48473 39.91385
1201995062 116.48367 39.91432
1201995167 116.473 39.91443
1201995467 116.45555 39.92578
1201995767 116.44253 39.96027
1201996071 116.38912 39.96723
1201996250 116.37558 39.97517
1201996262 116.37542 39.97533
1201996366 116.36517 39.9754
1201996398 116.36522 39.9754
1201996500 116.36357 39.98027
1201996541 116.36347 39.98293
1201996552 116.36347 39.98307
1201996561 116.36363 39.98322
1201996565 116.3638 39.98323
1201996584 116.36447 39.9828
1201996671 116.36502 39.98415
1201996688 116.36497 39.9845
1201996828 116.36415 39.98425
1201996844 116.365 39.98425
1201996848 116.36507 39.98425
1201996872 116.36442 39.9837
1201996882 116.36433 39.98332
1201996923 116.36348 39.98328
1201997038 116.36298 39.99218
1201997179 116.36128 39.99113
1201997264 116.36035 39.99153
1201997289 116.36025 39.99217
1201997348 116.36202 39.99238
1201997352 116.36242 39.9924
1201997419 116.36313 39.98655
1201997604 116.37493 39.98597
1201997743 116.38713 39.98167
1201997749 116.38713 39.98162
1201998053 116.39212 39.95005
1201998087 116.39297 39.95008
1201998250 116.40208 39.94877
1201998328 116.40178 39.95653
1201998357 116.40178 39.95725
1201998659 116.40175 39.95315
1201998964 116.41928 39.93997
1201999029 116.41947 39.9355
1201999094 116.41952 39.93275
1201999169 116.41965 39.92837
1201999213 116.41983 39.92695
1201999296 116.4228 39.92628
1201999672 116.41063 39.93923
1201999786 116.40515 39.93932
1202000311 116.4142 39.94778
1202000431 116.41575 39.9479
1202000457 116.41875 39.94807
1202000553 116.41905 39.95242
1202000557 116.41907 39.95242
1202000595 116.41898 39.95403
1202000632 116.41893 39.95562
1202000714 116.42317 39.95792
1202000744 116.42537 39.95802
1202001046 116.45555 39.94287
1202001353 116.45525 39.89238
1202001539 116.45267 39.86508
1202001839 116.48237 39.84342
1202001987 116.49642 39.84037
1202002108 116.50275 39.84282
1202002128 116.50198 39.84287
1202002189 116.50127 39.84292
1202002490 116.48342 39.84232
1202002781 116.48273 39.86653
1202002805 116.4832 39.86742
1202003096 116.5111 39.8582
1202003364 116.5172 39.846
1202003394 116.51683 39.84525
1202003428 116.51683 39.84525
1202003500 116.51728 39.84472
1202003500 116.51728 39.84472
1202003500 116.51728 39.84472
1202003944 116.5079 39.86868
1202004072 116.49657 39.87512
1202004154 116.4924 39.87727
1202004879 116.4655 39.91277
1202004882 116.46543 39.91273
1202004883 116.4654 39.91275
1202004956 116.45623 39.91228
1202005095 116.4551 39.90753
1202005098 116.4551 39.90753
1202005273 116.4379 39.90723
1202006116 116.34767 39.90187
1202006120 116.3477 39.90188
1202006332 116.34838 39.9171
1202006409 116.34968 39.91703
1202006409 116.34968 39.91703
1202006414 116.35003 39.91692
1202006715 116.34285 39.87822
1202007015 116.3393 39.82412
1202007318 116.33855 39.78162
1202007425 116.33293 39.77502
1202007483 116.3306 39.77393
1202007483 116.3306 39.77393
1202007519 116.3306 39.77393
1202007560 116.33067 39.77335
1202007676 116.33512 39.77475
1202007682 116.33512 39.77475
1202007984 116.33913 39.80935
1202008286 116.34177 39.8604
1202008590 116.35052 39.90305
1202008590 116.35052 39.90305
1202008892 116.35872 39.94483
1202009194 116.41747 39.94813
1202009634 116.47645 39.98278
1202009715 116.48172 39.98753
1202009718 116.4817 39.98753
1202010773 116.55503 40.09923
1202011076 116.60527 40.1165
1202011088 116.60573 40.1165
1202011166 116.61275 40.11577
1202012168 116.613 40.11603
1202012292 116.62308 40.12295
1202012477 116.62942 40.1298
1202012780 116.64645 40.13595
1202012836 116.64822 40.13743
1202012999 116.6505 40.14707
1202013092 116.65375 40.15873
1202013232 116.66087 40.16937
1202013286 116.66763 40.16945
1202013485 116.69128 40.16863
1202013490 116.69127 40.16863
1202013493 116.69127 40.16863
1202013634 116.71585 40.16965
1202013934 116.72035 40.20317
1202014234 116.75078 40.19523
1202014462 116.7689 40.19868
1202027998 116.76065 40.1676
1202028226 116.74965 40.13332
1202028828 116.62963 40.11638
1202028862 116.62425 40.1164
1202029029 116.60597 40.11658
1202029172 116.5825 40.11702
1202029426 116.55655 40.10813
1202030055 116.5271 40.03983
1202030287 116.50247 40.03275
1202030590 116.48928 40.02133
1202030884 116.46193 40.01932
1202030987 116.46087 40.01475
1202030991 116.46087 40.01473
1202031743 116.40635 39.99928
1202031768 116.40642 39.99757
1202031936 116.40142 39.99458
1202032248 116.3699 39.98682
1202032274 116.367 39.98637
1202032414 116.36312 39.98698
1202032414 116.36312 39.98698
1202032422 116.36312 39.98687
1202032422 116.36312 39.98687
1202032505 116.36328 39.98342
1202032587 116.36358 39.97633
1202032712 116.36375 39.96693
1202032712 116.36375 39.96693
1202032802 116.36047 39.96663
1202032868 116.3532 39.96658
1202032904 116.35257 39.96667
1202033102 116.35087 39.97358
1202033104 116.35062 39.9736
1202033140 116.34803 39.97455
1202033233 116.34188 39.97503
1202033259 116.33952 39.97507
1202033421 116.3279 39.97533
1202033624 116.31957 39.97503
1202033756 116.31478 39.97512
1202033758 116.31478 39.97513
1202034058 116.31122 39.97953
1202034247 116.32538 39.98442
1202034247 116.32538 39.98442
1202034512 116.3382 39.98487
1202034939 116.3382 39.98488
1202034950 116.33957 39.98503
1202034950 116.33957 39.98503
1202034950 116.33957 39.98503
1202035005 116.34473 39.9851
1202035023 116.34673 39.98517
1202035023 116.34673 39.98517
1202035028 116.34683 39.98515
1202035028 116.34683 39.98515
1202035163 116.34668 39.99943
1202035405 116.34798 40.01392
1202035441 116.34797 40.01393
1202035498 116.34622 40.01402
1202035548 116.3459 40.01112
1202035552 116.34592 40.01113
1202035762 116.34615 40.00695
1202035906 116.34632 39.99995
1202035909 116.34632 40.0
1202036127 116.34692 39.98632
1202036286 116.32788 39.9851
1202036361 116.32215 39.98475
1202036440 116.32153 39.98472
1202036702 116.3188 39.97733
1202036738 116.31892 39.9761
1202036738 116.31892 39.9761
1202037042 116.3267 39.97542
1202037272 116.33238 39.9701
1202037383 116.33265 39.9696
1202037432 116.33143 39.9692
1202037740 116.32753 39.97657
1202037743 116.32753 39.9766
1202037831 116.32718 39.98425
1202037912 116.3384 39.9853
1202038799 116.33812 39.98525
1202038799 116.33812 39.98525
1202038818 116.34068 39.98547
1202038846 116.34397 39.98537
1202039072 116.32683 39.99048
1202039195 116.32682 39.99183
1202039248 116.32383 39.99188
1202039472 116.3213 39.99123
1202039496 116.3232 39.99132
1202039522 116.32622 39.99132
1202039528 116.32635 39.99132
1202039539 116.32655 39.99127
1202040486 116.32682 39.98827
1202040786 116.37125 39.98622
1202041086 116.42378 39.98768
1202041386 116.46762 39.97383
1202041566 116.48358 39.97923
1202041570 116.4836 39.9792
1202042138 116.48407 39.97902
1202042263 116.48353 39.97537
1202042266 116.48353 39.97537
1202042339 116.4837 39.97198
1202042542 116.49012 39.97067
1202042566 116.48947 39.97052
1202042566 116.48947 39.97052
1202045024 116.48928 39.97063
1202045053 116.48705 39.97065
1202045122 116.48378 39.97297
1202045612 116.48375 39.97288
1202045627 116.48378 39.97435
1202045639 116.48387 39.97512
1202045700 116.48787 39.9752
1202045786 116.49353 39.97002
1202046138 116.50153 39.95808
1202046183 116.5017 39.9586
1202046220 116.5002 39.95908
1202046386 116.49705 39.97042
1202046494 116.4935 39.97507
1202046654 116.47928 39.97633
1202046682 116.47922 39.97632
1202046906 116.46772 39.98175
1202046909 116.46747 39.98185
1202046993 116.46405 39.98465
1202047035 116.46312 39.9847
1202047140 116.45407 39.98405
1202047144 116.45407 39.98407
1202047399 116.43008 39.98818
1202047658 116.41865 39.98782
1202047786 116.418 39.99517
1202047786 116.418 39.99517
1202047817 116.41848 39.99745
1202047930 116.4179 39.9944
1202048001 116.4143 39.99268
1202048719 116.414 39.9927
1202048733 116.41238 39.99323
1202048744 116.41138 39.99355
1202048899 116.40252 39.98745
1202049042 116.40675 39.98637
1202049086 116.40797 39.98677
1202049096 116.40805 39.98688
1202049106 116.40835 39.98692
1202049218 116.41515 39.98768
1202049258 116.41518 39.98953
1202049288 116.41553 39.99115
1202049327 116.41457 39.99243
1202050533 116.4142 39.99273
1202051483 116.41402 39.9929
1202051495 116.41263 39.9933
1202051510 116.41117 39.99378
1202051794 116.40228 39.98172
1202051878 116.4011 39.97612
1202052042 116.40097 39.96817
1202052145 116.40155 39.9611
1202052192 116.40165 39.95862
1202052230 116.40178 39.9572
1202052332 116.402 39.94613
1202052335 116.40198 39.94612
1202052400 116.40213 39.94272
1202052490 116.40228 39.93563
1202052524 116.40235 39.93565
1202052553 116.40242 39.9344
1202052849 116.42223 39.93955
1202052910 116.4269 39.9396
1202053030 116.44333 39.93978
1202053108 116.4543 39.93992
1202053259 116.45567 39.95033
1202053263 116.45568 39.95038
1202053285 116.45518 39.95182
1202053298 116.45482 39.95232
1202053298 116.45482 39.95232
1202053322 116.45462 39.95382
1202053327 116.45473 39.95388
1202053435 116.45375 39.95327
1202053584 116.44497 39.95895
1202053584 116.44497 39.95895
1202053664 116.44402 39.9595
1202053760 116.44125 39.96127
1202053849 116.43932 39.96037
1202054256 116.43855 39.95958
1202054263 116.43793 39.95902
1202054296 116.43368 39.95827
1202054433 116.43338 39.95355
1202054506 116.43692 39.95358
1202054557 116.43765 39.95363
1202054638 116.4385 39.9541
1202054700 116.43935 39.95502
1202054782 116.4426 39.95372
1202054943 116.449 39.9585
1202055243 116.48365 39.948
1202055557 116.48608 39.93798
1202055690 116.48783 39.93535
1202055789 116.48568 39.9373
1202055874 116.48467 39.93245
1202056174 116.48352 39.91022
1202056364 116.4545 39.90652
1202056728 116.43843 39.90717
1202056743 116.43728 39.9072
1202056859 116.42352 39.90713
1202056879 116.42333 39.90718
1202056951 116.41802 39.90705
1202057042 116.41252 39.90693
1202057047 116.41253 39.90693
1202057146 116.40633 39.90675
1202057149 116.4063 39.90675
1202057182 116.4042 39.90677
1202057271 116.40095 39.90668
1202057385 116.39627 39.90653
1202057446 116.39463 39.90643
1202057576 116.39145 39.90635
1202057667 116.38942 39.90627
1202057779 116.38775 39.90622
1202057940 116.38712 39.9062
1202057940 116.38712 39.9062
1202057953 116.38632 39.9062
1202058083 116.38343 39.90612
1202058160 116.38052 39.90598
1202058227 116.37487 39.90597
1202058227 116.37487 39.90597
1202058295 116.37313 39.90612
1202058345 116.37155 39.90593
1202058366 116.37013 39.90603
1202058371 116.37012 39.90618
1202058409 116.36928 39.90622
1202058423 116.3691 39.90667
1202058658 116.37022 39.90842
1202058692 116.37035 39.90955
1202058717 116.37032 39.91015
1202058770 116.37017 39.9097
1202059110 116.36998 39.90677
1202059226 116.36903 39.90585
1202059303 116.36535 39.90592
1202059398 116.36013 39.90593
1202059517 116.3496 39.9068
1202059568 116.34985 39.90732
1202059613 116.35018 39.90488
1202059922 116.33553 39.8895
1202060203 116.32968 39.8798
1202060206 116.32963 39.87975
1202060221 116.32898 39.87967
1202060224 116.32893 39.87968
1202060237 116.32845 39.8797
1202060295 116.32655 39.87847
1202060330 116.32657 39.87847
1202060395 116.32815 39.87992
1202060591 116.32802 39.88315
1202060732 116.33635 39.88685
1202061157 116.32293 39.89868
1202061199 116.32268 39.89955
1202061277 116.32247 39.90057
1202061318 116.32273 39.9016
1202061653 116.32287 39.90172
1202061689 116.3228 39.90483
1202061766 116.32883 39.9059
1202061844 116.32928 39.90612
1202061919 116.32845 39.91123
1202061922 116.32845 39.91127
1202062022 116.32847 39.9163
1202062071 116.32848 39.91808
1202062234 116.32857 39.92022
1202062320 116.32858 39.92133
1202062457 116.32803 39.92665
1202062557 116.3297 39.93105
1202062610 116.33257 39.93102
1202062762 116.33763 39.93107
1202062812 116.33802 39.93323
1202062815 116.33805 39.93362
1202062818 116.33808 39.934
1202062830 116.33805 39.93485
1202062859 116.33892 39.93592
1202062920 116.34202 39.93573
1202062923 116.34202 39.93573
1202062975 116.34193 39.93782
1202063031 116.34647 39.93768
1202063092 116.3474 39.93647
1202063128 116.34743 39.93642
1202063180 116.34647 39.93783
1202063267 116.34777 39.93887
1202063360 116.35163 39.93907
1202063565 116.36017 39.93915
1202063602 116.3602 39.93917
1202063766 116.35987 39.93708
1202063766 116.35987 39.93708
1202063896 116.3598 39.9376
1202063910 116.35987 39.93717
1202063973 116.35793 39.9388
1202064274 116.37323 39.95113
1202064576 116.37032 39.99195
1202064633 116.36895 39.9957
1202064652 116.3688 39.99618
1202064678 116.36942 39.99682
1202064719 116.36933 39.99682
1202064789 116.36872 39.99635
1202064802 116.36878 39.99592
1202064893 116.36465 39.99943
1202064893 116.36465 39.99943
1202065052 116.36742 39.98642
1202065058 116.3674 39.98642
1202066855 116.3669 39.98637
1202066863 116.36633 39.98632
1202067166 116.39828 39.98668
1202067191 116.39988 39.98665
1202067313 116.4015 39.99052
1202067376 116.4015 39.99307
1202067450 116.4095 39.9935
1202067510 116.4101 39.99362
1202067510 116.4101 39.99362
1202067688 116.41438 39.9925
1202067783 116.41307 39.99298
1202067805 116.41115 39.99378
1202068023 116.40212 39.99352
1202068325 116.3788 39.98658
1202068627 116.34682 39.973
1202068683 116.3467 39.96713
1202068695 116.34653 39.96683
1202068719 116.34588 39.96655
1202068751 116.34475 39.96652
1202068759 116.34447 39.9665
1202068828 116.3424 39.96645
1202068876 116.34087 39.96643
1202068883 116.34065 39.96643
1202069024 116.33408 39.96642
1202069220 116.32698 39.96632
1202069324 116.32163 39.96618
1202069330 116.32157 39.96618
1202069475 116.31838 39.96617
1202069552 116.31668 39.96598
1202069604 116.31892 39.96567
1202069637 116.31893 39.96567
1202069734 116.32142 39.96582
1202069803 116.32735 39.96632
1202069814 116.32672 39.96635
1202069830 116.32622 39.96633
1202069830 116.32622 39.96633
1202070131 116.30358 39.94847
1202070214 116.3037 39.94337
1202070252 116.3037 39.94248
1202070329 116.29752 39.94338
1202070415 116.29483 39.94432
1202070564 116.2826 39.94583
1202070655 116.27603 39.94538
1202070741 116.27008 39.94555
1202070741 116.27008 39.94555
1202071042 116.26872 39.91565
1202071342 116.26423 39.87032
1202071420 116.2585 39.87082
1202071537 116.2582 39.86425
1202071576 116.25837 39.8633
1202071598 116.2585 39.86445
1202071898 116.26812 39.89657
1202072197 116.26837 39.94093
1202072329 116.28188 39.9455
1202072540 116.29883 39.94263
1202073191 116.29943 39.94243
1202073202 116.30033 39.94215
1202073450 116.34247 39.93805
1202073750 116.39275 39.94757
1202074051 116.44508 39.95215
1202074082 116.44523 39.95202
1202074161 116.44887 39.94968
1202074215 116.44923 39.94847
1202074218 116.44923 39.94817
1202074218 116.44923 39.94817
1202074228 116.44923 39.94772
1202074336 116.4492 39.94288
1202074399 116.44928 39.94053
1202074541 116.45168 39.93553
1202074549 116.45197 39.93555
1202074561 116.45242 39.9355
1202074680 116.45172 39.93557
1202074707 116.45163 39.93525
1202074726 116.45107 39.93533
1202074747 116.44953 39.93533
1202074836 116.4492 39.93933
1202074882 116.44923 39.9423
1202074965 116.44918 39.94683
1202074971 116.44918 39.94683
1202075024 116.44923 39.94717
1202075065 116.44933 39.94953
1202075161 116.45288 39.95267
1202075237 116.4539 39.95328
1202075309 116.46 39.95857
1202075315 116.46003 39.9586
1202075392 116.46745 39.9658
1202075502 116.47283 39.97028
1202075671 116.48383 39.97082
1202077298 116.48932 39.9707
1202077380 116.48387 39.97283
1202078182 116.48395 39.97313
1202078196 116.48382 39.97427
1202078204 116.48373 39.97497
1202078246 116.48365 39.97158
1202078390 116.47678 39.96983
1202078808 116.48358 39.91277
1202079101 116.4371 39.89357
1202079104 116.43715 39.89357
1202079104 116.43715 39.89357
1202079114 116.43735 39.89355
1202079271 116.44867 39.89195
1202079370 116.45188 39.89193
1202079394 116.45298 39.89197
1202079394 116.45298 39.89197
1202079409 116.45427 39.89195
1202079423 116.4546 39.89193
1202079467 116.45495 39.88938
1202079548 116.45487 39.88497
1202079561 116.45483 39.8846
1202079707 116.4548 39.88382
1202079851 116.4615 39.87992
1202079884 116.46137 39.8799
1202080041 116.4585 39.87487
1202080064 116.45608 39.87498
1202080067 116.45565 39.875
1202080069 116.45547 39.87507
1202080350 116.45565 39.91733
1202080378 116.45427 39.91792
1202080397 116.45437 39.91813
1202080483 116.44697 39.92018
1202080581 116.4442 39.92533
1202080638 116.44003 39.92563
1202080693 116.43993 39.926
1202080772 116.4344 39.92633
1202080865 116.43067 39.9289
1202080913 116.42962 39.93022
1202081066 116.42838 39.93022
1202081108 116.42797 39.93397
1202081410 116.41168 39.94812
1202081480 116.41277 39.95198
1202081487 116.41273 39.95203
1202081509 116.41325 39.9526
1202081630 116.41218 39.95762
1202081737 116.41198 39.9636
1202081811 116.41173 39.96717
1202081815 116.41173 39.96713
1202082120 116.37327 39.96688
1202082306 116.36377 39.97737
1202082333 116.36365 39.97727
1202082390 116.36347 39.98027
1202082442 116.36353 39.98193
1202082467 116.36332 39.98375
1202082485 116.36323 39.9855
1202082774 116.32095 39.98863
1202082783 116.32102 39.98917
1202082927 116.31055 39.9844
1202083125 116.31365 39.98403
1202083286 116.31137 39.97957
1202083336 116.31048 39.9793
1202083399 116.30512 39.97748
1202083427 116.3038 39.97777
1202083444 116.30253 39.97782
1202083583 116.29573 39.97338
1202083589 116.29575 39.97338
1202083758 116.29555 39.96747
1202083792 116.2949 39.96722
1202083840 116.29632 39.96353
1202083908 116.29588 39.96
1202083940 116.29592 39.95985
1202083994 116.29685 39.96007
1202083994 116.29685 39.96007
1202084144 116.31478 39.96538
1202084148 116.31477 39.96538
1202084266 116.31513 39.96567
1202084354 116.31298 39.971
1202084372 116.31342 39.96967
1202084410 116.31342 39.96967
1202084445 116.31415 39.96777
1202084469 116.31468 39.96657
1202084479 116.31488 39.96612
1202084779 116.34843 39.96632
1202084999 116.39475 39.96707
1202085299 116.447 39.957
1202085636 116.48362 39.93837
1202085748 116.4832 39.92227
1202085980 116.49297 39.9339
1202086147 116.49458 39.93438
1202086161 116.49542 39.93462
1202086355 116.51963 39.94025
1202086355 116.51963 39.94025
1202086367 116.51958 39.94023
1202086519 116.52233 39.92283
1202086582 116.52968 39.92235
1202086586 116.52968 39.92235
1202086884 116.54495 39.91157
1202086923 116.54495 39.91155
1202086963 116.54513 39.90997
1202087133 116.52432 39.9086
1202087434 116.47175 39.90908
1202087446 116.47167 39.90827
1202087488 116.47175 39.90735
1202087494 116.47175 39.90733
1202087795 116.52565 39.90813
1202087987 116.55378 39.90737
1202088024 116.55373 39.9073
1202088049 116.55403 39.90768
1202088146 116.57032 39.90877
1202088287 116.57122 39.91392
1202088320 116.57192 39.91558
1202088457 116.57705 39.92698
1202088554 116.58367 39.93102
1202088856 116.57025 39.95677
1202088957 116.56608 39.9718
1202089087 116.55575 39.97592
1202089121 116.55578 39.9759
1202089421 116.559 40.00522
1202089721 116.57045 40.03502
1202089832 116.58162 40.04807
1202089911 116.57983 40.0461
1202090217 116.53948 40.02315
1202090311 116.52235 40.01705
1202090470 116.50907 40.01045
1202090688 116.4822 39.9875
1202091291 116.37138 39.96678
1202091291 116.37138 39.96678
1202091330 116.36435 39.96677
1202091557 116.3602 39.96138
1202091860 116.39833 39.96738
1202092140 116.44928 39.95868
1202092169 116.45068 39.95905
1202092347 116.4675 39.97462
1202092649 116.48143 39.98725
1202092657 116.4818 39.98758
1202092661 116.48178 39.98757
1202092806 116.48702 39.99243
1202093092 116.51675 40.02325
1202093095 116.51675 40.02323
1202093235 116.52708 40.03955
1202093438 116.54875 40.0638
1202093742 116.5542 40.09427
1202094042 116.57168 40.11652
1202094342 116.61153 40.1164
1202094359 116.61215 40.11597
1202096032 116.61227 40.11575
1202096044 116.61255 40.11587
1202096395 116.61298 40.11627
1202096459 116.62293 40.11628
1202096697 116.66297 40.11505
1202096811 116.6744 40.11452
1202097095 116.72745 40.12167
1202097397 116.76067 40.16393
1202097686 116.76872 40.19853
1202112070 116.76872 40.19857
1202112371 116.74422 40.19522
1202112623 116.71993 40.2018
1202113268 116.71998 40.20185
1202113569 116.71605 40.16998
1202113699 116.69197 40.16883
1202113819 116.66825 40.16962
1202113932 116.65415 40.16942
1202114033 116.65367 40.159
1202114275 116.64777 40.13643
1202114438 116.64818 40.13743
1202114738 116.63003 40.13038
1202114747 116.62938 40.13025
1202114848 116.62272 40.12792
1202115150 116.58093 40.1267
1202115184 116.57407 40.12663
1202115449 116.5447 40.11585
1202115956 116.47733 40.09312
1202116038 116.47237 40.08998
1202116739 116.47178 40.0894
1202117041 116.43663 40.07828
1202117051 116.09992 39.90742
1202117051 116.09992 39.90742
1202117401 116.43625 40.07797
1202117428 116.43425 40.07645
1202117434 116.43417 40.0764
1202117545 116.42245 40.07282
1202117663 116.41498 40.06677
1202117821 116.40903 40.05662
1202118122 116.40553 40.04973
1202118159 116.40552 40.04827
1202118255 116.40652 40.0433
1202118255 116.40652 40.0433
1202118346 116.4084 40.04005
1202118445 116.41583 40.0421
1202118470 116.4158 40.04028
1202118568 116.41922 40.03993
1202118604 116.4196 40.03808
1202119025 116.42038 40.03788
1202119036 116.42008 40.03675
1202119036 116.42008 40.03675
1202119040 116.41997 40.03633
1202119124 116.41025 40.0363
1202119124 116.41025 40.0363
1202119129 116.41022 40.0363
1202119129 116.41022 40.0363
1202119201 116.40985 40.03547
1202119233 116.4115 40.03158
1202119523 116.40282 40.00805
1202119533 116.40282 40.00805
1202119599 116.40163 40.00477
1202119677 116.40142 40.00157
1202119796 116.4013 39.995
1202120009 116.38957 39.98692
1202120123 116.38718 39.9814
1202120396 116.38863 39.95875
1202120563 116.38807 39.94763
1202120727 116.38775 39.94132
1202120921 116.38585 39.93987
1202120977 116.3843 39.94105
1202121284 116.38417 39.94123
1202121309 116.38378 39.94142
1202121326 116.3839 39.94183
1202121378 116.38498 39.9426
1202121517 116.38488 39.94202
1202121529 116.38443 39.94203
1202121535 116.38412 39.94205
1202121678 116.37395 39.94677
1202121735 116.3731 39.94978
1202121735 116.3731 39.94978
1202121878 116.37333 39.94433
1202121946 116.37298 39.94173
1202121961 116.3729 39.9412
1202121991 116.3699 39.94115
1202121998 116.36992 39.94117
1202122056 116.3696 39.94113
1202122056 116.3696 39.94113
1202122153 116.36612 39.94392
1202122156 116.36608 39.94392
1202122170 116.36607 39.94507
1202122192 116.366 39.946
1202122317 116.36567 39.9485
1202122317 116.36567 39.9485
1202122397 116.36515 39.95355
1202122698 116.36045 39.97532
1202122780 116.35945 39.97998
1202122815 116.35837 39.98055
1202122840 116.35828 39.98203
1202122860 116.35718 39.98223
1202122885 116.35735 39.98143
1202122908 116.35727 39.98135
1202122977 116.35582 39.9821
1202122980 116.3558 39.98213
1202122985 116.3557 39.98205
1202123020 116.35565 39.98077
1202123139 116.35465 39.98052
1202123142 116.35458 39.98048
1202123148 116.35438 39.98042
1202123251 116.34807 39.98025
1202123403 116.3471 39.9917
1202123586 116.35793 39.99993
1202123675 116.36287 40.00005
1202123893 116.36448 40.0054
1202123896 116.36452 40.00545
1202123942 116.36333 40.00508
1202124486 116.36302 40.00505
1202124493 116.36248 40.00475
1202124493 116.36248 40.00475
1202124794 116.36853 40.01422
1202124936 116.37947 40.00842
1202124936 116.37947 40.00842
1202125097 116.3936 40.0082
1202125103 116.39358 40.0082
1202125245 116.40157 40.00162
1202125329 116.40147 39.9977
1202125413 116.40145 39.99592
1202125469 116.40143 39.9945
1202125643 116.40117 39.98247
1202125726 116.40147 39.98367
1202125805 116.40148 39.98367
1202126105 116.44212 39.98388
1202126405 116.4838 39.94342
1202126706 116.4872 39.90587
1202126727 116.49018 39.90643
1202126804 116.49193 39.90645
1202126848 116.49195 39.90645
1202127148 116.48925 39.90705
1202127257 116.48237 39.9057
1202127267 116.48237 39.90548
1202127379 116.48298 39.89937
1202127426 116.48012 39.89932
1202127489 116.47382 39.89918
1202127565 116.47225 39.89917
1202127629 116.47172 39.89977
1202127697 116.47172 39.90022
1202128123 116.47177 39.9017
1202128123 116.47177 39.9017
1202128262 116.47172 39.90645
1202128516 116.45923 39.90728
1202128516 116.45923 39.90728
1202128626 116.45602 39.90995
1202128809 116.45898 39.91648
1202128855 116.46242 39.9154
1202128946 116.46333 39.9153
1202128997 116.46342 39.91807
1202129070 116.46343 39.92155
1202129174 116.46093 39.92208
1202129201 116.4608 39.92348
1202129257 116.46077 39.9243
1202129388 116.4607 39.92573
1202129444 116.46078 39.92627
1202129465 116.46078 39.92662
1202129475 116.46075 39.92687
1202129543 116.4608 39.92772
1202129847 116.44943 39.927
1202129938 116.44708 39.92562
1202129989 116.44448 39.92562
1202130086 116.43957 39.9256
1202130127 116.43857 39.9256
1202130223 116.43492 39.92558
1202130247 116.43378 39.9254
1202130274 116.43385 39.92537
1202130314 116.43453 39.92287
1202130343 116.43255 39.92297
1202130343 116.43255 39.92297
1202130661 116.42847 39.91487
1202130708 116.42872 39.9121
1202131008 116.43903 39.88348
1202131176 116.43295 39.8682
1202131215 116.43262 39.86617
1202131324 116.4323 39.8633
1202131379 116.42987 39.86342
1202131380 116.42985 39.86338
1202131496 116.428 39.86328
1202131555 116.42767 39.86415
1202131882 116.43223 39.85988
1202132080 116.42742 39.85758
1202132177 116.42645 39.85752
1202132177 116.42645 39.85752
1202132342 116.4193 39.85683
1202132457 116.41753 39.85655
1202132480 116.41683 39.85642
1202132607 116.41188 39.85593
1202132753 116.41015 39.85603
1202132753 116.41015 39.85603
1202132758 116.41003 39.85605
1202132758 116.41003 39.85605
1202132808 116.40842 39.85592
1202132894 116.40793 39.85278
1202132933 116.40478 39.85258
1202132972 116.40485 39.8527
1202133061 116.40752 39.85247
1202133102 116.4081 39.85315
1202133175 116.40808 39.85348
1202133318 116.41017 39.85547
1202133342 116.41167 39.85552
1202133342 116.41167 39.85552
1202133342 116.41167 39.85552
1202133342 116.41167 39.85552
1202133351 116.4128 39.8555
1202133386 116.4156 39.85592
1202133400 116.41597 39.856
1202133510 116.41555 39.86357
1202133661 116.41485 39.87867
1202133734 116.41467 39.8817
1202133854 116.41388 39.88485
1202134013 116.42017 39.89177
1202134035 116.42065 39.89182
1202134105 116.42118 39.89202
1202134290 116.42132 39.89567
1202134326 116.42122 39.89798
1202134330 116.42127 39.89793
1202134451 116.41368 39.8996
1202134508 116.41827 39.9032
1202134546 116.42032 39.9036
1202134549 116.42043 39.90362
1202134652 116.42085 39.90818
1202134725 116.42037 39.91385
1202134832 116.42037 39.91723
1202134876 116.42037 39.9179
1202134891 116.42033 39.91842
1202135038 116.43273 39.92298
1202135043 116.43272 39.92288
1202135124 116.43295 39.9228
1202135238 116.44373 39.92155
1202135379 116.4442 39.92533
1202135382 116.4442 39.92535
1202135437 116.44427 39.93053
1202135485 116.44425 39.9312
1202135618 116.44887 39.93232
1202135678 116.45158 39.93235
1202135778 116.45493 39.93245
1202136078 116.45588 39.94428
1202136117 116.45583 39.9475
1202136272 116.45412 39.95287
1202136519 116.44113 39.96135
1202136814 116.41872 39.96823
1202136814 116.41872 39.96823
1202136848 116.41852 39.97012
1202136911 116.41848 39.97317
1202136928 116.41838 39.97377
1202137048 116.42477 39.97592
1202137369 116.42475 39.98203
1202137449 116.43113 39.9822
1202137657 116.41792 39.9868
1202137755 116.41792 39.99195
1202137758 116.4179 39.99195
1202137826 116.41785 39.99385
1202137843 116.41812 39.9948
1202137931 116.41157 39.99743
1202137936 116.41158 39.99745
1202138029 116.40677 39.99762
1202138089 116.40418 39.99762
1202138127 116.4039 39.9974
1202138197 116.40568 39.99738
1202138280 116.41033 39.99757
1202138452 116.4202 39.99727
1202140240 116.42022 39.9974
1202140261 116.41858 39.9976
1202140301 116.41882 39.9996
1202140301 116.41882 39.9996
1202140370 116.41892 40.00325
1202140557 116.41885 40.00252
1202140557 116.41885 40.00252
1202140569 116.41885 40.0018
1202140572 116.41883 40.00175
1202140633 116.42178 40.0009
1202141213 116.4218 40.00073
1202141339 116.4185 39.9976
1202141457 116.43102 39.99257
1202141457 116.43102 39.99257
1202141491 116.43108 39.99013
1202141732 116.41697 39.98772
1202141759 116.41652 39.98773
1202142062 116.38138 39.98792
1202142280 116.37263 40.0005
1202142288 116.3721 40.00043
1202142397 116.36472 40.00017
1202142609 116.36327 39.99257
1202142695 116.36215 39.99247
1202142779 116.35868 39.99595
1202142840 116.35855 39.99957
1202142980 116.347 39.99983
1202143046 116.34627 40.00612
1202143246 116.33987 40.00635
1202143483 116.34403 40.00625
1202143483 116.34403 40.00625
1202143523 116.34598 40.00615
1202143554 116.3459 40.00483
1202143572 116.34605 40.00392
1202143577 116.34617 40.00353
1202143577 116.34617 40.00353
1202143609 116.34643 39.99983
1202143773 116.3469 39.99223
1202143773 116.3469 39.99223
1202143773 116.3469 39.99223
1202143773 116.3469 39.99223
1202144337 116.34725 39.99742
1202144514 116.35867 39.99437
1202144696 116.36325 39.9836
1202144721 116.36323 39.98338
1202144730 116.3632 39.98308
1202144806 116.36007 39.9805
1202144809 116.36005 39.9805
1202144922 116.35382 39.98035
1202144957 116.35262 39.9803
1202144960 116.35257 39.98027
1202144964 116.35253 39.98022
1202145000 116.35252 39.979
1202145003 116.35248 39.97895
1202145099 116.35248 39.97603
1202145165 116.34965 39.97525
1202145381 116.34418 39.96648
1202145394 116.34393 39.96653
1202145431 116.34245 39.96643
1202145457 116.3414 39.9664
1202145671 116.32203 39.96618
1202145713 116.3216 39.96607
1202145748 116.32113 39.96648
1202145779 116.32062 39.96638
1202145808 116.32 39.96637
1202145808 116.32 39.96637
1202145838 116.31945 39.96678
1202145882 116.31927 39.96978
1202145943 116.31912 39.97013
1202145984 116.31917 39.97122
1202145984 116.31917 39.97122
1202146172 116.31235 39.97465
1202146301 116.30623 39.9746
1202146413 116.30112 39.97457
1202146466 116.30035 39.9749
1202146513 116.30237 39.97847
1202146516 116.30223 39.97822
1202146553 116.30153 39.97667
1202146583 116.30412 39.97702
1202146583 116.30412 39.97702
1202146793 116.31085 39.97592
1202146991 116.31217 39.97265
1202146996 116.3122 39.97262
1202147123 116.31447 39.96698
1202147312 116.31707 39.9561
1202147421 116.31778 39.95057
1202147724 116.32092 39.93713
1202147859 116.32705 39.93465
1202147920 116.32712 39.93363
1202147964 116.32745 39.93153
1202148029 116.32982 39.93107
1202148037 116.32982 39.93105
1202148122 116.33703 39.93105
1202148212 116.3381 39.93103
1202148447 116.34092 39.93102
1202148495 116.34127 39.931
1202148739 116.34317 39.93098
1202148755 116.34363 39.93098
1202148786 116.34467 39.93098
1202148940 116.3459 39.93097
1202148995 116.34707 39.93093
1202148995 116.34707 39.93093
1202149022 116.3483 39.93092
1202149280 116.35662 39.93097
1202149306 116.35832 39.93095
1202149393 116.36148 39.93093
1202149509 116.3658 39.93118
1202149593 116.3704 39.93135
1202149593 116.3704 39.93135
1202149797 116.38327 39.9319
1202149904 116.38807 39.932
1202149984 116.38972 39.93195
1202150135 116.39848 39.93207
1202150175 116.40057 39.932
1202150211 116.40237 39.93193
1202150382 116.41005 39.93215
1202150619 116.41082 39.93563
1202150657 116.4108 39.93567
1202150699 116.41068 39.9367
1202150753 116.4107 39.93797
1202150834 116.41065 39.93917
1202150924 116.41053 39.94095
1202150951 116.41053 39.94155
1202150956 116.41052 39.94167
1202150995 116.41052 39.94233
1202151063 116.4104 39.94597
1202151091 116.41038 39.94745
1202151103 116.41038 39.94743
1202151284 116.4125 39.95548
1202151307 116.41262 39.95533
1202151335 116.41267 39.95565
1202151384 116.41467 39.95588
1202151455 116.4188 39.95592
1202151512 116.41892 39.955
1202151550 116.41898 39.95325
1202151588 116.41895 39.95315
1202151667 116.41902 39.95137
1202151804 116.419 39.94908
1202152032 116.41928 39.94407
1202152107 116.41933 39.94118
1202152130 116.4183 39.94113
1202152169 116.41603 39.9413
1202152192 116.41603 39.94133
1202152192 116.41603 39.94133
1202152258 116.41518 39.94157
1202152601 116.41508 39.94185
1202152718 116.41922 39.94022
1202152743 116.41932 39.9402
1202152832 116.41942 39.93715
1202152837 116.41943 39.93712
1202152904 116.41955 39.93332
1202152957 116.41955 39.9329
1202152978 116.41952 39.932
1202153181 116.41993 39.92453
1202153258 116.42 39.92343
1202153429 116.42013 39.91817
1202153498 116.42053 39.9143
1202153628 116.42463 39.91417
1202153644 116.42462 39.91417
1202153888 116.41995 39.9227
1202153979 116.41998 39.92292
1202154073 116.41142 39.9231
1202154094 116.41127 39.92353
1202154145 116.41122 39.92465
1202154230 116.41105 39.92775
1202154246 116.41103 39.92822
1202154389 116.41095 39.93002
1202154428 116.41095 39.93063
1202154660 116.41932 39.93225
1202154663 116.41928 39.93222
1202154801 116.42577 39.93227
1202154999 116.42713 39.93223
1202155274 116.43255 39.94538
1202155454 116.43368 39.94655
1202155698 116.43378 39.95162
1202155724 116.43358 39.95228
1202155750 116.43303 39.9522
1202155772 116.43165 39.952
1202155949 116.43338 39.95233
1202156025 116.43433 39.94795
1202156296 116.45172 39.95385
1202156579 116.45513 39.95082
1202156791 116.45548 39.93793
1202156816 116.45548 39.93722
1202156889 116.45533 39.93482
1202157142 116.46552 39.93233
1202157253 116.47145 39.93228
1202157327 116.47207 39.92705
1202157449 116.47093 39.92275
1202157505 116.46938 39.92395
1202157542 116.4698 39.92338
1202157671 116.47087 39.92278
1202157702 116.47178 39.92277
1202157702 116.47178 39.92277
1202157715 116.47192 39.9224
1202157983 116.47175 39.91257
1202157983 116.47175 39.91257
1202158083 116.46448 39.91247
1202158117 116.4651 39.91255
1202158833 116.46575 39.9122
1202159370 116.48005 39.8992
1202159712 116.47168 39.8963
1202159830 116.4716 39.89737
1202159902 116.47163 39.90327
1202159992 116.47143 39.90398
1202160059 116.46808 39.90538
1202160090 116.46815 39.90645
1202160149 116.4698 39.90668
1202160170 116.46977 39.90667
1202160218 116.47073 39.90673
1202160269 116.47153 39.90465
1202160336 116.4715 39.8996
1202160401 116.47143 39.89907
1202160481 116.47137 39.89245
1202160651 116.47152 39.89687
1202160784 116.47167 39.90333
1202161057 116.47063 39.9072
1202161306 116.46752 39.90848
1202161327 116.4663 39.90848
1202161366 116.4653 39.90863
1202161483 116.4653 39.91215
1202163637 116.4654 39.9127
1202163640 116.4651 39.91282
1202163734 116.45645 39.91223
1202163840 116.45537 39.90763
1202163840 116.45537 39.90763
1202164215 116.4546 39.87023
1202164431 116.45878 39.868
1202164470 116.45875 39.868
1202164595 116.45512 39.86965
1202164740 116.46148 39.87485
1202164856 116.4616 39.88012
1202164892 116.46158 39.88232
1202165005 116.4709 39.88305
1202165167 116.4714 39.88705
1202165245 116.47153 39.8915
1202165254 116.47157 39.89148
1202165318 116.47163 39.89615
1202165324 116.47165 39.89618
1202165644 116.47165 39.89642
1202165673 116.47167 39.89898
1202165794 116.47175 39.9034
1202166140 116.45558 39.92498
1202166214 116.45585 39.93205
1202166408 116.45197 39.92877
1202166458 116.44982 39.93237
1202166472 116.44983 39.9324
1202166530 116.44485 39.9324
1202166620 116.44002 39.93248
1202166683 116.43798 39.93232
1202166683 116.43798 39.93232
1202166812 116.43485 39.92563
1202166886 116.43138 39.92727
1202166906 116.43092 39.92808
1202166907 116.43088 39.92815
1202166910 116.4308 39.92835
1202167004 116.43685 39.93238
1202167299 116.43793 39.93995
1202167345 116.43343 39.9399
1202167399 116.43283 39.93988
1202167453 116.42968 39.93978
1202167580 116.42012 39.93967
1202167716 116.41067 39.93963
1202167753 116.41058 39.94098
1202167888 116.41232 39.94773
1202168128 116.41883 39.94795
1202168387 116.42528 39.95805
1202169052 116.41923 39.95798
1202169105 116.4191 39.95797
1202169144 116.4189 39.95513
1202169171 116.4189 39.95477
1202169446 116.41232 39.94773
1202169815 116.41263 39.9478
1202169819 116.41307 39.94783
1202170129 116.43828 39.9395
1202170137 116.43825 39.93942
1202170210 116.43758 39.9353
1202170268 116.43765 39.93307
1202170348 116.43752 39.92912
1202170822 116.42927 39.93003
1202170834 116.42853 39.93015
1202170836 116.42842 39.93018
1202170836 116.42842 39.93018
1202170841 116.42832 39.93022
1202170933 116.4288 39.93742
1202170970 116.42888 39.93727
1202170998 116.42912 39.93642
1202171010 116.42865 39.93638
1202171033 116.42855 39.93737
1202171033 116.42855 39.93737
1202171178 116.42283 39.9397
1202171226 116.41985 39.93967
1202171471 116.41207 39.94772
1202171553 116.41415 39.94778
1202171753 116.41478 39.94785
1202171951 116.38965 39.94775
1202172045 116.38772 39.94772
1202172259 116.3892 39.939
1202172267 116.3894 39.9389
1202172399 116.39163 39.9404
1202172504 116.39145 39.93982
1202172514 116.39148 39.93943
1202172524 116.3913 39.93938
1202172791 116.37407 39.9316
1202172833 116.37353 39.93082
1202172870 116.37353 39.93075
1202173220 116.38937 39.932
1202173357 116.38985 39.93748
1202173357 116.38985 39.93748
1202173552 116.40117 39.93945
1202173919 116.41538 39.9479
1202173947 116.41848 39.94798
1202174190 116.4279 39.92355
1202174253 116.42857 39.92268
1202174396 116.44337 39.92142
1202174756 116.4751 39.91418
1202174821 116.47817 39.91413
1202174904 116.48285 39.91415
1202175085 116.50463 39.91468
1202175113 116.50468 39.91418
1202175133 116.50522 39.91415
1202175390 116.51218 39.91548
1202175390 116.51218 39.91548
1202175458 116.50595 39.91502
1202175759 116.48403 39.92095
1202176063 116.47467 39.96268
1202176236 116.47197 39.97877
1202176309 116.4765 39.98288
1202176411 116.48162 39.98747
1202176490 116.48705 39.99233
1202176637 116.50082 40.00533
1202176725 116.50703 40.0108
1202176957 116.52697 40.03935
1202177000 116.528 40.0414
1202178805 116.69852 40.14192
1202179107 116.7192 40.19483
1202197844 116.72022 40.20185
1202197872 116.7204 40.2029
1202197958 116.72133 40.19885
1202198224 116.75932 40.19422
1202199764 116.7688 40.1985
1202200064 116.76073 40.1702
1202200364 116.74012 40.12602
1202200664 116.67978 40.11513
1202200697 116.67512 40.11462
1202200988 116.62395 40.11643
1202201168 116.6063 40.11658
1202201468 116.55648 40.10788
1202201475 116.55642 40.10773
1202201803 116.54122 40.05703
1202201812 116.541 40.05693
1202201815 116.54102 40.05693
1202202004 116.52805 40.04182
1202202273 116.49987 40.03263
1202202582 116.4731 40.02042
1202202690 116.46458 40.02202
1202202796 116.46112 40.0193
1202203096 116.44287 40.00665
1202203313 116.41067 40.00795
1202203553 116.4064 39.99757
1202203590 116.40837 39.9974
1202203594 116.40838 39.9974
1202204268 116.40847 39.99742
1202204279 116.40737 39.99733
1202204398 116.40162 40.00395
1202204561 116.39948 40.00383
1202204567 116.40028 40.00388
1202204713 116.41092 40.00233
1202204876 116.4084 39.99732
1202205101 116.41068 39.99428
1202205259 116.4178 39.99447
1202205259 116.4178 39.99447
1202205365 116.4181 39.9929
1202205365 116.4181 39.9929
1202205369 116.41798 39.99252
1202205610 116.40112 39.98243
1202205614 116.40112 39.98243
1202205785 116.40065 39.96732
1202205792 116.40068 39.96723
1202205792 116.40068 39.96723
1202205914 116.39952 39.96072
1202205940 116.39833 39.96148
1202205947 116.39832 39.96148
1202206014 116.39965 39.96082
1202206073 116.39717 39.96135
1202206198 116.39683 39.96708
1202206233 116.39882 39.96712
1202206233 116.39882 39.96712
1202206238 116.39957 39.96715
1202206248 116.40042 39.96717
1202206404 116.40147 39.96077
1202206513 116.4017 39.95792
1202206519 116.4017 39.95792
1202206742 116.40978 39.94767
1202206855 116.41327 39.94787
1202206872 116.41373 39.94788
1202207174 116.42842 39.91902
1202207382 116.42602 39.90418
1202207448 116.42668 39.90697
1202207553 116.42955 39.90813
1202207735 116.42835 39.92722
1202207990 116.43492 39.94745
1202208063 116.43337 39.95292
1202208156 116.43927 39.95477
1202208156 116.43927 39.95477
1202208176 116.43987 39.95535
1202208179 116.43985 39.95542
1202208208 116.43795 39.95677
1202208468 116.44003 39.96047
1202208588 116.4446 39.96515
1202208630 116.44613 39.96643
1202209240 116.44582 39.96645
1202209277 116.446 39.9661
1202209277 116.446 39.9661
1202209675 116.4466 39.96703
1202209692 116.44642 39.96762
1202209738 116.44447 39.96905
1202209799 116.44198 39.97125
1202209802 116.44195 39.97133
1202209838 116.44363 39.97383
1202209842 116.44363 39.9738
1202209924 116.44817 39.97855
1202209927 116.44817 39.97855
1202210174 116.46737 39.98917
1202210179 116.46737 39.98915
1202210290 116.47593 39.98675
1202210341 116.47392 39.98825
1202210344 116.47395 39.98833
1202210450 116.46403 39.98415
1202210755 116.4606 39.98317
1202210777 116.45903 39.98365
1202210777 116.45903 39.98365
1202211545 116.45412 39.9841
1202211573 116.45172 39.98323
1202211576 116.45173 39.98323
1202211848 116.43108 39.99207
1202211961 116.42418 39.99383
1202211976 116.42425 39.99345
1202212079 116.41788 39.99417
1202212105 116.41803 39.99573
1202212135 116.41788 39.99407
1202212379 116.4113 39.99378
1202212507 116.40608 39.99368
1202212507 116.40608 39.99368
1202212559 116.40318 39.99347
1202212684 116.40148 39.9935
1202212963 116.38187 39.98113
1202213031 116.37855 39.98107
1202213581 116.37832 39.98098
1202213587 116.37807 39.98097
1202213616 116.37637 39.981
1202213879 116.37778 39.9827
1202213902 116.37747 39.98322
1202214090 116.37757 39.98347
1202214098 116.37772 39.98327
1202214099 116.37772 39.98325
1202214296 116.38173 39.97625
1202214330 116.38175 39.9757
1202214630 116.38852 39.9614
1202214712 116.38908 39.95037
1202214755 116.38915 39.94878
1202214758 116.38915 39.94878
1202214789 116.38935 39.9475
1202215090 116.42743 39.94078
1202215292 116.4286 39.91503
1202215498 116.42673 39.90373
1202215605 116.42087 39.90478
1202215706 116.42067 39.90413
1202215829 116.41433 39.90035
1202215852 116.41345 39.89998
1202216027 116.40695 39.89965
1202216204 116.4011 39.89945
1202216338 116.39382 39.89892
1202216380 116.39205 39.89883
1202216470 116.38633 39.89902
1202216652 116.36757 39.89842
1202216747 116.35897 39.89822
1202217047 116.3278 39.89613
1202217117 116.32285 39.89915
1202217151 116.32288 39.90015
1202217151 116.32288 39.90015
1202217222 116.32287 39.90083
1202218086 116.32298 39.90215
1202218175 116.32868 39.90593
1202218203 116.32892 39.90577
1202218297 116.32842 39.91183
1202218389 116.32853 39.91905
1202218394 116.32853 39.91908
1202218459 116.32853 39.92
1202218531 116.32855 39.92058
1202218608 116.32853 39.92113
1202218793 116.32753 39.93088
1202218898 116.32092 39.93117
1202218924 116.32045 39.93128
1202218973 116.314 39.93107
1202219071 116.31372 39.9363
1202219113 116.31395 39.93772
1202219152 116.31933 39.93737
1202219236 116.31953 39.93758
1202219400 116.31955 39.95033
1202219442 116.32128 39.95027
1202219743 116.33777 39.92908
1202219760 116.33775 39.92825
1202219760 116.33775 39.92825
1202219783 116.33785 39.92738
1202219935 116.34955 39.92675
1202220017 116.34985 39.92077
1202220055 116.34978 39.91938
1202220079 116.3499 39.91835
1202220264 116.35132 39.9114
1202220318 116.35158 39.91157
1202220350 116.3533 39.91162
1202220456 116.35673 39.90875
1202220574 116.35693 39.90368
1202220574 116.35693 39.90368
1202220647 116.35708 39.90027
1202220680 116.35707 39.89933
1202220980 116.35778 39.89805
1202221037 116.36767 39.89837
1202221339 116.3688 39.8984
1202221383 116.3773 39.89865
1202221505 116.39247 39.89873
1202221599 116.40478 39.89952
1202221602 116.40477 39.89952
1202221719 116.41218 39.89812
1202221755 116.4123 39.89768
1202221792 116.4127 39.89483
1202221792 116.4127 39.89483
1202221900 116.40635 39.8915
1202221904 116.40635 39.8915
1202221969 116.41215 39.89153
1202222052 116.41337 39.89157
1202222080 116.41518 39.89173
1202222080 116.41518 39.89173
1202222105 116.41857 39.89193
1202222153 116.4203 39.892
1202222445 116.44448 39.88305
1202222472 116.4445 39.88295
1202222516 116.44943 39.88297
1202222587 116.45408 39.88303
1202222797 116.45572 39.89915
1202222842 116.45793 39.89937
1202222965 116.4676 39.89927
1202222976 116.46762 39.89927
1202225059 116.47055 39.8992
1202225247 116.47995 39.89902
1202225258 116.48045 39.89915
1202225293 116.47853 39.8992
1202225348 116.48303 39.89935
1202225630 116.4853 39.9124
1202225810 116.49362 39.92153
1202225810 116.49362 39.92153
1202225931 116.5112 39.92183
1202225934 116.5112 39.92183
1202226166 116.50808 39.91512
1202226184 116.50812 39.91512
1202226334 116.49647 39.9147
1202226413 116.496 39.91808
1202226463 116.49598 39.92105
1202226511 116.49605 39.92322
1202227011 116.49592 39.92305
1202227011 116.49592 39.92305
1202227018 116.49587 39.9225
1202227109 116.48525 39.92185
1202227191 116.48467 39.92187
1202227494 116.46525 39.90707
1202227554 116.45795 39.90733
1202227584 116.45663 39.90725
1202227584 116.45663 39.90725
1202227700 116.4558 39.90247
1202227806 116.4551 39.89568
1202228078 116.4587 39.8748
1202228111 116.45867 39.87472
1202228159 116.46143 39.87478
1202228302 116.4713 39.88077
1202228348 116.47137 39.88253
1202228352 116.47137 39.88257
1202228444 116.4716 39.88902
1202229439 116.47178 39.8898
1202229468 116.47163 39.89175
1202229659 116.4717 39.90328
1202230276 116.46537 39.9121
1202230310 116.46545 39.9123
1202230520 116.46675 39.9122
1202230685 116.47157 39.90885
1202230757 116.4718 39.90762
1202231064 116.49872 39.9067
1202231649 116.57115 39.90902
1202231893 116.58413 39.9241
1202231954 116.58522 39.92622
1202231994 116.58572 39.92657
1202232094 116.58563 39.9267
1202232200 116.57742 39.92368
1202232203 116.57743 39.92368
1202232392 116.57148 39.91467
1202232692 116.57048 39.89467
1202232994 116.55708 39.86928
1202233010 116.55792 39.86762
1202233311 116.55093 39.85342
1202233348 116.54928 39.85283
1202233427 116.54698 39.85198
1202233755 116.55093 39.86778
1202233946 116.54873 39.86785
1202234094 116.52475 39.8685
1202234225 116.52562 39.86218
1202234264 116.52562 39.86215
1202234282 116.52565 39.86202
1202234312 116.52577 39.86132
1202234402 116.52522 39.86487
1202234604 116.5216 39.8844
1202234654 116.52153 39.88512
1202234654 116.52153 39.88512
1202234660 116.5215 39.88587
1202234705 116.52112 39.89158
1202234859 116.49677 39.89195
1202235443 116.47178 39.90617
1202235447 116.47178 39.90618
1202235578 116.47193 39.9074
1202235605 116.47208 39.90745
1202235727 116.47192 39.91217
1202235774 116.47188 39.91313
1202235857 116.47197 39.91757
1202235895 116.47205 39.9212
1202236096 116.46687 39.92563
1202236176 116.46695 39.926
1202236322 116.4617 39.92197
1202236326 116.4615 39.92197
1202236379 116.4566 39.92197
1202236599 116.45543 39.91248
1202236863 116.4539 39.89598
1202236863 116.4539 39.89598
1202236963 116.45502 39.893
1202236966 116.45498 39.89302
1202237158 116.45472 39.87697
1202237158 116.45472 39.87697
1202237172 116.45463 39.87662
1202237558 116.45463 39.8714
1202237811 116.45848 39.8829
1202237840 116.45958 39.88297
1202237874 116.46125 39.88302
1202237989 116.45902 39.88745
1202238188 116.46225 39.89188
1202238192 116.4623 39.8919
1202238411 116.47162 39.89897
1202238415 116.47163 39.89895
1202238531 116.4717 39.90347
1202238538 116.4717 39.90342
1202238599 116.4718 39.90622
1202238602 116.4718 39.9062
1202238845 116.47195 39.91353
1202238955 116.47222 39.9212
1202238988 116.47508 39.92157
1202239027 116.47818 39.92162
1202239035 116.47842 39.92162
1202239096 116.47872 39.92385
1202239187 116.47782 39.92545
1202239187 116.47782 39.92545
1202239237 116.4778 39.92472
1202239270 116.47852 39.92353
1202239305 116.47785 39.92178
1202239326 116.47595 39.9217
1202239331 116.47588 39.9217
1202239430 116.46743 39.92187
1202239529 116.46138 39.922
1202239602 116.45863 39.92203
1202239669 116.4558 39.92225
1202239971 116.45415 39.95285
1202240054 116.45342 39.95527
1202240054 116.45342 39.95527
1202240120 116.45327 39.95493
1202240140 116.45295 39.95542
1202240209 116.45473 39.95398
1202240259 116.4596 39.95833
1202241176 116.4979 39.96078
1202241223 116.50038 39.95805
1202241223 116.50038 39.95805
1202241226 116.5004 39.95807
1202241271 116.50185 39.95873
1202241296 116.50192 39.95853
1202241361 116.4999 39.95978
1202241417 116.50038 39.95778
1202241549 116.49728 39.9648
1202241632 116.49703 39.97022
1202241704 116.49408 39.97065
1202241780 116.48857 39.97072
1202241998 116.48385 39.97147
1202242026 116.48387 39.97298
1202242479 116.47358 39.97047
1202242613 116.46902 39.96697
1202242691 116.46342 39.962
1202242694 116.46343 39.962
1202242737 116.46505 39.96403
1202242814 116.46798 39.96605
1202242975 116.48183 39.96978
1202243008 116.48373 39.96997
1202243020 116.48378 39.97065
1202243321 116.48373 39.97275
1202243347 116.4838 39.9749
1202243511 116.48272 39.98732
1202243743 116.47812 39.99
1202243750 116.4781 39.99002
1202243775 116.47728 39.98913
1202243775 116.47728 39.98913
1202243778 116.47717 39.989
1202243823 116.4763 39.98828
1202243823 116.4763 39.98828
1202243961 116.46885 39.99168
1202243965 116.46882 39.99168
1202244049 116.46493 39.99092
1202244052 116.4649 39.99095
1202244125 116.46895 39.98802
1202244151 116.46892 39.98803
1202244188 116.4711 39.9867
1202244207 116.47108 39.98672
1202244291 116.47602 39.98797
1202244745 116.47693 39.99087
1202244911 116.4728 40.00465
1202244966 116.47268 40.00468
1202245013 116.47228 40.00383
1202245085 116.47257 39.99892
1202245089 116.47265 39.99893
1202245155 116.46953 39.99622
1202245183 116.47107 39.99475
1202245268 116.4787 39.9897
1202245275 116.47875 39.98965
1202245275 116.47875 39.98965
1202245307 116.48 39.9888
1202245328 116.48098 39.98822
1202245629 116.48357 39.98223
1202245758 116.48395 39.97288
1202245831 116.48388 39.974
1202245910 116.48407 39.97487
1202245915 116.48405 39.97512
1202245919 116.48403 39.97517
1202245943 116.48563 39.97522
1202246084 116.49343 39.9757
1202246142 116.49347 39.97073
1202246482 116.51448 39.97285
1202246624 116.50865 39.97445
1202246769 116.49762 39.97055
1202246825 116.49373 39.97062
1202247411 116.48382 39.9743
1202247870 116.48372 39.97467
1202247914 116.48388 39.97105
1202248121 116.50803 39.9741
1202248422 116.54038 39.96992
1202248687 116.57013 39.95678
1202248800 116.57802 39.95265
1202249102 116.61352 39.95887
1202249193 116.62625 39.9605
1202249200 116.62642 39.96053
1202249258 116.6264 39.96058
1202249863 116.67125 40.0034
1202250165 116.66065 40.05222
1202250405 116.65527 40.0949
1202250409 116.65525 40.0949
1202250468 116.65537 40.09785
1202250533 116.65503 40.10185
1202250590 116.6539 40.10727
1202250593 116.6539 40.10727
1202250642 116.65308 40.11078
1202250845 116.66073 40.12233
1202250876 116.66105 40.12233
1202250980 116.67245 40.13132
1202251081 116.68462 40.13062
1202251081 116.68462 40.13062
1202251295 116.68947 40.13115
1202251596 116.71538 40.1634
1202251637 116.71612 40.16928
1202251938 116.74087 40.19513
1202252196 116.76885 40.20002
1202252724 116.76897 40.19873
1202287748 116.76868 40.1986
1202288203 116.72385 40.20265
1202288266 116.72187 40.20308
1202288347 116.72132 40.19885
1202288659 116.70353 40.16928
1202288734 116.69185 40.16878
1202288739 116.69187 40.16878
1202288933 116.66838 40.1696
1202289003 116.66127 40.1695
1202289309 116.64823 40.13758
1202289336 116.64777 40.1364
1202289636 116.61672 40.12785
1202289636 116.61672 40.12785
1202289818 116.59073 40.12687
1202289922 116.5738 40.12663
1202290173 116.54928 40.11622
1202290249 116.54473 40.11147
1202290353 116.53782 40.10328
1202290654 116.48877 40.09367
1202290670 116.48627 40.09358
1202290680 116.48628 40.09358
1202290989 116.44172 40.08032
1202291033 116.4365 40.0781
1202291036 116.43652 40.0781
1202291060 116.43492 40.0769
1202291146 116.42243 40.07278
1202291269 116.40782 40.0666
1202291502 116.40667 40.043
1202291612 116.40948 40.03642
1202291727 116.41165 40.02555
1202291866 116.41027 40.00612
1202291911 116.41017 40.00618
1202292001 116.41102 39.99765
1202292177 116.41885 40.00272
1202293108 116.41863 40.00205
1202293117 116.41865 40.00177
1202294754 116.40655 39.99647
1202294778 116.40578 39.99478
1202294886 116.40565 39.9935
1202294926 116.40482 39.99317
1202294930 116.4045 39.99343
1202294954 116.40403 39.99292
1202294968 116.40385 39.99243
1202294994 116.4029 39.9922
1202295042 116.40242 39.99193
1202295077 116.40257 39.99117
1202295217 116.40738 39.98753
1202295738 116.37338 39.98912
1202295738 116.37338 39.98912
1202295814 116.37707 39.98942
1202295859 116.37987 39.98893
1202295862 116.37988 39.98885
1202296162 116.3735 39.96663
1202296698 116.45523 39.93285
1202296838 116.45357 39.93137
1202296967 116.45513 39.92875
1202296971 116.45513 39.92875
1202297064 116.45508 39.92227
1202297204 116.45512 39.92078
1202297300 116.4555 39.91303
1202297392 116.4551 39.90748
1202297464 116.45445 39.9074
1202297481 116.4542 39.9074
1202297481 116.4542 39.9074
1202297575 116.44427 39.90812
1202297763 116.45513 39.90772
1202298063 116.4656 39.89188
1202298149 116.47163 39.89623
1202298776 116.4713 39.89682
1202298816 116.47155 39.89868
1202298954 116.4719 39.90673
1202299254 116.4838 39.94097
1202315000 116.61222 40.1155
1202321862 116.61232 40.11578
1202321864 116.61232 40.11578
1202322082 116.61275 40.11592
1202322385 116.62287 40.11628
1202322621 116.66247 40.1151
1202322921 116.6929 40.12758
1202322957 116.69035 40.13085
1202323078 116.69525 40.13805
1202323334 116.7161 40.16942
1202323554 116.71872 40.1937
1202323633 116.72117 40.19847
1202323763 116.71985 40.2018
1202324816 116.72023 40.20183
1202324816 116.72023 40.20183
1202325202 116.70353 40.16932
1202325301 116.69193 40.16883
1202325527 116.6544 40.16942
1202325830 116.65082 40.14012
1202325932 116.65092 40.13102
1202325942 116.65063 40.13108
1202330752 116.65073 40.13098
1202330834 116.64718 40.12892
1202331140 116.64995 40.1288
1202331373 116.67225 40.1312
1202331675 116.71413 40.1602
1202331736 116.71607 40.16943
1202331895 116.71875 40.19368
1202332049 116.7204 40.20295
1202374418 116.72135 40.19882
1202374691 116.75932 40.1942
1202374825 116.76875 40.19853
1202375910 116.76905 40.19875
1202375957 116.77025 40.1993
1202377286 116.7699 40.19918
1202377386 116.76933 40.19653
1202377389 116.76933 40.1965
1202377464 116.76437 40.19532
1202377535 116.7595 40.19417
1202377835 116.7612 40.1555
1202377923 116.76277 40.14143
1202378232 116.69382 40.13187
1202378256 116.69065 40.13125
1202378263 116.69067 40.13125
1202378400 116.6673 40.12833
1202378506 116.65123 40.12885
1202378609 116.64628 40.12478
1202378888 116.60598 40.11662
1202378891 116.60598 40.11662
1202379024 116.5824 40.11705
1202379324 116.5556 40.10497
1202380979 116.47615 40.09103
1202381280 116.436 40.08753
1202381331 116.43288 40.09095
1202381368 116.43283 40.09088
1202381459 116.43315 40.08755
1202381608 116.43433 40.0764
1202381765 116.41895 40.06958
1202381864 116.40768 40.06648
1202382171 116.40575 40.0473
1202382263 116.40923 40.03688
1202382445 116.40862 40.02643
1202382445 116.40862 40.02643
1202382448 116.4085 40.02645
1202382448 116.4085 40.02645
1202382497 116.41072 40.02532
1202382797 116.40835 40.0015
1202382876 116.4063 39.99773
1202382955 116.40925 39.99735
1202383075 116.41145 40.00123
1202383176 116.4104 40.00763
1202383179 116.41045 40.00765
1202383303 116.4139 40.01798
1202383324 116.41388 40.01798
1202383716 116.40647 39.99833
1202383734 116.40637 39.99785
1202384002 116.41733 39.99772
1202384011 116.41613 39.99763
1202384126 116.41097 40.00173
1202384353 116.41195 39.99355
1202384374 116.4114 39.9937
1202384382 116.4114 39.99372
1202384685 116.35572 39.9859
1202384985 116.34917 39.951
1202385285 116.35022 39.90648
1202385395 116.35698 39.89782
1202385489 116.3573 39.88852
1202385549 116.35737 39.88543
1202385610 116.35735 39.88235
1202385617 116.35735 39.88235
1202385715 116.35638 39.87685
1202385748 116.35642 39.87687
1202385797 116.35568 39.87682
1202385828 116.35328 39.87672
1202385830 116.35313 39.87675
1202385833 116.35302 39.87685
1202385866 116.35288 39.87942
1202385906 116.35275 39.88147
1202385906 116.35275 39.88147
1202386011 116.3526 39.88745
1202386189 116.32395 39.8889
1202386217 116.3239 39.8889
1202386217 116.3239 39.8889
1202386230 116.32278 39.88892
1202386304 116.32128 39.88893
1202386304 116.32128 39.88893
1202386307 116.32125 39.88895
1202386511 116.31092 39.88625
1202386840 116.29557 39.87247
1202386995 116.3001 39.8738
1202387039 116.30208 39.87497
1202387180 116.30485 39.8761
1202387260 116.30418 39.8673
1202387373 116.29248 39.8654
1202387415 116.2892 39.8651
1202387726 116.26802 39.89133
1202387847 116.26855 39.91205
1202387874 116.26857 39.912
1202387909 116.26923 39.91593
1202387947 116.26867 39.91627
1202387956 116.2685 39.91608
1202387956 116.2685 39.91608
1202388045 116.26815 39.9141
1202388345 116.30713 39.89568
1202388430 116.3146 39.89505
1202388466 116.31458 39.89517
1202388552 116.31648 39.89523
1202388592 116.32175 39.89545
1202388624 116.32307 39.8951
1202388625 116.32308 39.895
1202388629 116.32308 39.89482
1202388797 116.31513 39.8885
1202388904 116.32193 39.88673
1202388940 116.32405 39.88672
1202389124 116.32582 39.88863
1202389124 116.32582 39.88863
1202389388 116.36162 39.88605
1202389394 116.36162 39.8861
1202389435 116.36175 39.88748
1202389516 116.37133 39.88788
1202389663 116.37365 39.88782
1202389663 116.37365 39.88782
1202389734 116.37575 39.88785
1202389823 116.37687 39.88788
1202389846 116.37772 39.88788
1202389878 116.3779 39.88788
1202389955 116.37842 39.88652
1202389955 116.37842 39.88652
1202389955 116.37842 39.88652
1202390006 116.37865 39.88217
1202390078 116.38128 39.87825
1202390307 116.38058 39.85667
1202390591 116.39507 39.82495
1202390594 116.39507 39.82495
1202390724 116.39543 39.81578
1202390763 116.39545 39.81577
1202390870 116.3957 39.81112
1202390887 116.39577 39.81002
1202391066 116.38708 39.8027
1202391100 116.38705 39.80263
1202391268 116.39558 39.80595
1202391407 116.39605 39.81575
1202391413 116.39602 39.81573
1202391713 116.41942 39.83052
1202391844 116.44093 39.83055
1202391923 116.44118 39.831
1202392166 116.43932 39.8523
1202392247 116.44155 39.85745
1202392253 116.44157 39.85743
1202392257 116.44163 39.85745
1202392275 116.44347 39.85802
1202392575 116.45638 39.90782
1202392644 116.44485 39.9071
1202392890 116.42633 39.90375
1202392890 116.42633 39.90375
1202392966 116.42087 39.9052
1202392980 116.42085 39.90493
1202392996 116.42078 39.90447
1202393013 116.42077 39.90445
1202393134 116.412 39.90463
1202393207 116.41177 39.90895
1202393324 116.41405 39.91415
1202393395 116.42508 39.91407
1202393404 116.42505 39.91407
1202393437 116.42652 39.91413
1202393739 116.47153 39.8997
1202393745 116.47153 39.8993
1202393847 116.46723 39.89258
1202393864 116.46683 39.89302
1202393889 116.4666 39.89375
1202393931 116.4663 39.89523
1202393956 116.46657 39.89563
1202393958 116.46665 39.89568
1202394037 116.47125 39.89217
1202394092 116.47163 39.89887
1202394095 116.47162 39.89887
1202394173 116.47162 39.90652
1202394320 116.4672 39.90723
1202394353 116.46715 39.90838
1202394353 116.46715 39.90838
1202394523 116.47158 39.91228
1202394629 116.47193 39.91752
1202394629 116.47193 39.91752
1202394677 116.47208 39.92117
1202394736 116.47317 39.92267
1202394765 116.47275 39.9227
1202396658 116.47245 39.92275
1202396658 116.47245 39.92275
1202396793 116.47598 39.93102
1202397082 116.47837 39.93243
1202397082 116.47837 39.93243
1202397086 116.47895 39.93243
1202397116 116.48322 39.93227
1202397301 116.49922 39.93568
1202397397 116.51092 39.93902
1202397460 116.5153 39.94008
1202397663 116.52227 39.92277
1202397694 116.52247 39.92123
1202397697 116.52253 39.92123
1202397730 116.52368 39.92038
1202397786 116.5224 39.92123
1202397839 116.5223 39.92183
1202397847 116.52245 39.9222
1202397847 116.52245 39.9222
1202397962 116.52022 39.92265
1202397975 116.52023 39.92265
1202398069 116.51133 39.92438
1202398118 116.51135 39.92983
1202398157 116.51135 39.93348
1202398219 116.51133 39.93898
1202398219 116.51133 39.93898
1202398267 116.51123 39.94303
1202398572 116.49705 39.97037
1202398783 116.47958 39.98107
1202399034 116.4621 39.99542
1202399097 116.46155 39.99818
1202399182 116.46168 39.99688
1202399263 116.46658 39.99663
1202399263 116.46658 39.99663
1202399297 116.4667 39.99655
1202399353 116.46802 39.99677
1202399367 116.4691 39.99607
1202399468 116.4801 39.99415
1202399490 116.48013 39.99405
1202399546 116.47738 39.9943
1202399701 116.47267 39.99895
1202399804 116.47187 39.99422
1202399888 116.4814 39.98798
1202400188 116.44268 39.9515
1202400488 116.42817 39.92253
1202400716 116.42148 39.89925
1202400716 116.42148 39.89925
1202400719 116.42145 39.89925
1202400719 116.42145 39.89925
1202400888 116.41677 39.89585
1202400934 116.41352 39.89562
1202401050 116.41295 39.89582
1202401152 116.42038 39.8992
1202401271 116.4315 39.8982
1202401456 116.44935 39.892
1202401598 116.4587 39.89193
1202401857 116.48017 39.89935
1202401893 116.4779 39.89933
1202401979 116.4717 39.90647
1202402164 116.44665 39.90712
1202402164 116.44665 39.90712
1202402469 116.42795 39.9327
1202402622 116.42302 39.93973
1202402661 116.41998 39.93978
1202402788 116.41087 39.93968
1202402805 116.41048 39.93967
1202402805 116.41048 39.93967
1202402933 116.41047 39.93852
1202403006 116.41348 39.93953
1202403045 116.4155 39.9396
1202403069 116.41892 39.93967
1202403078 116.41923 39.9397
1202403194 116.41933 39.94778
1202403337 116.41918 39.94975
1202403346 116.41912 39.94993
1202403371 116.4191 39.95035
1202403382 116.4192 39.95068
1202403468 116.41908 39.9517
1202403472 116.41912 39.95173
1202403476 116.41912 39.95177
1202403479 116.41912 39.9518
1202403479 116.41912 39.9518
1202403591 116.41898 39.95492
1202403645 116.41908 39.95558
1202403721 116.42473 39.95808
1202403778 116.42823 39.9581
1202403842 116.43295 39.95827
1202403935 116.43952 39.95578
1202403938 116.43957 39.95582
1202403944 116.4397 39.95573
1202403980 116.44125 39.95523
1202404016 116.44082 39.95478
1202404055 116.44012 39.95537
1202404141 116.43618 39.95827
1202404229 116.44343 39.96403
1202404250 116.44463 39.96523
1202404270 116.44432 39.96532
1202404282 116.44347 39.96432
1202404584 116.43518 39.98733
1202404783 116.41115 39.9974
1202404861 116.40642 39.9968
1202404896 116.40647 39.99727
1202404927 116.41042 39.99748
1202405013 116.41863 39.99735
1202405170 116.41638 39.99745
1202405337 116.40122 39.99195
1202405362 116.40108 39.99175
1202405362 116.40108 39.99175
1202405380 116.40107 39.99067
1202405575 116.41073 39.98425
1202405606 116.41092 39.98278
1202405617 116.41093 39.98248
1202405769 116.41153 39.96843
1202405922 116.41803 39.9678
1202405922 116.41803 39.9678
1202406203 116.43902 39.96012
1202406527 116.43787 39.95922
1202406527 116.43787 39.95922
1202406533 116.43717 39.9586
1202406546 116.43622 39.95845
1202406756 116.44183 39.95273
1202406756 116.44183 39.95273
1202406794 116.4413 39.95222
1202406823 116.44 39.95115
1202406823 116.44 39.95115
1202406827 116.43955 39.95082
1202406916 116.44198 39.94758
1202406949 116.44375 39.94637
1202407025 116.44422 39.94427
1202407063 116.44418 39.9401
1202407154 116.4441 39.93255
1202407293 116.44007 39.92558
1202407332 116.4398 39.92212
1202407383 116.43977 39.92105
1202407383 116.43977 39.92105
1202407547 116.43465 39.91677
1202407581 116.43165 39.91682
1202407614 116.43165 39.91673
1202407657 116.43328 39.91678
1202407680 116.43458 39.9168
1202407680 116.43458 39.9168
1202407684 116.43465 39.91698
1202407687 116.43465 39.91725
1202407710 116.43467 39.91965
1202407816 116.4423 39.9204
1202407877 116.44402 39.92052
1202407915 116.44403 39.9187
1202407977 116.4441 39.91275
1202408276 116.42982 39.8993
1202408295 116.42898 39.89892
1202408368 116.42702 39.89627
1202408419 116.42507 39.8962
1202408609 116.4233 39.8921
1202408628 116.4249 39.89222
1202408675 116.43215 39.89232
1202408887 116.42177 39.89228
1202409017 116.41307 39.89183
1202409130 116.40645 39.89155
1202409130 116.40645 39.89155
1202409130 116.40645 39.89155
1202409130 116.40645 39.89155
1202409446 116.38112 39.88818
1202409598 116.37965 39.88825
1202409822 116.37103 39.88795
1202409856 116.36992 39.888
1202409946 116.3628 39.88792
1202409950 116.36277 39.88792
1202410051 116.35405 39.88805
1202410351 116.32825 39.89597
1202410462 116.31532 39.89697
1202410510 116.31537 39.89882
1202410631 116.31123 39.90625
1202410863 116.31032 39.9223
1202410863 116.31032 39.9223
1202410882 116.3115 39.92247
1202410893 116.31312 39.92245
1202410973 116.29845 39.92288
1202411043 116.29523 39.92643
1202411099 116.2955 39.93047
1202411136 116.29595 39.93095
1202411344 116.30372 39.90778
1202411578 116.29498 39.91505
1202411766 116.29443 39.91537
1202411815 116.29293 39.9145
1202411938 116.29265 39.91402
1202411945 116.29272 39.91387
1202411975 116.29302 39.91205
1202412092 116.27777 39.91167
1202412192 116.27733 39.90672
1202412323 116.27735 39.89927
1202412377 116.27733 39.89632
1202412474 116.27577 39.89247
1202412516 116.2754 39.89405
1202412557 116.2754 39.89408
1202412620 116.27577 39.89188
1202412798 116.27737 39.90565
1202412864 116.27745 39.90753
1202412882 116.27743 39.90873
1202412884 116.27743 39.90875
1202412963 116.27743 39.91145
1202413084 116.2773 39.92152
1202413104 116.27702 39.92143
1202413121 116.27692 39.9214
1202413143 116.27743 39.92145
1202413151 116.27795 39.92162
1202413153 116.27807 39.92162
1202413248 116.26945 39.9187
1202413323 116.26642 39.91973
1202413350 116.26502 39.91972
1202413430 116.26852 39.91875
1202413430 116.26852 39.91875
1202413712 116.27808 39.92667
1202413725 116.27858 39.9266
1202413798 116.28053 39.9263
1202413816 116.28213 39.92607
1202413819 116.28222 39.92607
1202413925 116.13682 39.93098
1202413959 116.2951 39.93103
1202414026 116.3036 39.93102
1202414176 116.31365 39.92867
1202414180 116.31375 39.9287
1202414208 116.31388 39.9288
1202414245 116.31377 39.93087
1202414412 116.31348 39.93723
1202414569 116.31957 39.93758
1202414769 116.32955 39.9509
1202414850 116.32913 39.95607
1202415125 116.31888 39.96568
1202415263 116.31905 39.96563
1202415263 116.31905 39.96563
1202415279 116.32067 39.9658
1202416403 116.31267 39.9715
1202416706 116.30083 39.96927
1202416853 116.30643 39.97738
1202416893 116.30998 39.9774
1202417172 116.31087 39.97648
1202417186 116.31122 39.97527
1202417304 116.31497 39.96607
1202417310 116.31497 39.96607
1202417455 116.32307 39.96587
1202417473 116.323 39.96585
1202417861 116.31922 39.96608
1202417873 116.3178 39.96603
1202417992 116.3172 39.95577
1202417996 116.3172 39.95575
1202418040 116.31655 39.95223
1202418079 116.31663 39.95233
1202418127 116.31562 39.95218
1202418261 116.3168 39.95552
1202418419 116.31592 39.96433
1202418456 116.31553 39.9654
1202418547 116.32753 39.96605
1202418547 116.32753 39.96605
1202418827 116.32233 39.96607
1202418827 116.32233 39.96607
1202418833 116.32115 39.96603
1202419138 116.30403 39.92213
1202419440 116.30578 39.86892
1202419443 116.30577 39.86885
1202419676 116.27478 39.8694
1202419691 116.27478 39.86952
1202419771 116.27347 39.87153
1202419853 116.27317 39.8737
1202419853 116.27317 39.8737
1202419883 116.27232 39.8752
1202420183 116.27013 39.92347
1202420339 116.2479 39.92442
1202420402 116.2469 39.92817
1202420559 116.23688 39.94758
1202420629 116.24117 39.94548
1202420633 116.24117 39.94548
1202420689 116.24033 39.94217
1202420922 116.23 39.9329
1202420954 116.23003 39.93292
1202421123 116.24678 39.92868
1202421150 116.24708 39.92833
1202421188 116.2489 39.92825
1202421273 116.2581 39.92788
1202421478 116.27178 39.93142
1202421560 116.27857 39.93105
1202421563 116.27858 39.93105
1202421659 116.28927 39.93107
1202421726 116.29532 39.93112
1202421830 116.29817 39.93612
1202421875 116.29552 39.93635
1202421911 116.29557 39.93618
1202421948 116.29458 39.93608
1202422031 116.29877 39.9375
1202422290 116.30383 39.9495
1202422339 116.30345 39.95422
1202422344 116.30345 39.95422
1202422424 116.30328 39.95532
1202422460 116.30322 39.95275
1202422760 116.304 39.90627
1202422760 116.304 39.90627
1202423061 116.34603 39.90583
1202423166 116.35625 39.90577
1202423237 116.36755 39.9057
1202423527 116.39647 39.90635
1202423799 116.42053 39.90543
1202423823 116.42053 39.90452
1202423848 116.42055 39.90437
1202423943 116.4206 39.90387
1202424245 116.42868 39.92033
1202424372 116.42807 39.93477
1202424444 116.428 39.93612
1202424582 116.44387 39.9398
1202424674 116.449 39.93983
1202424753 116.44925 39.93448
1202424789 116.4492 39.93313
1202424789 116.4492 39.93313
1202424827 116.44902 39.93305
1202424836 116.44912 39.93272
1202424893 116.45032 39.93235
1202424896 116.45033 39.93235
1202425241 116.45498 39.8928
1202425282 116.45368 39.8924
1202425339 116.45205 39.89347
1202425358 116.45237 39.89418
1202425370 116.45215 39.8948
1202425370 116.45215 39.8948
1202425671 116.45577 39.92715
1202425761 116.46077 39.92393
1202425790 116.46078 39.92395
1202425847 116.4575 39.92215
1202425871 116.45592 39.92207
1202425918 116.44925 39.92208
1202425951 116.44715 39.92207
1202425951 116.44715 39.92207
1202426015 116.44455 39.92143
1202426137 116.44413 39.91658
1202426221 116.43815 39.91198
1202426337 116.43052 39.91033
1202426367 116.43045 39.90975
1202426397 116.43037 39.90962
1202426546 116.43728 39.91192
1202426632 116.44425 39.91625
1202426635 116.44427 39.91623
1202426698 116.44423 39.92113
1202426701 116.44423 39.92113
1202426858 116.44425 39.93177
1202426877 116.44422 39.93202
1202426887 116.44423 39.93203
1202427188 116.42453 39.93977
1202427212 116.4214 39.93968
1202427218 116.42117 39.93972
1202427273 116.41977 39.93963
1202427305 116.4223 39.9396
1202427606 116.43392 39.9507
1202427679 116.43868 39.95422
1202427727 116.43975 39.95532
1202427806 116.43622 39.95822
1202427809 116.4362 39.95823
1202427862 116.4404 39.9611
1202427979 116.44457 39.96517
1202427979 116.44457 39.96517
1202428467 116.38917 39.9479
1202428530 116.39643 39.94743
1202428560 116.39685 39.94747
1202428560 116.39685 39.94747
1202428658 116.40983 39.94772
1202428722 116.41887 39.94805
1202428727 116.41885 39.94807
1202429028 116.45708 39.96428
1202429212 116.47655 39.9829
1202429271 116.47747 39.98372
1202429288 116.47848 39.98465
1202429295 116.4794 39.98548
1202429299 116.47995 39.98597
1202429549 116.50697 40.01068
1202429653 116.51683 40.02335
1202429924 116.54048 40.05662
1202429975 116.54417 40.05908
1202430187 116.54887 40.06408
1202430489 116.55652 40.10768
1202430617 116.58163 40.11683
1202430813 116.61228 40.11567
1202431583 116.61227 40.1156
1202431883 116.61718 40.11635
1202431926 116.62272 40.11632
1202432101 116.66295 40.11505
1202432401 116.71752 40.12135
1202432533 116.74907 40.13275
1202432536 116.74907 40.13275
1202432840 116.76098 40.18073
1202433037 116.76432 40.1953
1202461686 116.76873 40.19853
1202461795 116.7643 40.19525
1202462098 116.76095 40.15822
1202462098 116.76095 40.15822
1202462698 116.673 40.11452
1202462726 116.66872 40.11452
1202462729 116.66875 40.11452
1202463031 116.60712 40.1166
1202463155 116.5831 40.117
1202463374 116.54928 40.1162
1202463374 116.54928 40.1162
1202463976 116.46213 40.08252
1202464203 116.43918 40.07745
1202464391 116.43625 40.07145
1202464493 116.43082 40.06715
1202464779 116.41578 40.06058
1202464801 116.41218 40.06038
1202464801 116.41218 40.06038
1202464810 116.41118 40.06032
1202464810 116.41118 40.06032
1202464876 116.40857 40.05663
1202464999 116.40595 40.04648
1202465002 116.40597 40.0465
1202465087 116.40688 40.04297
1202465960 116.41828 39.96778
1202465960 116.41828 39.96778
1202465971 116.41828 39.9678
1202466275 116.45555 39.94102
1202466581 116.45498 39.88255
1202466883 116.4099 39.85588
1202466988 116.40457 39.85297
1202467031 116.4045 39.8526
1202467166 116.4084 39.84465
1202467175 116.40842 39.84465
1202467315 116.41585 39.84468
1202467364 116.41555 39.84813
1202467612 116.4315 39.85728
1202467756 116.43617 39.85745
1202468144 116.43623 39.85752
1202468158 116.43788 39.85767
1202468158 116.43788 39.85767
1202468163 116.4387 39.85752
1202468468 116.45532 39.89377
1202468768 116.4839 39.91737
1202468937 116.49283 39.93392
1202468980 116.49552 39.93467
1202469199 116.51953 39.94025
1202469317 116.53623 39.94025
1202469412 116.54063 39.94055
1202469712 116.58048 39.93875
1202469731 116.58297 39.93865
1202469731 116.58297 39.93865
1202469835 116.58015 39.94473
1202470092 116.60225 39.94855
1202470160 116.60297 39.94892
1202470543 116.60265 39.94878
1202470551 116.60237 39.94867
1202470557 116.60225 39.94875
1202470558 116.60222 39.94878
1202470562 116.60198 39.94903
1202470862 116.57732 39.95618
1202471087 116.55123 39.96445
1202471259 116.544 39.95757
1202471263 116.54393 39.9576
1202471312 116.54392 39.95818
1202471559 116.53707 39.94033
1202471681 116.52438 39.94042
1202471728 116.5202 39.9404
1202471794 116.5122 39.93953
1202471846 116.5064 39.93795
1202471904 116.49995 39.93608
1202472206 116.48182 39.95685
1202472264 116.48525 39.95837
1202472322 116.48888 39.96152
1202472326 116.48888 39.96152
1202472502 116.48375 39.97083
1202472565 116.48383 39.97493
1202472607 116.4837 39.97878
1202472661 116.4837 39.98312
1202472709 116.48352 39.98425
1202472712 116.4835 39.98467
1202472727 116.48355 39.9862
1202473027 116.5361 40.02323
1202473227 116.5793 40.04692
1202473239 116.5794 40.04698
1202473245 116.57945 40.047
1202473462 116.5867 40.0776
1202473494 116.5867 40.0776
1202473653 116.58045 40.07645
1202473954 116.5635 40.06458
1202474020 116.56232 40.06998
1202474100 116.5666 40.07047
1202474107 116.56668 40.0706
1202474170 116.56677 40.072
1202476160 116.56627 40.072
1202476282 116.56252 40.06835
1202476532 116.5821 40.06565
1202476997 116.5821 40.06583
1202477038 116.58167 40.06875
1202478465 116.58153 40.06923
1202478482 116.58138 40.07003
1202479620 116.58123 40.0709
1202479628 116.58122 40.07115
1202480179 116.58093 40.07248
1202480179 116.58093 40.07248
1202480229 116.58085 40.0739
1202481076 116.58068 40.07367
1202481219 116.58153 40.07648
1202482411 116.58198 40.07498
1202482468 116.58335 40.07605
1202482820 116.58352 40.07622
1202482867 116.58583 40.07668
1202482902 116.58745 40.07728
1202483202 116.58728 40.07742
1202483574 116.58708 40.07918
1202483579 116.58703 40.0793
1202483632 116.58525 40.07967
1202483827 116.57942 40.04732
1202484129 116.50798 40.01055
1202484303 116.4809 39.9868
1202484423 116.48363 39.97915
1202484560 116.49338 39.9754
1202484650 116.49678 39.97258
1202484679 116.49703 39.97075
1202484825 116.51048 39.97307
1202484882 116.51432 39.97237
1202484924 116.5144 39.97238
1202484957 116.5136 39.9738
1202484957 116.5136 39.9738
1202484992 116.51193 39.9764
1202484995 116.51193 39.9764
1202485118 116.49753 39.97057
1202485161 116.4967 39.97065
1202485181 116.4954 39.97065
1202485242 116.48853 39.9707
1202485288 116.48398 39.97108
1202485321 116.48385 39.97488
1202485329 116.48383 39.97493
1202485376 116.48388 39.97873
1202485458 116.4837 39.9862
1202485462 116.48368 39.9862
1202485762 116.52678 40.01992
1202485979 116.57942 40.04687
1202485979 116.57942 40.04687
1202485984 116.57943 40.04688
1202486073 116.58608 40.05335
1202486205 116.58265 40.06917
1202486208 116.58265 40.06912
1202486308 116.58605 40.07673
1202486333 116.58743 40.07733
1202486787 116.5867 40.0775
1202487088 116.57812 40.0599
1202487178 116.56542 40.06103
1202487307 116.54992 40.06408
1202487314 116.54995 40.06407
1202487617 116.52428 40.03468
1202487815 116.4978 40.03248
1202487969 116.48845 40.02132
1202488009 116.4899 40.02135
1202488009 116.4899 40.02135
1202488110 116.5055 40.02265
1202488221 116.51657 40.0236
1202488226 116.51653 40.02358
1202488488 116.52703 40.03948
1202488614 116.53482 40.05313
1202488685 116.54047 40.05665
1202488985 116.52133 40.07407
1202488992 116.52127 40.07435
1202489022 116.5213 40.07438
1202489172 116.51262 40.07223
1202489409 116.49745 40.0938
1202489512 116.48898 40.09358
1202489530 116.48808 40.09357
1202489598 116.47672 40.09292
1202489904 116.44228 40.0805
1202489982 116.43432 40.07643
1202490107 116.42292 40.07812
1202490205 116.41527 40.0779
1202490208 116.41528 40.0779
1202490278 116.40827 40.07805
1202490375 116.40693 40.07517
1202490380 116.4069 40.07515
1202490387 116.40692 40.07518
1202490387 116.40692 40.07518
1202490507 116.4063 40.0695
1202490511 116.4063 40.06953
1202490514 116.4063 40.06948
1202490585 116.40665 40.0668
1202490777 116.42172 40.06388
1202490811 116.42177 40.06393
1202490847 116.42265 40.0652
1202490893 116.42388 40.06827
1202490953 116.42793 40.0716
1202491102 116.40762 40.07285
1202491153 116.40762 40.07278
1202491177 116.40702 40.07283
1202491298 116.40773 40.0778
1202491399 116.40653 40.0667
1202491648 116.40737 40.05697
1202491933 116.40863 40.03947
1202492036 116.4156 40.04
1202492101 116.41767 40.04
1202492104 116.41767 40.03998
1202492124 116.41907 40.04
1202492190 116.4162 40.03602
1202492279 116.41065 40.03627
