UTS Latitude Longitude
1201959383 116.46699 39.9253
1201959683 116.4669 39.92532
1201959983 116.46681 39.9252
1201960283 116.46687 39.92194
1201960479 116.47168 39.91475
1201960779 116.45503 39.91041
1201960888 116.45263 39.91129
1201961188 116.4442 39.9204
1201961488 116.44762 39.92572
1201961592 116.44981 39.92678
1201961788 116.45527 39.92204
1201962088 116.46691 39.92599
1201962388 116.47229 39.91438
1201962469 116.47165 39.91377
1201962769 116.47174 39.90793
1201962902 116.46471 39.90722
1201963202 116.45493 39.89302
1201963802 116.45446 39.88294
1201964102 116.45817 39.882
1201964402 116.45818 39.88201
1201964702 116.45817 39.882
1201965002 116.45818 39.88199
1201965302 116.45831 39.88191
1201965602 116.45817 39.88205
1201965902 116.45813 39.88195
1201966202 116.46262 39.88301
1201966501 116.48387 39.89091
1201966801 116.48483 39.93236
1201967101 116.48804 39.93268
1201967401 116.52049 39.9403
1201968001 116.54526 39.94841
1201968601 116.54527 39.94838
1201968901 116.54528 39.94838
1201969201 116.54528 39.94837
1201969201 116.54528 39.94837
1201969501 116.54529 39.94835
1201969801 116.54529 39.94834
1201970101 116.5453 39.94833
1201970401 116.5453 39.94831
1201970701 116.5453 39.94831
1201971001 116.5453 39.9483
1201971301 116.5453 39.9483
1201971601 116.5453 39.94829
1201972201 116.54531 39.94828
1201972501 116.54531 39.94828
1201972801 116.54534 39.94614
1201973101 116.54507 39.94678
1201973701 116.52611 39.94042
1201974001 116.51123 39.93068
1201974454 116.48999 39.92182
1201974754 116.48171 39.90675
1201975054 116.4368 39.8953
1201975288 116.44434 39.89083
1201975588 116.45458 39.89205
1201975888 116.46848 39.89204
1201976169 116.4556 39.89396
1201976469 116.45555 39.91564
1201976769 116.45574 39.9413
1201977069 116.46821 39.97435
1201977369 116.5219 40.01807
1201977669 116.57976 40.04742
1201977969 116.58667 40.07875
1201977972 116.58667 40.07875
1201978272 116.58326 40.07587
1201978572 116.58589 40.06838
1201978872 116.58625 40.07664
1201979172 116.5879 40.07738
1201979472 116.5857 40.06814
1201979772 116.58666 40.05398
1201980072 116.57087 40.03555
1201980372 116.54969 40.02664
1201980641 116.53142 40.02011
1201980941 116.54161 40.01222
1201981241 116.53938 40.01743
1201981443 116.53076 40.01986
1201981696 116.50799 40.00931
1201981996 116.50684 39.99193
1201982361 116.50204 39.98294
1201982596 116.49208 39.97908
1201982896 116.47848 39.98182
1201983172 116.46584 39.98317
1201983569 116.45669 39.99511
1201983740 116.44423 39.9946
1201984340 116.46689 39.98225
1201984548 116.4737 39.97524
1201984848 116.48164 39.9563
1201985148 116.48371 39.91588
1201985148 116.48371 39.91588
1201985405 116.47285 39.9095
1201985705 116.472 39.91101
1201986005 116.46842 39.91469
1201986342 116.45498 39.91817
1201986642 116.45484 39.90741
1201986942 116.45584 39.90688
1201987242 116.45323 39.90725
1201987542 116.45334 39.90734
1201987842 116.45165 39.9077
1201988142 116.44797 39.90708
1201988359 116.44613 39.90714
1201988659 116.44507 39.90718
1201988953 116.44436 39.91139
1201989253 116.44431 39.92498
1201989426 116.4383 39.92666
1201989708 116.44408 39.9272
1201990008 116.42808 39.93446
1201990308 116.40205 39.95065
1201990608 116.40127 39.96674
1201990908 116.40337 39.98042
1201991208 116.39885 39.98713
1201991900 116.34992 39.94684
1201992108 116.33026 39.93699
1201992108 116.33026 39.93699
1201992408 116.3177 39.93206
1201992434 116.31693 39.93146
1201992734 116.31782 39.93139
1201993034 116.31803 39.93117
1201993137 116.31815 39.93143
1201993437 116.30405 39.9188
1201993737 116.30409 39.90272
1201993868 116.33913 39.88829
1201994038 116.30409 39.88765
1201994338 116.30558 39.88395
1201994638 116.32042 39.88655
1201994844 116.32043 39.88124
1201995237 116.31522 39.88935
1201995537 116.32009 39.89209
1201995539 116.32026 39.89209
1201996519 116.34292 39.91721
1201996572 116.34557 39.91717
1201996872 116.36034 39.91271
1201997172 116.36991 39.90839
1201997214 116.36993 39.90844
1201998372 116.34749 39.98467
1201998972 116.35022 40.02138
1201999272 116.33602 40.0371
1201999572 116.32834 40.05659
1201999573 116.32834 40.05659
1201999872 116.32339 40.05416
1202000172 116.3273 40.03884
1202000298 116.33092 40.03382
1202000598 116.34247 40.02796
1202000898 116.36504 39.99845
1202001198 116.38824 39.97032
1202001798 116.39698 39.96703
1202002098 116.42687 39.96785
1202002398 116.45567 39.94745
1202002698 116.4682 39.94268
1202002812 116.46693 39.93398
1202003112 116.45449 39.95365
1202003175 116.45551 39.95402
1202003712 116.46031 39.9797
1202003712 116.46031 39.9797
1202004012 116.45171 39.99685
1202004021 116.4517 39.99772
1202004949 116.48872 39.97085
1202005249 116.48931 39.97055
1202006149 116.48921 39.97055
1202006449 116.48921 39.97056
1202006749 116.48921 39.97057
1202007049 116.48922 39.97058
1202007349 116.48922 39.97059
1202007470 116.48922 39.97059
1202007649 116.49412 39.9728
1202007949 116.49348 39.97076
1202008549 116.54134 39.95154
1202008849 116.54502 39.94732
1202009149 116.54521 39.94834
1202009449 116.54519 39.94839
1202009748 116.54532 39.94779
1202010048 116.54523 39.94812
1202010348 116.54524 39.94814
1202010648 116.54544 39.94861
1202010948 116.54543 39.9486
1202011248 116.54522 39.94813
1202011248 116.54522 39.94813
1202011548 116.54521 39.94818
1202011848 116.54521 39.94818
1202012148 116.5452 39.94816
1202012448 116.54516 39.94839
1202012748 116.54515 39.94839
1202013048 116.54515 39.94837
1202013348 116.54515 39.94837
1202013648 116.54516 39.94836
1202013948 116.54516 39.94835
1202014248 116.54544 39.94863
1202014548 116.54542 39.94861
1202014848 116.54542 39.94858
1202015148 116.54527 39.94831
1202015448 116.54525 39.94834
1202015748 116.54525 39.94831
1202016048 116.54526 39.94836
1202016348 116.54528 39.94839
1202016648 116.54528 39.94841
1202016948 116.54528 39.94842
1202017248 116.54527 39.94842
1202017548 116.54526 39.94841
1202017848 116.54526 39.94841
1202018148 116.54526 39.94842
1202018748 116.54518 39.9477
1202019048 116.54522 39.94819
1202019348 116.54516 39.94832
1202019648 116.54516 39.94822
1202019948 116.54507 39.94858
1202019948 116.54507 39.94858
1202020548 116.5452 39.94808
1202020848 116.54519 39.94811
1202021148 116.54518 39.94811
1202021448 116.54518 39.94812
1202021748 116.54507 39.94835
1202022048 116.5451 39.94833
1202022348 116.54512 39.94835
1202022948 116.54514 39.94829
1202023548 116.54516 39.94827
1202023848 116.54517 39.94828
1202024148 116.54517 39.94827
1202024448 116.54517 39.94828
1202025048 116.54517 39.94828
1202025348 116.54517 39.94828
1202025648 116.54517 39.94827
1202025948 116.54518 39.94828
1202026248 116.54518 39.94827
1202026548 116.54513 39.94845
1202027448 116.54518 39.94845
1202028048 116.54521 39.94796
1202028348 116.54522 39.94774
1202028648 116.54529 39.94775
1202028648 116.54529 39.94775
1202028948 116.54519 39.9481
1202029248 116.54533 39.94783
1202029548 116.54532 39.94786
1202030148 116.54532 39.94792
1202030448 116.54529 39.94822
1202030748 116.54525 39.94801
1202031048 116.54526 39.94797
1202031348 116.54526 39.94794
1202031648 116.54525 39.94801
1202031948 116.54526 39.94805
1202032248 116.54538 39.94785
1202032548 116.54536 39.94792
1202032847 116.54533 39.94797
1202033147 116.54511 39.94852
1202033447 116.54494 39.94868
1202033747 116.54504 39.94857
1202034047 116.54505 39.94856
1202034047 116.54505 39.94856
1202034347 116.54507 39.9485
1202034647 116.54509 39.94847
1202034947 116.54509 39.94844
1202035247 116.54134 39.94373
1202035547 116.51115 39.93823
1202036010 116.48729 39.93267
1202036310 116.46501 39.93248
1202036610 116.45333 39.93152
1202036637 116.4535 39.93144
1202036910 116.4501 39.9273
1202037210 116.43584 39.92577
1202037360 116.4318 39.92324
1202038260 116.44872 39.92557
1202038560 116.45006 39.93243
1202038860 116.46075 39.92854
1202039160 116.46684 39.92228
1202039230 116.4676 39.92165
1202039530 116.47721 39.91927
1202039691 116.47846 39.91817
1202039991 116.47346 39.91446
1202040591 116.46276 39.9071
1202040891 116.45728 39.9072
1202041419 116.45235 39.89578
1202041719 116.45563 39.90984
1202042019 116.45555 39.92974
1202042300 116.46541 39.94367
1202042570 116.46854 39.93765
1202042570 116.46854 39.93765
1202042870 116.46043 39.95844
1202043170 116.46531 39.9744
1202043428 116.47374 39.98747
1202043728 116.48022 39.98868
1202043728 116.48022 39.98868
1202044028 116.48133 39.98801
1202044328 116.47934 39.97629
1202044628 116.46812 39.96634
1202044928 116.46196 39.9529
1202045228 116.46802 39.9434
1202045528 116.46676 39.92872
1202045828 116.46695 39.92435
1202046128 116.46659 39.92363
1202046428 116.46698 39.92411
1202046728 116.46708 39.92416
1202047028 116.46704 39.92429
1202047328 116.467 39.92432
1202047628 116.47174 39.91502
1202047628 116.47174 39.91502
1202047928 116.47127 39.90714
1202048228 116.4547 39.90304
1202048528 116.45494 39.88546
1202048828 116.46167 39.87829
1202049061 116.45591 39.87004
1202049361 116.43825 39.8721
1202049661 116.4217 39.89939
1202049872 116.41826 39.90333
1202050172 116.42791 39.90697
1202050472 116.4394 39.90582
1202050772 116.45464 39.90427
1202051072 116.45988 39.90695
1202051372 116.47253 39.90839
1202052262 116.49415 39.93438
1202052562 116.5235 39.94018
1202052862 116.56076 39.94004
1202053162 116.58527 39.92714
1202053262 116.58498 39.92994
1202053562 116.57393 39.93905
1202053862 116.54176 39.94054
1202054462 116.53685 39.94209
1202054462 116.53685 39.94209
1202054762 116.54437 39.94566
1202055062 116.54552 39.94636
1202055362 116.54558 39.94604
1202055662 116.54525 39.94649
1202056262 116.54555 39.94628
1202056862 116.54546 39.94661
1202057162 116.54543 39.94662
1202057462 116.54556 39.9464
1202057762 116.5455 39.94657
1202058061 116.54131 39.95733
1202058285 116.53931 39.96298
1202058585 116.51126 39.95827
1202058885 116.4835 39.95316
1202059185 116.46727 39.95179
1202059484 116.45718 39.94933
1202059785 116.44596 39.95623
1202059989 116.43913 39.95459
1202060289 116.43789 39.94572
1202060443 116.43895 39.94224
1202060743 116.43923 39.92573
1202060995 116.44109 39.92176
1202061172 116.44391 39.91976
1202061472 116.43179 39.91425
1202061544 116.42934 39.91424
1202061844 116.4348 39.9208
1202062144 116.44343 39.9215
1202062444 116.4446 39.92559
1202062744 116.43733 39.92559
1202062792 116.43764 39.92806
1202063092 116.42903 39.93208
1202063392 116.40844 39.93209
1202063691 116.39811 39.93212
1202063943 116.38991 39.93613
1202064118 116.38976 39.93835
1202064418 116.3948 39.93941
1202064718 116.39799 39.93946
1202065018 116.40164 39.93941
1202065232 116.40221 39.94297
1202065328 116.40209 39.94697
1202065628 116.38634 39.94827
1202065928 116.37334 39.95876
1202066228 116.37295 39.98657
1202066528 116.34723 39.98567
1202066828 116.2993 39.98627
1202067065 116.29486 39.99529
1202067365 116.29906 39.98608
1202067409 116.29913 39.98624
1202067709 116.30997 39.98474
1202068009 116.32266 39.98739
1202068309 116.32304 39.98723
1202068609 116.31137 39.9845
1202068908 116.30916 40.00339
1202069208 116.3106 40.01628
1202069508 116.30989 40.0339
1202069808 116.32279 40.03927
1202070108 116.31927 40.05097
1202070408 116.31483 40.06569
1202070408 116.31483 40.06569
1202070708 116.33659 40.06694
1202070922 116.34576 40.06625
1202071222 116.34087 40.06025
1202071522 116.34088 40.06027
1202071822 116.3311 40.05728
1202072122 116.33672 40.0355
1202072422 116.35303 40.02138
1202072722 116.4098 40.02089
1202073022 116.48343 40.00859
1202073022 116.48343 40.00859
1202073322 116.52188 39.96057
1202073622 116.5247 39.96037
1202073922 116.5247 39.96037
1202074222 116.52469 39.96037
1202074522 116.52469 39.96037
1202074822 116.52468 39.96037
1202075122 116.52467 39.96037
1202075422 116.52467 39.96037
1202075722 116.52466 39.96037
1202076022 116.52467 39.96037
1202076322 116.52467 39.96037
1202076622 116.52467 39.96037
1202076922 116.53027 39.95952
1202077222 116.53031 39.95955
1202077822 116.53033 39.95959
1202078122 116.53034 39.9596
1202078422 116.53035 39.95961
1202078722 116.53035 39.95963
1202079022 116.53036 39.95964
1202079322 116.53036 39.95965
1202079622 116.53036 39.95965
1202079922 116.53025 39.95958
1202080222 116.53025 39.95956
1202080274 116.30415 39.89357
1202080523 116.53034 39.95966
1202080823 116.53032 39.95968
1202081123 116.53032 39.95969
1202081422 116.53031 39.95971
1202081722 116.53033 39.9597
1202081722 116.53033 39.9597
1202082022 116.53033 39.95969
1202082322 116.53064 39.95949
1202082621 116.53038 39.95971
1202082921 116.53029 39.95977
1202083221 116.53027 39.95958
1202083521 116.53026 39.95959
1202083821 116.53043 39.95951
1202084121 116.53047 39.95968
1202084421 116.53043 39.95968
1202084721 116.53037 39.95959
1202085021 116.53037 39.95965
1202085321 116.53038 39.95966
1202085621 116.53038 39.95965
1202086221 116.53037 39.95965
1202086521 116.53037 39.95966
1202086821 116.53035 39.9596
1202087121 116.53028 39.95948
1202087421 116.53029 39.95953
1202087721 116.5303 39.95957
1202088021 116.53031 39.95958
1202088321 116.53032 39.95952
1202088621 116.53046 39.9596
1202088921 116.53046 39.95966
1202089221 116.53045 39.95967
1202089521 116.53043 39.95966
1202089821 116.53042 39.95967
1202090121 116.53027 39.95936
1202090421 116.53037 39.95986
1202090421 116.53037 39.95986
1202091021 116.53013 39.95964
1202091621 116.53022 39.95969
1202091921 116.53413 39.95124
1202092221 116.54205 39.9438
1202092521 116.54555 39.94659
1202092821 116.54561 39.94661
1202093121 116.54553 39.94664
1202093421 116.54553 39.94666
1202093721 116.54553 39.94663
1202094021 116.54561 39.94663
1202094321 116.54559 39.94661
1202094621 116.54558 39.94659
1202094921 116.54555 39.94658
1202095221 116.54554 39.94658
1202095521 116.54553 39.94659
1202095821 116.54552 39.94659
1202096121 116.5455 39.94655
1202096421 116.54546 39.94659
1202096721 116.54546 39.9466
1202097021 116.5455 39.94656
1202097321 116.54551 39.94655
1202097621 116.54551 39.94655
1202098221 116.5455 39.94656
1202098521 116.54574 39.94603
1202098821 116.54547 39.94666
1202099121 116.54547 39.94663
1202099121 116.54547 39.94663
1202099421 116.54549 39.94656
1202099721 116.5455 39.94657
1202100021 116.5455 39.94658
1202100321 116.54551 39.94659
1202100621 116.54552 39.9466
1202100921 116.54553 39.94659
1202101221 116.54553 39.94659
1202101521 116.54554 39.94659
1202102121 116.54554 39.9466
1202102421 116.54555 39.94661
1202102721 116.54556 39.94659
1202103021 116.54555 39.94661
1202103321 116.54552 39.94661
1202103621 116.54551 39.94661
1202103921 116.54549 39.94661
1202104221 116.54548 39.94663
1202104521 116.54532 39.94667
1202104821 116.54539 39.94667
1202105120 116.54539 39.94665
1202105420 116.54539 39.94663
1202105720 116.54539 39.94662
1202106020 116.54543 39.94658
1202106320 116.54549 39.94655
1202106620 116.5455 39.94652
1202106920 116.54552 39.94649
1202107220 116.54553 39.94649
1202107520 116.54554 39.94649
1202107820 116.54554 39.94649
1202107820 116.54554 39.94649
1202108120 116.54554 39.9465
1202108420 116.54554 39.94651
1202108720 116.54553 39.94652
1202109020 116.54553 39.94653
1202109320 116.54553 39.94654
1202109620 116.54552 39.94654
1202109920 116.54552 39.94653
1202110220 116.54552 39.94653
1202110820 116.54552 39.94653
1202111120 116.54491 39.94704
1202111420 116.54523 39.94669
1202111720 116.54534 39.94664
1202112020 116.54535 39.94662
1202112320 116.54534 39.94662
1202112620 116.54538 39.9466
1202112920 116.54539 39.9466
1202113220 116.54539 39.94661
1202113520 116.54539 39.94661
1202113820 116.54541 39.94659
1202114420 116.54546 39.94652
1202114720 116.54548 39.94653
1202115020 116.54549 39.94654
1202115320 116.5455 39.94655
1202115620 116.5455 39.94654
1202115920 116.54549 39.94655
1202116220 116.54549 39.94655
1202116520 116.5412 39.94084
1202116520 116.5412 39.94084
1202116820 116.51191 39.9394
1202117120 116.5057 39.92199
1202117121 116.50558 39.92199
1202117421 116.48281 39.92146
1202117721 116.48365 39.95121
1202118021 116.43501 39.98677
1202118321 116.38436 39.98657
1202118621 116.34745 39.97995
1202118744 116.34748 39.97829
1202118928 116.35489 39.98026
1202119228 116.36673 39.98227
1202119635 116.37464 39.97675
1202119945 116.38185 39.97563
1202120235 116.38999 39.967
1202120289 116.39231 39.96758
1202120289 116.39231 39.96758
1202120589 116.41104 39.96751
1202120889 116.41914 39.95578
1202120909 116.41919 39.95492
1202121209 116.41904 39.94945
1202121339 116.41828 39.94864
1202121639 116.42729 39.94159
1202121939 116.4286 39.91386
1202122239 116.42144 39.89925
1202122539 116.42466 39.88759
1202122560 116.42466 39.88759
1202122860 116.42427 39.8959
1202123160 116.43018 39.90343
1202123760 116.4338 39.90457
1202124060 116.43618 39.90507
1202124060 116.43618 39.90507
1202124360 116.43777 39.90668
1202124552 116.43775 39.90673
1202124852 116.43981 39.91779
1202125152 116.43914 39.92797
1202125194 116.43912 39.92815
1202125494 116.43736 39.93096
1202125794 116.43735 39.93097
1202125794 116.43735 39.93097
1202126094 116.43736 39.93096
1202126394 116.43734 39.93098
1202126694 116.43734 39.93098
1202126994 116.43733 39.93097
1202127294 116.43732 39.93096
1202127594 116.43732 39.93095
1202127893 116.43732 39.93094
1202128193 116.43732 39.93094
1202128493 116.43732 39.93093
1202128793 116.43734 39.9309
1202129093 116.43733 39.93089
1202129393 116.43733 39.93088
1202129693 116.43723 39.93087
1202129993 116.43728 39.93063
1202130293 116.43716 39.93091
1202130593 116.43705 39.9308
1202130893 116.43709 39.93082
1202131193 116.43722 39.93092
1202131493 116.43725 39.93092
1202131793 116.4373 39.93089
1202132093 116.4373 39.93089
1202132393 116.43728 39.9309
1202132693 116.4371 39.93076
1202132993 116.43729 39.93088
1202133293 116.43742 39.92569
1202133593 116.44394 39.92286
1202133686 116.44165 39.92204
1202133986 116.43596 39.93241
1202134177 116.4303 39.93773
1202134286 116.43477 39.93965
1202134586 116.42732 39.94333
1202134886 116.38924 39.94998
1202135182 116.38407 39.96172
1202135482 116.38379 39.96158
1202135782 116.3837 39.96147
1202136082 116.38374 39.96149
1202136204 116.38546 39.96168
1202136382 116.38816 39.94773
1202136527 116.38763 39.94718
1202136527 116.38763 39.94718
1202136827 116.37399 39.96497
1202137010 116.37667 39.97322
1202137310 116.38794 39.96936
1202137610 116.38798 39.9694
1202137966 116.36479 39.95726
1202138106 116.36524 39.95132
1202138406 116.37671 39.94542
1202138540 116.38748 39.93938
1202138839 116.40176 39.94729
1202139412 116.43707 39.95758
1202139412 116.43707 39.95758
1202139412 116.43707 39.95758
1202139712 116.44301 39.95832
1202139913 116.45186 39.95169
1202140213 116.44555 39.94886
1202140563 116.43343 39.95509
1202140782 116.43198 39.96093
1202141082 116.44323 39.95956
1202141332 116.45597 39.95482
1202141632 116.46017 39.95774
1202141932 116.48061 39.97317
1202142076 116.48398 39.97358
1202142376 116.49339 39.97501
1202142676 116.49349 39.97079
1202142985 116.49621 39.97055
1202143276 116.49621 39.97054
1202143876 116.53873 39.97008
1202144208 116.5412 39.94338
1202144495 116.55706 39.94017
1202144795 116.54514 39.94829
1202145095 116.54525 39.94836
1202145395 116.54534 39.94848
1202145695 116.54531 39.94847
1202145995 116.54531 39.94845
1202146295 116.5453 39.94844
1202146595 116.54475 39.94673
1202146895 116.54477 39.94671
1202147195 116.51987 39.94036
1202147495 116.51126 39.92262
1202147729 116.51231 39.91597
1202148029 116.50857 39.90686
1202159426 116.51955 39.9201
1202159726 116.51954 39.9201
1202159726 116.51954 39.9201
1202160026 116.51953 39.92011
1202160326 116.51953 39.92011
1202160926 116.51953 39.92011
1202161226 116.51953 39.92011
1202161825 116.51952 39.92011
1202162425 116.51953 39.92011
1202162725 116.51953 39.92011
1202163325 116.51959 39.92006
1202163625 116.52604 39.94025
1202163925 116.54491 39.94686
1202164225 116.5449 39.94687
1202164525 116.54525 39.94849
1202164825 116.54547 39.9486
1202165425 116.54531 39.94856
1202165725 116.54527 39.94852
1202166025 116.54531 39.94854
1202166257 116.51952 39.92007
1202166326 116.54528 39.94852
1202166626 116.54525 39.94853
1202166925 116.54523 39.94852
1202167225 116.54523 39.94851
1202167525 116.54523 39.94851
1202167825 116.54523 39.94851
1202168425 116.54523 39.9485
1202168425 116.54523 39.9485
1202168725 116.54523 39.9485
1202169025 116.54484 39.94688
1202169325 116.53739 39.92852
1202169925 116.53951 39.92221
1202170225 116.5395 39.9222
1202170525 116.5395 39.92219
1202170825 116.53949 39.92218
1202171125 116.53949 39.92217
1202171425 116.53949 39.92217
1202171725 116.53948 39.92216
1202172025 116.53948 39.92216
1202172325 116.53947 39.92215
1202172625 116.53947 39.92215
1202172925 116.53946 39.92215
1202173225 116.53946 39.92215
1202173525 116.53946 39.92214
1202173825 116.53946 39.92213
1202174125 116.53945 39.92214
1202174425 116.53945 39.92214
1202174725 116.53945 39.92214
1202175025 116.53945 39.92214
1202175325 116.53945 39.92214
1202175625 116.53945 39.92214
1202175925 116.53949 39.92218
1202176225 116.53949 39.92213
1202176525 116.53949 39.92217
1202176825 116.5395 39.92218
1202177125 116.5395 39.92218
1202178625 116.53949 39.92217
1202178925 116.53949 39.92217
1202179525 116.53949 39.92218
1202179825 116.53949 39.92218
1202180125 116.5395 39.92219
1202180425 116.5395 39.92219
1202180725 116.5395 39.92219
1202181025 116.5395 39.92219
1202181325 116.5395 39.92219
1202181625 116.5395 39.92219
1202181925 116.53949 39.92219
1202182225 116.53949 39.92219
1202182825 116.53949 39.92218
1202183424 116.53949 39.92219
1202183724 116.53949 39.92219
1202184024 116.53949 39.92219
1202184324 116.53949 39.92219
1202184624 116.53948 39.92219
1202184924 116.53948 39.92219
1202185224 116.52237 39.92083
1202185524 116.51957 39.9202
1202185824 116.52026 39.91592
1202185824 116.52026 39.91592
1202186124 116.53777 39.91893
1202186424 116.53716 39.94225
1202186724 116.54565 39.9467
1202187324 116.54541 39.94645
1202187624 116.54549 39.94642
1202187924 116.54483 39.94613
1202188224 116.54535 39.9464
1202188524 116.54548 39.94657
1202188824 116.54545 39.94656
1202189124 116.54545 39.94644
1202189424 116.54508 39.94661
1202189724 116.53298 39.95497
1202190024 116.54534 39.94655
1202190324 116.54534 39.94655
1202190624 116.54534 39.94654
1202190924 116.54534 39.94653
1202191224 116.54536 39.94636
1202191524 116.54538 39.94646
1202191824 116.54553 39.9464
1202192124 116.54549 39.94639
1202192424 116.54546 39.94632
1202192724 116.54517 39.94642
1202193324 116.54536 39.94643
1202193624 116.54459 39.94609
1202193924 116.54537 39.94644
1202194224 116.54541 39.94644
1202194524 116.54541 39.94644
1202194524 116.54541 39.94644
1202194824 116.54541 39.94645
1202195124 116.5454 39.94646
1202195424 116.54516 39.94632
1202195724 116.54516 39.94637
1202196024 116.54511 39.94642
1202196324 116.54535 39.94649
1202196624 116.54543 39.94649
1202196924 116.54545 39.94648
1202197224 116.54547 39.94645
1202197524 116.54533 39.94648
1202198124 116.5452 39.9465
1202198424 116.54529 39.94658
1202199024 116.5453 39.94643
1202199624 116.5453 39.94645
1202199924 116.54531 39.94645
1202200224 116.54534 39.94645
1202200524 116.54535 39.94644
1202200824 116.54539 39.94645
1202201124 116.54536 39.94644
1202201424 116.54529 39.9471
1202201724 116.52384 39.93991
1202202024 116.52018 39.92462
1202202324 116.52018 39.92462
1202202781 116.51277 39.92201
1202203081 116.47909 39.92178
1202203381 116.46664 39.92936
1202203406 116.46531 39.92922
1202203706 116.45592 39.93446
1202204006 116.45596 39.9431
1202204306 116.46286 39.94374
1202204606 116.46298 39.94354
1202204906 116.45523 39.94281
1202205399 116.42702 39.92815
1202205699 116.43421 39.92649
1202205870 116.43385 39.92563
1202206170 116.42845 39.91668
1202206411 116.41382 39.90839
1202206711 116.41339 39.90841
1202206711 116.41339 39.90841
1202207011 116.42076 39.9155
1202207114 116.42023 39.92078
1202207414 116.4284 39.92881
1202207570 116.42782 39.9414
1202207870 116.4274 39.9581
1202207870 116.4274 39.9581
1202208096 116.43979 39.95576
1202208396 116.45797 39.95677
1202208564 116.46052 39.95807
1202208864 116.46344 39.9509
1202209164 116.46389 39.93255
1202209207 116.46105 39.93269
1202209507 116.45333 39.93146
1202209511 116.45325 39.93154
1202209811 116.45527 39.92727
1202210111 116.45467 39.92598
1202210411 116.45534 39.92743
1202210711 116.45567 39.92739
1202211011 116.45509 39.92792
1202211311 116.45521 39.92813
1202211611 116.4551 39.92765
1202211911 116.45522 39.92772
1202212211 116.45548 39.92736
1202212259 116.45533 39.92633
1202212559 116.45512 39.91898
1202212669 116.4552 39.91251
1202212969 116.44434 39.92116
1202213492 116.45876 39.91679
1202213792 116.45472 39.90718
1202214092 116.43962 39.907
1202214294 116.42441 39.90764
1202214594 116.42462 39.90991
1202214894 116.43064 39.91186
1202214961 116.43484 39.91103
1202215261 116.4142 39.90706
1202215510 116.41162 39.91285
1202215810 116.42012 39.92097
1202216110 116.42562 39.93331
1202216410 116.43749 39.92605
1202216676 116.44622 39.92559
1202216976 116.45465 39.92188
1202217276 116.45551 39.91326
1202217507 116.46771 39.90929
1202217807 116.46895 39.90725
1202218107 116.45346 39.9134
1202218407 116.44516 39.91817
1202218707 116.4448 39.9184
1202218964 116.44431 39.91957
1202219264 116.45544 39.90411
1202219564 116.45471 39.88375
1202219864 116.44969 39.87788
1202219912 116.4497 39.87788
1202220164 116.44993 39.88142
1202220464 116.4554 39.90124
1202220764 116.45567 39.94957
1202220888 116.45778 39.96512
1202221064 116.48777 39.99201
1202221364 116.55828 40.0312
1202221664 116.58284 40.06531
1202221840 116.5866 40.07866
1202222141 116.58254 40.07409
1202222440 116.58565 40.06827
1202222740 116.5858 40.06842
1202222767 116.5859 40.06746
1202223067 116.5888 40.04914
1202223367 116.59197 40.04391
1202223386 116.59199 40.0439
1202223685 116.58598 40.04765
1202223985 116.56644 40.0328
1202224285 116.53538 40.02172
1202224585 116.50633 40.00801
1202224604 116.50452 40.00637
1202224885 116.50874 39.99975
1202225185 116.49587 39.97929
1202225485 116.48909 39.97068
1202225785 116.48909 39.97068
1202226085 116.48909 39.97067
1202226385 116.48908 39.97067
1202226685 116.47461 39.96996
1202226985 116.47134 39.9531
1202227285 116.46305 39.94324
1202227585 116.44931 39.94259
1202227585 116.44931 39.94259
1202227885 116.45019 39.93151
1202228185 116.44641 39.93274
1202228201 116.4458 39.9326
1202228501 116.44436 39.94592
1202228624 116.44989 39.94676
1202228801 116.45533 39.93927
1202229101 116.45551 39.91513
1202229401 116.47152 39.90303
1202229450 116.47155 39.90235
1202229750 116.45582 39.90389
1202229759 116.45586 39.90437
1202230059 116.4442 39.90709
1202230359 116.42889 39.90836
1202230517 116.42304 39.90399
1202230659 116.42998 39.90702
1202230959 116.42802 39.92784
1202231259 116.42727 39.93589
1202231559 116.42614 39.94866
1202231859 116.40794 39.94791
1202232070 116.37448 39.94761
1202232370 116.37001 39.94758
1202232670 116.36796 39.94751
1202232970 116.40069 39.94764
1202233270 116.45183 39.95951
1202233570 116.48449 39.98898
1202233870 116.52504 39.95366
1202234170 116.53712 39.94219
1202235070 116.54479 39.94671
1202235370 116.54479 39.94671
1202235670 116.5448 39.94671
1202235970 116.52835 39.93805
1202236270 116.52833 39.93804
1202236570 116.54023 39.94053
1202236870 116.54519 39.94838
1202236870 116.54519 39.94838
1202237170 116.54518 39.94837
1202237470 116.54518 39.94835
1202237770 116.54518 39.94834
1202238070 116.54518 39.94834
1202238370 116.54517 39.94834
1202238970 116.54517 39.94834
1202239270 116.54477 39.94686
1202239570 116.54478 39.94683
1202239870 116.53288 39.9404
1202240170 116.51117 39.92869
1202240470 116.51207 39.91828
1202240770 116.48782 39.91439
1202241070 116.47202 39.92107
1202241297 116.46081 39.92333
1202241597 116.45453 39.93081
1202241671 116.45403 39.93147
1202241971 116.45149 39.93133
1202242218 116.45179 39.93201
1202242518 116.45342 39.95317
1202242818 116.40226 39.96752
1202243418 116.3276 39.98505
1202243686 116.31895 39.99263
1202243986 116.30998 39.98483
1202244286 116.31032 39.98203
1202244586 116.31501 39.9659
1202244886 116.32942 39.95314
1202245029 116.33632 39.94537
1202245329 116.35119 39.93905
1202245407 116.35472 39.93686
1202245707 116.36633 39.9404
1202246007 116.37277 39.93983
1202246154 116.37376 39.93201
1202246454 116.35047 39.93101
1202246752 116.34511 39.9253
1202247352 116.36736 39.91653
1202247462 116.36597 39.91316
1202247762 116.35047 39.9135
1202247899 116.34665 39.91711
1202248199 116.34797 39.91248
1202248499 116.35916 39.91257
1202248696 116.3677 39.90982
1202248996 116.3512 39.90595
1202248996 116.3512 39.90595
1202249296 116.3426 39.88398
1202249596 116.33953 39.83492
1202249896 116.33614 39.79774
1202250010 116.33118 39.79782
1202250196 116.33328 39.8008
1202250496 116.33954 39.82466
1202250496 116.33954 39.82466
1202250796 116.33943 39.86683
1202251084 116.32823 39.88337
1202251384 116.34222 39.88815
1202251684 116.36788 39.88789
1202251984 116.36812 39.90545
1202252098 116.36785 39.90961
1202252398 116.38352 39.92088
1202252668 116.5453 39.9484
1202252699 116.39754 39.92511
1202252767 116.39748 39.92562
1202253067 116.37573 39.91868
1202253177 116.3724 39.91321
1202253477 116.3513 39.91269
1202253715 116.34274 39.90552
1202254015 116.36994 39.90554
1202254159 116.36796 39.90869
1202254459 116.36692 39.93054
1202254759 116.34905 39.93952
1202255059 116.30181 39.94206
1202255359 116.29559 39.94403
1202255836 116.31919 39.93731
1202256136 116.34457 39.93841
1202256327 116.35752 39.93912
1202256627 116.35886 39.92276
1202256927 116.36262 39.91292
1202257227 116.36785 39.89909
1202257527 116.34268 39.89626
1202257644 116.33871 39.89109
1202258053 116.35268 39.9001
1202258353 116.36996 39.90445
1202258674 116.35754 39.91279
1202258974 116.33556 39.90908
1202259009 116.33556 39.90908
1202259309 116.3392 39.91257
1202259609 116.36319 39.91043
1202259716 116.36745 39.91288
1202260016 116.35268 39.89795
1202260192 116.33415 39.89646
1202260316 116.32482 39.89562
1202260616 116.36924 39.89834
1202261216 116.42998 39.90703
1202261516 116.43449 39.92524
1202261611 116.43748 39.92721
1202261911 116.45036 39.92703
1202261941 116.44917 39.92706
1202262241 116.43751 39.93536
1202262495 116.41618 39.93964
1202262795 116.43741 39.93249
1202262796 116.43736 39.93245
1202263096 116.42386 39.9077
1202263396 116.37572 39.90593
1202263969 116.36534 39.8819
1202264269 116.37 39.88774
1202264869 116.43863 39.89099
1202265169 116.44423 39.91154
1202265469 116.45014 39.92683
1202265769 116.45264 39.92776
1202266069 116.4527 39.92773
1202266369 116.45249 39.92739
1202266669 116.45543 39.9222
1202266969 116.47076 39.93228
1202267269 116.48795 39.93243
1202267569 116.49909 39.93556
1202268169 116.54529 39.94639
1202268469 116.5453 39.94637
1202268769 116.54546 39.94632
1202268769 116.54546 39.94632
1202269069 116.54544 39.94636
1202269369 116.54544 39.94637
1202269669 116.54542 39.94637
1202270569 116.5454 39.94637
1202270869 116.5453 39.94632
1202271169 116.54593 39.9464
1202271469 116.54596 39.94638
1202271769 116.54559 39.94643
1202272068 116.54525 39.9464
1202272368 116.54545 39.94631
1202272668 116.54556 39.94632
1202272968 116.54544 39.94637
1202273268 116.5454 39.94633
1202273568 116.5454 39.94633
1202273868 116.54551 39.94637
1202274468 116.54523 39.94642
1202274768 116.54507 39.94643
1202275068 116.54567 39.94621
1202275368 116.54529 39.94651
1202275668 116.54531 39.94653
1202275968 116.54534 39.94654
1202276268 116.54472 39.9467
1202276568 116.54623 39.94607
1202276868 116.55115 39.94785
1202277168 116.54479 39.94655
1202277468 116.54533 39.94634
1202277468 116.54533 39.94634
1202277768 116.54533 39.94635
1202278068 116.54536 39.94636
1202278368 116.54517 39.94639
1202278668 116.54614 39.94584
1202278968 116.54582 39.94611
1202279268 116.5452 39.94651
1202279568 116.54442 39.94708
1202279868 116.54502 39.94668
1202280168 116.54521 39.9464
1202280468 116.54528 39.94642
1202280768 116.54583 39.94595
1202281068 116.54555 39.94669
1202281368 116.5453 39.94643
1202281668 116.54522 39.94682
1202281968 116.54545 39.94654
1202282268 116.54544 39.94655
1202282568 116.54544 39.94656
1202282868 116.5454 39.94658
1202283168 116.54541 39.94658
1202283468 116.54531 39.94668
1202283768 116.54516 39.94686
1202284068 116.54553 39.94648
1202284368 116.54531 39.94659
1202284668 116.54556 39.94634
1202284968 116.54549 39.94644
1202285268 116.54543 39.94649
1202285568 116.5454 39.94656
1202285868 116.5454 39.94656
1202286168 116.5454 39.94653
1202286168 116.5454 39.94653
1202286468 116.54538 39.94652
1202286768 116.54542 39.94649
1202287068 116.54544 39.94646
1202287368 116.54545 39.94645
1202287668 116.54546 39.94645
1202287968 116.54548 39.94643
1202288268 116.54568 39.9463
1202288568 116.54564 39.94631
1202288868 116.54479 39.94669
1202289168 116.51663 39.94036
1202289468 116.50755 39.92221
1202289768 116.47859 39.92416
1202290160 116.45607 39.92199
1202290460 116.45502 39.88417
1202290760 116.40865 39.8558
1202291344 116.40759 39.85547
1202291644 116.42595 39.85743
1202292244 116.44346 39.88034
1202292452 116.43502 39.89265
1202292752 116.43015 39.90396
1202293052 116.43979 39.9218
1202293108 116.4423 39.92236
1202293352 116.43783 39.92571
1202293652 116.44384 39.93239
1202293952 116.46116 39.93227
1202294062 116.46525 39.92787
1202294362 116.45544 39.92976
1202294662 116.45246 39.92777
1202294962 116.45238 39.92701
1202295262 116.45281 39.92792
1202295862 116.45252 39.92772
1202296162 116.43803 39.93231
1202296442 116.44787 39.93978
1202297042 116.47633 39.98353
1202297342 116.46174 40.00063
1202297626 116.46119 40.01916
1202297908 116.46111 40.01124
1202298208 116.45519 39.99591
1202298354 116.44215 39.99394
1202298579 116.42256 39.98786
1202298879 116.41124 39.98441
1202298903 116.41211 39.9844
1202299534 116.41831 39.97831
1202299834 116.43147 39.98433
1202299907 116.43269 39.98434
1202300134 116.41835 39.98217
1202300362 116.41848 39.96996
1202300662 116.42942 39.96669
1202300722 116.4299 39.9623
1202301022 116.42505 39.96374
1202301052 116.42514 39.9639
1202301352 116.43329 39.95997
1202301652 116.43386 39.95061
1202301692 116.43399 39.94944
1202301992 116.43372 39.93992
1202302292 116.4206 39.93235
1202302592 116.39015 39.92835
1202302776 116.39428 39.92391
1202302905 116.39345 39.92294
1202303205 116.41158 39.91645
1202303505 116.41214 39.90062
1202303648 116.42183 39.8992
1202303805 116.42715 39.89954
1202304105 116.40214 39.89933
1202304405 116.37118 39.90578
1202304695 116.34668 39.9068
1202304995 116.35023 39.91231
1202305295 116.36002 39.92485
1202305595 116.36643 39.94037
1202305595 116.36643 39.94037
1202305895 116.36999 39.94732
1202306195 116.38777 39.94368
1202306238 116.38773 39.94623
1202306495 116.41289 39.94782
1202306795 116.43002 39.93975
1202307095 116.43752 39.92953
1202307695 116.47148 39.92963
1202307995 116.474 39.92663
1202308295 116.47422 39.92704
1202308595 116.47419 39.92701
1202309195 116.459 39.92768
1202309495 116.45593 39.94023
1202309795 116.46245 39.94689
1202310095 116.46253 39.94646
1202310395 116.46279 39.94672
1202310687 116.46239 39.94687
1202310987 116.45374 39.93244
1202311287 116.44424 39.93952
1202311416 116.43313 39.93954
1202311716 116.44558 39.94644
1202312016 116.44967 39.93294
1202312524 116.45191 39.92204
1202312824 116.43478 39.92501
1202312928 116.43354 39.93018
1202313149 116.44715 39.93238
1202313449 116.4618 39.93238
1202313749 116.48925 39.93303
1202313946 116.49613 39.92517
1202314246 116.47965 39.92186
1202314546 116.46498 39.92913
1202314846 116.465 39.92909
1202315146 116.46502 39.92905
1202315446 116.4608 39.93181
1202315746 116.48208 39.93235
1202315746 116.48208 39.93235
1202316046 116.48804 39.93382
1202316346 116.48956 39.93004
1202316646 116.51857 39.9402
1202316946 116.54436 39.94612
1202317246 116.54511 39.94677
1202317546 116.54512 39.94677
1202317846 116.54513 39.94677
1202318146 116.54513 39.94678
1202318445 116.54539 39.94838
1202318746 116.54541 39.94842
1202319046 116.54542 39.94844
1202319346 116.54542 39.94844
1202319646 116.54542 39.94844
1202319946 116.54542 39.94845
1202320246 116.54542 39.94845
1202320545 116.54542 39.94844
1202320845 116.54541 39.94843
1202321145 116.5454 39.94842
1202321445 116.5454 39.94842
1202321745 116.54539 39.94842
1202322045 116.54539 39.94842
1202322345 116.54538 39.94841
1202322645 116.54538 39.94841
1202322945 116.54537 39.9484
1202323845 116.54536 39.94839
1202324145 116.54128 39.95912
1202324445 116.54131 39.96322
1202324445 116.54131 39.96322
1202324745 116.54967 39.95522
1202325045 116.55032 39.94945
1202325345 116.54222 39.94395
1202325645 116.53772 39.92175
1202325945 116.51583 39.91573
1202326245 116.51553 39.9158
1202326545 116.51142 39.92953
1202326845 116.52357 39.94008
1202327145 116.54514 39.94824
1202327445 116.54519 39.94829
1202327745 116.54486 39.94762
1202328045 116.54484 39.94772
1202328345 116.54485 39.94772
1202328645 116.54485 39.94772
1202328945 116.54484 39.94773
1202329245 116.54485 39.94769
1202329545 116.54483 39.94766
1202329845 116.54479 39.94764
1202330145 116.5448 39.94763
1202330445 116.54484 39.94763
1202330745 116.54485 39.94763
1202331045 116.54485 39.94763
1202331345 116.54486 39.94762
1202331645 116.54486 39.94762
1202331945 116.54476 39.9476
1202332245 116.54489 39.94759
1202332545 116.54488 39.9476
1202332845 116.54489 39.9476
1202333145 116.5449 39.94759
1202333445 116.5449 39.9476
1202333745 116.5449 39.94759
1202334045 116.54491 39.94758
1202334345 116.5449 39.94759
1202334645 116.54488 39.9476
1202334945 116.54487 39.94761
1202335245 116.54487 39.9476
1202335545 116.54466 39.94769
1202335845 116.5447 39.94769
1202336145 116.54473 39.94764
1202336445 116.54475 39.94762
1202336745 116.54478 39.94763
1202337045 116.54483 39.9475
1202337345 116.54476 39.94748
1202337645 116.5448 39.94758
1202337945 116.54483 39.9476
1202338245 116.54483 39.94761
1202338545 116.54483 39.94762
1202338845 116.54486 39.94764
1202339083 116.39739 39.92414
1202339146 116.54482 39.94761
1202339445 116.54485 39.94761
1202339745 116.54485 39.9476
1202340045 116.54483 39.94759
1202340345 116.54482 39.94759
1202340645 116.54486 39.94757
1202340944 116.54484 39.94758
1202341245 116.54483 39.94758
1202341545 116.54482 39.94757
1202341845 116.54482 39.94757
1202341845 116.54482 39.94757
1202342145 116.54482 39.94757
1202342444 116.54482 39.94757
1202342744 116.54482 39.94757
1202343044 116.54482 39.94758
1202343344 116.54482 39.94758
1202343644 116.54482 39.94759
1202343944 116.54482 39.94759
1202344244 116.54482 39.9476
1202344544 116.54482 39.94761
1202344844 116.54482 39.94761
1202345144 116.54482 39.94762
1202345444 116.54483 39.94762
1202345744 116.54483 39.94762
1202346044 116.54484 39.94761
1202346344 116.54482 39.94767
1202346644 116.54481 39.94762
1202346944 116.54481 39.94761
1202347244 116.54484 39.94764
1202347544 116.54479 39.94771
1202347844 116.5448 39.94768
1202348144 116.54481 39.94766
1202348444 116.54481 39.94765
1202348744 116.54481 39.94765
1202349044 116.54472 39.94752
1202349344 116.54474 39.94757
1202349644 116.54477 39.94762
1202350544 116.54471 39.94755
1202350544 116.54471 39.94755
1202350844 116.54477 39.94756
1202351144 116.54479 39.94757
1202351449 116.54481 39.94759
1202351744 116.54483 39.94757
1202352044 116.54485 39.94744
1202352344 116.54482 39.94771
1202352644 116.54483 39.94768
1202352944 116.54484 39.94766
1202353244 116.54486 39.94764
1202353544 116.54491 39.9475
1202353844 116.54489 39.94752
1202354144 116.5449 39.94752
1202354444 116.54489 39.94753
1202354744 116.5449 39.94753
1202355044 116.54491 39.94753
1202355344 116.54492 39.94753
1202355644 116.54491 39.94754
1202355944 116.54491 39.94754
1202356244 116.54491 39.94754
1202356544 116.54501 39.94755
1202357144 116.54493 39.94754
1202357444 116.54493 39.94755
1202357744 116.5372 39.94215
1202358044 116.54491 39.9477
1202358344 116.5449 39.94767
1202358644 116.5449 39.94765
1202358944 116.54489 39.94764
1202359244 116.54489 39.94765
1202359244 116.54489 39.94765
1202359544 116.54489 39.94766
1202359544 116.54489 39.94766
1202359844 116.54489 39.94767
1202360144 116.54487 39.94786
1202360444 116.5449 39.94773
1202360744 116.54506 39.9476
1202361044 116.54505 39.94759
1202361344 116.54434 39.94757
1202361644 116.54497 39.94755
1202361944 116.54497 39.94756
1202362244 116.54465 39.94775
1202362544 116.54493 39.94768
1202362844 116.54493 39.94768
1202363144 116.54491 39.94768
1202363444 116.54481 39.94758
1202363744 116.54506 39.94764
1202364043 116.54466 39.94764
1202364343 116.54482 39.94763
1202364643 116.54479 39.94765
1202364943 116.54487 39.94756
1202365243 116.54488 39.94757
1202365543 116.54488 39.94758
1202365843 116.54489 39.94759
1202366143 116.54488 39.94759
1202366443 116.54488 39.94759
1202366743 116.54488 39.9476
1202367043 116.54464 39.94744
1202367643 116.54486 39.94754
1202367943 116.54488 39.94754
1202367943 116.54488 39.94754
1202368243 116.54494 39.94762
1202368243 116.54494 39.94762
1202368543 116.54488 39.94772
1202368843 116.54485 39.94776
1202369143 116.54483 39.94778
1202369743 116.54501 39.94717
1202370043 116.54488 39.94744
1202370343 116.54481 39.94751
1202370643 116.54479 39.94756
1202370943 116.54478 39.94759
1202371243 116.54479 39.94761
1202371843 116.54479 39.94759
1202372143 116.54479 39.9476
1202372443 116.54478 39.94762
1202372743 116.54486 39.94767
1202373043 116.54485 39.94767
1202373343 116.54488 39.94767
1202373643 116.54486 39.94768
1202374543 116.54487 39.94768
1202374843 116.5448 39.94772
1202375143 116.54487 39.94751
1202375443 116.54482 39.9475
1202375743 116.54469 39.94749
1202376043 116.5446 39.94743
1202376343 116.54465 39.94748
1202376643 116.54491 39.94757
1202376943 116.54474 39.94768
1202376943 116.54474 39.94768
1202377243 116.54467 39.94772
1202377543 116.54485 39.9475
1202377843 116.54457 39.94779
1202378143 116.54446 39.94793
1202378443 116.54483 39.9475
1202378743 116.54484 39.9475
1202379043 116.54483 39.94747
1202379343 116.5448 39.9475
1202379643 116.54473 39.94757
1202379943 116.54477 39.94759
1202380243 116.54479 39.94761
1202380543 116.54481 39.94735
1202380843 116.54473 39.94751
1202381143 116.54502 39.94718
1202381488 116.53768 39.9122
1202381721 116.50951 39.90682
1202393102 116.30483 39.92289
1202393401 116.32109 39.93712
1202393701 116.35263 39.93903
1202393728 116.35464 39.9391
1202394028 116.39458 39.94758
1202394507 116.40551 39.94793
1202394807 116.35803 39.94467
1202395107 116.35069 39.9158
1202395407 116.35245 39.90798
1202395693 116.3667 39.91033
1202395993 116.36592 39.91037
1202396293 116.36726 39.92226
1202396593 116.38396 39.93192
1202396893 116.38979 39.93847
1202397193 116.40697 39.93912
1202397356 116.41065 39.93916
1202397656 116.41937 39.94709
1202397666 116.41937 39.94709
1202397956 116.42854 39.91773
1202398256 116.43917 39.87536
1202398556 116.39019 39.87049
1202398856 116.38134 39.85591
1202399156 116.37394 39.8443
1202399353 116.37332 39.83619
1202399713 116.37987 39.84374
1202399790 116.38055 39.84766
1202400090 116.4072 39.8556
1202400390 116.43283 39.86517
1202400690 116.43359 39.86951
1202400726 116.43361 39.86953
1202401026 116.43306 39.86851
1202401326 116.4396 39.8849
1202401386 116.43872 39.88966
1202401686 116.42831 39.92414
1202401717 116.4283 39.92844
1202401986 116.43802 39.94684
1202402066 116.44084 39.9467
1202402366 116.45508 39.93265
1202402666 116.47418 39.93225
1202402886 116.47833 39.93217
1202403186 116.49941 39.93568
1202403435 116.5111 39.94144
1202403735 116.51949 39.94026
1202404035 116.52173 39.93948
1202404335 116.52167 39.93957
1202404635 116.52167 39.93957
1202404935 116.54132 39.9415
1202405235 116.5454 39.9484
1202405535 116.54541 39.94841
1202405835 116.54542 39.94843
1202406135 116.54543 39.94844
1202406435 116.54542 39.94842
1202406735 116.54541 39.94853
1202407035 116.54538 39.94847
1202407335 116.54537 39.94845
1202407635 116.54538 39.94844
1202407935 116.54455 39.94634
1202408234 116.53736 39.91921
1202419690 116.39984 39.93216
1202419811 116.39946 39.92829
1202420111 116.40846 39.91433
1202420218 116.40492 39.91515
1202420518 116.41167 39.93231
1202420818 116.4433 39.93242
1202421118 116.44439 39.93996
1202421418 116.40739 39.9479
1202421718 116.35029 39.94392
1202422018 116.34716 39.99069
1202422318 116.33091 39.98985
1202422369 116.33016 39.99052
1202422669 116.34621 39.99187
1202422701 116.34693 39.99345
1202422969 116.33854 39.99492
1202423269 116.35051 39.99203
1202423569 116.36358 39.97744
1202423607 116.36354 39.97579
1202423907 116.35061 39.973
1202423999 116.35137 39.973
1202424299 116.34675 39.96617
1202424421 116.36383 39.96625
1202424721 116.43225 39.96682
1202425021 116.44234 39.95306
1202425045 116.43975 39.95112
1202425321 116.45504 39.9478
1202425621 116.48114 39.95655
1202425637 116.40151 39.95613
1202425844 116.49399 39.96149
1202425947 116.49266 39.96235
1202425947 116.49266 39.96235
1202426247 116.48361 39.94548
1202426546 116.46406 39.90705
1202426846 116.43002 39.90187
1202427129 116.4188 39.89716
1202427429 116.412 39.90652
1202427548 116.41167 39.91083
1202427848 116.4289 39.92308
1202428148 116.4436 39.93972
1202428448 116.4612 39.95982
1202428681 116.48018 39.96979
1202428981 116.49343 39.95542
1202429057 116.49127 39.95261
1202429357 116.47721 39.93247
1202429657 116.457 39.93224
1202429710 116.45801 39.93218
1202429957 116.45585 39.93764
1202430192 116.46595 39.94358
1202430492 116.45668 39.93214
1202430792 116.45231 39.92704
1202431092 116.45221 39.92704
1202431392 116.45222 39.92704
1202431692 116.45217 39.92709
1202431992 116.45214 39.92711
1202432292 116.45154 39.92702
1202432592 116.45499 39.9324
1202432892 116.48302 39.93248
1202433192 116.51889 39.94026
1202433192 116.51889 39.94026
1202433492 116.52074 39.94005
1202433792 116.54213 39.94402
1202434092 116.54493 39.94651
1202434392 116.54503 39.94652
1202434692 116.54047 39.94836
1202434992 116.54507 39.94647
1202435292 116.54528 39.94647
1202435592 116.54806 39.94611
1202435892 116.54646 39.9464
1202437392 116.54531 39.94642
1202438892 116.54551 39.94641
1202439192 116.54548 39.9464
1202439492 116.54548 39.9464
1202439792 116.54547 39.94639
1202440092 116.54547 39.94639
1202440392 116.54546 39.94639
1202440692 116.54546 39.94639
1202440992 116.54546 39.94639
1202441292 116.54546 39.94639
1202441592 116.54546 39.9464
1202441892 116.54545 39.9464
1202441892 116.54545 39.9464
1202442192 116.54547 39.94639
1202442492 116.54546 39.94639
1202442792 116.54545 39.94639
1202443092 116.54546 39.94639
1202443392 116.54547 39.94638
1202443692 116.54548 39.94637
1202443991 116.54548 39.94637
1202444591 116.54527 39.9464
1202444891 116.54565 39.94643
1202445191 116.54562 39.94643
1202445491 116.54524 39.94651
1202445791 116.54537 39.94648
1202446091 116.54537 39.94647
1202446391 116.54542 39.94645
1202446691 116.54574 39.94631
1202446991 116.54569 39.94632
1202447291 116.54566 39.94633
1202447591 116.54564 39.94633
1202447891 116.54563 39.94634
1202448191 116.54562 39.94634
1202448491 116.54563 39.94633
1202448791 116.54574 39.94621
1202449091 116.54548 39.94637
1202449391 116.54539 39.94641
1202449691 116.54542 39.9464
1202449991 116.54541 39.9464
1202450291 116.5454 39.9464
1202450591 116.54521 39.94647
1202450591 116.54521 39.94647
1202450891 116.54603 39.94616
1202451191 116.54516 39.94655
1202451491 116.5445 39.94692
1202451791 116.54518 39.94653
1202452091 116.54524 39.94647
1202452691 116.54589 39.94613
1202452991 116.54585 39.94614
1202453291 116.54584 39.94613
1202453591 116.54583 39.94612
1202453891 116.54581 39.94613
1202454191 116.54585 39.94609
1202454491 116.54543 39.94636
1202454791 116.54532 39.94664
1202455091 116.54543 39.94643
1202455391 116.54546 39.94641
1202455691 116.54543 39.94643
1202455991 116.5454 39.9465
1202456291 116.54543 39.94647
1202456591 116.54547 39.9464
1202456891 116.54567 39.94615
1202457191 116.54563 39.94632
1202457491 116.54559 39.94643
1202457791 116.54541 39.94637
1202458091 116.54537 39.94647
1202458391 116.54541 39.94644
1202458691 116.54535 39.94645
1202458991 116.54577 39.94614
1202459291 116.54469 39.94666
1202459291 116.54469 39.94666
1202459591 116.54538 39.94636
1202459891 116.54553 39.94634
1202460191 116.54552 39.9463
1202460491 116.54535 39.94634
1202460791 116.54529 39.94636
1202461091 116.54534 39.94627
1202461391 116.5453 39.94636
1202461691 116.54538 39.94628
1202461991 116.54533 39.9463
1202462291 116.54539 39.94627
1202462591 116.54464 39.94667
1202462891 116.54555 39.94623
1202463191 116.54535 39.94635
1202463436 116.53934 39.94039
1202463629 116.53695 39.92498
1202463736 116.5316 39.90833
1202463987 116.50909 39.90675
1202475248 116.31948 39.93317
1202475248 116.31948 39.93317
1202475548 116.32417 39.95589
1202476178 116.34996 39.94448
1202476478 116.35051 39.93097
1202476778 116.37302 39.93158
1202477017 116.3896 39.92701
1202477134 116.39019 39.92943
1202477434 116.40238 39.93856
1202477648 116.40245 39.94717
1202477948 116.41936 39.94046
1202477948 116.41936 39.94046
1202478248 116.41066 39.93823
1202478548 116.41067 39.9382
1202478848 116.41078 39.93581
1202478881 116.41071 39.93752
1202479174 116.40231 39.94249
1202479320 116.4021 39.94541
1202479620 116.40177 39.95091
1202479920 116.40383 39.96727
1202480220 116.36047 39.96647
1202480646 116.31109 39.9761
1202480820 116.31446 39.97829
1202480835 116.31445 39.97828
1202481135 116.32709 39.97507
1202481435 116.34733 39.96633
1202481992 116.38022 39.94378
1202482001 116.38023 39.9438
1202482253 116.38939 39.94829
1202482493 116.39406 39.96625
1202482493 116.39406 39.96625
1202482553 116.4001 39.96713
1202482805 116.40134 39.98352
1202482853 116.40188 39.98729
1202483115 116.39539 39.98859
1202483367 116.40125 39.98913
1202483367 116.40125 39.98913
1202483634 116.37814 39.9876
1202483868 116.37911 39.99647
1202484168 116.39571 40.00357
1202484437 116.40147 39.99701
1202484737 116.41157 39.98704
1202484926 116.41725 39.98746
1202485226 116.40167 40.00055
1202485318 116.40177 40.00683
1202485618 116.41813 39.9952
1202485918 116.42479 39.98229
1202486170 116.41854 39.97059
1202486470 116.41904 39.95353
1202486770 116.40659 39.94787
1202487070 116.38776 39.9426
1202487370 116.38785 39.94033
1202487670 116.39009 39.93302
1202487970 116.38492 39.92133
1202488270 116.38976 39.89961
1202488570 116.38733 39.88875
1202488870 116.38366 39.88829
1202488870 116.38366 39.88829
1202489170 116.3802 39.88813
1202489470 116.3794 39.88812
1202489770 116.37581 39.87761
1202490089 116.40173 39.87067
1202490389 116.43904 39.88373
1202490689 116.47277 39.90391
1202490989 116.48739 39.93233
1202491289 116.48765 39.93239
1202491589 116.48805 39.9338
1202491889 116.52436 39.9403
1202492189 116.54529 39.9485
