UTS Latitude Longitude
1201959308 116.38204 39.98081
1201959545 116.38648 39.97179
1201959608 116.3819 39.97116
1201959845 116.3879 39.97071
1201960144 116.3815 39.95543
1201960192 116.38133 39.95542
1201960489 116.38251 39.9524
1201961089 116.35437 39.9442
1201961389 116.34933 39.92834
1201962320 116.3521 39.88488
1201962387 116.35064 39.88454
1201962687 116.35905 39.88502
1201962775 116.35791 39.88521
1201963075 116.3579 39.86921
1201963674 116.39378 39.85438
1201963974 116.39455 39.85292
1201963974 116.39455 39.85292
1201964164 116.39679 39.85046
1201964634 116.39373 39.86893
1201964934 116.43706 39.86972
1201965234 116.42702 39.89945
1201965534 116.41585 39.9013
1201965567 116.41586 39.9013
1201966167 116.43499 39.90595
1201966489 116.43511 39.90654
1201966789 116.46945 39.90707
1201966884 116.47209 39.90746
1201967088 116.47205 39.90871
1201967389 116.47184 39.90675
1201967689 116.47131 39.895
1201967948 116.47197 39.88973
1201967992 116.47179 39.88975
1201968292 116.45586 39.89289
1201968892 116.45145 39.90677
1201969192 116.45592 39.91354
1201969492 116.45573 39.92789
1201969492 116.45573 39.92789
1201970092 116.45959 39.95818
1201970164 116.46243 39.9554
1201970464 116.45602 39.95124
1201970531 116.45445 39.953
1201970849 116.44693 39.95738
1201971120 116.44684 39.96284
1201971322 116.44649 39.96079
1201971622 116.44871 39.9559
1201971922 116.48843 39.99255
1201972222 116.5513 40.02834
1201972522 116.57219 40.03998
1201972821 116.58396 40.07764
1201973209 116.58155 40.06761
1201973809 116.56385 40.06341
1201974109 116.56431 40.06223
1201974409 116.56432 40.06222
1201974709 116.56434 40.06222
1201974709 116.56434 40.06222
1201975009 116.56434 40.06221
1201975609 116.56428 40.06218
1201976209 116.55095 40.0639
1201976509 116.54373 40.05898
1201977109 116.51666 40.02343
1201977409 116.49859 40.00364
1201977709 116.47736 39.99981
1201978081 116.45649 39.99506
1201978161 116.45656 39.99263
1201978381 116.457 39.99552
1201978681 116.46834 40.00246
1201978701 116.46834 40.00246
1201979001 116.46778 39.99594
1201979301 116.46768 39.99614
1201979601 116.46788 39.99462
1201979666 116.46709 39.99597
1201979930 116.47582 40.00043
1201979930 116.47582 40.00043
1201980230 116.47582 40.00043
1201980258 116.47512 40.00062
1201980558 116.46404 39.99132
1201980858 116.45007 39.98129
1201980927 116.44837 39.97907
1201981227 116.44555 39.97586
1201981527 116.44381 39.97389
1201981827 116.44513 39.97508
1201982127 116.43651 39.96759
1201982427 116.42686 39.96853
1201982450 116.42368 39.9683
1201982750 116.4126 39.96832
1201982862 116.41229 39.96835
1201983050 116.41406 39.9675
1201983350 116.4319 39.96689
1201983650 116.44109 39.96167
1201983949 116.44871 39.9658
1201984249 116.4448 39.96526
1201984549 116.43203 39.96745
1201984849 116.41855 39.97392
1201985149 116.41175 39.97625
1201985149 116.41175 39.97625
1201985449 116.41828 39.97931
1201985749 116.41906 39.97898
1201986049 116.41866 39.97921
1201986126 116.41831 39.98021
1201986426 116.43409 39.98702
1201986726 116.45497 39.98416
1201987026 116.45723 39.97462
1201987048 116.45674 39.97472
1201987647 116.44956 39.97938
1201987947 116.44308 39.97318
1201988134 116.43835 39.96741
1201988336 116.42371 39.96834
1201988336 116.42371 39.96834
1201988636 116.41887 39.97173
1201988682 116.41865 39.97238
1201988957 116.40758 39.97397
1201989342 116.41857 39.97185
1201989642 116.39705 39.96761
1201989942 116.3874 39.95493
1201990242 116.36807 39.94734
1201990542 116.32529 39.93711
1201990842 116.2829 39.94763
1201991104 116.27589 39.95314
1201991404 116.28803 39.95703
1201991704 116.30458 39.96156
1201992643 116.3319 39.96601
1201992733 116.33999 39.96605
1201993033 116.34894 39.94055
1201993119 116.34968 39.93878
1201993419 116.36627 39.93932
1201993550 116.36608 39.94165
1201993854 116.38619 39.94735
1201994150 116.42738 39.93889
1201994450 116.4286 39.91687
1201994750 116.43129 39.89862
1201995050 116.43395 39.86948
1201995338 116.42926 39.86053
1201995591 116.42748 39.86546
1201995891 116.43259 39.86711
1201996191 116.45408 39.87015
1201996414 116.45721 39.87212
1201996714 116.45554 39.88234
1201997014 116.45556 39.89257
1201997580 116.45655 39.91972
1201997880 116.45181 39.93992
1201998114 116.43357 39.93989
1201998188 116.4329 39.94092
1201998488 116.43662 39.94558
1201998488 116.43662 39.94558
1201998788 116.46018 39.96806
1201999088 116.48182 39.9876
1201999388 116.50703 40.0107
1201999688 116.52759 40.0405
1201999988 116.54439 40.06576
1202000194 116.52802 40.07918
1202000494 116.53441 40.09847
1202000794 116.56225 40.11582
1202001094 116.60956 40.11644
1202001394 116.66282 40.11491
1202001694 116.6963 40.12803
1202001994 116.69851 40.12785
1202002294 116.69853 40.12781
1202002594 116.69855 40.12781
1202002893 116.69857 40.1278
1202003193 116.69858 40.12781
1202003493 116.69857 40.12781
1202003793 116.69856 40.12782
1202004093 116.69855 40.12783
1202008258 116.69871 40.12779
1202008593 116.69861 40.12779
1202008893 116.69859 40.12779
1202009193 116.69847 40.12764
1202009493 116.69861 40.12775
1202009793 116.6986 40.12775
1202009793 116.6986 40.12775
1202010093 116.69858 40.12775
1202010093 116.69858 40.12775
1202010393 116.69859 40.12775
1202011893 116.69859 40.12775
1202012193 116.69859 40.12775
1202012493 116.69859 40.12774
1202012793 116.6986 40.12774
1202013093 116.69871 40.12771
1202013393 116.69856 40.12779
1202013693 116.69851 40.1278
1202013993 116.69851 40.12778
1202014293 116.69851 40.12778
1202014593 116.69851 40.12779
1202014893 116.69851 40.12779
1202015193 116.6985 40.12779
1202015493 116.69851 40.12779
1202015793 116.69851 40.1278
1202016093 116.69851 40.12779
1202016393 116.69851 40.12779
1202016693 116.69851 40.12778
1202016993 116.69851 40.12778
1202017293 116.69888 40.12792
1202017593 116.69883 40.12796
1202017892 116.69871 40.12781
1202018192 116.69867 40.12794
1202018492 116.69841 40.12789
1202018792 116.69861 40.12799
1202018792 116.69861 40.12799
1202019092 116.69843 40.12764
1202019392 116.69846 40.12773
1202019692 116.69847 40.12773
1202019992 116.69848 40.12775
1202020292 116.69849 40.12775
1202020592 116.69851 40.12775
1202020892 116.69851 40.12777
1202021192 116.69851 40.12778
1202021492 116.69844 40.12793
1202022392 116.69849 40.1279
1202022692 116.69851 40.12791
1202022793 116.69858 40.12934
1202022993 116.69854 40.12777
1202023592 116.6985 40.12787
1202023892 116.69847 40.12788
1202024192 116.69847 40.12789
1202024492 116.6985 40.12788
1202024792 116.6985 40.12789
1202025092 116.69859 40.12809
1202025392 116.6983 40.12736
1202025692 116.69858 40.12821
1202025992 116.69841 40.12804
1202026592 116.6987 40.1278
1202026892 116.69866 40.12775
1202027492 116.69847 40.12805
1202028092 116.6984 40.12806
1202028692 116.69807 40.12803
1202028992 116.69864 40.12775
1202029292 116.69845 40.12786
1202029592 116.69833 40.12787
1202030492 116.69828 40.12785
1202030792 116.69831 40.12784
1202031092 116.69864 40.12782
1202031692 116.69854 40.12741
1202031992 116.69869 40.12767
1202032292 116.69856 40.12755
1202032591 116.69839 40.1281
1202032891 116.69841 40.12803
1202033191 116.69844 40.12799
1202033491 116.69847 40.12798
1202033791 116.69848 40.12796
1202034091 116.69848 40.12796
1202034391 116.69848 40.12796
1202034691 116.69849 40.12796
1202034991 116.69849 40.12795
1202035291 116.69848 40.12795
1202035591 116.69848 40.12795
1202035891 116.69859 40.12804
1202036191 116.69859 40.12817
1202036191 116.69859 40.12817
1202036491 116.69856 40.12807
1202036791 116.69523 40.12706
1202037091 116.67857 40.13142
1202037391 116.65925 40.12856
1202037691 116.65909 40.12923
1202037991 116.65893 40.12934
1202038291 116.65899 40.12925
1202038591 116.65855 40.12912
1202038891 116.65482 40.12892
1202039191 116.65118 40.12382
1202039491 116.62473 40.11654
1202039791 116.58585 40.11702
1202040091 116.55591 40.10577
1202040391 116.55106 40.07655
1202040691 116.53387 40.05213
1202040991 116.52032 40.02889
1202041891 116.46351 40.00057
1202042191 116.46262 40.00051
1202042232 116.46157 40.0005
1202042532 116.45666 39.99123
1202042831 116.44954 39.98053
1202043131 116.44239 39.96548
1202043723 116.42534 39.95806
1202043723 116.42534 39.95806
1202043930 116.41475 39.95783
1202044230 116.42875 39.95804
1202044404 116.43792 39.95696
1202044704 116.439 39.95959
1202045004 116.43906 39.95956
1202045304 116.43903 39.95971
1202045524 116.43973 39.9602
1202045824 116.44568 39.97583
1202046124 116.45081 39.98216
1202046499 116.46437 39.98371
1202046679 116.46797 39.98094
1202046979 116.47441 39.96266
1202047279 116.48334 39.91595
1202058734 116.42777 39.92306
1202059034 116.4057 39.9235
1202059334 116.38545 39.92167
1202059633 116.38553 39.9079
1202059933 116.37959 39.90603
1202060233 116.36714 39.90586
1202060533 116.3456 39.90609
1202060833 116.32742 39.91267
1202061170 116.3355 39.91265
1202061470 116.33078 39.9169
1202061770 116.33794 39.92204
1202062070 116.32747 39.93152
1202062555 116.34777 39.9388
1202062855 116.35031 39.94288
1202063155 116.35925 39.95559
1202063155 116.35925 39.95559
1202063555 116.35533 39.95462
1202063855 116.35526 39.95526
1202064455 116.36427 39.96494
1202064755 116.37106 39.96649
1202064776 116.37241 39.9664
1202065076 116.41314 39.96773
1202065376 116.44884 39.95601
1202065676 116.45559 39.93315
1202065976 116.45541 39.92377
1202066276 116.46006 39.91232
1202066445 116.46853 39.91227
1202066582 116.46801 39.91217
1202066882 116.43915 39.91206
1202067182 116.4216 39.90742
1202067482 116.41816 39.9081
1202067782 116.41675 39.90825
1202068082 116.41244 39.90697
1202068433 116.40551 39.90823
1202068733 116.41004 39.90485
1202069033 116.41947 39.90697
1202069333 116.45802 39.90321
1202069633 116.48399 39.92117
1202069846 116.48572 39.93684
1202069933 116.48444 39.93933
1202070233 116.46472 39.96929
1202070533 116.42588 39.98792
1202070833 116.38869 39.987
1202071133 116.38833 39.96682
1202071240 116.38864 39.96194
1202071540 116.37381 39.96166
1202071566 116.37398 39.96283
1202071566 116.37398 39.96283
1202071866 116.37095 39.99095
1202072466 116.34336 40.02756
1202072566 116.34107 40.03068
1202072866 116.33933 40.0317
1202073166 116.33972 40.01484
1202073466 116.34278 40.00643
1202073766 116.33463 39.9992
1202074066 116.33479 39.99165
1202074366 116.33713 39.99164
1202074666 116.34154 39.99179
1202074966 116.33399 39.99163
1202075266 116.33071 39.99172
1202075566 116.33068 39.99176
1202075738 116.32918 39.99158
1202076037 116.30963 39.98527
1202076494 116.3104 39.97603
1202076494 116.3104 39.97603
1202076725 116.3082 39.9751
1202077025 116.31339 39.96903
1202077325 116.31657 39.9656
1202077625 116.31879 39.96497
1202077925 116.32053 39.96578
1202078225 116.32045 39.96566
1202078400 116.32138 39.96585
1202078700 116.33208 39.96074
1202078780 116.33441 39.96174
1202079079 116.34012 39.95682
1202079379 116.33875 39.96612
1202079679 116.33877 39.96611
1202079979 116.33876 39.9661
1202080279 116.36369 39.96631
1202080579 116.37888 39.96642
1202080725 116.38176 39.9619
1202081025 116.38917 39.95033
1202081143 116.39339 39.95001
1202081143 116.39339 39.95001
1202081443 116.40167 39.95655
1202081475 116.40185 39.95775
1202081775 116.39291 39.96751
1202081881 116.39226 39.97067
1202082181 116.3873 39.96688
1202082481 116.41131 39.96754
1202082660 116.41514 39.9676
1202082960 116.45539 39.94859
1202083260 116.45508 39.91973
1202083560 116.46713 39.91533
1202083570 116.46716 39.91534
1202083860 116.46132 39.92204
1202084160 116.45174 39.93237
1202084311 116.45262 39.93514
1202084611 116.45598 39.94281
1202084911 116.457 39.96416
1202084911 116.457 39.96416
1202085211 116.47871 39.98474
1202085511 116.49344 39.9989
1202085811 116.52186 40.03053
1202086111 116.5486 40.06353
1202086411 116.55475 40.09749
1202086711 116.58885 40.11684
1202087011 116.63413 40.1163
1202087311 116.68015 40.11516
1202087611 116.69838 40.12772
1202087912 116.6983 40.1279
1202088211 116.69831 40.12791
1202088511 116.69831 40.12792
1202088811 116.69831 40.12792
1202089111 116.69831 40.12792
1202089711 116.6984 40.12772
1202090011 116.6984 40.12774
1202090311 116.69838 40.12773
1202090611 116.69836 40.12774
1202091511 116.69832 40.12774
1202091811 116.69831 40.12774
1202092111 116.69832 40.12774
1202092411 116.69834 40.12775
1202092711 116.69961 40.12809
1202093011 116.69982 40.12812
1202093310 116.69844 40.12789
1202093610 116.69844 40.12783
1202093610 116.69844 40.12783
1202093910 116.69789 40.12769
1202094210 116.69867 40.1279
1202094510 116.69838 40.12765
1202094810 116.69839 40.12768
1202095110 116.69839 40.12769
1202095410 116.69842 40.12759
1202096010 116.6983 40.12789
1202096310 116.6984 40.12735
1202096610 116.69836 40.12794
1202096910 116.69834 40.12775
1202097210 116.69842 40.12769
1202097510 116.69843 40.12768
1202097810 116.69839 40.12777
1202098110 116.69838 40.12777
1202098410 116.69838 40.12779
1202098710 116.69837 40.12778
1202099010 116.69837 40.12778
1202099310 116.6981 40.12804
1202099610 116.69825 40.12802
1202099910 116.69837 40.12789
1202100210 116.69836 40.12782
1202100510 116.69844 40.12783
1202100810 116.69822 40.12738
1202101110 116.69848 40.1279
1202101710 116.69833 40.12773
1202102010 116.69844 40.12774
1202102310 116.69839 40.12798
1202102310 116.69839 40.12798
1202102610 116.69855 40.12793
1202102910 116.69819 40.12762
1202103210 116.69831 40.12772
1202103510 116.6983 40.12771
1202103810 116.69825 40.12763
1202104410 116.69832 40.12764
1202104710 116.69834 40.12766
1202105010 116.69849 40.12777
1202105310 116.69845 40.12784
1202105610 116.69838 40.12784
1202105910 116.69824 40.12764
1202106210 116.69827 40.12768
1202106510 116.69829 40.12771
1202106810 116.69821 40.1279
1202107110 116.69831 40.12787
1202107410 116.69831 40.1279
1202107709 116.69789 40.12778
1202108009 116.69828 40.12789
1202108309 116.69806 40.12777
1202108609 116.698 40.12785
1202108778 116.6983 40.12792
1202108910 116.69828 40.12785
1202109209 116.69825 40.1279
1202109509 116.69826 40.1279
1202109809 116.69829 40.12791
1202110109 116.69817 40.12784
1202110409 116.69823 40.12784
1202110709 116.69823 40.12784
1202111009 116.6983 40.12794
1202111009 116.6983 40.12794
1202111309 116.69831 40.12769
1202111609 116.69831 40.1277
1202111909 116.69831 40.12773
1202112209 116.69816 40.12738
1202112509 116.69831 40.12755
1202112809 116.69838 40.12757
1202113109 116.69836 40.1276
1202113409 116.69849 40.12788
1202113709 116.69789 40.12804
1202114009 116.6985 40.12798
1202114309 116.6983 40.12774
1202114609 116.69789 40.12814
1202114909 116.69797 40.12797
1202115209 116.6984 40.12766
1202115509 116.69806 40.1278
1202115809 116.69891 40.12806
1202116109 116.69802 40.12774
1202116109 116.69802 39.68302
1202116409 116.69908 40.12797
1202116709 116.69835 40.12772
1202117009 116.69831 40.12774
1202117309 116.6983 40.12805
1202117609 116.69835 40.1277
1202117909 116.69839 40.12794
1202118209 116.69834 40.12797
1202118509 116.69825 40.12772
1202118809 116.69789 40.12779
1202119109 116.6983 40.12795
1202119709 116.69833 40.12809
1202119709 116.69833 40.12809
1202120009 116.69824 40.12812
1202120309 116.6983 40.12792
1202120609 116.69832 40.12784
1202120909 116.69823 40.12789
1202121209 116.69817 40.12792
1202121509 116.69819 40.1279
1202121809 116.6982 40.1279
1202122109 116.69822 40.1279
1202122409 116.69823 40.12789
1202122708 116.69566 40.12802
1202123008 116.66886 40.11458
1202123308 116.62429 40.11643
1202123608 116.58299 40.11721
1202123908 116.55651 40.10782
1202124208 116.55122 40.07702
1202124508 116.53548 40.05407
1202125108 116.52024 40.02372
1202125408 116.49865 40.0011
1202125708 116.48419 39.98959
1202126008 116.44959 39.95772
1202126308 116.42799 39.92988
1202126608 116.42089 39.91428
1202126908 116.40621 39.91415
1202127508 116.40088 39.90209
1202127808 116.40088 39.90209
1202128108 116.40088 39.90209
1202128408 116.40089 39.90209
1202128408 116.40089 39.90209
1202128708 116.40266 39.90646
1202129008 116.41206 39.90533
1202129251 116.4118 39.91034
1202129551 116.40132 39.91399
1202129851 116.38799 39.92188
1202130150 116.3737 39.92126
1202130150 116.3737 39.92126
1202130303 116.37111 39.92215
1202130603 116.36676 39.93322
1202130903 116.36597 39.94533
1202131203 116.37267 39.947
1202131503 116.36961 39.9412
1202131740 116.37104 39.94118
1202132040 116.37371 39.93287
1202132340 116.37385 39.9318
1202132640 116.39405 39.93193
1202132940 116.41028 39.93211
1202133240 116.42622 39.932
1202133540 116.44412 39.92647
1202133840 116.44363 39.92173
1202134140 116.45137 39.91439
1202134334 116.45192 39.90942
1202134634 116.44415 39.90789
1202134933 116.4441 39.90788
1202135146 116.44419 39.9087
1202135360 116.44671 39.91634
1202135660 116.45329 39.9144
1202135660 116.45329 39.9144
1202135788 116.45073 39.91064
1202136088 116.47344 39.90962
1202136388 116.47158 39.90747
1202136688 116.47037 39.8994
1202136692 116.47015 39.89938
1202136991 116.45457 39.89587
1202137292 116.45586 39.90288
1202137592 116.46752 39.90652
1202137892 116.47144 39.90234
1202137923 116.47148 39.90216
1202138223 116.46109 39.89213
1202138523 116.45204 39.88653
1202138594 116.45327 39.88638
1202139194 116.44947 39.89594
1202139348 116.44304 39.89806
1202139648 116.4562 39.89275
1202139948 116.47894 39.90433
1202140248 116.49534 39.92179
1202140547 116.48431 39.92334
1202140548 116.48431 39.92334
1202140848 116.48582 39.93632
1202140912 116.48566 39.93605
1202141212 116.47312 39.93244
1202141339 116.47308 39.93056
1202141639 116.46743 39.93426
1202141939 116.47018 39.95233
1202142239 116.47658 39.95569
1202142538 116.47649 39.95538
1202142838 116.47654 39.95581
1202143138 116.47654 39.95581
1202143438 116.47654 39.95581
1202143738 116.47654 39.95579
1202144038 116.47654 39.95577
1202144338 116.47639 39.95593
1202144638 116.46242 39.94559
1202144706 116.46209 39.94578
1202145005 116.45531 39.94031
1202145306 116.45516 39.92189
1202145905 116.4435 39.903
1202146014 116.43861 39.90164
1202146314 116.44125 39.90254
1202146584 116.4366 39.91188
1202146884 116.45457 39.91226
1202147184 116.45556 39.92225
1202147484 116.47159 39.93227
1202147662 116.4764 39.93217
1202147962 116.47229 39.92812
1202148064 116.47187 39.92874
1202148364 116.4673 39.92186
1202148664 116.44877 39.92225
1202148964 116.4397 39.92201
1202149264 116.42996 39.92331
1202149564 116.42223 39.92306
1202149864 116.42056 39.92303
1202149864 116.42056 39.92303
1202150009 116.42565 39.91942
1202150222 116.42703 39.92296
1202150522 116.42846 39.93104
1202150822 116.44082 39.93979
1202151122 116.44146 39.95222
1202151355 116.44045 39.95591
1202151818 116.46507 39.96863
1202152118 116.48368 39.93867
1202152418 116.48365 39.89015
1202152718 116.49923 39.86894
1202153137 116.49082 39.87456
1202153437 116.47305 39.88321
1202153737 116.47151 39.88959
1202153786 116.47159 39.89111
1202154086 116.47162 39.89882
1202154386 116.45584 39.90059
1202154419 116.45584 39.90059
1202154719 116.45423 39.904
1202154823 116.45286 39.90525
1202155123 116.45604 39.91377
1202155423 116.45569 39.93478
1202155723 116.45554 39.95089
1202156023 116.44497 39.95908
1202156032 116.44497 39.95907
1202156475 116.42721 39.96848
1202156623 116.41353 39.96805
1202156923 116.40224 39.96802
1202157223 116.40129 39.98226
1202157523 116.40146 39.99793
1202157794 116.4106 40.00691
1202157859 116.41051 40.00743
1202158159 116.41196 40.02856
1202158428 116.416 40.04077
1202159328 116.4105 40.00209
1202159516 116.41041 40.00159
1202160116 116.38784 39.97611
1202160337 116.38035 39.96719
1202160459 116.37961 39.96712
1202160667 116.3652 39.96702
1202160967 116.3765 39.96163
1202161139 116.38705 39.96176
1202161439 116.38736 39.98129
1202161739 116.37448 39.99645
1202162551 116.39284 39.98663
1202162851 116.44419 39.98229
1202163151 116.43147 39.9678
1202163196 116.43161 39.96809
1202163470 116.41845 39.97269
1202163770 116.42144 39.97629
1202163967 116.42555 39.978
1202164069 116.425 39.97682
1202164344 116.4122 39.97616
1202164644 116.41831 39.97488
1202164944 116.41862 39.97204
1202164944 116.41862 39.97204
1202165183 116.41851 39.97305
1202165914 116.4351 39.98498
1202166214 116.45238 39.9769
1202166514 116.45956 39.97167
1202166814 116.46417 39.98595
1202167114 116.47696 39.9884
1202167295 116.476 39.9874
1202167489 116.46318 39.9849
1202167595 116.47051 39.98698
1202167789 116.48009 39.98867
1202168389 116.52888 40.04323
1202168689 116.55038 40.07132
1202168989 116.55859 40.11216
1202169289 116.61165 40.11637
1202169589 116.66233 40.11506
1202169889 116.69394 40.12584
1202170189 116.69828 40.12793
1202170488 116.69826 40.12793
1202170788 116.69827 40.12793
1202171088 116.69827 40.12795
1202171388 116.69827 40.12795
1202171688 116.69829 40.1279
1202171988 116.6987 40.12852
1202172288 116.69833 40.12789
1202172588 116.69815 40.12825
1202172888 116.69834 40.12758
1202173188 116.69825 40.12781
1202173488 116.69831 40.12781
1202174088 116.69829 40.12784
1202174388 116.69824 40.12792
1202174688 116.69825 40.12792
1202175288 116.69822 40.12806
1202175588 116.69824 40.12801
1202175888 116.69826 40.12799
1202176188 116.6983 40.12811
1202176488 116.69848 40.12788
1202176788 116.69844 40.12788
1202177088 116.69847 40.12786
1202178588 116.69833 40.1279
1202178888 116.69832 40.12789
1202179488 116.69835 40.12804
1202179788 116.69818 40.12783
1202180088 116.69828 40.1275
1202180388 116.69848 40.12792
1202180688 116.69837 40.1279
1202180988 116.69833 40.12782
1202181288 116.69836 40.12786
1202181588 116.69834 40.12783
1202181888 116.69834 40.12782
1202182188 116.69833 40.12783
1202182788 116.69833 40.12782
1202183088 116.69832 40.12783
1202183688 116.69831 40.12784
1202183988 116.69818 40.12802
1202184288 116.69818 40.12797
1202184588 116.6982 40.12756
1202185188 116.69823 40.128
1202185487 116.69826 40.12802
1202185787 116.69826 40.12802
1202186087 116.69826 40.12801
1202186387 116.69826 40.12802
1202186687 116.69826 40.12802
1202186987 116.69826 40.12801
1202186987 116.69826 40.12801
1202187287 116.69826 40.12801
1202187587 116.69827 40.128
1202187887 116.69818 40.12759
1202188187 116.69825 40.12765
1202188487 116.69829 40.12801
1202188787 116.69826 40.12788
1202189087 116.69827 40.12788
1202189387 116.69828 40.1279
1202189687 116.69829 40.12792
1202189987 116.69829 40.1279
1202190287 116.69828 40.1279
1202190587 116.69828 40.12791
1202190887 116.69823 40.12798
1202191187 116.69827 40.12795
1202191488 116.69834 40.12801
1202191787 116.69815 40.12799
1202192087 116.69818 40.12798
1202192387 116.69818 40.12799
1202192687 116.6982 40.12799
1202192987 116.69819 40.12801
1202193287 116.69763 40.12839
1202193587 116.69827 40.12802
1202193887 116.6981 40.12774
1202194187 116.6983 40.12802
1202194487 116.69824 40.12802
1202194787 116.69825 40.12801
1202195087 116.69826 40.128
1202195182 116.6983 40.12812
1202195387 116.69822 40.12791
1202195687 116.69832 40.12785
1202195987 116.69828 40.12795
1202196287 116.69825 40.12797
1202196587 116.69827 40.128
1202196887 116.69828 40.12799
1202197187 116.69829 40.12798
1202197487 116.69831 40.12798
1202197787 116.69832 40.12792
1202198087 116.69835 40.12792
1202198387 116.69834 40.12793
1202198687 116.69832 40.12793
1202198987 116.69832 40.12795
1202199287 116.69829 40.12795
1202199587 116.69829 40.12795
1202199886 116.69828 40.12796
1202200186 116.69828 40.12795
1202200486 116.69828 40.12794
1202200786 116.69828 40.12793
1202201686 116.69817 40.12796
1202201986 116.69794 40.12803
1202202286 116.69826 40.1276
1202202586 116.69827 40.12807
1202202886 116.69842 40.12781
1202203186 116.69834 40.12795
1202203486 116.6983 40.12798
1202203786 116.69843 40.12824
1202204386 116.69832 40.12772
1202204386 116.69832 40.12772
1202204686 116.69833 40.12772
1202205286 116.69817 40.12751
1202205586 116.69831 40.12799
1202205886 116.69831 40.12795
1202206186 116.69814 40.1279
1202206486 116.69817 40.12757
1202206786 116.69816 40.12797
1202207086 116.69817 40.12794
1202207386 116.69817 40.12795
1202207686 116.69817 40.128
1202207986 116.69834 40.12791
1202208286 116.69835 40.12808
1202208586 116.69835 40.12812
1202208886 116.69832 40.12815
1202209186 116.69837 40.1281
1202209486 116.69524 40.12624
1202209786 116.66908 40.11463
1202210086 116.62571 40.11654
1202210386 116.58915 40.117
1202210686 116.55803 40.1114
1202210986 116.55123 40.07759
1202211286 116.53414 40.05266
1202212786 116.45699 39.99968
1202213086 116.45651 39.99784
1202213086 116.45651 39.99784
1202213386 116.45666 39.99177
1202213461 116.45632 39.98837
1202213761 116.44103 39.99229
1202213764 116.44106 39.99232
1202214064 116.42681 39.99222
1202214364 116.41834 39.99723
1202214664 116.4173 39.98776
1202214964 116.41437 39.98784
1202215264 116.41566 39.98637
1202215564 116.41482 39.98687
1202215632 116.41309 39.98759
1202215932 116.35799 39.98604
1202216232 116.34477 39.96672
1202216518 116.33974 39.96218
1202216818 116.34052 39.95972
1202216949 116.34005 39.96175
1202217249 116.36382 39.96526
1202217477 116.36887 39.95558
1202217777 116.36928 39.9564
1202218077 116.37949 39.96089
1202218377 116.37943 39.96178
1202218677 116.37903 39.96665
1202218977 116.39469 39.96695
1202219094 116.39568 39.96701
1202219394 116.397 39.96124
1202219694 116.39922 39.95984
1202219994 116.40747 39.94775
1202220294 116.41943 39.93167
1202220594 116.41991 39.91805
1202220678 116.4204 39.91523
1202220894 116.41143 39.91762
1202221172 116.41079 39.9308
1202221472 116.42058 39.92803
1202221772 116.42331 39.92802
1202222072 116.42464 39.92582
1202222372 116.41188 39.92306
1202222372 116.41188 39.92306
1202222672 116.4059 39.91422
1202222972 116.40737 39.91294
1202223272 116.4123 39.9147
1202223572 116.40848 39.91331
1202223582 116.40846 39.91275
1202223882 116.41194 39.90312
1202224182 116.41214 39.90098
1202224482 116.41445 39.89165
1202224704 116.42444 39.88936
1202225004 116.42194 39.89339
1202225167 116.41858 39.89611
1202225467 116.4121 39.89614
1202225767 116.41457 39.8794
1202226067 116.40742 39.86495
1202226367 116.3965 39.86621
1202226414 116.39689 39.8662
1202226714 116.40727 39.86737
1202226714 116.40727 39.86737
1202227014 116.41522 39.87373
1202227314 116.41868 39.87706
1202227528 116.41877 39.88073
1202227828 116.41518 39.86816
1202228428 116.41412 39.84827
1202228511 116.4131 39.84795
1202228811 116.41744 39.84953
1202229111 116.41767 39.85306
1202229411 116.41764 39.85308
1202229711 116.41753 39.85314
1202230011 116.41762 39.85314
1202230311 116.41765 39.85364
1202230611 116.426 39.8571
1202230748 116.4219 39.85751
1202231048 116.4134 39.85622
1202231648 116.33953 39.84015
1202231648 116.33953 39.84015
1202231948 116.30734 39.82953
1202232115 116.30693 39.82603
1202232415 116.32906 39.82913
1202232715 116.35292 39.84087
1202232822 116.35578 39.84447
1202233121 116.3725 39.85563
1202233422 116.4302 39.85726
1202233722 116.43253 39.86318
1202234022 116.43898 39.86447
1202234078 116.43878 39.86477
1202234378 116.43863 39.87293
1202234631 116.44167 39.87499
1202234931 116.42979 39.90479
1202235231 116.40627 39.90684
1202235450 116.40338 39.90713
1202235750 116.40284 39.91173
1202235750 116.40284 39.91173
1202236050 116.41253 39.9134
1202236091 116.41232 39.91316
1202236391 116.41151 39.90625
1202236691 116.4428 39.90707
1202236970 116.48741 39.9068
1202236991 116.49282 39.90677
1202248480 116.45265 39.92194
1202248779 116.47543 39.92137
1202249079 116.50171 39.91995
1202249107 116.50167 39.91993
1202249407 116.49611 39.9265
1202249611 116.49712 39.92704
1202249911 116.50789 39.91527
1202250011 116.5069 39.91652
1202250310 116.49564 39.91483
1202250610 116.48411 39.92792
1202250910 116.48321 39.95379
1202251210 116.47232 39.97898
1202251285 116.47225 39.97857
1202251585 116.48361 39.97923
1202251637 116.48394 39.97895
1202251937 116.48702 39.99221
1202252237 116.51361 40.01865
1202252237 116.51361 40.01865
1202252537 116.53169 40.04851
1202252837 116.55143 40.07749
1202253137 116.55626 40.10607
1202253437 116.5953 40.11678
1202253737 116.64272 40.11621
1202254037 116.69313 40.12376
1202254337 116.6985 40.12793
1202254937 116.69845 40.12789
1202255237 116.69845 40.12789
1202255537 116.69847 40.12788
1202255837 116.69852 40.12785
1202256137 116.69854 40.12786
1202256437 116.69853 40.12787
1202256737 116.69854 40.12795
1202257037 116.70004 40.12627
1202257337 116.69827 40.12787
1202257637 116.69818 40.12817
1202257937 116.69822 40.1281
1202258237 116.69824 40.12807
1202258537 116.6983 40.12796
1202258837 116.69831 40.12793
1202259137 116.69832 40.12793
1202259437 116.69861 40.12786
1202259737 116.69823 40.12804
1202260037 116.69833 40.128
1202260637 116.69833 40.12791
1202260937 116.69832 40.12792
1202260937 116.69832 40.12792
1202261237 116.69833 40.12789
1202261537 116.69834 40.12787
1202261837 116.69835 40.12786
1202262137 116.69835 40.12784
1202262437 116.69836 40.12784
1202262737 116.69841 40.12779
1202263337 116.69837 40.12777
1202263937 116.69837 40.12775
1202264237 116.69837 40.12775
1202264536 116.69826 40.12768
1202264836 116.69831 40.12776
1202265136 116.69858 40.12777
1202265436 116.69848 40.12774
1202265736 116.69823 40.12774
1202266036 116.69833 40.12779
1202266336 116.69871 40.1277
1202266636 116.69864 40.12776
1202266936 116.6991 40.1278
1202267236 116.69847 40.12772
1202267536 116.69846 40.12773
1202268136 116.69844 40.12774
1202268436 116.69844 40.12774
1202268736 116.69843 40.12775
1202269036 116.69843 40.12775
1202269636 116.69843 40.12776
1202269636 116.69843 40.12776
1202269936 116.69843 40.12776
1202270236 116.69842 40.12776
1202270536 116.69842 40.12776
1202270836 116.69839 40.12796
1202271136 116.69838 40.12792
1202271436 116.69839 40.12791
1202271736 116.69843 40.12809
1202272036 116.69841 40.12781
1202272336 116.69847 40.12795
1202272636 116.69836 40.12787
1202272936 116.69829 40.12778
1202273236 116.69828 40.12765
1202273536 116.69831 40.12771
1202273836 116.69834 40.12774
1202274136 116.69836 40.12775
1202274436 116.6985 40.12778
1202274736 116.69851 40.12778
1202275036 116.69845 40.12782
1202275336 116.69819 40.12749
1202275636 116.69884 40.12836
1202275936 116.6983 40.12777
1202276236 116.69847 40.12779
1202276536 116.69832 40.12759
1202277136 116.69858 40.12785
1202277436 116.69854 40.1278
1202277736 116.6985 40.1278
1202278036 116.69844 40.12781
1202278336 116.69843 40.1278
1202278336 116.69843 40.1278
1202278636 116.69843 40.1278
1202278936 116.69843 40.1278
1202279236 116.69842 40.1278
1202279536 116.69841 40.12781
1202279835 116.69832 40.12807
1202280435 116.69821 40.12809
1202280735 116.69838 40.1279
1202281035 116.69868 40.12751
1202281335 116.69816 40.128
1202281425 116.4328 39.92323
1202281635 116.69838 40.12807
1202281935 116.69837 40.12807
1202282235 116.69847 40.12789
1202282535 116.69846 40.12792
1202282835 116.69847 40.12789
1202283135 116.69811 40.12817
1202283435 116.69858 40.12799
1202283735 116.69824 40.12802
1202284035 116.69811 40.12821
1202284335 116.69795 40.128
1202284635 116.69806 40.12806
1202285235 116.69827 40.12786
1202285535 116.69838 40.12802
1202285835 116.69839 40.12803
1202286135 116.69833 40.12789
1202286435 116.69847 40.12778
1202286735 116.69834 40.12765
1202287035 116.69831 40.128
1202287035 116.69831 40.128
1202287335 116.69857 40.12773
1202287935 116.69895 40.12807
1202288235 116.69848 40.12792
1202288535 116.69804 40.12791
1202288835 116.69876 40.12807
1202289135 116.69845 40.12791
1202289435 116.69845 40.1279
1202289735 116.69844 40.12791
1202290035 116.69842 40.12775
1202290335 116.69843 40.12776
1202290635 116.69856 40.12785
1202290935 116.69824 40.128
1202291235 116.69873 40.12779
1202291535 116.69831 40.12772
1202291835 116.69834 40.1278
1202292135 116.69832 40.12787
1202292735 116.6982 40.12818
1202293035 116.69818 40.12824
1202293335 116.69823 40.12819
1202293635 116.69832 40.12803
1202293935 116.69836 40.12799
1202294234 116.69837 40.12798
1202294534 116.69847 40.12775
1202294834 116.69848 40.12783
1202295434 116.69842 40.12775
1202295734 116.69842 40.12767
1202295734 116.69842 40.12767
1202296034 116.6983 40.12758
1202296334 116.69841 40.1279
1202296634 116.69836 40.12762
1202296934 116.69838 40.12796
1202297234 116.69832 40.12789
1202297534 116.69555 40.12792
1202297834 116.66503 40.11508
1202298434 116.57682 40.11691
1202298734 116.55662 40.10837
1202299034 116.5499 40.06903
1202299334 116.52945 40.0448
1202299634 116.51543 40.02152
1202299934 116.48587 40.00189
1202300234 116.46372 40.00045
1202300660 116.4666 39.98318
1202302852 116.46693 39.98221
1202303073 116.46523 39.9905
1202303124 116.46561 39.99005
1202303424 116.46017 39.97907
1202303724 116.45085 39.97906
1202304024 116.44217 39.97167
1202304324 116.44211 39.97209
1202304624 116.44214 39.97203
1202304639 116.44266 39.97228
1202304939 116.40901 39.96771
1202305239 116.37222 39.96491
1202305294 116.37233 39.96503
1202305594 116.37085 39.96111
1202305594 116.37085 39.96111
1202305783 116.37091 39.96652
1202306083 116.37291 39.9801
1202306120 116.37292 39.98048
1202306420 116.35626 39.98041
1202306504 116.35186 39.98021
1202306725 116.35107 39.99191
1202307025 116.35158 39.99201
1202307051 116.35302 39.9921
1202307051 116.35302 39.9921
1202307351 116.37443 39.97846
1202307651 116.38107 39.94733
1202307951 116.42765 39.93751
1202308251 116.42319 39.90379
1202308391 116.42078 39.9036
1202308691 116.41826 39.90667
1202309188 116.43267 39.90505
1202309488 116.4381 39.89106
1202310088 116.39382 39.85009
1202310388 116.39724 39.83282
1202310415 116.39725 39.83282
1202310688 116.4073 39.84096
1202310988 116.42652 39.83613
1202311022 116.42654 39.83614
1202311322 116.42209 39.83897
1202311622 116.42254 39.85331
1202311922 116.4254 39.85997
1202312222 116.42766 39.86454
1202312398 116.42481 39.86483
1202312698 116.41431 39.85613
1202312997 116.40843 39.84547
1202313297 116.41052 39.85185
1202313366 116.40942 39.85249
1202313666 116.40805 39.8562
1202313966 116.3944 39.87128
1202314266 116.3681 39.87726
1202314396 116.36521 39.87753
1202314566 116.36841 39.88091
1202314866 116.3688 39.89407
1202314951 116.36892 39.89495
1202315166 116.37343 39.89439
1202315166 116.37343 39.89439
1202315466 116.35966 39.88866
1202315766 116.34556 39.89449
1202315858 116.34599 39.89359
1202316068 116.34679 39.89596
1202316368 116.35055 39.91983
1202316668 116.37253 39.94914
1202316939 116.3772 39.97155
1202317239 116.38809 39.97118
1202317539 116.37956 39.96169
1202317839 116.37971 39.96142
1202317900 116.37867 39.96165
1202318200 116.3742 39.95358
1202318563 116.38567 39.95211
1202318793 116.39324 39.95022
1202319093 116.40222 39.94123
1202319117 116.40226 39.94052
1202319417 116.38988 39.93557
1202319437 116.39 39.93476
1202319737 116.37608 39.92133
1202320037 116.37656 39.90558
1202320337 116.37825 39.89499
1202320431 116.3784 39.89307
1202320937 116.35319 39.88807
1202321237 116.35044 39.90606
1202321537 116.33936 39.9127
1202321675 116.33541 39.91259
1202321975 116.34146 39.90816
1202322275 116.34867 39.91252
1202322944 116.34899 39.9394
1202323081 116.35006 39.93311
1202323344 116.35328 39.93561
1202323644 116.35601 39.94119
1202323655 116.35601 39.94119
1202323956 116.35778 39.941
1202324255 116.35779 39.94091
1202324418 116.35787 39.93965
1202324718 116.34201 39.9506
1202325018 116.33018 39.95628
1202325019 116.33008 39.9563
1202325318 116.33978 39.95713
1202325318 116.33978 39.95713
1202325618 116.34968 39.93119
1202325918 116.35999 39.89805
1202326218 116.37941 39.89824
1202326309 116.37866 39.89799
1202326609 116.38541 39.89862
1202326908 116.37981 39.89901
1202327208 116.37792 39.90261
1202327811 116.36724 39.92522
1202328111 116.36616 39.94654
1202328254 116.37409 39.94852
1202328554 116.37001 39.94705
1202328731 116.37303 39.94109
1202329061 116.36667 39.93657
1202329361 116.36038 39.94581
1202329420 116.35729 39.94482
1202329720 116.35241 39.95451
1202330020 116.35523 39.95404
1202330250 116.35535 39.95305
1202330866 116.37587 39.94007
1202330888 116.37589 39.94007
1202331150 116.36209 39.9393
1202331450 116.34412 39.94275
1202332592 116.34967 39.9297
1202333192 116.39647 39.90625
1202333492 116.42052 39.90409
1202333524 116.42052 39.90407
1202333824 116.42406 39.90676
1202334124 116.43406 39.90485
1202334424 116.43484 39.91157
1202334935 116.44377 39.91196
1202335535 116.46549 39.88276
1202335798 116.46872 39.87861
1202335934 116.4639 39.87824
1202336234 116.45532 39.87008
1202336534 116.42307 39.8571
1202336834 116.41553 39.84593
1202336846 116.41552 39.84595
1202337134 116.42804 39.85723
1202337434 116.45529 39.88943
1202337734 116.45569 39.9389
1202338034 116.43813 39.9568
1202338081 116.43853 39.95734
1202338081 116.43853 39.95734
1202338381 116.43036 39.95823
1202338437 116.43548 39.9589
1202338737 116.4556 39.93478
1202339037 116.45511 39.8823
1202339337 116.46958 39.84342
1202339637 116.44114 39.83023
1202339936 116.4496 39.80952
1202340236 116.42652 39.80287
1202340271 116.4265 39.80286
1202340870 116.44903 39.81505
1202341170 116.44836 39.81828
1202341470 116.44074 39.83871
1202341748 116.44325 39.85797
1202342048 116.45549 39.88271
1202342232 116.44977 39.88734
1202342532 116.45585 39.90278
1202342669 116.45615 39.90908
1202342969 116.45632 39.93366
1202342983 116.45633 39.93365
1202343269 116.43793 39.96349
1202343569 116.42954 39.96582
1202343572 116.42954 39.96582
1202343872 116.45039 39.95891
1202345666 116.55017 40.07035
1202345907 116.55529 40.10053
1202345907 116.55529 40.10053
1202346207 116.58137 40.11693
1202346507 116.62285 40.11637
1202346807 116.66803 40.11442
1202347107 116.69689 40.12806
1202347407 116.69837 40.12797
1202347707 116.69848 40.12793
1202348007 116.69847 40.12788
1202348307 116.69847 40.12784
1202348607 116.69847 40.12782
1202348907 116.69863 40.12741
1202349207 116.69853 40.12774
1202349507 116.69815 40.1276
1202350407 116.69864 40.12771
1202350707 116.69862 40.12775
1202351007 116.69859 40.12776
1202351307 116.69858 40.12778
1202351607 116.69859 40.12779
1202351907 116.69864 40.12785
1202352207 116.69863 40.12787
1202352507 116.69862 40.12787
1202352807 116.69863 40.12786
1202353107 116.69862 40.12785
1202353407 116.6986 40.12784
1202354007 116.69867 40.12757
1202354307 116.69841 40.12783
1202354607 116.69845 40.12777
1202354607 116.69845 40.12777
1202354906 116.69848 40.12776
1202355206 116.6985 40.12774
1202355506 116.69852 40.12775
1202355806 116.69852 40.12775
1202356106 116.69854 40.12775
1202356406 116.69855 40.12775
1202356706 116.69855 40.12775
1202357006 116.69855 40.12774
1202357306 116.69855 40.12774
1202357906 116.69856 40.12774
1202358206 116.69857 40.12774
1202358506 116.69857 40.12773
1202358806 116.69849 40.12762
1202359106 116.69857 40.12765
1202359406 116.69858 40.12766
1202359706 116.69857 40.12769
1202360006 116.69859 40.1277
1202360306 116.69859 40.12771
1202360906 116.69861 40.12772
1202361806 116.69859 40.12773
1202362106 116.69858 40.12773
1202362406 116.6985 40.12772
1202363306 116.69851 40.12796
1202363306 116.69851 40.12796
1202363606 116.69857 40.12793
1202363906 116.6986 40.12791
1202364206 116.69859 40.1279
1202364506 116.69857 40.12795
1202364806 116.69858 40.12794
1202365406 116.69841 40.128
1202365706 116.69847 40.12791
1202366006 116.6985 40.1279
1202366306 116.69849 40.1279
1202366606 116.69849 40.1279
1202366906 116.69858 40.12779
1202367206 116.69858 40.12779
1202367506 116.69854 40.12781
1202367806 116.69854 40.12782
1202367848 116.69848 40.12794
1202368107 116.69825 40.12755
1202368407 116.69863 40.12802
1202368706 116.69856 40.12746
1202369006 116.69849 40.12748
1202369306 116.69886 40.12734
1202369605 116.69863 40.12786
1202369905 116.69864 40.12786
1202370205 116.69869 40.12783
1202370505 116.69865 40.12779
1202371105 116.69862 40.12785
1202371405 116.69862 40.12782
1202371705 116.6985 40.12775
1202372005 116.69854 40.12798
1202372005 116.69854 40.12798
1202372305 116.69853 40.12793
1202372605 116.69853 40.12792
1202372905 116.69856 40.12801
1202373205 116.69853 40.12774
1202373505 116.69866 40.12803
1202373805 116.69862 40.12775
1202374105 116.69861 40.12775
1202374405 116.6986 40.12776
1202374705 116.69846 40.12807
1202375005 116.69851 40.12801
1202375305 116.69857 40.12793
1202375605 116.69865 40.12792
1202375905 116.69855 40.12783
1202376205 116.69859 40.1279
1202376505 116.69856 40.12791
1202376805 116.69856 40.12792
1202377105 116.69855 40.12792
1202377405 116.69855 40.12792
1202377705 116.69861 40.12778
1202378005 116.6986 40.12781
1202378305 116.69858 40.12783
1202378605 116.69858 40.12785
1202378905 116.69858 40.12785
1202379205 116.69857 40.12782
1202379505 116.69858 40.12781
1202379805 116.69858 40.1278
1202380105 116.69858 40.12781
1202380405 116.69858 40.12781
1202380705 116.69858 40.12781
1202380705 116.69858 40.12781
1202381005 116.69858 40.12782
1202381305 116.69821 40.12755
1202381605 116.699 40.12767
1202381905 116.69874 40.12788
1202382205 116.6987 40.12786
1202382505 116.69856 40.12774
1202382805 116.69861 40.12768
1202383105 116.6983 40.12787
1202383405 116.67486 40.11457
1202383705 116.62759 40.11641
1202384005 116.58638 40.11718
1202384305 116.55487 40.09953
1202384604 116.54575 40.06062
1202384904 116.5281 40.04198
1202385204 116.50696 40.01084
1202385493 116.47649 40.00055
1202385793 116.46119 40.01273
1202386085 116.47208 40.02126
1202386370 116.46076 40.01502
1202386713 116.45629 39.99174
1202387013 116.45089 39.98379
1202387313 116.44439 39.97362
1202387613 116.44219 39.97193
1202387809 116.44011 39.97232
1202388109 116.43673 39.9876
1202388287 116.42703 39.99219
1202388409 116.41817 39.99228
1202388709 116.3939 39.98719
1202389009 116.37781 39.99654
1202389102 116.37416 39.99797
1202389309 116.37915 39.99614
1202389732 116.34739 39.97518
1202390237 116.34043 39.9525
1202390509 116.3393 39.95265
1202391408 116.26766 39.94528
1202392067 116.20435 39.94064
1202392308 116.20155 39.92357
1202392308 116.20155 39.92357
1202403679 116.43553 39.92207
1202403978 116.42154 39.94916
1202404082 116.42195 39.94888
1202404316 116.42347 39.9483
1202404619 116.4423 39.93982
1202404916 116.46185 39.94907
1202405216 116.46394 39.94368
1202405515 116.45638 39.94842
1202405643 116.45839 39.94861
1202405643 116.45839 39.94861
1202405943 116.47633 39.95606
1202406242 116.47666 39.95546
1202406542 116.47667 39.95547
1202406842 116.47667 39.95546
1202407142 116.47667 39.95546
1202407442 116.47667 39.95546
1202407742 116.47667 39.95546
1202408042 116.46562 39.95122
1202408342 116.45677 39.94575
1202408642 116.44811 39.95021
1202408942 116.43497 39.95366
1202409058 116.43366 39.95746
1202409358 116.41962 39.94847
1202409658 116.41804 39.93223
1202409958 116.40449 39.92524
1202410258 116.41097 39.91613
1202410405 116.40605 39.9136
1202410558 116.40284 39.91414
1202410858 116.39039 39.90625
1202411158 116.3783 39.89942
1202411158 116.3783 39.89942
1202411211 116.37794 39.89969
1202411463 116.37313 39.90278
1202411763 116.35255 39.8984
1202412063 116.34136 39.88987
1202412145 116.34105 39.88827
1202412445 116.3472 39.88936
1202412547 116.34717 39.89583
1202412745 116.35854 39.89754
1202412863 116.36818 39.8971
1202413163 116.36822 39.88143
1202413463 116.37656 39.87904
1202413504 116.37682 39.87951
1202413786 116.38133 39.87799
1202414063 116.38046 39.85748
1202414363 116.39376 39.85312
1202414663 116.39458 39.836
1202414963 116.39563 39.81625
1202415230 116.39939 39.81234
1202415414 116.3967 39.81234
1202415714 116.39501 39.83633
1202416014 116.38897 39.85597
1202416314 116.32719 39.84772
1202416614 116.30461 39.88357
1202416914 116.3006 39.88837
1202417214 116.30077 39.88902
1202417372 116.30291 39.89035
1202417672 116.3046 39.8914
1202417972 116.30467 39.90785
1202418140 116.30534 39.90785
1202418439 116.2981 39.92358
1202418739 116.26958 39.92795
1202418752 116.26958 39.92795
1202419039 116.29436 39.93096
1202419251 116.3108 39.9309
1202419406 116.31371 39.93314
1202419706 116.34472 39.93844
1202419729 116.34689 39.93851
1202420442 116.36812 39.96423
1202420442 116.36812 39.96423
1202420742 116.37341 39.95991
1202420809 116.37701 39.96194
1202421109 116.38761 39.94782
1202421298 116.38505 39.94044
1202421567 116.38435 39.93214
1202421867 116.34463 39.93214
1202421867 116.34463 39.93214
1202422167 116.44806 39.9324
1202422467 116.47208 39.93237
1202422467 116.47208 39.93237
1202422767 116.49437 39.93415
1202423066 116.51114 39.93315
1202423249 116.50583 39.92471
1202423372 116.51126 39.9229
1202423672 116.48388 39.94296
1202423972 116.44099 39.9845
1202424272 116.41119 39.9972
1202424388 116.40635 39.99808
1202424586 116.40613 39.99815
1202424886 116.40091 39.9715
1202425186 116.40673 39.96457
1202425483 116.39637 39.94424
1202425545 116.39656 39.94335
1202425845 116.38389 39.94779
1202426352 116.38602 39.9501
1202426652 116.41677 39.94789
1202426952 116.46293 39.96933
1202427252 116.48197 39.98768
1202427422 116.48399 39.98954
1202427722 116.51142 40.01528
1202428022 116.5305 40.04638
1202428322 116.55142 40.0762
1202428336 116.55142 40.07619
1202428636 116.55597 40.10406
1202428936 116.59281 40.11672
1202429236 116.62862 40.11636
1202429536 116.6877 40.12021
1202429836 116.69852 40.12773
1202430136 116.69855 40.12773
1202430436 116.69856 40.12773
1202430736 116.69856 40.12774
1202431036 116.69856 40.12775
1202431336 116.69857 40.12776
1202431636 116.69857 40.12777
1202431936 116.69857 40.12777
1202432236 116.69849 40.12802
1202432536 116.69856 40.12766
1202432836 116.69843 40.12804
1202433136 116.69848 40.128
1202433436 116.6985 40.12798
1202433736 116.69851 40.12795
1202434336 116.69852 40.12793
1202434636 116.69852 40.12792
1202434936 116.6989 40.12756
1202434936 116.6989 40.12756
1202435236 116.69876 40.12763
1202435536 116.69875 40.12788
1202435836 116.69864 40.12782
1202437335 116.69864 40.12798
1202438835 116.69866 40.12788
1202439135 116.6986 40.12788
1202439435 116.69861 40.1279
1202439735 116.69867 40.12792
1202440035 116.69864 40.12789
1202440335 116.69861 40.12787
1202440635 116.6986 40.12786
1202440935 116.69861 40.12783
1202441235 116.69861 40.12782
1202441535 116.69861 40.12782
1202441835 116.6986 40.12783
1202442135 116.69859 40.12761
1202442435 116.69862 40.12772
1202442735 116.69861 40.12773
1202443035 116.6986 40.12775
1202443335 116.69859 40.12776
1202443635 116.6985 40.12815
1202443635 116.6985 40.12815
1202443935 116.69854 40.12795
1202444235 116.69857 40.12787
1202444535 116.69859 40.12782
1202445135 116.69862 40.12778
1202445435 116.69857 40.12769
1202445735 116.69869 40.12791
1202446035 116.69863 40.12787
1202446335 116.69866 40.12785
1202446635 116.69868 40.12785
1202446935 116.69868 40.12784
1202447235 116.69868 40.12783
1202447535 116.69868 40.12782
1202447835 116.69866 40.12782
1202448135 116.69864 40.12783
1202448435 116.69864 40.12783
1202448735 116.69861 40.12786
1202449035 116.69827 40.12799
1202449335 116.69835 40.12795
1202449635 116.69841 40.12794
1202449935 116.69828 40.12808
1202450235 116.69847 40.12784
1202450535 116.69837 40.1281
1202450835 116.69833 40.12769
1202451135 116.69847 40.12783
1202451434 116.69851 40.12786
1202451734 116.69852 40.12787
1202452034 116.69852 40.12788
1202452334 116.69854 40.12788
1202452634 116.69854 40.12788
1202452934 116.69854 40.12788
1202453234 116.69855 40.12787
1202453534 116.69855 40.12787
1202453834 116.69868 40.12746
1202454134 116.69864 40.12787
1202454434 116.69863 40.12782
1202454625 116.44384 39.92073
1202454735 116.69864 40.12802
1202455034 116.69894 40.12849
1202455334 116.69856 40.12767
1202455634 116.69866 40.12794
1202455934 116.69888 40.12734
1202456234 116.69867 40.12772
1202456534 116.69862 40.12772
1202456834 116.69861 40.12775
1202457134 116.69861 40.12777
1202457434 116.69861 40.12777
1202457734 116.69861 40.12777
1202458034 116.69862 40.12777
1202458334 116.69861 40.12778
1202458634 116.69877 40.12744
1202458934 116.6985 40.12771
1202459234 116.6985 40.12774
1202459834 116.69852 40.12776
1202460134 116.69854 40.12777
1202460434 116.69855 40.12778
1202460734 116.69855 40.12779
1202461334 116.69856 40.12789
1202461634 116.69856 40.12789
1202461934 116.69856 40.1279
1202462234 116.69856 40.1279
1202462534 116.69856 40.12788
1202462834 116.69855 40.12781
1202463134 116.69855 40.12783
1202463434 116.69857 40.12785
1202463734 116.69852 40.12791
1202464034 116.69853 40.12791
1202464334 116.69853 40.12792
1202464634 116.69859 40.12782
1202464634 116.69859 40.12782
1202464934 116.69859 40.12791
1202465234 116.69858 40.12788
1202465534 116.69853 40.12785
1202465834 116.69853 40.12784
1202466134 116.69853 40.12784
1202466434 116.69859 40.12759
1202466734 116.6986 40.12792
1202467033 116.69849 40.12779
1202467333 116.69853 40.12782
1202467633 116.69853 40.12783
1202467933 116.69848 40.12821
1202468233 116.69859 40.12798
1202468533 116.69853 40.12791
1202468833 116.69853 40.12791
1202469133 116.6986 40.12796
1202469433 116.69859 40.12792
1202469733 116.69871 40.12779
1202469733 116.69871 40.12779
1202470033 116.69867 40.1281
1202470333 116.69846 40.12787
1202470633 116.69863 40.12781
1202470933 116.69863 40.12782
1202471233 116.69863 40.12783
1202471533 116.69864 40.12783
1202471833 116.69864 40.12783
1202472133 116.69855 40.12787
1202472433 116.68852 40.12104
1202472733 116.6589 40.11567
1202473033 116.61055 40.11665
1202473333 116.56094 40.11582
1202473633 116.55353 40.09097
1202473790 116.55149 40.07863
1202473790 116.55149 40.07863
1202474034 116.55902 40.06139
1202474334 116.53516 40.05376
1202475350 116.46967 40.0001
1202475483 116.45763 39.99598
1202475601 116.45631 39.99207
1202475901 116.4502 39.98139
1202476201 116.44392 39.97413
1202476501 116.44339 39.96398
1202476552 116.44195 39.96315
1202476852 116.44938 39.94009
1202476973 116.4441 39.93932
1202477273 116.43829 39.93506
1202477273 116.43829 39.93506
1202477508 116.98352 40.16174
1202477508 116.43128 39.93978
1202477808 116.4294 39.9078
1202477981 116.42298 39.90494
1202478281 116.4349 39.91025
1202478511 116.43496 39.91463
1202478811 116.44824 39.92181
1202479111 116.45576 39.94651
1202479411 116.48096 39.98559
1202479711 116.50148 39.98685
1202479964 116.51235 40.00014
1202480263 116.49857 39.98671
1202480563 116.47754 39.99071
1202480863 116.46585 39.99846
1202481017 116.46919 39.99623
1202481169 116.48035 39.99403
1202481469 116.47856 39.99716
1202481513 116.47949 39.99647
1202481813 116.45684 39.97473
1202482113 116.42469 39.96798
1202482413 116.41198 39.96811
1202482643 116.41229 39.95589
1202482943 116.42405 39.95781
1202483001 116.42595 39.95621
1202483301 116.42831 39.92659
1202483601 116.43865 39.88694
1202483901 116.44565 39.87494
1202483940 116.44569 39.875
1202483940 116.44569 39.875
1202484240 116.43931 39.87438
1202484403 116.43991 39.87497
1202484678 116.45023 39.88255
1202484703 116.44778 39.88316
1202485003 116.43029 39.90766
1202485303 116.40063 39.90928
1202485603 116.40507 39.91883
1202485622 116.40507 39.91884
1202485903 116.41146 39.91644
1202486203 116.41202 39.90027
1202486503 116.41339 39.88546
1202486803 116.41456 39.88025
1202487103 116.42823 39.87953
1202487403 116.4317 39.8762
1202487403 116.4317 39.8762
1202487576 116.43325 39.87398
1202487703 116.43114 39.8696
1202487924 116.4144 39.8642
1202488224 116.39884 39.8637
1202488230 116.39951 39.8637
1202488530 116.42552 39.86952
1202488830 116.43363 39.87201
1202489130 116.43287 39.87513
1202489142 116.43287 39.87512
1202489430 116.42852 39.87903
1202489685 116.41504 39.88005
1202489985 116.41828 39.8838
1202490078 116.41688 39.88278
1202490378 116.41535 39.8565
1202490520 116.40793 39.85364
1202490820 116.41395 39.85399
1202491120 116.42459 39.86194
1202491212 116.42293 39.86452
1202491512 116.40852 39.85616
1202491743 116.39944 39.85694
1202492043 116.38813 39.85712
1202492136 116.38465 39.85919
