UTS Latitude Longitude
1201959252 116.29668 39.91169
1201959363 116.30136 39.9116
1201959553 116.30533 39.91065
1201959664 116.30833 39.90998
1201959855 116.31433 39.90957
1201959966 116.31483 39.90924
1201960156 116.3148 39.90842
1201960268 116.31482 39.90775
1201960458 116.31515 39.90015
1201960569 116.31756 39.89835
1201960760 116.32121 39.89838
1201960871 116.32182 39.90014
1201961173 116.32893 39.90453
1201961363 116.32946 39.91243
1201961363 116.32946 39.91243
1201961474 116.33293 39.91283
1201961665 116.33742 39.91707
1201961776 116.34019 39.91706
1201961966 116.34143 39.92026
1201962078 116.34143 39.92026
1201962379 116.34146 39.92027
1201962570 116.34146 39.92027
1201962681 116.34146 39.92027
1201962871 116.34146 39.92027
1201962983 116.34161 39.92025
1201963173 116.34025 39.92002
1201963284 116.34025 39.92002
1201963475 116.34025 39.92002
1201963586 116.34025 39.92002
1201963776 116.34025 39.92002
1201963888 116.34025 39.92002
1201965284 116.34016 39.92012
1201965440 116.34016 39.92012
1201965586 116.34016 39.92012
1201965741 116.33008 39.91721
1201965887 116.33879 39.9156
1201966043 116.34292 39.91277
1201966189 116.34872 39.9126
1201966345 116.3501 39.90348
1201966491 116.35267 39.89758
1201966646 116.35713 39.89546
1201967250 116.35796 39.86954
1201967551 116.3649 39.86843
1201967697 116.36832 39.87515
1201967853 116.36824 39.88469
1201967999 116.36212 39.88805
1201968155 116.35711 39.89144
1201968301 116.35729 39.88828
1201968456 116.35752 39.88165
1201968602 116.3577 39.87486
1201969060 116.36474 39.86852
1201969206 116.38158 39.86852
1201969361 116.38066 39.86032
1201969507 116.36826 39.85591
1201969663 116.34626 39.8504
1201969809 116.34173 39.85842
1201970085 116.3334 39.86243
1201970113 116.33165 39.86319
1201970415 116.31076 39.86662
1201970688 116.30524 39.87772
1201970717 116.3048 39.88145
1201970990 116.30441 39.91215
1201971018 116.30436 39.91547
1201971292 116.29603 39.92269
1201971320 116.29138 39.92274
1201971622 116.28927 39.92255
1201971895 116.3048 39.92252
1201971923 116.30449 39.92497
1201972197 116.30822 39.93917
1201972225 116.31298 39.93796
1201972498 116.33481 39.93736
1201972527 116.33098 39.93706
1201972800 116.32251 39.93752
1201972828 116.32251 39.93752
1201973102 116.31913 39.93332
1201973130 116.31932 39.9313
1201973403 116.30891 39.93119
1201973432 116.30693 39.93122
1201973705 116.30317 39.95493
1201973733 116.3026 39.95858
1201974007 116.29951 39.98287
1201974035 116.29966 39.98121
1201974308 116.30103 39.97457
1201974337 116.29966 39.97449
1201974610 116.29548 39.96731
1201974638 116.29579 39.96574
1201974912 116.29674 39.96057
1201974940 116.2967 39.96026
1201975820 116.30227 39.95712
1201975826 116.30227 39.95712
1201976122 116.30297 39.95268
1201976128 116.303 39.95231
1201976424 116.3037 39.94263
1201976429 116.30371 39.94244
1201976731 116.3037 39.94123
1201977027 116.34044 39.93749
1201977027 116.34044 39.93749
1201977033 116.34099 39.93766
1201977033 116.34099 39.93766
1201977329 116.34591 39.94044
1201977334 116.34591 39.94044
1201977630 116.34547 39.94024
1201977636 116.34549 39.93986
1201977932 116.34921 39.93224
1201977938 116.34921 39.93224
1201978234 116.34991 39.92311
1201978239 116.34992 39.92298
1201978535 116.3504 39.91154
1201978541 116.35039 39.91126
1201978837 116.346 39.89698
1201978843 116.34522 39.89694
1201979139 116.34172 39.86124
1201979144 116.34163 39.86055
1201979440 116.36896 39.85571
1201979446 116.36972 39.85571
1201979742 116.39282 39.85564
1201980044 116.4072 39.85546
1201980049 116.4072 39.85546
1201980345 116.414 39.8516
1201980351 116.41398 39.85126
1201980647 116.40826 39.85318
1201980647 116.40826 39.85318
1201980653 116.40813 39.85346
1201980949 116.40801 39.85467
1201980954 116.40801 39.85467
1201981250 116.39872 39.86382
1201981256 116.39918 39.86382
1201981552 116.41713 39.86417
1201981558 116.41724 39.86417
1201981854 116.42625 39.86455
1201981859 116.42626 39.86455
1201982155 116.43233 39.86462
1201982161 116.43233 39.86462
1201982457 116.43284 39.86586
1201982463 116.4329 39.86636
1201982759 116.45238 39.87003
1201982764 116.45256 39.87003
1201983060 116.45446 39.86801
1201983066 116.45446 39.86801
1201983362 116.45224 39.86848
1201983664 116.44977 39.86281
1201983669 116.44932 39.86269
1201983965 116.43723 39.85772
1201983971 116.43693 39.85773
1201984273 116.42687 39.85737
1201984273 116.42687 39.85737
1201984569 116.41959 39.85693
1201984569 116.41959 39.85693
1201984574 116.41955 39.85693
1201984870 116.41683 39.85655
1201984876 116.41683 39.85655
1201985172 116.41261 39.85613
1201985178 116.41246 39.85616
1201985473 116.3937 39.86336
1201985478 116.39368 39.8637
1201986076 116.37875 39.88415
1201986082 116.37872 39.88463
1201986378 116.37864 39.88784
1201986383 116.3786 39.88803
1201986679 116.37785 39.9022
1201986685 116.37783 39.90251
1201986981 116.3769 39.90433
1201986987 116.3769 39.90433
1201987283 116.3769 39.90433
1201987288 116.3769 39.90433
1201987584 116.37661 39.90516
1201987590 116.37661 39.90516
1201987886 116.37556 39.92107
1201987892 116.37526 39.92133
1201988188 116.37317 39.93826
1201988193 116.37311 39.93867
1201988489 116.37316 39.95691
1201988495 116.37321 39.95784
1201988791 116.36914 39.96993
1201989093 116.3595 39.96693
1201989098 116.35953 39.96725
1201989394 116.3473 39.96575
1201989400 116.34728 39.96511
1201989696 116.34964 39.94817
1201989702 116.3498 39.94766
1201989998 116.33906 39.93118
1201990003 116.33855 39.9312
1201990299 116.34034 39.92011
1201990305 116.34038 39.92001
1201990397 116.34038 39.92
1201990911 116.34179 39.91719
1201991023 116.34724 39.91717
1201991213 116.34726 39.92387
1201991325 116.34318 39.92579
1201991627 116.32934 39.92708
1201991816 116.31532 39.93124
1201991816 116.31532 39.93124
1201991928 116.3055 39.93124
1201992118 116.29661 39.93349
1201992230 116.29532 39.9307
1201992419 116.30382 39.92392
1201992532 116.30379 39.91993
1201992721 116.30393 39.90975
1201992833 116.30538 39.90479
1201993023 116.31692 39.90581
1201993135 116.3291 39.90596
1201993324 116.33212 39.9128
1201993437 116.34071 39.91281
1201993626 116.34321 39.91562
1201993928 116.35002 39.92919
1201994040 116.35742 39.93129
1201994229 116.37006 39.93137
1201994342 116.37781 39.93176
1201994531 116.38931 39.93203
1201994643 116.38991 39.93204
1201994945 116.38336 39.93205
1201995134 116.35896 39.93116
1201995436 116.35007 39.91819
1201995548 116.35025 39.91463
1201995738 116.34815 39.90597
1201995850 116.33815 39.90619
1201996039 116.3144 39.90632
1201996152 116.31388 39.90635
1201996341 116.3029 39.90762
1201996453 116.30357 39.90477
1201996643 116.30421 39.88494
1201996755 116.30612 39.86792
1201996944 116.31715 39.84752
1201997057 116.31512 39.84736
1201997246 116.3165 39.84275
1201997358 116.31513 39.84269
1201997660 116.32296 39.84677
1201997849 116.34071 39.85148
1201997962 116.34108 39.86043
1201998151 116.34108 39.86043
1201998263 116.34108 39.86043
1201998565 116.34108 39.86043
1201998754 116.3306 39.86409
1201998867 116.3256 39.86694
1201999056 116.30828 39.86723
1201999168 116.30545 39.87736
1201999358 116.30908 39.88642
1201999358 116.30908 39.88642
1201999470 116.30462 39.88782
1201999659 116.30439 39.90396
1201999772 116.29679 39.90638
1201999961 116.29146 39.91991
1202000073 116.29106 39.93527
1202000263 116.28283 39.94764
1202000375 116.2748 39.94999
1202000564 116.28224 39.94571
1202000677 116.2999 39.94245
1202000978 116.30219 39.90584
1202001168 116.30463 39.8977
1202001280 116.30635 39.89504
1202001469 116.32291 39.89234
1202001582 116.31462 39.89168
1202001770 116.29095 39.87887
1202001882 116.27117 39.87722
1202002184 116.26928 39.92962
1202002373 116.2788 39.92671
1202002486 116.28221 39.92338
1202002675 116.29447 39.92241
1202002787 116.29894 39.9225
1202003089 116.30389 39.89826
1202003278 116.30964 39.89552
1202003391 116.3127 39.89554
1202003580 116.32062 39.89215
1202003692 116.31461 39.89147
1202003994 116.30583 39.88614
1202003994 116.30583 39.88614
1202004899 116.30204 39.88264
1202005088 116.30205 39.88266
1202005201 116.30204 39.88266
1202005390 116.30204 39.88266
1202005804 116.23196 39.85368
1202005993 116.20549 39.84092
1202006106 116.20703 39.8248
1202006295 116.19025 39.78765
1202006407 116.16074 39.77672
1202006709 116.13569 39.74439
1202006898 116.12405 39.73478
1202006898 116.12405 39.73478
1202007011 116.11569 39.72951
1202007200 116.09386 39.71932
1202007312 116.07588 39.71985
1202007502 116.05959 39.72465
1202007666 116.06037 39.72395
1202007981 116.06036 39.72392
1202007981 116.06036 39.72392
1202007981 116.06036 39.72392
1202007981 116.06036 39.72392
1202007981 116.06036 39.72392
1202007981 116.06036 39.72392
1202007981 116.06036 39.72392
1202007981 116.06036 39.72392
1202007981 116.06036 39.72392
1202007981 116.06036 39.72392
1202007981 116.06036 39.72392
1202007981 116.06036 39.72392
1202007981 116.06036 39.72392
1202007981 116.06036 39.72392
1202007981 116.06036 39.72392
1202007981 116.06036 39.72392
1202007981 116.06036 39.72392
1202007981 116.06036 39.72392
1202007981 116.06036 39.72392
1202007981 116.06036 39.72392
1202007981 116.06036 39.72392
1202029655 116.05965 39.72565
1202029707 116.06242 39.72455
1202030009 116.10163 39.72037
1202030310 116.1291 39.72482
1202030559 116.12887 39.72488
1202030611 116.12887 39.72488
1202030861 116.12887 39.72488
1202030913 116.12887 39.72488
1202031163 116.12925 39.72439
1202031215 116.12925 39.72439
1202031464 116.12925 39.72439
1202031516 116.12967 39.72222
1202031766 116.10918 39.72361
1202031818 116.10796 39.72389
1202032068 116.07015 39.72084
1202032120 116.07015 39.72084
1202032369 116.06954 39.72049
1202032421 116.06554 39.72246
1202032421 116.06554 39.72246
1202032671 116.06103 39.7241
1202032723 116.05954 39.72547
1202033025 116.09369 39.71911
1202033274 116.11585 39.72944
1202033576 116.13597 39.75019
1202033576 116.13597 39.75019
1202033628 116.13617 39.75207
1202033878 116.17721 39.7827
1202033930 116.19051 39.78764
1202034179 116.20603 39.83247
1202034231 116.2055 39.84029
1202034481 116.23201 39.85335
1202034783 116.26936 39.88182
1202034835 116.26823 39.88773
1202035084 116.2741 39.89416
1202035136 116.2741 39.89416
1202035271 116.2741 39.89416
1202035624 116.27417 39.8942
1202035624 116.27417 39.8942
1202035624 116.27417 39.8942
1202035624 116.27417 39.8942
1202037683 116.27721 39.89198
1202037796 116.27738 39.89803
1202037985 116.28748 39.89909
1202038287 116.31199 39.89567
1202038588 116.31941 39.89223
1202038701 116.31507 39.89022
1202038890 116.31034 39.88664
1202039002 116.30551 39.88626
1202039192 116.31284 39.89556
1202039304 116.3182 39.89563
1202039493 116.30091 39.89597
1202039606 116.29605 39.89977
1202039795 116.29781 39.90603
1202039907 116.30009 39.90598
1202040097 116.29995 39.9064
1202040209 116.2912 39.90642
1202040398 116.2752 39.90637
1202040511 116.26829 39.90664
1202040812 116.26063 39.91648
1202041114 116.25246 39.90657
1202041114 116.25246 39.90657
1202041303 116.24702 39.91456
1202041605 116.24692 39.92392
1202041717 116.24692 39.92826
1202041907 116.23347 39.92835
1202042208 116.22577 39.92374
1202042321 116.22324 39.92379
1202042510 116.21863 39.93168
1202042622 116.20495 39.93245
1202042812 116.18961 39.93271
1202042924 116.18836 39.93191
1202043113 116.19605 39.93263
1202043225 116.2106 39.93209
1202043418 116.21958 39.93166
1202043648 116.22373 39.93128
1202043719 116.22373 39.93128
1202043949 116.22373 39.93128
1202044021 116.22373 39.93128
1202044021 116.22373 39.93128
1202044251 116.22373 39.93128
1202044323 116.22274 39.93121
1202044553 116.19652 39.93269
1202044624 116.19341 39.93041
1202044854 116.17274 39.92472
1202044926 116.16598 39.92339
1202045156 116.15161 39.93012
1202045228 116.14937 39.93202
1202045458 116.14897 39.93248
1202045529 116.15248 39.92909
1202045759 116.1608 39.91311
1202045759 116.1608 39.91311
1202045831 116.16518 39.90735
1202046061 116.18735 39.90602
1202046133 116.19248 39.90606
1202046363 116.21138 39.90609
1202046434 116.21205 39.90605
1202046736 116.22874 39.9061
1202046966 116.2464 39.9062
1202047038 116.2576 39.90619
1202047268 116.2587 39.91182
1202047339 116.25868 39.91528
1202047641 116.26944 39.91806
1202047871 116.28774 39.91773
1202047943 116.28735 39.91781
1202048173 116.27015 39.91868
1202048244 116.2673 39.91648
1202048525 116.26022 39.91891
1202048842 116.26033 39.91873
1202048842 116.26033 39.91873
1202048842 116.26033 39.91873
1202048842 116.26033 39.91873
1202048842 116.26033 39.91873
1202048842 116.26033 39.91873
1202048842 116.26033 39.91873
1202048842 116.26033 39.91873
1202048842 116.26033 39.91873
1202048842 116.26033 39.91873
1202048842 116.26033 39.91873
1202048842 116.26033 39.91873
1202048842 116.26033 39.91873
1202048842 116.26033 39.91873
1202048842 116.26033 39.91873
1202053617 116.25955 39.91635
1202053669 116.26647 39.91645
1202053919 116.27331 39.89563
1202055179 116.33277 39.89606
1202055272 116.34081 39.89649
1202055481 116.34253 39.86897
1202055573 116.35922 39.86797
1202055783 116.39397 39.87035
1202056084 116.42862 39.86946
1202056177 116.43838 39.87198
1202056478 116.44457 39.8735
1202056688 116.4534 39.87002
1202056780 116.45394 39.86689
1202056780 116.45394 39.86689
1202056989 116.44044 39.85771
1202057082 116.43304 39.85772
1202057291 116.43304 39.85772
1202057444 116.43181 39.85786
1202057565 116.43181 39.85786
1202057872 116.4318 39.85788
1202057872 116.4318 39.85788
1202057872 116.4318 39.85788
1202059027 116.42749 39.85768
1202059139 116.42685 39.85761
1202059329 116.41709 39.85662
1202059440 116.41429 39.85617
1202059742 116.38646 39.85589
1202059932 116.3806 39.85052
1202060044 116.37698 39.84861
1202060234 116.37646 39.85389
1202060345 116.37646 39.85389
1202060535 116.37646 39.85389
1202060646 116.37645 39.85389
1202060836 116.37645 39.85389
1202060836 116.37645 39.85389
1202060948 116.37644 39.85388
1202061138 116.37644 39.85388
1202061249 116.37644 39.85388
1202061440 116.37644 39.85388
1202061551 116.37644 39.85388
1202061741 116.3764 39.85385
1202061853 116.37641 39.85386
1202062043 116.37643 39.85388
1202062154 116.37643 39.85388
1202062345 116.3753 39.85352
1202062456 116.3722 39.84926
1202062758 116.35857 39.84455
1202062948 116.35375 39.84466
1202063059 116.3424 39.84472
1202063250 116.34165 39.85831
1202063551 116.34123 39.86334
1202064159 116.3342 39.86176
1202064270 116.32989 39.86631
1202064461 116.31644 39.86691
1202064572 116.31007 39.86679
1202064762 116.31805 39.86637
1202064874 116.31805 39.86637
1202065064 116.31803 39.86638
1202065175 116.31803 39.86638
1202065366 116.31803 39.86638
1202065477 116.31927 39.86582
1202065477 116.31927 39.86582
1202065667 116.31689 39.85766
1202065779 116.31582 39.86572
1202065969 116.3179 39.86636
1202066271 116.32701 39.86116
1202066382 116.33292 39.86215
1202066572 116.33515 39.85736
1202066684 116.33515 39.85736
1202066874 116.33515 39.85736
1202066985 116.33515 39.85736
1202067176 116.33515 39.85736
1202067709 116.33091 39.85691
1202067782 116.32977 39.85701
1202068010 116.32763 39.85666
1202068083 116.32653 39.85257
1202068083 116.32653 39.85257
1202068312 116.31213 39.85558
1202068614 116.30773 39.86403
1202068687 116.30864 39.86487
1202068988 116.29871 39.86588
1202069217 116.2885 39.8672
1202069290 116.28886 39.87114
1202069519 116.28888 39.87349
1202069592 116.29081 39.8778
1202069821 116.29695 39.87966
1202069893 116.29695 39.87966
1202070122 116.29695 39.87966
1202070122 116.29695 39.87966
1202070195 116.29695 39.87966
1202070424 116.29701 39.8797
1202070497 116.30179 39.88203
1202070725 116.30045 39.88068
1202070798 116.30014 39.88109
1202071027 116.30014 39.88109
1202071100 116.30014 39.88109
1202071329 116.3017 39.88198
1202071402 116.30518 39.88435
1202074949 116.32297 39.89662
1202075022 116.32279 39.90047
1202075250 116.32751 39.91018
1202075323 116.32716 39.91048
1202075552 116.31065 39.90758
1202075625 116.30525 39.90628
1202075625 116.30525 39.90628
1202075854 116.3033 39.90629
1202075927 116.30245 39.90628
1202076155 116.29539 39.90634
1202076228 116.29038 39.90637
1202076457 116.2711 39.9063
1202076530 116.26858 39.90636
1202076832 116.24471 39.90628
1202077059 116.22858 39.90272
1202077132 116.22774 39.90301
1202077434 116.22436 39.89608
1202077663 116.22302 39.89087
1202077663 116.22302 39.89087
1202077736 116.22719 39.88843
1202077964 116.24412 39.8883
1202078037 116.24632 39.88828
1202078266 116.26765 39.88643
1202078339 116.27119 39.87607
1202078568 116.30563 39.86464
1202078641 116.31124 39.85603
1202078869 116.31465 39.84632
1202078942 116.31393 39.84087
1202079171 116.32017 39.84784
1202079244 116.33104 39.84755
1202079473 116.35315 39.84517
1202079546 116.35576 39.84454
1202079774 116.35299 39.8447
1202079847 116.34802 39.84498
1202080076 116.3336 39.84786
1202080149 116.32778 39.84795
1202080378 116.30705 39.8632
1202080451 116.30876 39.86498
1202080679 116.30591 39.87297
1202080752 116.30518 39.87983
1202080981 116.30758 39.88624
1202081054 116.30758 39.88624
1202081283 116.31139 39.88266
1202081356 116.31149 39.87851
1202081584 116.31163 39.86625
1202081657 116.31288 39.86312
1202081886 116.3085 39.86489
1202081959 116.30921 39.86683
1202082188 116.3044 39.89408
1202082489 116.31147 39.89555
1202087262 116.35191 39.888
1202087334 116.36112 39.88779
1202087563 116.39032 39.88934
1202087635 116.39516 39.89044
1202087864 116.42029 39.89198
1202087937 116.43262 39.89217
1202088166 116.4289 39.88463
1202088239 116.42683 39.88289
1202088468 116.41451 39.88126
1202088540 116.41478 39.87507
1202088769 116.40519 39.8673
1202088842 116.40093 39.86759
1202089071 116.39415 39.87325
1202089144 116.39283 39.87941
1202089373 116.37788 39.88813
1202089445 116.36874 39.88801
1202089674 116.34396 39.88879
1202089747 116.34288 39.89539
1202089976 116.30467 39.8974
1202090049 116.30426 39.90895
1202090278 116.30377 39.9496
1202090350 116.30326 39.95553
1202090579 116.30133 39.96672
1202090652 116.3012 39.96388
1202091183 116.30377 39.90789
1202091484 116.31202 39.89559
1202091557 116.31288 39.89562
1202091786 116.31584 39.89206
1202091859 116.31509 39.88852
1202092088 116.33105 39.88673
1202092160 116.32837 39.88335
1202092160 116.32837 39.88335
1202092389 116.31536 39.88839
1202092462 116.31509 39.89205
1202092691 116.30442 39.88925
1202092764 116.30432 39.9001
1202092993 116.28906 39.91102
1202093065 116.28242 39.91165
1202093294 116.27864 39.90877
1202093367 116.27738 39.91579
1202093596 116.265 39.9197
1202093669 116.26524 39.91969
1202093898 116.26787 39.89827
1202093898 116.26787 39.89827
1202093970 116.26789 39.88721
1202094199 116.24527 39.86197
1202094272 116.23201 39.85383
1202094501 116.20651 39.8285
1202094574 116.20362 39.81443
1202094803 116.16978 39.78121
1202094875 116.15661 39.77303
1202095104 116.13572 39.74659
1202095177 116.13394 39.74065
1202095406 116.1295 39.72441
1202095479 116.12928 39.72448
1202095833 116.12921 39.72453
1202095833 116.12921 39.72453
1202095833 116.12921 39.72453
1202095833 116.12921 39.72453
1202095833 116.12921 39.72453
1202095833 116.12921 39.72453
1202095833 116.12921 39.72453
1202095833 116.12921 39.72453
1202095833 116.12921 39.72453
1202095833 116.12921 39.72453
1202095833 116.12921 39.72453
1202095833 116.12921 39.72453
1202095833 116.12921 39.72453
1202095833 116.12921 39.72453
1202095833 116.12921 39.72453
1202095833 116.12921 39.72453
1202095833 116.12921 39.72453
1202095833 116.12921 39.72453
1202095833 116.12921 39.72453
1202095833 116.12921 39.72453
1202095833 116.12921 39.72453
1202095833 116.12921 39.72453
1202095833 116.12921 39.72453
1202116903 116.13024 39.72497
1202116955 116.13024 39.72497
1202117205 116.11725 39.7219
1202117257 116.10922 39.7236
1202117507 116.08063 39.72573
1202117559 116.06821 39.72282
1202117808 116.06041 39.72393
1202117860 116.06041 39.72393
1202118110 116.06041 39.72393
1202118162 116.06041 39.72393
1202118412 116.06488 39.72284
1202118464 116.07007 39.72079
1202118713 116.07008 39.7208
1202118765 116.07008 39.7208
1202119015 116.09752 39.71954
1202119067 116.10533 39.71977
1202119317 116.12992 39.7238
1202119369 116.1298 39.72625
1202119618 116.12983 39.73744
1202119670 116.13383 39.74048
1202119920 116.13603 39.75065
1202119972 116.13631 39.75212
1202120222 116.14931 39.76433
1202120274 116.15744 39.77352
1202120523 116.19844 39.80973
1202120575 116.20552 39.8161
1202120575 116.20552 39.8161
1202120825 116.21151 39.84267
1202120877 116.2213 39.84545
1202121127 116.2658 39.87094
1202121179 116.27166 39.87605
1202121428 116.28234 39.88829
1202121480 116.28906 39.88909
1202121730 116.30672 39.89572
1202122032 116.34478 39.89669
1202122032 116.34478 39.89669
1202122084 116.3479 39.89693
1202122333 116.36279 39.90579
1202122385 116.36675 39.90571
1202122635 116.37593 39.90573
1202122687 116.37733 39.90575
1202122937 116.3998 39.90637
1202122989 116.40503 39.90651
1202123238 116.42143 39.90707
1202123290 116.42827 39.90714
1202123540 116.44434 39.90714
1202123592 116.45338 39.90706
1202123842 116.45423 39.89263
1202123894 116.45423 39.89263
1202124143 116.43766 39.8925
1202124195 116.43477 39.89264
1202124445 116.42472 39.89254
1202124746 116.41283 39.89224
1202124798 116.41279 39.89556
1202125047 116.41225 39.90001
1202125099 116.4123 39.9032
1202125349 116.41174 39.90495
1202125401 116.40963 39.90563
1202125651 116.4348 39.90585
1202125703 116.4352 39.90573
1202125952 116.43482 39.9081
1202126004 116.43484 39.91004
1202126254 116.44917 39.91216
1202126306 116.45186 39.91183
1202126556 116.45458 39.91822
1202126608 116.45471 39.91831
1202126857 116.45493 39.91889
1202126909 116.44743 39.92038
1202127159 116.44052 39.92201
1202127211 116.4405 39.92201
1202127461 116.4331 39.92324
1202127513 116.4331 39.92324
1202127762 116.43297 39.92325
1202127814 116.43297 39.92325
1202128064 116.43297 39.92325
1202128116 116.43293 39.92323
1202128116 116.43293 39.92323
1202128366 116.43293 39.92323
1202128478 116.43283 39.9232
1202128780 116.43281 39.9232
1202128969 116.42878 39.9262
1202129081 116.42754 39.94112
1202129271 116.41928 39.95194
1202129383 116.41903 39.95806
1202129572 116.41857 39.97166
1202129572 116.41857 39.97166
1202129685 116.41837 39.97621
1202129874 116.42578 39.98204
1202131042 116.35524 39.95679
1202131277 116.35197 39.95102
1202131343 116.35244 39.94878
1202131578 116.35089 39.94373
1202131645 116.35242 39.94341
1202131929 116.34692 39.93428
1202131929 116.34692 39.93428
1202132252 116.34322 39.92705
1202132303 116.3432 39.92674
1202132553 116.33876 39.922
1202132604 116.34037 39.92163
1202132763 116.34145 39.92032
1202132763 116.34145 39.92032
1202133092 116.34156 39.91993
1202133092 116.34156 39.91993
1202133092 116.34156 39.91993
1202133092 116.34156 39.91993
1202133092 116.34156 39.91993
1202133092 116.34156 39.91993
1202133092 116.34156 39.91993
1202133092 116.34156 39.91993
1202133092 116.34156 39.91993
1202133092 116.34156 39.91993
1202133092 116.34156 39.91993
1202133092 116.34156 39.91993
1202133092 116.34156 39.91993
1202133092 116.34156 39.91993
1202133092 116.34156 39.91993
1202133092 116.34156 39.91993
1202133092 116.34156 39.91993
1202133092 116.34156 39.91993
1202133092 116.34156 39.91993
1202139377 116.34042 39.92011
1202139428 116.34042 39.92011
1202139428 116.34042 39.92011
1202139679 116.33412 39.91709
1202139730 116.33774 39.91709
1202139980 116.33775 39.90634
1202140031 116.33774 39.90633
1202140281 116.33637 39.90196
1202140332 116.33605 39.89824
1202140583 116.33649 39.89261
1202140583 116.33649 39.89261
1202140634 116.33656 39.89214
1202140885 116.33538 39.88119
1202140936 116.33567 39.87865
1202141186 116.32572 39.87582
1202141358 116.32073 39.87659
1202141491 116.31893 39.87491
1202141660 116.32546 39.8706
1202141793 116.32566 39.86359
1202141962 116.32568 39.8662
1202142263 116.30912 39.86688
1202142396 116.30815 39.87362
1202142565 116.31151 39.88114
1202142698 116.31457 39.88288
1202142867 116.31833 39.88855
1202143008 116.33396 39.88851
1202143168 116.33255 39.88845
1202143301 116.32862 39.8904
1202143470 116.32463 39.88882
1202143603 116.32972 39.89585
1202143905 116.33807 39.90175
1202144073 116.34651 39.90523
1202144073 116.34651 39.90523
1202144206 116.34665 39.91017
1202144375 116.34013 39.90874
1202144508 116.33971 39.90634
1202144677 116.3388 39.91366
1202144810 116.33979 39.9169
1202144978 116.34612 39.91698
1202145111 116.35009 39.91274
1202145280 116.35158 39.90858
1202145582 116.35333 39.90966
1202145715 116.35686 39.90843
1202145883 116.35701 39.90605
1202146016 116.35705 39.90163
1202146185 116.3569 39.90027
1202146318 116.35661 39.89984
1202146487 116.35691 39.89905
1202146620 116.35702 39.89839
1202146788 116.35722 39.89051
1202146920 116.3573 39.88867
1202147089 116.35733 39.88824
1202147222 116.3573 39.8854
1202147391 116.35754 39.87797
1202147524 116.36151 39.8745
1202147524 116.36151 39.8745
1202147692 116.36805 39.8728
1202147825 116.36846 39.87435
1202148131 116.36829 39.8815
1202148131 116.36829 39.8815
1202148236 116.36815 39.88739
1202148433 116.36467 39.88802
1202148538 116.35859 39.88803
1202148734 116.35003 39.88812
1202148840 116.33139 39.88863
1202149036 116.31781 39.88882
1202149141 116.31534 39.88831
1202149337 116.3038 39.88329
1202149638 116.30061 39.88053
1202149744 116.30035 39.88083
1202149940 116.30352 39.88284
1202150045 116.30447 39.88494
1202150242 116.30948 39.89555
1202150347 116.31092 39.89465
1202150543 116.31584 39.8956
1202150845 116.35753 39.89803
1202150950 116.36576 39.89829
1202151147 116.37702 39.89863
1202151252 116.38335 39.89884
1202151448 116.388 39.90607
1202151554 116.39245 39.90622
1202151750 116.40455 39.90656
1202151855 116.40935 39.90669
1202152052 116.41619 39.90674
1202152157 116.42641 39.9071
1202152353 116.42864 39.91764
1202152459 116.43193 39.92281
1202152655 116.43359 39.9226
1202152760 116.43375 39.92259
1202152957 116.43604 39.92262
1202153062 116.43014 39.92321
1202153062 116.43014 39.92321
1202153364 116.41278 39.92303
1202153560 116.40017 39.91887
1202153665 116.40027 39.9163
1202153862 116.40462 39.90796
1202153967 116.40489 39.90796
1202154163 116.40523 39.90605
1202154465 116.40566 39.899
1202154570 116.40589 39.89463
1202154767 116.40593 39.89325
1202154872 116.40247 39.89155
1202155174 116.38036 39.88824
1202155370 116.37224 39.88825
1202155475 116.36986 39.88812
1202155672 116.36851 39.88947
1202155672 116.36851 39.88947
1202155777 116.36852 39.89038
1202155973 116.37035 39.89279
1202156079 116.3704 39.89311
1202156275 116.3701 39.89387
1202156380 116.36874 39.89402
1202156577 116.36239 39.89866
1202156803 116.35782 39.89832
1202156881 116.35204 39.89945
1202157104 116.34271 39.89933
1202157183 116.33649 39.89812
1202157406 116.3019 39.89596
1202157406 116.3019 39.89596
1202157485 116.28425 39.89596
1202157708 116.2339 39.89601
1202157786 116.218 39.89598
1202158009 116.21054 39.89723
1202158311 116.206 39.90093
1202158390 116.20682 39.89946
1202158613 116.22469 39.90262
1202158691 116.23562 39.90262
1202158993 116.25828 39.90617
1202159216 116.26759 39.90289
1202159295 116.26764 39.89939
1202159518 116.26781 39.88838
1202159596 116.26958 39.87986
1202159898 116.30507 39.88366
1202160121 116.31492 39.88457
1202160200 116.31491 39.88348
1202161328 116.31884 39.89207
1202162010 116.30814 39.8956
1202162311 116.31299 39.89558
1202167058 116.31445 39.89599
1202167360 116.29616 39.90747
1202167439 116.29615 39.9091
1202167662 116.29259 39.90633
1202167740 116.29181 39.90634
1202167963 116.2902 39.90631
1202168265 116.28889 39.8956
1202168344 116.29197 39.88983
1202168567 116.30015 39.88868
1202168645 116.29334 39.88847
1202168868 116.29718 39.89545
1202168947 116.30144 39.89601
1202169249 116.30016 39.90592
1202169472 116.30395 39.90027
1202169550 116.3049 39.89743
1202169773 116.30392 39.88943
1202169852 116.30322 39.88312
1202170075 116.30282 39.88246
1202170154 116.30526 39.88609
1202170377 116.30201 39.88266
1202170455 116.30201 39.88266
1202170678 116.30201 39.88266
1202170757 116.30201 39.88266
1202170980 116.30201 39.88266
1202171059 116.30201 39.88266
1202171360 116.28635 39.87805
1202171583 116.24319 39.86116
1202171662 116.23126 39.85137
1202171885 116.20682 39.82594
1202171885 116.20682 39.82594
1202171964 116.19963 39.81125
1202172187 116.15998 39.77608
1202172265 116.14514 39.76078
1202172488 116.13571 39.74266
1202172488 116.13571 39.74266
1202172567 116.12975 39.73816
1202172790 116.10871 39.72443
1202172869 116.10844 39.72421
1202173092 116.0754 39.71993
1202173431 116.0604 39.72397
1202173761 116.06034 39.72405
1202173761 116.06034 39.72405
1202173761 116.06034 39.72405
1202173761 116.06034 39.72405
1202173761 116.06034 39.72405
1202173761 116.06034 39.72405
1202173761 116.06034 39.72405
1202173761 116.06034 39.72405
1202173761 116.06034 39.72405
1202173761 116.06034 39.72405
1202173761 116.06034 39.72405
1202173761 116.06034 39.72405
1202173761 116.06034 39.72405
1202173761 116.06034 39.72405
1202173761 116.06034 39.72405
1202173761 116.06034 39.72405
1202173761 116.06034 39.72405
1202173761 116.06034 39.72405
1202173761 116.06034 39.72405
1202173761 116.06034 39.72405
1202173761 116.06034 39.72405
1202173761 116.06034 39.72405
1202203281 116.06022 39.72396
1202203453 116.06049 39.72589
1202203582 116.07119 39.7202
1202203755 116.09918 39.71984
1202203884 116.11963 39.72175
1202204057 116.12945 39.72436
1202204057 116.12945 39.72436
1202204186 116.12919 39.72438
1202204358 116.12039 39.72193
1202204487 116.10815 39.72399
1202204660 116.08676 39.71884
1202204789 116.07026 39.72083
1202204962 116.06826 39.7202
1202205091 116.06802 39.72049
1202205091 116.06802 39.72049
1202205263 116.05974 39.7257
1202205263 116.05974 39.7257
1202205392 116.05941 39.72534
1202205565 116.07283 39.72009
1202205694 116.09274 39.71906
1202205996 116.11858 39.73137
1202206168 116.12732 39.73998
1202206297 116.13192 39.7462
1202206470 116.1363 39.75208
1202206599 116.1363 39.75208
1202206832 116.1626 39.77764
1202206901 116.17766 39.78274
1202207134 116.2072 39.81898
1202207202 116.20585 39.83297
1202207435 116.22857 39.84932
1202207504 116.2375 39.85878
1202207737 116.28321 39.87728
1202207806 116.29818 39.88044
1202208039 116.30427 39.90417
1202208107 116.30416 39.91578
1202208409 116.30573 39.96222
1202208642 116.35451 39.9663
1202208711 116.3668 39.96657
1202208944 116.39075 39.97067
1202209012 116.3954 39.97148
1202209245 116.39872 39.97394
1202209314 116.39857 39.97317
1202209314 116.39857 39.97317
1202209607 116.39943 39.96857
1202209607 116.39943 39.96857
1202209921 116.39939 39.96999
1202209970 116.40004 39.97002
1202210091 116.4002 39.9701
1202210398 116.40038 39.97013
1202210398 116.40038 39.97013
1202211242 116.3886 39.96786
1202211251 116.38851 39.96841
1202211543 116.37619 39.97547
1202211553 116.37619 39.97547
1202211845 116.37301 39.95101
1202211854 116.373 39.95097
1202212147 116.36622 39.94257
1202212156 116.36627 39.94241
1202212448 116.36678 39.93071
1202212458 116.36683 39.9302
1202212750 116.36746 39.91586
1202212759 116.36749 39.91525
1202212759 116.36749 39.91525
1202213052 116.36774 39.90403
1202213061 116.36777 39.90308
1202213363 116.36801 39.89874
1202213655 116.37807 39.89915
1202213664 116.37804 39.89968
1202213664 116.37804 39.89968
1202213957 116.36503 39.90268
1202213957 116.36503 39.90268
1202213966 116.364 39.90266
1202214258 116.34402 39.89645
1202214268 116.34229 39.89647
1202214560 116.30451 39.90221
1202214569 116.30454 39.90274
1202214801 116.30708 39.90542
1202215108 116.30703 39.90544
1202215108 116.30703 39.90544
1202215108 116.30703 39.90544
1202215108 116.30703 39.90544
1202215108 116.30703 39.90544
1202215108 116.30703 39.90544
1202215108 116.30703 39.90544
1202215108 116.30703 39.90544
1202215108 116.30703 39.90544
1202215108 116.30703 39.90544
1202215108 116.30703 39.90544
1202218668 116.31491 39.90074
1202218676 116.31497 39.89989
1202218969 116.30536 39.89726
1202218978 116.30532 39.89723
1202223874 116.35236 39.89781
1202223920 116.35655 39.89796
1202224176 116.3795 39.89868
1202224221 116.3853 39.89888
1202224477 116.39322 39.90602
1202224523 116.40087 39.90645
1202224779 116.42061 39.90424
1202224825 116.42061 39.90424
1202225081 116.41075 39.89993
1202225126 116.40885 39.89996
1202225382 116.40063 39.9059
1202225428 116.40062 39.90908
1202225684 116.40048 39.90685
1202225730 116.40048 39.90685
1202225986 116.4298 39.90713
1202226031 116.43586 39.90704
1202226287 116.4303 39.90563
1202226333 116.43044 39.90681
1202226589 116.42872 39.92252
1202226635 116.42893 39.9233
1202226891 116.40609 39.92299
1202226936 116.40484 39.92303
1202227192 116.40051 39.91085
1202227238 116.40052 39.90847
1202227494 116.40052 39.90242
1202227540 116.4006 39.90058
1202227796 116.40607 39.89181
1202227841 116.4061 39.89108
1202228097 116.41634 39.88568
1202228143 116.41824 39.88352
1202228399 116.40633 39.89162
1202228445 116.40611 39.89383
1202228700 116.39409 39.89894
1202228746 116.39324 39.90354
1202228746 116.39324 39.90354
1202229002 116.38671 39.90619
1202229048 116.38602 39.90616
1202229304 116.37505 39.90594
1202229350 116.37096 39.90584
1202229606 116.37012 39.90718
1202229651 116.37019 39.90728
1202229907 116.3686 39.90588
1202229907 116.3686 39.90588
1202229953 116.36227 39.90583
1202230209 116.35052 39.90049
1202230255 116.34774 39.89697
1202230511 116.33314 39.88961
1202230556 116.33314 39.88961
1202230812 116.32933 39.88868
1202230858 116.32861 39.88979
1202231114 116.31977 39.89004
1202231160 116.31944 39.89198
1202231415 116.31093 39.88644
1202231717 116.30455 39.88621
1202231763 116.30451 39.88922
1202232019 116.31373 39.89569
1202232065 116.31376 39.89585
1202232320 116.31377 39.89584
1202232366 116.31377 39.89581
1202233874 116.31672 39.89502
1202234130 116.33527 39.89601
1202234175 116.33555 39.89602
1202234477 116.34613 39.90105
1202234779 116.34648 39.90023
1202235035 116.3513 39.90062
1202235080 116.33612 40.03687
1202235080 116.33612 40.03687
1202235336 116.3544 39.9125
1202235382 116.35552 39.9126
1202235638 116.36034 39.91159
1202235684 116.36202 39.91038
1202235940 116.36568 39.90619
1202235985 116.36509 39.90579
1202236241 116.34965 39.90622
1202236287 116.34965 39.90716
1202236287 116.34965 39.90716
1202236543 116.34393 39.89681
1202236589 116.3365 39.89642
1202236845 116.31582 39.89196
1202236890 116.31501 39.89048
1202237146 116.30768 39.88506
1202237192 116.30637 39.8845
1202237448 116.30548 39.86942
1202237448 116.30548 39.86942
1202237494 116.30186 39.866
1202237795 116.27654 39.85828
1202238097 116.2822 39.82888
1202238353 116.30232 39.82727
1202238399 116.30248 39.82892
1202238654 116.28697 39.83272
1202238700 116.28651 39.83424
1202238956 116.28325 39.83651
1202239002 116.28331 39.83658
1202239258 116.28115 39.84678
1202239304 116.28637 39.84674
1202239559 116.29001 39.85928
1202239605 116.29008 39.86234
1202239861 116.2908 39.87721
1202239907 116.29083 39.88361
1202240163 116.28916 39.89768
1202240209 116.28907 39.89929
1202240468 116.29602 39.89921
1202240631 116.29885 39.89559
1202240769 116.31362 39.89541
1202242278 116.31632 39.89521
1202242441 116.31632 39.89521
1202242579 116.31632 39.89521
1202242743 116.33312 39.89612
1202242881 116.35647 39.89804
1202243045 116.36641 39.89834
1202243183 116.37507 39.89859
1202243346 116.39018 39.89869
1202243484 116.39322 39.90555
1202243648 116.40352 39.90654
1202243786 116.4117 39.90672
1202243950 116.42081 39.90471
1202244088 116.41575 39.90143
1202244251 116.40582 39.89964
1202244389 116.40095 39.8996
1202244553 116.40064 39.90628
1202244691 116.40049 39.91372
1202244855 116.40043 39.91362
1202244993 116.39366 39.90638
1202244993 116.39366 39.90638
1202245156 116.38976 39.89916
1202245294 116.38838 39.89107
1202245457 116.37913 39.88476
1202245595 116.37872 39.88512
1202245759 116.37856 39.88753
1202245897 116.36297 39.88799
1202246060 116.35162 39.88816
1202246198 116.34265 39.89705
1202246362 116.31735 39.89603
1202246500 116.31535 39.8988
1202246664 116.30693 39.89532
1202246965 116.32312 39.89546
1202247103 116.33631 39.89495
1202247267 116.34034 39.88986
1202247405 116.33244 39.88858
1202247569 116.3191 39.88885
1202247707 116.31252 39.8871
1202247870 116.30464 39.8861
1202248172 116.31014 39.90614
1202248310 116.32294 39.90605
1202248474 116.33222 39.91272
1202248775 116.32878 39.91277
1202248913 116.31907 39.90985
1202249077 116.31496 39.89936
1202249215 116.3065 39.89609
1202249379 116.3108 39.89556
1202249517 116.31329 39.89554
1202249680 116.31398 39.89543
1202249818 116.31369 39.89516
1202249982 116.31594 39.89509
1202250120 116.32296 39.89748
1202250284 116.32693 39.89578
1202250422 116.34245 39.88909
1202250585 116.34212 39.86482
1202250723 116.33967 39.8428
1202250887 116.33863 39.8151
1202251025 116.3408 39.79587
1202251189 116.33839 39.77721
1202251327 116.36624 39.77279
1202251490 116.35948 39.75948
1202251628 116.36319 39.74465
1202251792 116.3655 39.74041
1202251930 116.37414 39.74184
1202252094 116.37587 39.75456
1202252232 116.37486 39.76246
1202252395 116.37347 39.77302
1202252533 116.37223 39.78787
1202252533 116.37223 39.78787
1202252697 116.37704 39.80157
1202252835 116.39339 39.80159
1202252999 116.41091 39.80209
1202253137 116.41399 39.80168
1202253300 116.42914 39.80311
1202253438 116.43108 39.80107
1202253740 116.41188 39.80152
1202253903 116.39667 39.80462
1202254042 116.39618 39.81197
1202254205 116.39534 39.82796
1202254343 116.39103 39.83752
1202254507 116.39224 39.84246
1202254645 116.39201 39.84105
1202254809 116.38852 39.84399
1202254947 116.3806 39.84696
1202255110 116.37089 39.84936
1202255248 116.36559 39.84939
1202255412 116.35653 39.84458
1202255550 116.34796 39.84473
1202255713 116.33713 39.84815
1202255713 116.33713 39.84815
1202255852 116.31425 39.85301
1202256015 116.30645 39.86895
1202256153 116.30533 39.87803
1202256317 116.30437 39.89968
1202256455 116.30447 39.91111
1202256618 116.30449 39.91184
1202256757 116.30433 39.92007
1202256920 116.32023 39.92195
1202257058 116.33129 39.91697
1202257222 116.34084 39.91258
1202257360 116.34972 39.9125
1202257523 116.35274 39.90736
1202257662 116.35697 39.90364
1202257825 116.35714 39.89276
1202257963 116.35724 39.88821
1202258127 116.35755 39.87931
1202258265 116.35787 39.87058
1202258428 116.35792 39.86709
1202258567 116.35815 39.86845
1202258867 116.34556 39.89684
1202260493 116.30367 39.92352
1202260559 116.30376 39.91996
1202260795 116.30442 39.91449
1202261096 116.28375 39.9461
1202261162 116.27145 39.9455
1202261398 116.25698 39.94569
1202261464 116.25104 39.94573
1202261700 116.2475 39.94582
1202261766 116.25652 39.94547
1202262001 116.26784 39.93606
1202262067 116.26852 39.92957
1202262303 116.2677 39.91023
1202262369 116.26775 39.90196
1202262605 116.29334 39.89564
1202262695 116.30287 39.89472
1202262971 116.30576 39.89606
1202262971 116.30576 39.89606
1202263273 116.30391 39.91261
1202263509 116.30415 39.89623
1202264900 116.16883 39.78088
1202265026 116.15124 39.76684
1202265202 116.13537 39.75383
1202265503 116.12956 39.72439
1202265629 116.12931 39.72442
1202265992 116.12939 39.72449
1202265992 116.12939 39.72449
1202265992 116.12939 39.72449
1202265992 116.12939 39.72449
1202265992 116.12939 39.72449
1202265992 116.12939 39.72449
1202265992 116.12939 39.72449
1202265992 116.12939 39.72449
1202265992 116.12939 39.72449
1202265992 116.12939 39.72449
1202265992 116.12939 39.72449
1202265992 116.12939 39.72449
1202265992 116.12939 39.72449
1202265992 116.12939 39.72449
1202265992 116.12939 39.72449
1202265992 116.12939 39.72449
1202265992 116.12939 39.72449
1202265992 116.12939 39.72449
1202265992 116.12939 39.72449
1202265992 116.12939 39.72449
1202265992 116.12939 39.72449
1202265992 116.12939 39.72449
1202270766 116.39373 39.84207
1202270766 116.39373 39.84207
1202289107 116.1293 39.72446
1202289175 116.12778 39.72191
1202289408 116.09023 39.72643
1202289477 116.07421 39.72483
1202289710 116.06038 39.72396
1202289779 116.06038 39.72396
1202290012 116.05994 39.72585
1202290080 116.06631 39.72187
1202290313 116.07 39.72078
1202290382 116.07 39.72078
1202290615 116.09565 39.71934
1202290684 116.10578 39.72108
1202290916 116.1299 39.72545
1202290985 116.12983 39.73214
1202291218 116.13597 39.74575
1202291287 116.13625 39.75181
1202291520 116.13828 39.7549
1202291589 116.15003 39.76511
1202291821 116.19605 39.80177
1202291890 116.20603 39.81675
1202292123 116.22063 39.84514
1202292425 116.2716 39.87615
1202292494 116.26873 39.88446
1202292795 116.29656 39.88712
1202293028 116.29303 39.88945
1202293097 116.2966 39.88949
1202293632 116.29941 39.90609
1202293700 116.3046 39.90476
1202293933 116.28885 39.91075
1202294002 116.29129 39.91168
1202294002 116.29129 39.91168
1202294235 116.28684 39.91616
1202294304 116.28859 39.91601
1202294537 116.30143 39.9116
1202294605 116.31016 39.90998
1202294838 116.3291 39.90706
1202294907 116.31913 39.90657
1202295208 116.32763 39.90929
1202295441 116.33543 39.91714
1202295509 116.33837 39.91703
1202295742 116.35439 39.91724
1202295742 116.35439 39.91724
1202295811 116.35737 39.91305
1202296044 116.36948 39.91338
1202296113 116.36332 39.91314
1202296346 116.35861 39.91686
1202296414 116.35343 39.91738
1202296647 116.34041 39.9209
1202296716 116.33968 39.91728
1202296949 116.33524 39.91289
1202297018 116.33332 39.91497
1202297250 116.34047 39.92019
1202297319 116.34034 39.9208
1202297552 116.34034 39.9208
1202297854 116.34322 39.91606
1202297923 116.34585 39.91699
1202298156 116.35048 39.94239
1202298224 116.36279 39.94635
1202298457 116.37481 39.97756
1202300150 116.3423 39.88817
1202300217 116.35117 39.88792
1202300519 116.35283 39.88189
1202300753 116.36276 39.877
1202300820 116.36802 39.87544
1202301055 116.36539 39.85759
1202301122 116.36505 39.85244
1202301357 116.3649 39.84964
1202301424 116.36916 39.84926
1202301658 116.37383 39.84772
1202301725 116.37414 39.84852
1202301960 116.37115 39.84961
1202302262 116.36831 39.86712
1202302329 116.36841 39.86782
1202302563 116.3684 39.88062
1202302630 116.36846 39.88172
1202302865 116.36015 39.88835
1202302932 116.35746 39.89028
1202303234 116.35728 39.89744
1202303468 116.35617 39.89838
1202303535 116.35617 39.89838
1202303770 116.34661 39.90172
1202303837 116.34657 39.90547
1202304072 116.34669 39.89629
1202304139 116.34679 39.89571
1202304373 116.34647 39.90536
1202304440 116.34656 39.90721
1202304440 116.34656 39.90721
1202304675 116.3402 39.91135
1202304742 116.34551 39.91252
1202304977 116.34976 39.91274
1202305278 116.34954 39.93482
1202305345 116.35016 39.94426
1202305647 116.35914 39.97534
1202305882 116.35942 39.97533
1202305949 116.35939 39.97214
1202306183 116.33178 39.96636
1202306183 116.33178 39.96636
1202306250 116.31598 39.96589
1202306485 116.30394 39.93121
1202306554 116.30407 39.91945
1202306786 116.3094 39.89557
1202306853 116.3137 39.89515
1202307087 116.31746 39.89551
1202307389 116.32933 39.90897
1202307456 116.33291 39.91264
1202307691 116.34027 39.91899
1202308063 116.3403 39.92005
1202308235 116.3403 39.92005
1202308365 116.3403 39.92005
1202308536 116.3403 39.92005
1202308838 116.3413 39.92022
1202308968 116.3413 39.92022
1202309140 116.3413 39.92022
1202309270 116.3413 39.92022
1202309441 116.3413 39.92022
1202309571 116.3413 39.92022
1202309743 116.3413 39.92022
1202309873 116.34129 39.92031
1202310044 116.34129 39.92033
1202310175 116.34129 39.92033
1202310345 116.34129 39.92033
1202310475 116.34129 39.92033
1202310647 116.34129 39.92033
1202310777 116.34129 39.92033
1202310949 116.34125 39.92038
1202311079 116.34125 39.92038
1202311250 116.34125 39.92038
1202311380 116.34125 39.92038
1202311552 116.34125 39.92038
1202311682 116.34125 39.92038
1202311984 116.34125 39.92038
1202311984 116.34125 39.92038
1202312155 116.34125 39.92038
1202312285 116.34125 39.92038
1202312457 116.34125 39.92038
1202312758 116.33398 39.91708
1202312888 116.32822 39.92306
1202313060 116.30715 39.92277
1202313190 116.28258 39.92294
1202313362 116.27889 39.92304
1202313663 116.26561 39.91968
1202313965 116.25861 39.91298
1202314095 116.24962 39.91159
1202314267 116.24707 39.91369
1202314397 116.24697 39.92375
1202314569 116.25399 39.91648
1202314698 116.25871 39.92165
1202314870 116.25852 39.92347
1202315000 116.25861 39.91673
1202315172 116.2586 39.90418
1202315172 116.2586 39.90418
1202315302 116.26112 39.90619
1202315473 116.2673 39.90362
1202315603 116.26966 39.89902
1202315775 116.2726 39.89913
1202315905 116.27269 39.89919
1202316077 116.27742 39.90431
1202316379 116.30309 39.90477
1202316508 116.299 39.90636
1202316680 116.29609 39.90923
1202316810 116.30543 39.91067
1202316982 116.32215 39.90974
1202317112 116.32931 39.91002
1202317283 116.33872 39.91271
1202317413 116.34646 39.91249
1202317585 116.35368 39.91276
1202317715 116.36171 39.91271
1202317887 116.37152 39.91318
1202318017 116.37565 39.91969
1202318188 116.38721 39.92175
1202318318 116.39616 39.922
1202318611 116.39629 39.92175
1202318620 116.39576 39.92212
1202318912 116.37143 39.91379
1202318922 116.37143 39.91332
1202319214 116.35141 39.91268
1202319224 116.35134 39.91265
1202319516 116.35715 39.89148
1202319516 116.35715 39.89148
1202319525 116.35718 39.89053
1202319817 116.34249 39.88469
1202319827 116.34255 39.88309
1202320119 116.34106 39.86336
1202320129 116.34106 39.86336
1202320421 116.34099 39.86337
1202320430 116.34099 39.86337
1202321033 116.34161 39.86226
1202321326 116.32433 39.86698
1202321335 116.32297 39.86698
1202321639 116.28793 39.86253
1202321929 116.28758 39.85336
1202321938 116.28767 39.85298
1202322231 116.28786 39.85339
1202322240 116.28786 39.85348
1202322532 116.27394 39.87048
1202322542 116.27297 39.87206
1202322858 116.2731 39.91637
1202323136 116.26956 39.90652
1202323145 116.2685 39.90652
1202323437 116.27848 39.92146
1202323447 116.27874 39.92201
1202323739 116.2585 39.92384
1202323748 116.25809 39.92387
1202324041 116.25852 39.92346
1202324049 116.25852 39.92345
1202324341 116.2678 39.89112
1202324351 116.26776 39.88921
1202324643 116.23273 39.85599
1202324652 116.23209 39.85512
1202324945 116.20504 39.843
1202324954 116.2038 39.84283
1202325277 116.20287 39.84165
1202325548 116.22724 39.84545
1202325557 116.2276 39.84472
1202325661 116.22855 39.84362
1202326277 116.22917 39.84954
1202326343 116.23521 39.85778
1202326579 116.28525 39.87769
1202326644 116.29956 39.88117
1202326880 116.3137 39.89527
1202326946 116.31486 39.89503
1202327182 116.30464 39.89776
1202327248 116.30532 39.89639
1202327484 116.26815 39.89823
1202327549 116.26808 39.90973
1202327785 116.26985 39.95304
1202327851 116.26908 39.9634
1202328087 116.26783 39.96835
1202328153 116.26796 39.9684
1202328389 116.27757 39.96359
1202328454 116.27919 39.96029
1202328689 116.29729 39.95741
1202328755 116.29787 39.95264
1202329057 116.30381 39.93999
1202329293 116.29524 39.92829
1202329358 116.2959 39.92678
1202329594 116.29606 39.92291
1202329660 116.29042 39.92396
1202329896 116.28897 39.90666
1202329962 116.28703 39.90645
1202329962 116.28703 39.90645
1202331404 116.44435 39.87009
1202331404 116.44435 39.87009
1202331710 116.44522 39.87501
1202331865 116.44021 39.8834
1202332069 116.43597 39.89261
1202332253 116.4326 39.89258
1202332472 116.40633 39.89152
1202332555 116.40616 39.89145
1202332772 116.39249 39.88224
1202332856 116.39228 39.87192
1202332856 116.39228 39.87192
1202333074 116.39401 39.84799
1202333157 116.3942 39.84362
1202333376 116.39519 39.82477
1202333459 116.39534 39.82133
1202333677 116.39621 39.80392
1202333761 116.4048 39.8037
1202333979 116.41375 39.79029
1202334062 116.41453 39.78628
1202334281 116.41346 39.79338
1202334364 116.4123 39.79899
1202334582 116.40087 39.80456
1202334666 116.40166 39.80518
1202334884 116.40141 39.80553
1202334884 116.40141 39.80553
1202334967 116.40114 39.80398
1202335269 116.41185 39.80524
1202335487 116.41233 39.80647
1202335571 116.41058 39.80451
1202335789 116.40512 39.80392
1202335872 116.39653 39.80558
1202336091 116.39566 39.82311
1202336174 116.39551 39.8254
1202336476 116.39439 39.84796
1202336694 116.38711 39.85938
1202336777 116.38085 39.8595
1202336996 116.38132 39.87705
1202337079 116.38113 39.88143
1202337297 116.36881 39.88814
1202337381 116.36383 39.888
1202337599 116.35207 39.88811
1202337682 116.34225 39.88964
1202337901 116.34101 39.8556
1202337984 116.33387 39.84782
1202338202 116.31555 39.84682
1202338286 116.31359 39.84844
1202338504 116.31451 39.84811
1202338587 116.31636 39.84659
1202338806 116.31637 39.85089
1202338889 116.30939 39.85859
1202339107 116.30535 39.88247
1202339191 116.30195 39.88262
1202339409 116.30205 39.88269
1202339492 116.29882 39.88115
1202339711 116.25271 39.86503
1202339794 116.23461 39.85752
1202340012 116.20563 39.83391
1202340096 116.20477 39.81538
1202340314 116.16109 39.77694
1202340397 116.14608 39.76164
1202340397 116.14608 39.76164
1202340616 116.13569 39.74294
1202340699 116.12817 39.73718
1202340917 116.11343 39.72851
1202341001 116.10876 39.72436
1202341302 116.12984 39.72319
1202341521 116.11793 39.72191
1202341604 116.10893 39.72386
1202341822 116.08113 39.71933
1202341906 116.07025 39.72089
1202342124 116.06727 39.72129
1202342207 116.05934 39.72537
1202342426 116.06115 39.72543
1202342426 116.06115 39.72543
1202342509 116.07225 39.72014
1202342727 116.10314 39.71943
1202342811 116.1148 39.72181
1202343029 116.12912 39.72445
1202343112 116.12912 39.72445
1202343331 116.12912 39.72445
1202343660 116.12918 39.72424
1202343660 116.12918 39.72424
1202343660 116.12918 39.72424
1202343660 116.12918 39.72424
1202343660 116.12918 39.72424
1202343660 116.12918 39.72424
1202343660 116.12918 39.72424
1202343660 116.12918 39.72424
1202343660 116.12918 39.72424
1202343660 116.12918 39.72424
1202343660 116.12918 39.72424
1202343660 116.12918 39.72424
1202343660 116.12918 39.72424
1202343660 116.12918 39.72424
1202343660 116.12918 39.72424
1202343660 116.12918 39.72424
1202343660 116.12918 39.72424
1202343660 116.12918 39.72424
1202343660 116.12918 39.72424
1202343660 116.12918 39.72424
1202343660 116.12918 39.72424
1202343660 116.12918 39.72424
1202343660 116.12918 39.72424
1202376792 116.12955 39.72446
1202376805 116.12966 39.72494
1202377094 116.12671 39.74085
1202377106 116.12736 39.74125
1202377396 116.14333 39.75887
1202377408 116.14552 39.76073
1202377697 116.19907 39.81044
1202377710 116.20186 39.81288
1202377999 116.22924 39.84971
1202378011 116.23118 39.85095
1202378301 116.25866 39.87851
1202378602 116.28547 39.87771
1202378615 116.28863 39.8783
1202378904 116.33039 39.88852
1202378916 116.33277 39.88848
1202379206 116.34111 39.88811
1202379218 116.34124 39.88838
1202379507 116.32928 39.88855
1202379520 116.32969 39.88845
1202379809 116.31944 39.88325
1202380111 116.32302 39.89266
1202380123 116.32303 39.89399
1202380123 116.32303 39.89399
1202380412 116.31842 39.89844
1202380425 116.31742 39.89864
1202380714 116.31489 39.89913
1202380714 116.31489 39.89913
1202380726 116.31515 39.89987
1202381016 116.32753 39.90784
1202381137 116.32915 39.90893
1202381438 116.34646 39.91015
1202381635 116.34649 39.90105
1202381740 116.34662 39.89745
1202381936 116.34706 39.887
1202382042 116.34748 39.8782
1202382238 116.35354 39.87177
1202382343 116.35791 39.87421
1202382540 116.3574 39.88749
1202382841 116.35056 39.90257
1202382947 116.35035 39.91795
1202383143 116.36144 39.92247
1202383248 116.36592 39.9225
1202383445 116.3838 39.92086
1202383746 116.41168 39.92277
1202383852 116.41921 39.92308
1202384048 116.4352 39.92259
1202384153 116.44357 39.92153
1202384455 116.46202 39.92189
1202384651 116.48775 39.92167
1202384757 116.49568 39.92177
1202384953 116.49583 39.92284
1202385057 116.48494 39.92176
1202385057 116.48494 39.92176
1202385254 116.47251 39.92169
1202385555 116.45596 39.92199
1202385661 116.45524 39.91589
1202385857 116.44439 39.90715
1202385962 116.42589 39.90718
1202386159 116.39905 39.90651
1202386264 116.39093 39.90629
1202386566 116.36576 39.89846
1202386762 116.32756 39.89603
1202386867 116.30782 39.89609
1202387064 116.31473 39.89491
1202387169 116.31606 39.89519
1202387365 116.31647 39.89503
1202387471 116.31646 39.89503
1202387667 116.30825 39.896
1202387667 116.30825 39.896
1202387772 116.30428 39.90579
1202387969 116.29938 39.92301
1202388074 116.29715 39.92688
1202388270 116.30397 39.9138
1202388376 116.30423 39.89722
1202388572 116.30679 39.86276
1202388677 116.32052 39.84828
1202388874 116.35327 39.84989
1202388979 116.35714 39.85296
1202389175 116.3585 39.86357
1202389281 116.35857 39.86586
1202389477 116.36613 39.86611
1202389582 116.36539 39.86435
1202389779 116.35866 39.86895
1202389884 116.3495 39.86714
1202390080 116.34274 39.88955
1202390185 116.34129 39.89661
1202390382 116.33632 39.89712
1202390487 116.33623 39.90039
1202390684 116.34008 39.90542
1202390789 116.33993 39.90162
1202390985 116.34337 39.88816
1202391090 116.35298 39.88793
1202391287 116.36776 39.88769
1202391392 116.36873 39.88776
1202391589 116.37706 39.88793
1202391694 116.38135 39.88812
1202391890 116.41785 39.89189
1202391995 116.43218 39.89213
1202392192 116.44959 39.88911
1202392297 116.44999 39.88362
1202392494 116.4429 39.88351
1202392599 116.43737 39.8832
1202392599 116.43737 39.8832
1202392795 116.4253 39.88279
1202392900 116.41408 39.88424
1202393081 116.40811 39.88709
1202393383 116.38784 39.88491
1202393402 116.38751 39.88496
1202393685 116.37649 39.88814
1202393986 116.35339 39.88802
1202394005 116.35293 39.888
1202394288 116.33016 39.88333
1202394307 116.32828 39.88328
1202394590 116.32814 39.87817
1202394608 116.32814 39.87817
1202394891 116.32807 39.87808
1202394910 116.32807 39.87808
1202395193 116.32045 39.88173
1202395212 116.32042 39.88297
1202395212 116.32042 39.88297
1202395495 116.30864 39.88551
1202395495 116.30864 39.88551
1202395513 116.30604 39.88432
1202395796 116.30438 39.92667
1202395815 116.30635 39.92683
1202396098 116.29852 39.92689
1202396117 116.29631 39.92687
1202396400 116.29718 39.92265
1202396418 116.3007 39.92266
1202396701 116.3284 39.91442
1202396720 116.32911 39.91262
1202397003 116.35026 39.91033
1202397022 116.34993 39.90836
1202397305 116.34642 39.89991
1202397323 116.34642 39.89991
1202397606 116.36749 39.90569
1202397625 116.36986 39.90567
1202397908 116.36809 39.9055
1202397927 116.36803 39.90606
1202398210 116.36787 39.91258
1202398228 116.36777 39.91295
1202398511 116.36689 39.93079
1202398530 116.36689 39.93079
1202398813 116.36598 39.94678
1202398832 116.36589 39.94704
1202399115 116.36776 39.95229
1202399133 116.36741 39.95314
1202399416 116.35524 39.9547
1202399435 116.35524 39.95452
1202399718 116.36602 39.94354
1202399737 116.36618 39.94173
1202400019 116.37181 39.9379
1202400037 116.37231 39.93792
1202400343 116.37016 39.93142
1202400442 116.36695 39.92775
1202400644 116.36024 39.92248
1202400744 116.35303 39.92235
1202400744 116.35303 39.92235
1202400946 116.35032 39.90423
1202401045 116.35851 39.89803
1202401248 116.36776 39.89839
1202401347 116.37384 39.89853
1202401549 116.37527 39.89864
1202401649 116.37072 39.89854
1202401851 116.37346 39.90282
1202401950 116.36489 39.90247
1202402153 116.35718 39.90757
1202402252 116.35457 39.90599
1202402453 116.3569 39.91227
1202402453 116.3569 39.91227
1202402553 116.36048 39.91124
1202403854 116.36089 39.88225
1202403921 116.3645 39.88184
1202404156 116.36997 39.88185
1202404222 116.37271 39.88172
1202404457 116.3839 39.88179
1202404524 116.38397 39.88118
1202404759 116.3781 39.8819
1202404826 116.37536 39.88101
1202405061 116.37112 39.87738
1202405127 116.37008 39.87733
1202405361 116.36103 39.88321
1202405361 116.36103 39.88321
1202405452 116.36136 39.88792
1202405663 116.34233 39.88837
1202405730 116.34248 39.88391
1202405965 116.34287 39.87427
1202406031 116.34287 39.87427
1202406266 116.32526 39.86686
1202406333 116.32047 39.86685
1202406568 116.2761 39.86413
1202406635 116.26363 39.86446
1202406870 116.25237 39.8599
1202406936 116.25237 39.8599
1202407171 116.24755 39.8581
1202407238 116.25442 39.86084
1202407473 116.23888 39.85496
1202407540 116.23311 39.85647
1202407775 116.22929 39.843
1202407841 116.23085 39.84129
1202408076 116.2347 39.85484
1202408143 116.24143 39.85567
1202408378 116.24621 39.85764
1202408445 116.23927 39.85504
1202408680 116.2276 39.84476
1202408746 116.23094 39.84084
1202408981 116.22867 39.84367
1202409048 116.22622 39.84773
1202409283 116.24817 39.85839
1202409350 116.25382 39.86056
1202409585 116.2667 39.86876
1202409651 116.2704 39.87068
1202409886 116.2877 39.87699
1202409953 116.29295 39.87841
1202410188 116.30448 39.89267
1202410490 116.30059 39.88187
1202410556 116.28633 39.87806
1202410791 116.27757 39.84533
1202410858 116.27968 39.83972
1202411093 116.28911 39.83243
1202411160 116.29226 39.83234
1202411160 116.29226 39.83234
1202411395 116.29282 39.83247
1202411461 116.2868 39.83279
1202411696 116.27825 39.84711
1202411763 116.27841 39.84613
1202411998 116.29534 39.85663
1202412065 116.30074 39.85669
1202412300 116.30735 39.86203
1202412366 116.3095 39.86588
1202412601 116.3047 39.88535
1202412668 116.3045 39.89211
1202412903 116.31998 39.8922
1202412970 116.31467 39.89203
1202413205 116.31446 39.89103
1202413271 116.31274 39.88838
1202413576 116.307 39.88535
1202413627 116.30565 39.88429
1202413878 116.31923 39.89565
1202413928 116.32831 39.89597
1202414230 116.37579 39.89863
1202414481 116.37789 39.8984
1202414532 116.37807 39.89684
1202414783 116.3785 39.88933
1202414834 116.37847 39.88862
1202415084 116.37547 39.88006
1202415135 116.37562 39.87943
1202415386 116.36866 39.88195
1202415437 116.36829 39.88731
1202415688 116.36819 39.90236
1202415739 116.36809 39.90496
1202415989 116.3684 39.9096
1202416040 116.36784 39.91032
1202416291 116.36733 39.92227
1202416342 116.36723 39.92441
1202416593 116.36667 39.93785
1202416643 116.36631 39.94116
1202416894 116.39789 39.94762
1202416945 116.40894 39.94787
1202417196 116.45419 39.96153
1202417247 116.46202 39.9686
1202417247 116.46202 39.9686
1202417498 116.45749 39.98467
1202417548 116.46026 39.98041
1202417799 116.45906 39.97885
1202417850 116.46033 39.97905
1202418101 116.46033 39.97905
1202418152 116.46033 39.97905
1202418403 116.46033 39.97905
1202418403 116.46033 39.97905
1202418453 116.46033 39.97905
1202418704 116.45782 39.97513
1202418755 116.46031 39.97687
1202419006 116.45245 39.96136
1202419057 116.44736 39.95754
1202419307 116.42781 39.94423
1202419358 116.42513 39.94836
1202419609 116.38743 39.95001
1202419660 116.38478 39.95013
1202419911 116.3675 39.94754
1202420212 116.36671 39.93157
1202420263 116.36671 39.93157
1202420514 116.36736 39.91794
1202420565 116.3675 39.91509
1202420816 116.35166 39.90593
1202420867 116.34229 39.90603
1202421117 116.30223 39.90631
1202421168 116.29364 39.90637
1202421419 116.26844 39.90635
1202421470 116.26844 39.90635
1202421720 116.25037 39.90639
1202421771 116.24876 39.90651
1202422021 116.25665 39.91649
1202422072 116.25862 39.9149
1202422323 116.2671 39.9062
1202422374 116.26752 39.90619
1202422625 116.27865 39.90623
1202422676 116.28667 39.9062
1202422926 116.30304 39.90767
1202422977 116.30056 39.9065
1202423228 116.26776 39.90634
1202423279 116.26168 39.90636
1202423530 116.23225 39.90627
1202423581 116.23007 39.90626
1202423882 116.20327 39.90619
1202424133 116.19011 39.91434
1202424184 116.1901 39.91434
1202424435 116.19271 39.9093
1202424486 116.19275 39.90636
1202424736 116.19989 39.90262
1202424788 116.19899 39.90244
1202424788 116.19899 39.90244
1202425038 116.20803 39.89404
1202425089 116.21461 39.89555
1202425340 116.24711 39.89089
1202425391 116.24909 39.89209
1202425641 116.25319 39.89205
1202425692 116.24771 39.89212
1202425943 116.22985 39.89849
1202425943 116.22985 39.89849
1202425994 116.22985 39.9024
1202426245 116.22228 39.92316
1202426296 116.22069 39.92373
1202426546 116.22794 39.92367
1202426597 116.2329 39.92437
1202426848 116.2469 39.9181
1202426899 116.24926 39.91638
1202427150 116.25868 39.90509
1202427201 116.25868 39.90509
1202427451 116.28861 39.90614
1202427502 116.29574 39.90616
1202427753 116.31398 39.89538
1202427804 116.31483 39.89496
1202428055 116.31528 39.90259
1202428106 116.31707 39.90604
1202428356 116.32193 39.89217
1202428407 116.3162 39.89205
1202428658 116.30369 39.88435
1202428709 116.3048 39.87892
1202428960 116.29783 39.8658
1202429011 116.29126 39.86534
1202429261 116.29183 39.87807
1202429312 116.29876 39.88063
1202429563 116.32802 39.88854
1202429614 116.33822 39.88833
1202429865 116.36479 39.88786
1202429916 116.36763 39.8878
1202430166 116.39462 39.89043
1202430217 116.3959 39.89067
1202430468 116.42144 39.89215
1202430519 116.4214 39.89558
1202430770 116.41564 39.89197
1202430821 116.41295 39.89189
1202431071 116.38927 39.88933
1202431122 116.38882 39.88921
1202431373 116.36379 39.88805
1202431424 116.3598 39.88824
1202431726 116.34054 39.89671
1202431976 116.33906 39.9125
1202432027 116.33885 39.91684
1202432278 116.32773 39.92931
1202432329 116.33094 39.93104
1202432329 116.33094 39.93104
1202432580 116.3508 39.93091
1202432631 116.36069 39.93096
1202432881 116.37371 39.92614
1202432932 116.37385 39.92312
1202433183 116.36746 39.91136
1202433234 116.36765 39.90583
1202433485 116.36218 39.90407
1202433485 116.36218 39.90407
1202433536 116.36223 39.90549
1202433786 116.35711 39.91044
1202433837 116.35955 39.91291
1202434088 116.35019 39.91081
1202434139 116.3502 39.90502
1202434390 116.31698 39.89597
1202434441 116.31184 39.89599
1202434691 116.28341 39.8953
1202434742 116.28354 39.8953
1202434993 116.28632 39.87816
1202435044 116.27918 39.87672
1202435294 116.23371 39.85691
1202435345 116.2282 39.84933
1202435595 116.20718 39.8195
1202435646 116.20084 39.81225
1202435897 116.1656 39.77957
1202435948 116.15626 39.77265
1202462809 116.11162 39.72197
1202462818 116.11047 39.72248
1202463111 116.06185 39.72498
1202463119 116.06071 39.72576
1202463413 116.06037 39.72395
1202463421 116.06037 39.72395
1202463714 116.06037 39.72395
1202463723 116.06037 39.72395
1202464016 116.06816 39.72078
1202464024 116.06933 39.72045
1202464318 116.08682 39.71857
1202464326 116.08843 39.71831
1202464619 116.12982 39.72348
1202464628 116.12983 39.7246
1202464921 116.1029 39.72073
1202464929 116.10147 39.72042
1202465223 116.05949 39.72499
1202465231 116.05965 39.72427
1202465650 116.0603 39.72399
1202465650 116.0603 39.72399
1202465650 116.0603 39.72399
1202465650 116.0603 39.72399
1202465650 116.0603 39.72399
1202465650 116.0603 39.72399
1202465650 116.0603 39.72399
1202465650 116.0603 39.72399
1202465650 116.0603 39.72399
1202465650 116.0603 39.72399
1202465650 116.0603 39.72399
1202465650 116.0603 39.72399
1202465650 116.0603 39.72399
1202465650 116.0603 39.72399
1202465650 116.0603 39.72399
1202465650 116.0603 39.72399
1202465650 116.0603 39.72399
1202465650 116.0603 39.72399
1202465650 116.0603 39.72399
1202465650 116.0603 39.72399
1202465650 116.0603 39.72399
1202465650 116.0603 39.72399
1202465898 0.0 0.0
