UTS Latitude Longitude
1201959476 116.5807 40.07654
1201959778 116.58235 40.06339
1201960069 116.57009 40.06296
1201960384 116.5639 40.0628
1201960686 116.54399 40.05912
1201960988 116.52818 40.04212
1201961290 116.50453 40.03014
1201961592 116.48877 40.01418
1201962195 116.45653 40.00927
1201962799 116.47684 39.99109
1201963100 116.45684 39.99943
1201963402 116.4655 40.00039
1201963402 116.4655 40.00039
1201964006 116.45651 40.01154
1201964308 116.46165 39.99627
1201964609 116.46731 39.99401
1201964911 116.46742 39.99413
1201965213 116.46743 39.99415
1201965515 116.4541 39.98405
1201966118 116.36365 39.986
1201966420 116.35206 39.99215
1201966722 116.35907 39.98801
1201967134 116.35904 39.98826
1201967751 116.35911 39.98763
1201967751 116.35911 39.98763
1201968053 116.34737 39.96611
1201968354 116.36441 39.95657
1201968656 116.373 39.95105
1201968958 116.35879 39.94498
1201969260 116.34913 39.94028
1201969562 116.34976 39.92819
1201969863 116.35038 39.91329
1201970165 116.34357 39.89682
1201970467 116.31543 39.89694
1201970769 116.32076 39.89838
1201971070 116.32531 39.90594
1201971372 116.32847 39.91261
1201971674 116.34326 39.91698
1201971976 116.349 39.91709
1201972278 116.34945 39.93555
1201972579 116.3489 39.94287
1201972881 116.3496 39.94276
1201973183 116.34586 39.93918
1201975673 116.25394 39.92834
1201975974 116.25862 39.92695
1201976880 116.25869 39.90702
1201977183 116.26761 39.90558
1201977483 116.26761 39.89949
1201977785 116.2619 39.88839
1201978087 116.25863 39.89862
1201978389 116.26836 39.90318
1201978690 116.28356 39.9062
1201978992 116.29598 39.90016
1201979294 116.3042 39.89567
1201979596 116.31487 39.89505
1201979898 116.32214 39.89549
1201980199 116.34225 39.89471
1201980501 116.34276 39.87179
1201980803 116.38579 39.86987
1201980803 116.38579 39.86987
1201981105 116.39141 39.86789
1201981406 116.39434 39.86403
1201981708 116.4078 39.85908
1201982010 116.40486 39.85666
1201982312 116.39373 39.86376
1201982614 116.37912 39.86975
1201982915 116.37562 39.87749
1201983518 116.3743 39.88797
1201983820 116.36942 39.88822
1201984121 116.36029 39.89278
1201984423 116.35733 39.88967
1201984725 116.35731 39.88836
1201985035 116.36874 39.88189
1201985329 116.37551 39.88224
1201985630 116.38905 39.88334
1201985932 116.39962 39.88665
1201986536 116.41215 39.90446
1201986838 116.4206 39.90395
1201987036 116.41838 39.9045
1201987444 116.41837 39.90514
1201987749 116.41827 39.90647
1201988051 116.41835 39.90515
1201988051 116.41835 39.90515
1201988352 116.41342 39.9
1201988654 116.4162 39.90676
1201988956 116.42915 39.91122
1201989559 116.45238 39.96001
1201989861 116.46373 39.9699
1201990163 116.45914 39.98653
1201990465 116.47762 39.99441
1201990767 116.48027 39.99439
1201991068 116.48035 39.99436
1201991370 116.48011 39.99452
1201991672 116.46753 40.00066
1201991974 116.45698 39.99962
1201992276 116.46607 40.0005
1201992577 116.46156 39.99634
1201992879 116.46181 39.99409
1201993181 116.46166 39.99631
1201993483 116.47126 39.97828
1201993784 116.4508 39.95936
1201994086 116.43993 39.95117
1201994388 116.44054 39.93517
1201994690 116.42827 39.93273
1201994992 116.42843 39.91798
1201995293 116.42071 39.90766
1201995293 116.42071 39.90766
1201995595 116.41841 39.90425
1201995897 116.43059 39.89881
1201996199 116.43108 39.86944
1201996500 116.37353 39.86933
1201996802 116.34072 39.85285
1201997104 116.33898 39.80625
1201997405 116.33687 39.77949
1201997707 116.34019 39.77858
1201998008 116.33945 39.7819
1201998310 116.35835 39.78924
1201998612 116.35393 39.79202
1201998914 116.36314 39.82832
1201999215 116.3646 39.83332
1201999819 116.36201 39.84452
1202000121 116.35845 39.86092
1202000423 116.34295 39.87012
1202000743 116.32936 39.89605
1202001026 116.31594 39.89598
1202001328 116.31724 39.89687
1202001630 116.32899 39.90577
1202001931 116.33329 39.91411
1202002233 116.3391 39.91711
1202002535 116.32006 39.92684
1202002837 116.30416 39.93002
1202002837 116.30416 39.93002
1202003139 116.27927 39.92309
1202003440 116.24998 39.92822
1202003742 116.25502 39.92802
1202004044 116.26957 39.95068
1202004949 116.27407 39.96158
1202005251 116.28007 39.95345
1202005855 116.31953 39.9315
1202006156 116.29131 39.92285
1202006458 116.27856 39.92306
1202006760 116.26925 39.93143
1202007062 116.27334 39.9508
1202007364 116.30018 39.94136
1202007665 116.29523 39.92668
1202007967 116.3038 39.90803
1202008269 116.31504 39.8971
1202008571 116.30634 39.89633
1202008872 116.30634 39.89635
1202009174 116.30642 39.89634
1202009778 116.29607 39.90598
1202010080 116.31068 39.90354
1202010683 116.31717 39.89605
1202011890 116.25864 39.92571
1202012192 116.25395 39.92822
1202012494 116.24677 39.92859
1202012796 116.25863 39.91654
1202013097 116.25873 39.90421
1202013399 116.27062 39.90597
1202013465 116.27066 39.90599
1202013936 116.27062 39.90594
1202013936 116.27062 39.90594
1202013936 116.27062 39.90594
1202013936 116.27062 39.90594
1202013936 116.27062 39.90594
1202013936 116.27062 39.90594
1202013936 116.27062 39.90594
1202013936 116.27062 39.90594
1202013936 116.27062 39.90594
1202013936 116.27062 39.90594
1202020921 116.32269 39.90605
1202021223 116.34661 39.91132
1202021525 116.34673 39.90589
1202021826 116.34165 39.88877
1202022128 116.32862 39.89138
1202022430 116.32286 39.88864
1202022732 116.36804 39.88785
1202023939 116.42862 39.9173
1202024241 116.44904 39.95708
1202024542 116.50218 40.00506
1202024844 116.56871 40.03644
1202025146 116.57931 40.0471
1202025448 116.58481 40.07676
1202025750 116.5809 40.07841
1202025750 116.5809 40.07841
1202026051 116.58242 40.06286
1202028052 116.47966 39.99421
1202028353 116.47605 40.01219
1202028353 116.47605 40.01219
1202028655 116.51638 40.01607
1202028957 116.56884 40.0365
1202029259 116.57881 40.04628
1202030164 116.58278 40.06538
1202030466 116.58293 40.07607
1202031069 116.58157 40.06808
1202031975 116.57375 40.063
1202032578 116.57009 40.0632
1202032880 116.5534 40.07072
1202033353 116.5492 40.07165
1202033659 116.54922 40.07161
1202033659 116.54922 40.07161
1202033659 116.54922 40.07161
1202033659 116.54922 40.07161
1202033659 116.54922 40.07161
1202033659 116.54922 40.07161
1202033659 116.54922 40.07161
1202033659 116.54922 40.07161
1202033659 116.54922 40.07161
1202033659 116.54922 40.07161
1202033659 116.54922 40.07161
1202033659 116.54922 40.07161
1202033659 116.54922 40.07161
1202033659 116.54922 40.07161
1202033659 116.54922 40.07161
1202033659 116.54922 40.07161
1202033659 116.54922 40.07161
1202033659 116.54922 40.07161
1202033659 116.54922 40.07161
1202033659 116.54922 40.07161
1202033659 116.54922 40.07161
1202033659 116.54922 40.07161
1202042114 116.56431 40.06128
1202042416 116.56332 40.07013
1202042717 116.56585 40.07041
1202043019 116.56462 40.07082
1202043321 116.56461 40.07082
1202043623 116.56459 40.07084
1202043924 116.56458 40.07082
1202044226 116.56468 40.07079
1202045923 116.56462 40.07079
1202046224 116.56465 40.07079
1202046526 116.56459 40.07079
1202046828 116.56462 40.07085
1202047130 116.56461 40.07075
1202047431 116.56463 40.07079
1202047733 116.56459 40.07083
1202048035 116.56463 40.07085
1202048639 116.56458 40.07076
1202048940 116.56465 40.07081
1202049242 116.56463 40.07082
1202049242 116.56463 40.07082
1202049544 116.56461 40.07076
1202049846 116.56462 40.07078
1202050147 116.56458 40.07077
1202050449 116.56461 40.07079
1202050751 116.5646 40.07078
1202051053 116.56466 40.07085
1202051355 116.56461 40.07078
1202051656 116.5646 40.07078
1202051958 116.57003 40.06339
1202052260 116.58251 40.06375
1202052562 116.58188 40.06731
1202053165 116.58138 40.07028
1202053467 116.58138 40.07049
1202054070 116.58186 40.07582
1202054371 116.58324 40.07531
1202054673 116.58327 40.07527
1202054975 116.58436 40.07659
1202055579 116.58809 40.07781
1202055880 116.58157 40.04907
1202056182 116.54014 40.02479
1202056484 116.47731 39.98281
1202056484 116.47731 39.98281
1202056786 116.42714 39.98783
1202057087 116.37919 39.9866
1202057389 116.31639 39.98441
1202057691 116.26927 39.95849
1202057993 116.268 39.91046
1202058294 116.27091 39.87538
1202060032 116.32204 39.89552
1202060334 116.32847 39.90591
1202060636 116.33373 39.91268
1202060938 116.33878 39.91285
1202061239 116.34635 39.90634
1202061541 116.33871 39.91467
1202061843 116.34518 39.92203
1202062145 116.34999 39.91893
1202064689 116.42887 39.86709
1202064985 116.43299 39.86736
1202065306 116.4243 39.88845
1202065589 116.43267 39.89232
1202065891 116.43248 39.90185
1202066192 116.42842 39.92633
1202066495 116.42749 39.94195
1202066796 116.43496 39.94747
1202067113 116.43895 39.95453
1202067701 116.42418 39.96831
1202068003 116.41859 39.96494
1202068329 116.41904 39.95289
1202068607 116.42332 39.9481
1202068908 116.42807 39.92331
1202069210 116.42826 39.91747
1202069512 116.42049 39.91565
1202069814 116.43131 39.92305
1202070115 116.43853 39.9219
1202070115 116.43853 39.9219
1202070417 116.43973 39.9187
1202070719 116.4401 39.92179
1202071021 116.44429 39.93208
1202071323 116.44621 39.94659
1202071624 116.45446 39.94789
1202071926 116.45833 39.95724
1202072530 116.44651 39.95138
1202072891 116.44657 39.9514
1202072891 116.44657 39.9514
1202073812 116.44645 39.95134
1202074114 116.44479 39.95245
1202074415 116.44475 39.95245
1202074717 116.44471 39.95247
1202075019 116.44481 39.95244
1202075320 116.44927 39.94793
1202075622 116.47108 39.95287
1202075923 116.49587 39.94494
1202075923 116.49587 39.94494
1202076225 116.48345 39.9364
1202076527 116.47207 39.92812
1202076829 116.47187 39.91494
1202077130 116.46334 39.90862
1202077432 116.45501 39.90794
1202077734 116.42893 39.9078
1202078036 116.42783 39.89632
1202078639 116.41205 39.90451
1202078941 116.41145 39.90844
1202079846 116.39788 39.93217
1202080148 116.38784 39.93198
1202080450 116.41541 39.93223
1202080450 116.41541 39.93223
1202080752 116.42771 39.94229
1202081054 116.44365 39.9463
1202081355 116.44909 39.94655
1202081657 116.4625 39.94652
1202081959 116.46813 39.96622
1202082562 116.45669 39.99743
1202082864 116.46136 40.00702
1202083166 116.46944 40.00056
1202083166 116.46944 40.00056
1202083468 116.46132 39.98885
1202083770 116.43801 39.98571
1202084071 116.37285 39.98628
1202084374 116.34725 39.96187
1202084675 116.34933 39.93143
1202084977 116.32971 39.9269
1202085278 116.32468 39.93288
1202085582 116.31909 39.94322
1202085882 116.32953 39.95393
1202086184 116.33633 39.94163
1202086486 116.3505 39.9102
1202087391 116.36412 39.89818
1202087693 116.3681 39.88196
1202089209 116.45533 39.88355
1202089533 116.45001 39.90502
1202089813 116.44682 39.90728
1202090116 116.44426 39.9292
1202090416 116.4557 39.94393
1202090416 116.4557 39.94393
1202091020 116.48329 39.97904
1202091323 116.47783 39.99352
1202091623 116.47371 40.01172
1202091926 116.47391 40.01172
1202092227 116.46122 40.00722
1202092530 116.45671 39.9933
1202092831 116.46151 40.00705
1202093133 116.45699 40.00707
1202093434 116.47426 39.98449
1202093737 116.44941 39.95884
1202094038 116.45541 39.9174
1202094340 116.45306 39.87227
1202094641 116.46118 39.88302
1202094944 116.45554 39.9063
1202095245 116.45592 39.95498
1202095548 116.47457 39.97728
1202095848 116.4686 39.98474
1202096150 116.46858 39.98474
1202096451 116.46856 39.98476
1202096754 116.4686 39.98475
1202096985 116.46858 39.98478
1202101004 116.45924 40.0036
1202101608 116.46159 40.00397
1202101909 116.45608 40.01167
1202102211 116.45626 40.01155
1202102513 116.45636 40.01166
1202102815 116.45625 40.01159
1202103117 116.45629 40.01163
1202103418 116.45648 40.01179
1202103720 116.45639 40.0118
1202104324 116.4565 40.01181
1202104625 116.45636 40.01178
1202104625 116.45636 40.01178
1202104927 116.45662 40.01173
1202105229 116.45668 40.01171
1202105531 116.45654 40.01185
1202105833 116.45664 40.01179
1202106134 116.45668 40.01182
1202106436 116.45665 40.01184
1202106738 116.45681 40.01174
1202107040 116.45697 40.01178
1202107341 116.4569 40.01168
1202107643 116.45684 40.01175
1202107945 116.45688 40.01186
1202108247 116.45701 40.01174
1202108549 116.45654 40.01187
1202108850 116.45685 40.0117
1202109152 116.45699 40.01188
1202109454 116.45638 40.01174
1202109756 116.4563 40.01168
1202110058 116.45652 40.01178
1202110359 116.4564 40.01186
1202110661 116.45664 40.01155
1202110963 116.45675 40.01165
1202111566 116.52594 40.01963
1202111868 116.57657 40.04461
1202112170 116.58378 40.05879
1202112170 116.58378 40.05879
1202112472 116.58651 40.07867
1202112774 116.58279 40.06426
1202113075 116.53803 40.02412
1202113679 116.45648 40.01161
1202113981 116.45654 40.01172
1202114282 116.45663 40.01148
1202114584 116.4565 40.01144
1202114886 116.45649 40.01157
1202115188 116.45637 40.01152
1202115490 116.45639 40.01158
1202115791 116.46149 40.00086
1202116093 116.47231 39.97922
1202116395 116.44547 39.95637
1202116696 116.4554 39.92201
1202116997 116.45475 39.87494
1202117299 116.45949 39.86665
1202117601 116.47581 39.86821
1202117903 116.47132 39.88456
1202118205 116.47145 39.89429
1202118506 116.47095 39.90568
1202118808 116.47189 39.91049
1202119110 116.48319 39.91423
1202119412 116.4839 39.94588
1202119713 116.44708 39.98073
1202119713 116.44708 39.98073
1202120015 116.4179 39.98799
1202120317 116.42405 39.99307
1202121222 116.41076 39.98203
1202121524 116.4036 39.98107
1202121826 116.38993 39.97549
1202122128 116.36736 39.97536
1202122128 116.36736 39.97536
1202122429 116.34264 39.9752
1202122731 116.32721 39.97525
1202123033 116.31878 39.97963
1202123335 116.32815 39.98533
1202123637 116.35879 39.98577
1202123938 116.41306 39.98735
1202124240 116.44859 39.9794
1202124844 116.46772 39.98893
1202125146 116.4772 39.98372
1202125447 116.46274 39.9729
1202125749 116.4605 39.97049
1202126051 116.46634 39.96883
1202126353 116.4663 39.9688
1202126654 116.46625 39.96883
1202126956 116.4663 39.96877
1202126956 116.4663 39.96877
1202127258 116.45158 39.97848
1202127560 116.44923 39.9796
1202127862 116.4679 39.99226
1202128163 116.47486 39.99296
1202128465 116.48052 39.99432
1202128767 116.48035 39.99433
1202129069 116.48034 39.99435
1202129370 116.4803 39.99432
1202129672 116.48048 39.99427
1202129974 116.48046 39.99428
1202130276 116.48039 39.99427
1202130578 116.48042 39.99428
1202130879 116.48045 39.99428
1202131181 116.47059 39.98601
1202131483 116.47194 39.97894
1202131785 116.47641 39.97603
1202132086 116.47098 39.98695
1202132388 116.46538 39.99041
1202132690 116.45803 39.96633
1202132991 116.43909 39.95057
1202133293 116.43985 39.94326
1202133594 116.42745 39.93501
1202133896 116.42388 39.90718
1202134198 116.39645 39.90646
1202134500 116.38927 39.89777
1202134500 116.38927 39.89777
1202134801 116.3922 39.88884
1202135103 116.39322 39.86366
1202135405 116.41285 39.85559
1202135707 116.41603 39.85645
1202136009 116.42726 39.86449
1202136310 116.43204 39.86457
1202136612 116.4384 39.88918
1202136914 116.4287 39.92217
1202137216 116.41113 39.9263
1202137819 116.42071 39.90762
1202138121 116.41825 39.90656
1202138423 116.42453 39.90686
1202138725 116.43483 39.90665
1202139328 116.4347 39.92128
1202139630 116.43759 39.92012
1202139932 116.43473 39.91315
1202140234 116.44407 39.90752
1202141139 116.47088 39.89218
1202141441 116.46693 39.89219
1202141742 116.45602 39.89225
1202142044 116.43275 39.89839
1202142346 116.43508 39.90522
1202142648 116.43349 39.90595
1202142950 116.4304 39.90612
1202144718 116.47127 39.93231
1202145020 116.4792 39.93193
1202145322 116.48354 39.91524
1202145623 116.4399 39.90256
1202145925 116.43165 39.90528
1202146227 116.4247 39.90762
1202146529 116.42205 39.90722
1202146830 116.42072 39.90738
1202147132 116.42154 39.90346
1202147434 116.42182 39.90346
1202147736 116.43666 39.8924
1202148038 116.4171 39.89187
1202148339 116.40851 39.89156
1202148641 116.39738 39.8863
1202148943 116.39437 39.8854
1202149245 116.38717 39.88214
1202149547 116.38934 39.87954
1202149848 116.41191 39.86961
1202150150 116.42423 39.86576
1202150452 116.42216 39.86444
1202150452 116.42216 39.86444
1202150754 116.41659 39.86428
1202151063 116.39088 39.87035
1202151357 116.38881 39.86574
1202152263 116.38066 39.85395
1202152564 116.39304 39.85554
1202153976 116.41247 39.89907
1202154277 116.42054 39.90659
1202154579 116.41832 39.90674
1202155183 116.4492 39.90732
1202155484 116.44425 39.91528
1202155786 116.44621 39.92194
1202156088 116.44971 39.92407
1202156692 116.4659 39.91474
1202156993 116.48217 39.91425
1202157295 116.49931 39.91455
1202157295 116.49931 39.91455
1202157597 116.49005 39.91461
1202158200 116.48327 39.88069
1202158502 116.48876 39.87677
1202158804 116.49143 39.87673
1202159106 116.48393 39.8914
1202159408 116.48039 39.85806
1202160312 116.47183 39.89029
1202160312 116.47183 39.89029
1202160614 116.46663 39.89294
1202161217 116.41261 39.89162
1202161519 116.394 39.8854
1202161821 116.389 39.88434
1202162123 116.40589 39.88692
1202162424 116.41264 39.89135
1202163330 116.43504 39.90579
1202163933 116.42897 39.91178
1202164235 116.41998 39.94833
1202164537 116.40147 39.96026
1202165140 116.42785 39.94796
1202165416 116.44593 39.95149
1202165722 116.44606 39.95153
1202165722 116.44606 39.95153
1202165722 116.44606 39.95153
1202165722 116.44606 39.95153
1202165722 116.44606 39.95153
1202167543 116.44691 39.95095
1202167845 116.44225 39.9453
1202167845 116.44225 39.9453
1202168146 116.43759 39.93284
1202168448 116.43833 39.9323
1202168750 116.43785 39.92559
1202169052 116.41171 39.92302
1202169354 116.40896 39.90915
1202169655 116.41166 39.90719
1202170259 116.43249 39.89222
1202170561 116.44901 39.88594
1202170862 116.45482 39.87352
1202171164 116.42776 39.85755
1202171466 116.42221 39.84699
1202171768 116.41084 39.84094
1202172070 116.39543 39.83529
1202172371 116.34759 39.82987
1202172673 116.2816 39.83372
1202172975 116.2773 39.83871
1202173277 116.28672 39.8327
1202173507 116.29079 39.82963
1202174119 116.28225 39.82049
1202174420 116.31541 39.82917
1202175326 116.40218 39.80382
1202175628 116.39589 39.82072
1202176231 116.39361 39.86289
1202176533 116.35907 39.86903
1202176835 116.35576 39.87166
1202176835 116.35576 39.87166
1202178645 116.40355 39.87071
1202178947 116.43249 39.8638
1202179852 116.41077 39.89778
1202180154 116.42168 39.89603
1202180456 116.42929 39.89297
1202181060 116.41025 39.90689
1202181361 116.37554 39.91293
1202181663 116.36567 39.92262
1202181965 116.37633 39.93165
1202182267 116.39942 39.93208
1202182568 116.4021 39.95585
1202183172 116.41401 39.93956
1202183474 116.42399 39.93979
1202183776 116.42407 39.93963
1202184077 116.42804 39.93944
1202184379 116.43833 39.93958
1202184379 116.43833 39.93958
1202184681 116.43479 39.92569
1202184983 116.43482 39.91512
1202185284 116.44407 39.90744
1202185888 116.45113 39.91263
1202186190 116.45575 39.924
1202186492 116.45593 39.93964
1202186793 116.457 39.94405
1202187095 116.4561 39.94434
1202187392 116.456 39.94838
1202188011 116.45751 39.95134
1202188313 116.4515 39.9572
1202188615 116.4385 39.95651
1202188916 116.43231 39.9451
1202189218 116.41609 39.93965
1202189520 116.41126 39.93962
1202189821 116.41118 39.92317
1202190123 116.41167 39.91082
1202190424 116.41161 39.91084
1202190726 116.41166 39.91099
1202191028 116.41167 39.91078
1202191330 116.41144 39.91092
1202191632 116.41144 39.91087
1202191933 116.41162 39.91082
1202192235 116.41153 39.91085
1202192537 116.41152 39.91088
1202192839 116.41147 39.91096
1202193140 116.41152 39.91095
1202193442 116.41169 39.91085
1202193744 116.41165 39.91078
1202194046 116.4115 39.91088
1202194348 116.41169 39.91088
1202194649 116.41162 39.91092
1202195253 116.35742 39.90599
1202195555 116.31499 39.90169
1202195785 116.31704 39.89701
1202196162 116.31577 39.89591
1202196464 116.31331 39.89559
1202196765 116.31496 39.89201
1202197066 116.31463 39.89207
1202197368 116.31139 39.88062
1202197670 116.30961 39.8669
1202197971 116.30429 39.86709
1202198273 116.33117 39.84758
1202198575 116.39802 39.85563
1202198877 116.45492 39.87205
1202198877 116.45492 39.87205
1202199179 116.47116 39.90669
1202199480 116.49175 39.90651
1202199782 116.50389 39.9057
1202200084 116.5047 39.90578
1202200386 116.50477 39.90588
1202200989 116.5048 39.90728
1202201291 116.50129 39.90708
1202201593 116.45528 39.89942
1202201895 116.43685 39.85754
1202202498 116.39651 39.8514
1202202800 116.39375 39.85942
1202203102 116.39497 39.87594
1202203403 116.39124 39.87718
1202203705 116.37359 39.87
1202204007 116.3506 39.86831
1202204611 116.32992 39.88871
1202204912 116.32304 39.89533
1202205214 116.32919 39.9058
1202205818 116.31971 39.93591
1202206119 116.31805 39.94995
1202207764 116.37361 39.85568
1202208065 116.39385 39.84784
1202208669 116.40411 39.85549
1202208971 116.3819 39.8557
1202209273 116.31914 39.84895
1202209574 116.30424 39.88416
1202209876 116.30024 39.88101
1202210178 116.3121 39.88661
1202210480 116.34491 39.88816
1202210480 116.34491 39.88816
1202210781 116.36753 39.88787
1202211083 116.37855 39.89165
1202211385 116.37806 39.89803
1202211992 116.38555 39.90599
1202212294 116.41574 39.9069
1202212595 116.428 39.93219
1202214039 116.47453 39.99317
1202215254 116.47484 39.99304
1202215871 116.46466 39.99197
1202216173 116.44925 39.98019
1202216475 116.38865 39.98675
1202216776 116.32224 39.9846
1202217078 116.26894 39.96063
1202217380 116.27804 39.92293
1202217682 116.29049 39.91433
1202218254 116.29076 39.91406
1202218582 116.29087 39.91429
1202218582 116.29087 39.91429
1202218582 116.29087 39.91429
1202218582 116.29087 39.91429
1202218582 116.29087 39.91429
1202220406 116.28897 39.91311
1202220707 116.27599 39.91305
1202221009 116.29105 39.91677
1202221311 116.29304 39.95785
1202221613 116.29582 39.96704
1202221914 116.29578 39.96687
1202222216 116.29091 39.96201
1202222518 116.27884 39.95607
1202222820 116.26801 39.94676
1202223122 116.24156 39.95158
1202223423 116.24128 39.95788
1202223725 116.2402 39.9562
1202224027 116.24677 39.94588
1202224329 116.28152 39.94544
1202224630 116.29695 39.95853
1202225234 116.34959 39.94005
1202225536 116.40807 39.94782
1202225838 116.45912 39.96609
1202226139 116.51058 40.01251
1202226139 116.51058 40.01251
1202226441 116.57872 40.04648
1202227722 116.5562 40.06576
1202228024 116.53953 40.05625
1202228326 116.52371 40.03395
1202228628 116.49597 40.02187
1202228930 116.46623 40.02282
1202229231 116.4588 40.01443
1202229533 116.38457 40.02126
1202229835 116.29932 40.01517
1202230438 116.26924 39.94987
1202230740 116.26581 39.89639
1202231042 116.31354 39.8955
1202231344 116.32291 39.89967
1202231645 116.32942 39.91265
1202231645 116.32942 39.91265
1202232248 116.34784 39.91274
1202232550 116.35577 39.91288
1202232852 116.35702 39.90458
1202233153 116.35708 39.89871
1202233455 116.35729 39.88941
1202233757 116.3573 39.8883
1202234059 116.37584 39.88796
1202234361 116.39258 39.88995
1202234662 116.41753 39.89186
1202234964 116.44969 39.8927
1202235266 116.44173 39.89899
1202235568 116.42414 39.89938
1202235870 116.42276 39.90556
1202236171 116.42395 39.90396
1202236473 116.40897 39.89965
1202236775 116.39871 39.89933
1202237077 116.37484 39.89862
1202237378 116.36148 39.89819
1202237680 116.33754 39.88848
1202237982 116.33562 39.88008
1202238284 116.32691 39.87176
1202238586 116.32046 39.8806
1202238887 116.31696 39.88843
1202239189 116.30432 39.89145
1202239189 116.30432 39.89145
1202239491 116.25374 39.89584
1202239793 116.25863 39.90212
1202240396 116.26291 39.9062
1202241302 116.29096 39.93518
1202241603 116.30335 39.95311
1202242207 116.37896 39.96154
1202244923 116.30412 39.93374
1202245666 116.42604 39.96999
1202245967 116.45755 40.01372
1202246269 116.49733 40.00242
1202246571 116.49817 40.00306
1202246873 116.49851 40.00342
1202247174 116.4986 40.00342
1202247476 116.49862 40.00341
1202247778 116.49856 40.00333
1202248080 116.49853 40.00341
1202248382 116.51683 40.0233
1202248683 116.52414 40.03416
1202248985 116.54856 40.06354
1202249287 116.55631 40.10631
1202249589 116.60087 40.14863
1202250192 116.63355 40.27485
1202250494 116.66635 40.32381
1202250494 116.66635 40.32381
1202250796 116.75732 40.33812
1202251098 116.82169 40.36668
1202251399 116.85235 40.37047
1202251701 116.896 40.37821
1202252003 116.97897 40.36277
1202252305 117.05027 40.35828
1202252606 117.09167 40.37444
1202252908 117.10435 40.39286
1202253043 117.10403 40.39244
1202304699 117.10401 40.39239
1202305001 117.10386 40.3926
1202305303 117.10401 40.39255
1202305303 117.10401 40.39255
1202305604 117.10401 40.39247
1202306208 117.13156 40.40895
1202306510 117.14617 40.38186
1202306811 117.14268 40.3578
1202307113 117.15952 40.34732
1202307341 117.15992 40.34745
1202307341 117.15992 40.34745
1202319184 117.13821 40.35013
1202319486 117.14706 40.37485
1202319788 117.1375 40.41088
1202320089 117.10396 40.39244
1202388152 117.104 40.39242
1202388453 117.10402 40.39243
1202388755 117.10402 40.39243
1202389057 117.10622 40.39275
1202389359 117.10626 40.39277
1202389660 117.11305 40.399
1202389660 117.11305 40.399
1202389962 117.09057 40.39055
1202390264 117.05309 40.38403
1202390566 117.05131 40.41043
1202390566 117.05131 40.41043
1202391210 117.05112 40.41341
1202392123 117.04879 40.39647
1202392425 117.02803 40.38439
1202392727 117.02289 40.36054
1202393028 116.97328 40.36431
1202393330 116.88817 40.38203
1202393632 116.84738 40.37493
1202393934 116.83452 40.38658
1202394105 116.83524 40.38689
1202394412 116.83516 40.38692
1202394412 116.83516 40.38692
1202394412 116.83516 40.38692
1202394412 116.83516 40.38692
1202394412 116.83516 40.38692
1202394412 116.83516 40.38692
1202394412 116.83516 40.38692
1202394412 116.83516 40.38692
1202394412 116.83516 40.38692
1202394412 116.83516 40.38692
1202394412 116.83516 40.38692
1202394412 116.83516 40.38692
1202394412 116.83516 40.38692
1202394412 116.83516 40.38692
1202394412 116.83516 40.38692
1202394412 116.83516 40.38692
1202394412 116.83516 40.38692
1202394412 116.83516 40.38692
1202394412 116.83516 40.38692
1202394412 116.83516 40.38692
1202394412 116.83516 40.38692
1202394412 116.83516 40.38692
1202394412 116.83516 40.38692
1202414028 116.83559 40.38688
1202414330 116.82446 40.37281
1202414632 116.83944 40.36843
1202414632 116.83944 40.36843
1202414933 116.87282 40.3795
1202415235 116.94027 40.37257
1202415536 116.99875 40.35992
1202415838 117.05482 40.35708
1202416140 117.09256 40.37464
1202416441 117.10398 40.39243
1202474543 117.10397 40.39245
1202474845 117.10403 40.39244
1202475147 117.104 40.39242
1202475448 117.10401 40.39242
1202475750 117.10389 40.3927
1202476052 117.10454 40.39301
1202476354 117.10864 40.39491
1202476655 117.10687 40.39322
1202476957 117.10677 40.3867
1202477126 117.10662 40.38668
1202477664 117.10645 40.38667
1202478289 117.10662 40.38699
1202478591 117.10452 40.39299
1202478893 117.10543 40.39354
1202479165 117.10653 40.38664
1202479491 117.10654 40.38668
1202479491 117.10654 40.38668
1202479491 117.10654 40.38668
1202479491 117.10654 40.38668
1202479491 117.10654 40.38668
1202479491 117.10654 40.38668
1202479491 117.10654 40.38668
1202479491 117.10654 40.38668
1202479491 117.10654 40.38668
1202479491 117.10654 40.38668
1202479491 117.10654 40.38668
1202479491 117.10654 40.38668
1202479491 117.10654 40.38668
1202479491 117.10654 40.38668
1202479491 117.10654 40.38668
1202479491 117.10654 40.38668
1202479491 117.10654 40.38668
1202479491 117.10654 40.38668
1202479491 117.10654 40.38668
1202479491 117.10654 40.38668
1202479491 117.10654 40.38668
1202479491 117.10654 40.38668
1202479491 117.10654 40.38668
