UTS Latitude Longitude
1201959248 116.34142 40.02951
1201959363 116.35464 40.01191
1201959549 116.35992 40.00525
1201959665 116.36503 39.9984
1201959851 116.37246 39.98536
1201959966 116.37488 39.97329
1201960153 116.37292 39.95615
1201960268 116.37287 39.95566
1201960454 116.37298 39.95382
1201960570 116.3729 39.95177
1201960756 116.3729 39.95017
1201960871 116.3733 39.94377
1201961058 116.37369 39.93266
1201961173 116.37372 39.93211
1201961359 116.36024 39.93112
1201961475 116.35485 39.93105
1201961661 116.34153 39.9312
1201961776 116.33987 39.93118
1201961963 116.32827 39.93121
1201962078 116.32625 39.93294
1201962264 116.32044 39.93103
1201962379 116.31942 39.93048
1201962566 116.3195 39.92709
1201962868 116.33529 39.92168
1201962983 116.33833 39.92069
1201963169 116.33878 39.91464
1201963284 116.34138 39.9128
1201964445 116.36795 39.9132
1201964746 116.3829 39.92087
1201964994 116.39015 39.92187
1201965048 116.39617 39.92206
1201965296 116.4101 39.92285
1201965349 116.41355 39.92286
1201965598 116.43286 39.92283
1201965899 116.43991 39.92141
1201965953 116.43618 39.92257
1201966201 116.42833 39.92819
1201966254 116.42846 39.93091
1201966503 116.41959 39.92903
1201966804 116.41471 39.91418
1201966858 116.41269 39.91428
1201967159 116.41192 39.91432
1201967408 116.4121 39.90179
1201967461 116.4121 39.90034
1201967461 116.4121 39.90034
1201967709 116.41288 39.89621
1201967763 116.41234 39.89546
1201968010 116.41302 39.88609
1201968063 116.41307 39.88607
1201968311 116.4125 39.8991
1201968365 116.41243 39.89926
1201968613 116.4137 39.91071
1201968613 116.4137 39.91071
1201968667 116.4154 39.91073
1201968915 116.4209 39.90356
1201968968 116.4215 39.90346
1201969216 116.42188 39.90369
1201969270 116.42371 39.9037
1201969518 116.43045 39.90103
1201969820 116.42879 39.91476
1201970121 116.42799 39.93197
1201970175 116.4278 39.93584
1201970423 116.41493 39.94797
1201970477 116.40602 39.94777
1201970725 116.38658 39.9476
1201970778 116.38269 39.94756
1201971026 116.36942 39.94747
1201971080 116.36639 39.94734
1201971328 116.35485 39.94371
1201971381 116.35277 39.94336
1201971651 116.343 39.94411
1201971931 116.34092 39.94829
1201971985 116.34319 39.94605
1201972233 116.33949 39.93677
1201972287 116.33611 39.93606
1201972535 116.32715 39.93424
1201972588 116.32733 39.93154
1201972836 116.31452 39.93109
1201972890 116.30645 39.93106
1201973138 116.30391 39.92733
1201973191 116.30391 39.92497
1201973440 116.30402 39.92063
1201973440 116.30402 39.92063
1201973493 116.30402 39.91976
1201973741 116.3041 39.91475
1201973795 116.30412 39.91306
1201974061 116.30416 39.90539
1201974096 116.30415 39.90458
1201974345 116.30411 39.89854
1201974398 116.30417 39.89717
1201974700 116.30418 39.88601
1201974948 116.30996 39.85719
1201975001 116.30789 39.85675
1201975001 116.30789 39.85675
1201975249 116.30364 39.85837
1201975303 116.30373 39.857
1201975551 116.31532 39.86641
1201975605 116.32235 39.86653
1201975853 116.32943 39.86652
1201975906 116.33511 39.86646
1201976154 116.3471 39.86658
1201976154 116.3471 39.86658
1201976208 116.34723 39.8666
1201976456 116.3476 39.87609
1201976510 116.34756 39.87607
1201976758 116.34773 39.87126
1201976811 116.34789 39.86881
1201977059 116.36788 39.86879
1201977113 116.37562 39.86933
1201977361 116.40302 39.87064
1201977415 116.41044 39.87005
1201977663 116.41879 39.86925
1201977964 116.41953 39.86434
1201978018 116.41772 39.86433
1201978266 116.41578 39.85826
1201978319 116.41562 39.85695
1201978568 116.39508 39.85574
1201978621 116.38809 39.85569
1201978869 116.35864 39.85357
1201978923 116.3587 39.84902
1201979171 116.35591 39.84334
1201979224 116.35609 39.84439
1201979487 116.34331 39.84455
1201979526 116.34024 39.84538
1201979774 116.34236 39.86528
1201979828 116.34315 39.86686
1201980076 116.32014 39.86694
1201980129 116.31925 39.86802
1201980378 116.32066 39.87603
1201980431 116.32057 39.87929
1201980679 116.32024 39.87569
1201980733 116.3196 39.87375
1201980981 116.32556 39.86801
1201981034 116.32559 39.86779
1201981283 116.33949 39.86664
1201981336 116.34178 39.86194
1201981584 116.33943 39.83222
1201981638 116.3426 39.82905
1201981893 116.39345 39.83052
1201981939 116.39452 39.82959
1201982187 116.39555 39.81632
1201982241 116.39569 39.81228
1201982489 116.38905 39.80098
1201982543 116.38931 39.79629
1201982543 116.38931 39.79629
1201982791 116.39262 39.79043
1201982844 116.39219 39.79458
1201983092 116.37733 39.80178
1201983146 116.37471 39.79907
1201983394 116.3582 39.7927
1201983448 116.35483 39.79216
1201983696 116.34249 39.78887
1201983696 116.34249 39.78887
1201983749 116.3404 39.78459
1201983997 116.33849 39.78176
1201984051 116.33448 39.77831
1201984299 116.33677 39.75912
1201984353 116.33772 39.75209
1201984601 116.34 39.72857
1201984654 116.33948 39.72159
1201984902 116.3432 39.71974
1201985263 116.34304 39.71976
1201985263 116.34304 39.71976
1201985263 116.34304 39.71976
1201985263 116.34304 39.71976
1201985263 116.34304 39.71976
1201985263 116.34304 39.71976
1201985263 116.34304 39.71976
1201985263 116.34304 39.71976
1201985263 116.34304 39.71976
1201985263 116.34304 39.71976
1201985263 116.34304 39.71976
1201985263 116.34304 39.71976
1201985263 116.34304 39.71976
1201985263 116.34304 39.71976
1201985263 116.34304 39.71976
1201985263 116.34304 39.71976
1201985263 116.34304 39.71976
1201985263 116.34304 39.71976
1201985263 116.34304 39.71976
1201985263 116.34304 39.71976
1201985263 116.34304 39.71976
1201985263 116.34304 39.71976
1201985263 116.34304 39.71976
1202031431 116.34299 39.71972
1202031448 116.34304 39.71974
1202031750 116.3403 39.72666
1202032034 116.33833 39.7517
1202032051 116.3381 39.75403
1202032655 116.33909 39.80952
1202032939 116.34325 39.84913
1202033258 116.40476 39.85569
1202033560 116.44894 39.86177
1202033844 116.45561 39.89374
1202033861 116.45548 39.89479
1202034146 116.4561 39.90605
1202034163 116.45588 39.90727
1202034163 116.45588 39.90727
1202034447 116.45201 39.91081
1202034447 116.45201 39.91081
1202034465 116.45198 39.91077
1202036089 116.47374 39.84233
1202036278 116.48676 39.82738
1202036391 116.49477 39.82119
1202036579 116.50893 39.80823
1202036881 116.51716 39.7943
1202037183 116.49488 39.80074
1202037296 116.49179 39.79919
1202037484 116.49977 39.79958
1202037598 116.49648 39.80151
1202037786 116.48599 39.79916
1202037899 116.47831 39.79971
1202038088 116.46065 39.81323
1202038201 116.44887 39.82238
1202038389 116.44172 39.82938
1202038503 116.44071 39.83851
1202038503 116.44071 39.83851
1202038691 116.43935 39.852
1202038993 116.43658 39.86292
1202039106 116.43279 39.86554
1202039294 116.43343 39.87262
1202039408 116.42824 39.87968
1202039596 116.42449 39.88829
1202039709 116.41813 39.89212
1202039898 116.41246 39.89919
1202040011 116.41142 39.90073
1202040199 116.40544 39.90373
1202040313 116.40536 39.90593
1202040501 116.4082 39.90789
1202040614 116.40766 39.91041
1202040803 116.41156 39.91144
1202041107 116.41151 39.91122
1202041157 116.41164 39.91124
1202041459 116.41162 39.91095
1202041711 116.41172 39.90977
1202041760 116.40931 39.90926
1202042011 116.40837 39.90917
1202042313 116.41201 39.90144
1202042363 116.41209 39.90143
1202042665 116.41223 39.89605
1202042966 116.41191 39.89569
1202043218 116.41931 39.89913
1202043268 116.4219 39.8992
1202043520 116.43057 39.89652
1202043570 116.42973 39.89626
1202043821 116.42309 39.89639
1202043871 116.42186 39.8964
1202044123 116.41546 39.90116
1202044173 116.41824 39.90326
1202044424 116.42146 39.90341
1202044474 116.42156 39.90342
1202044726 116.42317 39.89937
1202044776 116.41607 39.89915
1202045028 116.40553 39.90129
1202045078 116.40552 39.90278
1202045329 116.40542 39.90852
1202045379 116.40768 39.90904
1202045631 116.41938 39.91071
1202045681 116.42019 39.91088
1202045933 116.41251 39.90692
1202045983 116.40604 39.90676
1202046234 116.38233 39.90604
1202046284 116.37796 39.9059
1202046536 116.35794 39.90609
1202046586 116.35078 39.90601
1202046838 116.33755 39.89653
1202046888 116.32902 39.89603
1202047139 116.32398 39.89582
1202047189 116.32373 39.89591
1202047491 116.31869 39.89593
1202047743 116.31525 39.89885
1202047793 116.31496 39.89614
1202047793 116.31496 39.89614
1202048949 116.31317 39.89595
1202048999 116.3067 39.89588
1202049251 116.30427 39.92605
1202049301 116.30442 39.9304
1202049553 116.29873 39.93948
1202049603 116.29884 39.93953
1202049854 116.28265 39.93092
1202049904 116.28248 39.92694
1202050156 116.28326 39.92612
1202050327 116.2822 39.92335
1202050461 116.29008 39.92265
1202050629 116.30389 39.91791
1202050763 116.30394 39.91485
1202050930 116.304 39.91123
1202051064 116.30419 39.90495
1202051232 116.30393 39.88223
1202051366 116.31126 39.88339
1202051533 116.30506 39.88092
1202051667 116.30515 39.88455
1202051834 116.30428 39.90221
1202051968 116.30426 39.91604
1202052136 116.30421 39.94033
1202052136 116.30421 39.94033
1202052270 116.30239 39.95865
1202052438 116.33591 39.96627
1202052572 116.35946 39.96637
1202052739 116.38894 39.96712
1202052873 116.40787 39.96761
1202053041 116.43792 39.9631
1202053175 116.45485 39.95158
1202053342 116.45229 39.95403
1202053477 116.46549 39.97195
1202053644 116.49454 39.99813
1202053778 116.5202 40.01761
1202053946 116.56369 40.03371
1202054247 116.58235 40.06833
1202054381 116.58669 40.07795
1202054549 116.58092 40.07847
1202054683 116.58057 40.07655
1202054851 116.58101 40.07181
1202054985 116.58189 40.06639
1202055152 116.57651 40.06285
1202055286 116.56544 40.06417
1202055286 116.56544 40.06417
1202055588 116.56474 40.07021
1202055756 116.5647 40.07024
1202055890 116.56471 40.0703
1202056057 116.56646 40.07043
1202056191 116.56674 40.07186
1202056359 116.56634 40.07188
1202056493 116.56633 40.07186
1202056493 116.56633 40.07186
1202056661 116.56636 40.07184
1202056795 116.56638 40.07183
1202056962 116.56641 40.0718
1202057096 116.56636 40.07187
1202057264 116.56636 40.07188
1202057398 116.56639 40.07181
1202058729 116.5664 40.0718
1202058838 116.56642 40.07185
1202059031 116.56645 40.07179
1202059139 116.56641 40.07182
1202059333 116.5664 40.07175
1202059743 116.56636 40.07181
1202059936 116.56638 40.07178
1202060044 116.5664 40.07183
1202060238 116.56641 40.07182
1202060346 116.5664 40.07183
1202060539 116.56639 40.07182
1202060648 116.56638 40.07181
1202060841 116.56642 40.07181
1202060841 116.56642 40.07181
1202060949 116.56636 40.0718
1202061143 116.5664 40.07183
1202061251 116.56638 40.07182
1202061444 116.5664 40.07184
1202061553 116.56639 40.07182
1202061746 116.5664 40.07184
1202061854 116.56637 40.07185
1202062048 116.56638 40.07185
1202062156 116.56636 40.07187
1202062349 116.56636 40.07186
1202062458 116.56639 40.07184
1202062651 116.56639 40.07185
1202062759 116.56635 40.0718
1202062953 116.56641 40.07182
1202063061 116.56641 40.07187
1202063254 116.56638 40.07181
1202063363 116.56638 40.07184
1202063556 116.56637 40.0718
1202063664 116.5664 40.07185
1202063858 116.56636 40.07183
1202063966 116.5664 40.07185
1202064159 116.56642 40.07187
1202064824 116.56642 40.07182
1202064875 116.56642 40.07181
1202065125 116.56412 40.0715
1202065176 116.56417 40.07068
1202065427 116.56967 40.06343
1202065478 116.5758 40.06285
1202065478 116.5758 40.06285
1202065728 116.48146 39.7974
1202065728 116.48146 39.7974
1202065780 116.58157 40.06938
1202066030 116.58143 40.07033
1202066081 116.58131 40.07053
1202066332 116.58182 40.07598
1202066383 116.58345 40.07569
1202066634 116.5853 40.07665
1202066634 116.5853 40.07665
1202066685 116.58533 40.07665
1202067237 116.58347 40.06022
1202067539 116.5468 40.027
1202067590 116.53638 40.02344
1202067840 116.49034 39.99446
1202067891 116.48118 39.98617
1202068142 116.48057 39.95765
1202068193 116.48278 39.95398
1202068444 116.4836 39.92388
1202068495 116.48352 39.91657
1202068745 116.45841 39.90727
1202068796 116.4594 39.9068
1202069047 116.46747 39.90917
1202069098 116.46916 39.90986
1202069349 116.4711 39.91228
1202069400 116.47182 39.91281
1202069650 116.47213 39.92055
1202069701 116.47221 39.92057
1202069952 116.47188 39.91733
1202070003 116.47196 39.915
1202070254 116.47161 39.90564
1202070304 116.47166 39.90476
1202070555 116.47158 39.89957
1202070606 116.47538 39.89918
1202070857 116.4889 39.89946
1202070908 116.49253 39.89954
1202071158 116.49226 39.89743
1202071209 116.49189 39.8996
1202071460 116.48424 39.89944
1202071511 116.48397 39.89945
1202071762 116.46432 39.89897
1202071813 116.45961 39.8994
1202072062 116.45622 39.90362
1202072113 116.45616 39.9052
1202072364 116.45295 39.90739
1202072415 116.45141 39.90753
1202072666 116.44481 39.90723
1202072717 116.44112 39.9073
1202072967 116.43476 39.90779
1202073018 116.4318 39.90726
1202073018 116.4318 39.90726
1202073269 116.42428 39.89939
1202073269 116.42428 39.89939
1202073320 116.42415 39.89943
1202073571 116.42201 39.89931
1202073622 116.42116 39.89781
1202073872 116.413 39.89582
1202073923 116.41261 39.89273
1202074174 116.40162 39.88684
1202074174 116.40162 39.88684
1202074225 116.39624 39.8864
1202074476 116.39246 39.88256
1202074527 116.39245 39.87911
1202074777 116.36797 39.86897
1202074828 116.35711 39.86772
1202075079 116.34017 39.84812
1202075130 116.33966 39.83859
1202075381 116.33987 39.80047
1202075432 116.34023 39.7978
1202075682 116.33826 39.78236
1202075733 116.33822 39.78249
1202075984 116.33608 39.76356
1202076035 116.33668 39.75948
1202076286 116.33972 39.72568
1202076337 116.33965 39.72456
1202076587 116.34297 39.71971
1202077005 116.34309 39.71982
1202077005 116.34309 39.71982
1202077005 116.34309 39.71982
1202077005 116.34309 39.71982
1202077005 116.34309 39.71982
1202077005 116.34309 39.71982
1202077005 116.34309 39.71982
1202077005 116.34309 39.71982
1202077005 116.34309 39.71982
1202077005 116.34309 39.71982
1202077005 116.34309 39.71982
1202077005 116.34309 39.71982
1202077005 116.34309 39.71982
1202077005 116.34309 39.71982
1202077005 116.34309 39.71982
1202077005 116.34309 39.71982
1202077005 116.34309 39.71982
1202077005 116.34309 39.71982
1202077005 116.34309 39.71982
1202119566 116.34306 39.71983
1202119673 116.34308 39.71983
1202119867 116.34463 39.72041
1202119975 116.34013 39.72331
1202120169 116.33949 39.73663
1202120276 116.33837 39.75181
1202120471 116.33665 39.76569
1202120578 116.33623 39.77482
1202120578 116.33623 39.77482
1202120772 116.3426 39.78925
1202120880 116.34022 39.80176
1202121074 116.33924 39.82049
1202121181 116.34017 39.82667
1202121376 116.34274 39.84209
1202121483 116.34375 39.84299
1202121677 116.34715 39.84446
1202121785 116.35322 39.84582
1202121979 116.37024 39.85551
1202122086 116.38002 39.85538
1202122281 116.38182 39.86504
1202122388 116.39008 39.87
1202122582 116.41534 39.86912
1202122689 116.41488 39.87881
1202122884 116.4127 39.89368
1202124291 116.41223 39.89218
1202124480 116.40728 39.8869
1202124592 116.39582 39.88587
1202124782 116.3938 39.8853
1202124894 116.39284 39.88512
1202125083 116.39024 39.88501
1202125195 116.3888 39.88494
1202125385 116.37872 39.88514
1202125497 116.37858 39.88754
1202125687 116.36908 39.888
1202125988 116.35402 39.88823
1202126100 116.35287 39.8882
1202126290 116.35207 39.88793
1202126402 116.36029 39.88783
1202126592 116.37532 39.8879
1202126704 116.37839 39.88794
1202126893 116.38648 39.88491
1202127005 116.38642 39.88509
1202127195 116.38632 39.88507
1202127307 116.38638 39.88501
1202127497 116.38368 39.88741
1202127609 116.3923 39.88986
1202127798 116.39319 39.90581
1202127910 116.3955 39.90628
1202128100 116.40461 39.90652
1202128212 116.40962 39.9067
1202128514 116.45216 39.90681
1202128703 116.45195 39.91051
1202128703 116.45195 39.91051
1202128815 116.45212 39.91193
1202129005 116.46848 39.90684
1202129117 116.48357 39.89814
1202129306 116.4816 39.86396
1202129419 116.47627 39.84415
1202129608 116.49624 39.82009
1202129720 116.51344 39.80768
1202129910 116.5417 39.77846
1202130022 116.55756 39.7578
1202130211 116.58912 39.73274
1202130324 116.60892 39.71478
1202130513 116.64197 39.68901
1202130625 116.66304 39.67028
1202130815 116.67108 39.65872
1202130927 116.65961 39.65492
1202131116 116.61962 39.64302
1202131228 116.61299 39.64924
1202131418 116.61057 39.6494
1202131530 116.62041 39.65391
1202131720 116.62313 39.65454
1202131892 116.62011 39.65388
1202131892 116.62011 39.65388
1202132021 116.61417 39.64948
1202132441 116.61147 39.64921
1202132441 116.61147 39.64921
1202132441 116.61147 39.64921
1202132441 116.61147 39.64921
1202132441 116.61147 39.64921
1202132441 116.61147 39.64921
1202132441 116.61147 39.64921
1202132441 116.61147 39.64921
1202132441 116.61147 39.64921
1202135458 116.62919 39.64561
1202135467 116.6312 39.64609
1202135759 116.67271 39.66091
1202135769 116.67371 39.66119
1202136061 116.62574 39.69877
1202136070 116.62387 39.70005
1202136363 116.5714 39.74432
1202136372 116.56972 39.74557
1202136664 116.52546 39.79491
1202136674 116.52421 39.79679
1202136966 116.51097 39.8244
1202136975 116.51262 39.82562
1202137268 116.54293 39.8815
1202137277 116.54276 39.88351
1202137569 116.5322 39.94547
1202137579 116.53047 39.94722
1202137871 116.49674 39.99975
1202137880 116.49771 40.00086
1202138173 116.56179 40.03276
1202138182 116.56404 40.03383
1202138474 116.5825 40.07537
1202138484 116.58311 40.07621
1202143004 116.58401 40.05363
1202143076 116.57832 40.04657
1202143306 116.52812 40.02047
1202143377 116.51094 40.01299
1202143607 116.47115 39.97709
1202143679 116.46542 39.96819
1202143909 116.48026 39.95647
1202143980 116.4802 39.95638
1202144210 116.48026 39.9563
1202144282 116.48025 39.95635
1202144512 116.48022 39.95634
1202144584 116.48016 39.95622
1202144814 116.48022 39.95631
1202144885 116.47675 39.95486
1202145115 116.46029 39.94944
1202145187 116.46016 39.9494
1202145417 116.45645 39.94825
1202145489 116.4564 39.94819
1202145719 116.44419 39.94551
1202145790 116.44415 39.94026
1202146020 116.44409 39.92734
1202146092 116.44406 39.92545
1202146322 116.44404 39.92263
1202146394 116.44401 39.92244
1202146624 116.44452 39.92174
1202146695 116.44459 39.92128
1202146925 116.44535 39.92165
1202146997 116.44104 39.92184
1202147227 116.42993 39.9232
1202147299 116.42952 39.9232
1202147529 116.42843 39.91794
1202147600 116.42856 39.9153
1202147830 116.43011 39.90126
1202147902 116.43776 39.89577
1202148132 116.43351 39.86955
1202148132 116.43351 39.86955
1202148204 116.43282 39.86786
1202148434 116.42819 39.86455
1202148505 116.4282 39.86471
1202148735 116.42815 39.86079
1202148807 116.42807 39.86067
1202149037 116.42739 39.86021
1202149109 116.42704 39.86005
1202149339 116.42446 39.86341
1202149410 116.42627 39.86443
1202149640 116.43035 39.8645
1202149712 116.43129 39.86444
1202149942 116.43267 39.86482
1202150014 116.4333 39.8707
1202150243 116.425 39.88554
1202150315 116.42333 39.88937
1202150545 116.42143 39.89587
1202150617 116.42119 39.89844
1202150847 116.42087 39.90609
1202150918 116.42091 39.9069
1202151148 116.4207 39.90824
1202151220 116.42101 39.90575
1202151449 116.41585 39.90303
1202151521 116.41592 39.90295
1202151811 116.41383 39.90034
1202152124 116.41203 39.8987
1202152414 116.41258 39.89209
1202152426 116.41254 39.89212
1202152727 116.42045 39.89214
1202153018 116.4342 39.88399
1202153029 116.43422 39.88396
1202153319 116.41505 39.88236
1202153331 116.41505 39.88239
1202153621 116.4152 39.86834
1202153632 116.41522 39.86805
1202153923 116.41101 39.85605
1202153923 116.41101 39.85605
1202153934 116.41094 39.85603
1202154224 116.36318 39.85491
1202154236 116.36105 39.85434
1202154526 116.33928 39.82401
1202154537 116.33902 39.82196
1202154828 116.34171 39.79115
1202154839 116.34192 39.7897
1202155129 116.33525 39.77533
1202155141 116.33523 39.77532
1202155431 116.33847 39.74133
1202155442 116.33855 39.74038
1202155733 116.33984 39.72423
1202155744 116.33964 39.72347
1202156046 116.34306 39.71988
1202156401 116.34314 39.71992
1202156401 116.34314 39.71992
1202156401 116.34314 39.71992
1202156401 116.34314 39.71992
1202156401 116.34314 39.71992
1202156401 116.34314 39.71992
1202160448 116.31912 39.73006
1202160460 116.31826 39.72993
1202160750 116.31673 39.73115
1202161055 116.31691 39.73104
1202161055 116.31691 39.73104
1202161055 116.31691 39.73104
1202161055 116.31691 39.73104
1202163529 116.32938 39.72126
1202163780 116.34873 39.71523
1202164197 116.34778 39.71663
1202164197 116.34778 39.71663
1202164197 116.34778 39.71663
1202164197 116.34778 39.71663
1202164197 116.34778 39.71663
1202164197 116.34778 39.71663
1202164197 116.34778 39.71663
1202164197 116.34778 39.71663
1202164197 116.34778 39.71663
1202164197 116.34778 39.71663
1202167844 116.34924 39.71645
1202167844 116.34924 39.71645
1202168059 116.34282 39.71975
1202168146 116.34304 39.7197
1202168486 116.34299 39.7197
1202168486 116.34299 39.7197
1202168486 116.34299 39.7197
1202168486 116.34299 39.7197
1202168486 116.34299 39.7197
1202168486 116.34299 39.7197
1202168486 116.34299 39.7197
1202168486 116.34299 39.7197
1202168486 116.34299 39.7197
1202168486 116.34299 39.7197
1202168486 116.34299 39.7197
1202168486 116.34299 39.7197
1202168486 116.34299 39.7197
1202168486 116.34299 39.7197
1202168486 116.34299 39.7197
1202168486 116.34299 39.7197
1202168486 116.34299 39.7197
1202168486 116.34299 39.7197
1202168486 116.34299 39.7197
1202168486 116.34299 39.7197
1202168486 116.34299 39.7197
1202168486 116.34299 39.7197
1202168486 116.34299 39.7197
1202209534 116.34308 39.71981
1202209836 116.34484 39.72035
1202209887 116.34639 39.72049
1202210188 116.33925 39.74071
1202210188 116.33925 39.74071
1202210439 116.3322 39.74893
1202210490 116.33098 39.75277
1202210741 116.33536 39.75703
1202211277 116.33639 39.76151
1202211404 116.33819 39.74444
1202211579 116.33946 39.73093
1202211881 116.34316 39.72579
1202212007 116.3405 39.73076
1202212182 116.33917 39.74126
1202212309 116.33729 39.75994
1202212484 116.33589 39.77197
1202212610 116.33969 39.78223
1202212786 116.341 39.79864
1202213213 116.34008 39.83462
1202213389 116.34532 39.84442
1202213515 116.35644 39.84448
1202213691 116.3588 39.85355
1202213817 116.35848 39.86093
1202213992 116.3582 39.86679
1202214119 116.35812 39.86868
1202214294 116.35794 39.87331
1202214420 116.35791 39.8743
1202214596 116.35783 39.87563
1202214722 116.36388 39.87699
1202214897 116.36828 39.8816
1202215024 116.36826 39.88635
1202215199 116.36828 39.88743
1202215501 116.36838 39.89779
1202215627 116.3679 39.90336
1202215802 116.36787 39.90787
1202215928 116.3677 39.91239
1202216104 116.37045 39.92111
1202216230 116.37139 39.92628
1202216406 116.37368 39.9302
1202216532 116.37367 39.93064
1202216707 116.37381 39.93292
1202216833 116.37329 39.93723
1202217009 116.37355 39.94473
1202217135 116.38295 39.94743
1202217311 116.41712 39.94795
1202217437 116.41925 39.95057
1202217437 116.41925 39.95057
1202217612 116.41913 39.95443
1202217738 116.41801 39.95619
1202218040 116.41903 39.95181
1202218215 116.41919 39.94959
1202218342 116.42151 39.948
1202218517 116.42774 39.93257
1202218643 116.42844 39.91728
1202218819 116.42942 39.90837
1202218945 116.43702 39.89705
1202219120 116.44925 39.89204
1202219247 116.45032 39.88888
1202219422 116.44969 39.89114
1202219548 116.44898 39.89581
1202219724 116.45188 39.8958
1202219850 116.45069 39.89212
1202220025 116.43885 39.8843
1202220152 116.43368 39.86949
1202220327 116.42953 39.86733
1202220629 116.4279 39.86675
1202220755 116.42667 39.86709
1202220930 116.42416 39.86802
1202221057 116.43339 39.87222
1202221358 116.43419 39.88684
1202221534 116.44273 39.89204
1202221660 116.45474 39.89175
1202221835 116.46218 39.89163
1202221961 116.47123 39.89212
1202222137 116.48363 39.89179
1202222263 116.5038 39.89177
1202222462 116.51353 39.89081
1202222806 116.51357 39.8908
1202222806 116.51357 39.8908
1202223720 116.51415 39.89122
1202223892 116.48862 39.892
1202224022 116.47048 39.8921
1202224193 116.45563 39.89485
1202224323 116.45727 39.89948
1202224627 116.4572 39.89933
1202224675 116.4571 39.89935
1202224929 116.45593 39.90271
1202224977 116.45627 39.90495
1202224977 116.45627 39.90495
1202225231 116.44561 39.90717
1202225279 116.44197 39.90732
1202225532 116.42984 39.90038
1202225580 116.42416 39.89939
1202225834 116.42136 39.89667
1202225882 116.41895 39.8961
1202226136 116.4122 39.89585
1202226136 116.4122 39.89585
1202226184 116.41159 39.89429
1202226404 116.41022 39.89504
1202226606 116.40965 39.89572
1202226742 116.4104 39.89455
1202226908 116.40582 39.89842
1202227044 116.40548 39.90044
1202227209 116.4053 39.90665
1202227345 116.40748 39.90885
1202227511 116.40777 39.91418
1202227647 116.40503 39.91609
1202227813 116.41224 39.91389
1202228114 116.42917 39.91015
1202228250 116.43526 39.90201
1202228416 116.45499 39.89895
1202228416 116.45499 39.89895
1202228416 116.45499 39.89895
1202228552 116.46125 39.8993
1202228718 116.45851 39.89932
1202228854 116.45565 39.89996
1202229019 116.4522 39.89163
1202229155 116.45522 39.89515
1202229321 116.45603 39.9003
1202229457 116.46889 39.90358
1202229623 116.47159 39.89991
1202229623 116.47159 39.89991
1202229759 116.47124 39.89304
1202229924 116.46779 39.8922
1202230060 116.4636 39.89206
1202230226 116.45687 39.89214
1202230362 116.45036 39.89215
1202230528 116.4251 39.8921
1202230664 116.42483 39.88563
1202230829 116.41913 39.88566
1202230965 116.42061 39.88495
1202231131 116.41448 39.88185
1202231267 116.41399 39.87186
1202231433 116.39086 39.87032
1202231569 116.39334 39.86226
1202231734 116.39383 39.84791
1202231870 116.39464 39.83582
1202232036 116.39514 39.82222
1202232172 116.39457 39.81558
1202232398 116.39441 39.81505
1202232474 116.39433 39.81476
1202232775 116.39418 39.81481
1202233001 116.39451 39.81527
1202233077 116.39457 39.81534
1202233303 116.39577 39.81598
1202233378 116.39569 39.82162
1202233604 116.3943 39.83911
1202233680 116.39215 39.83657
1202233680 116.39215 39.83657
1202233906 116.39037 39.8361
1202233982 116.39043 39.83616
1202234208 116.39049 39.83613
1202234208 116.39049 39.83613
1202234283 116.39039 39.83608
1202234585 116.39042 39.83607
1202234811 116.3904 39.83604
1202234887 116.3904 39.83602
1202235113 116.39394 39.83574
1202235188 116.39488 39.8408
1202235414 116.39417 39.8534
1202235414 116.39417 39.8534
1202235490 116.40236 39.85544
1202235716 116.4076 39.8554
1202235792 116.40751 39.8555
1202236018 116.41355 39.85555
1202236093 116.41585 39.8577
1202236319 116.4147 39.88153
1202236395 116.41448 39.8836
1202236621 116.41266 39.89108
1202236697 116.41186 39.89182
1202236923 116.38943 39.88938
1202236998 116.38375 39.88841
1202237224 116.37859 39.88853
1202237300 116.37852 39.89329
1202237526 116.38526 39.89891
1202237602 116.38559 39.9042
1202237828 116.38479 39.92046
1202237903 116.3871 39.92185
1202238129 116.38997 39.93308
1202238205 116.38978 39.9373
1202238431 116.38871 39.94742
1202238731 116.38847 39.96625
1202238807 116.38809 39.97501
1202239033 116.3969 39.98681
1202239109 116.40946 39.98716
1202239335 116.41424 39.98867
1202239411 116.41431 39.98997
1202239636 116.40987 39.98751
1202239712 116.40181 39.98732
1202239938 116.40108 39.97565
1202240014 116.40106 39.96825
1202240240 116.39775 39.96111
1202240315 116.39301 39.962
1202240541 116.39008 39.96196
1202240617 116.38933 39.96189
1202240843 116.38903 39.9503
1202240919 116.38875 39.94768
1202241145 116.38769 39.94048
1202241220 116.38779 39.93959
1202241220 116.38779 39.93959
1202241446 116.3899 39.93461
1202241522 116.39001 39.93253
1202241748 116.38489 39.92134
1202242050 116.37168 39.91341
1202242125 116.36921 39.91352
1202242653 116.36751 39.9084
1202242729 116.36771 39.90706
1202242955 116.36798 39.89912
1202242955 116.36798 39.89912
1202243030 116.36811 39.89682
1202243256 116.36817 39.89418
1202243332 116.36815 39.89279
1202243558 116.36821 39.89018
1202243634 116.36817 39.88918
1202243860 116.36808 39.88217
1202243935 116.36808 39.87987
1202244161 116.37967 39.86908
1202244237 116.38156 39.86454
1202244463 116.38049 39.85753
1202244539 116.38057 39.8563
1202244765 116.38073 39.84971
1202244840 116.3802 39.84794
1202245066 116.37254 39.84217
1202245142 116.37278 39.83294
1202245368 116.33942 39.82639
1202245444 116.33874 39.81372
1202245670 116.34185 39.78789
1202245745 116.33855 39.7822
1202245971 116.3352 39.77108
1202246047 116.33634 39.76225
1202246273 116.33867 39.73962
1202246349 116.33946 39.73516
1202246574 116.34275 39.71979
1202246650 116.34306 39.71974
1202247001 116.34309 39.71965
1202247001 116.34309 39.71965
1202247001 116.34309 39.71965
1202247001 116.34309 39.71965
1202247001 116.34309 39.71965
1202247001 116.34309 39.71965
1202247001 116.34309 39.71965
1202247001 116.34309 39.71965
1202247001 116.34309 39.71965
1202247001 116.34309 39.71965
1202247001 116.34309 39.71965
1202247001 116.34309 39.71965
1202247001 116.34309 39.71965
1202247001 116.34309 39.71965
1202247001 116.34309 39.71965
1202247001 116.34309 39.71965
1202247001 116.34309 39.71965
1202247001 116.34309 39.71965
1202247001 116.34309 39.71965
1202247001 116.34309 39.71965
1202247001 116.34309 39.71965
1202247001 116.34309 39.71965
1202297101 116.34308 39.71978
1202297273 116.34286 39.72044
1202297403 116.35543 39.72046
1202297575 116.38651 39.71963
1202297705 116.40332 39.71936
1202297876 116.43386 39.72132
1202298006 116.45673 39.72475
1202298308 116.50515 39.7377
1202298480 116.53886 39.74484
1202298781 116.56489 39.72676
1202298911 116.57186 39.71
1202299083 116.5744 39.70315
1202299213 116.57374 39.68324
1202299213 116.57374 39.68324
1202299384 116.57514 39.65844
1202299686 116.61004 39.65085
1202299816 116.61131 39.6491
1202299988 116.61134 39.6491
1202300118 116.61131 39.64911
1202300289 116.61129 39.64912
1202300419 116.6113 39.64912
1202300712 116.61134 39.64909
1202305617 116.6115 39.6492
1202306031 116.61154 39.64917
1202306031 116.61154 39.64917
1202306031 116.61154 39.64917
1202306031 116.61154 39.64917
1202306031 116.61154 39.64917
1202306031 116.61154 39.64917
1202306031 116.61154 39.64917
1202306031 116.61154 39.64917
1202306031 116.61154 39.64917
1202306031 116.61154 39.64917
1202306031 116.61154 39.64917
1202306031 116.61154 39.64917
1202306031 116.61154 39.64917
1202306031 116.61154 39.64917
1202306031 116.61154 39.64917
1202306031 116.61154 39.64917
1202306031 116.61154 39.64917
1202306031 116.61154 39.64917
1202306031 116.61154 39.64917
1202306031 116.61154 39.64917
1202306031 116.61154 39.64917
1202306031 116.61154 39.64917
1202306031 116.61154 39.64917
1202322265 116.61748 39.65335
1202322274 116.61827 39.6535
1202322692 116.6186 39.6537
1202322692 116.6186 39.6537
1202323605 116.61535 39.6495
1202324390 116.61122 39.6481
1202324390 116.61122 39.6481
1202324390 116.61122 39.6481
1202324390 116.61122 39.6481
1202324390 116.61122 39.6481
1202324390 116.61122 39.6481
1202324390 116.61122 39.6481
1202327416 116.61149 39.64911
1202327834 116.61153 39.64916
1202327834 116.61153 39.64916
1202327834 116.61153 39.64916
1202327834 116.61153 39.64916
1202327834 116.61153 39.64916
1202327834 116.61153 39.64916
1202327834 116.61153 39.64916
1202327834 116.61153 39.64916
1202327834 116.61153 39.64916
1202327834 116.61153 39.64916
1202327834 116.61153 39.64916
1202327834 116.61153 39.64916
1202327834 116.61153 39.64916
1202327834 116.61153 39.64916
1202327834 116.61153 39.64916
1202327834 116.61153 39.64916
1202327834 116.61153 39.64916
1202327834 116.61153 39.64916
1202327834 116.61153 39.64916
1202386685 116.61166 39.64914
1202386917 116.62744 39.64377
1202386987 116.63885 39.63779
1202387209 116.64076 39.63485
1202387525 116.64072 39.63495
1202387525 116.64072 39.63495
1202388378 116.63612 39.63982
1202388490 116.62204 39.64761
1202388680 116.61978 39.65392
1202388791 116.61977 39.65394
1202388982 116.61676 39.66297
1202389093 116.60952 39.66586
1202389214 116.6101 39.66621
1202389761 116.61593 39.65304
1202389828 116.61597 39.65008
1202389995 116.61156 39.64907
1202390309 116.61155 39.64915
1202390309 116.61155 39.64915
1202390309 116.61155 39.64915
1202390309 116.61155 39.64915
1202390309 116.61155 39.64915
1202390309 116.61155 39.64915
1202390309 116.61155 39.64915
1202390309 116.61155 39.64915
1202390309 116.61155 39.64915
1202390309 116.61155 39.64915
1202393939 116.61116 39.64767
1202394111 116.61151 39.64914
1202394417 116.61147 39.64908
1202394417 116.61147 39.64908
1202394417 116.61147 39.64908
1202394417 116.61147 39.64908
1202394417 116.61147 39.64908
1202394417 116.61147 39.64908
1202394417 116.61147 39.64908
1202394417 116.61147 39.64908
1202394417 116.61147 39.64908
1202394417 116.61147 39.64908
1202394417 116.61147 39.64908
1202394417 116.61147 39.64908
1202394417 116.61147 39.64908
1202394417 116.61147 39.64908
1202394417 116.61147 39.64908
1202394417 116.61147 39.64908
1202394417 116.61147 39.64908
1202394417 116.61147 39.64908
1202394417 116.61147 39.64908
1202394417 116.61147 39.64908
1202394417 116.61147 39.64908
1202394417 116.61147 39.64908
1202394417 116.61147 39.64908
1202402865 116.61067 39.64914
1202402880 116.61131 39.64906
1202403166 116.57704 39.65465
1202403182 116.57564 39.65549
1202403468 116.57172 39.68826
1202403483 116.57178 39.68829
1202403896 116.57185 39.68844
1202403896 116.57185 39.68844
1202403896 116.57185 39.68844
1202405111 116.57278 39.70807
1202405162 116.56939 39.71625
1202405413 116.5448 39.7369
1202405463 116.53918 39.73874
1202405714 116.51159 39.73872
1202405765 116.50557 39.73816
1202406016 116.46858 39.72696
1202406067 116.45829 39.7252
1202406317 116.41838 39.72133
1202406368 116.40645 39.72006
1202406619 116.37198 39.7205
1202406670 116.36276 39.7208
1202406921 116.33495 39.72101
1202406972 116.33266 39.72116
1202407153 116.3282 39.72156
1202409422 116.32759 39.7214
1202409422 116.32759 39.7214
1202409631 116.33918 39.72077
1202409724 116.34305 39.71968
1202410118 116.34299 39.71979
1202410118 116.34299 39.71979
1202410118 116.34299 39.71979
1202410118 116.34299 39.71979
1202410118 116.34299 39.71979
1202410118 116.34299 39.71979
1202410118 116.34299 39.71979
1202410118 116.34299 39.71979
1202410118 116.34299 39.71979
1202410118 116.34299 39.71979
1202410118 116.34299 39.71979
1202410118 116.34299 39.71979
1202410118 116.34299 39.71979
1202410118 116.34299 39.71979
1202410118 116.34299 39.71979
1202410118 116.34299 39.71979
1202410118 116.34299 39.71979
1202410118 116.34299 39.71979
1202410118 116.34299 39.71979
1202410118 116.34299 39.71979
1202410118 116.34299 39.71979
1202410118 116.34299 39.71979
1202412786 116.51799 40.3465
1202412786 116.51799 40.3465
1202413444 116.46184 39.71979
1202467762 116.3432 39.71989
1202467874 116.34325 39.71999
1202468064 116.34318 39.71982
1202468175 116.3432 39.71978
1202468366 116.35158 39.72037
1202468477 116.37451 39.72024
1202468667 116.40261 39.71928
1202468779 116.42204 39.72121
1202468969 116.4568 39.72478
1202469080 116.47299 39.72754
1202469271 116.50235 39.73741
1202469382 116.52458 39.74201
1202469572 116.54783 39.73686
1202469684 116.56302 39.7372
1202469874 116.5702 39.71431
1202469985 116.58435 39.71351
1202470176 116.59107 39.70495
1202470477 116.59722 39.70584
1202470649 116.60265 39.70638
