UTS Latitude Longitude
1201959357 116.37126 39.94747
1201959657 116.37997 39.98099
1201965781 116.37307 39.95055
1201966156 116.35239 39.94321
1201966456 116.34973 39.92697
1201966756 116.35094 39.91757
1201967356 116.35176 39.91075
1201967656 116.35152 39.91051
1201967956 116.35162 39.91075
1201968256 116.35145 39.90866
1201968556 116.35073 39.91694
1201968856 116.34988 39.93128
1201969156 116.37135 39.94746
1201969456 116.3734 39.98287
1201969756 116.37893 39.98606
1201970056 116.41082 39.9869
1201970356 116.41541 39.98671
1201970356 116.41541 39.98671
1201970656 116.4154 39.9866
1201970956 116.41539 39.98665
1201971256 116.41532 39.98697
1201971556 116.40834 39.98717
1201971856 116.38191 39.98678
1201972555 116.33765 40.03479
1201972756 116.34124 40.04024
1201973084 116.34052 40.03867
1201973184 116.33985 40.03858
1201973784 116.36292 40.00111
1201973989 116.37678 40.00004
1201974289 116.38154 39.98065
1201974415 116.37984 39.97583
1201974415 116.37984 39.97583
1201975167 116.35947 39.97261
1201975467 116.355 39.96666
1201975767 116.33502 39.96638
1201976067 116.31625 39.96607
1201976135 116.31359 39.96952
1201976435 116.31006 39.98287
1201976735 116.3259 39.99133
1201976735 116.3259 39.99133
1201976912 116.33113 39.99002
1201977211 116.32651 39.98486
1201977511 116.31863 39.97994
1201977716 116.31909 39.97245
1201977822 116.3135 39.97131
1201978016 116.31367 39.96864
1201978316 116.30365 39.962
1201978616 116.29654 39.962
1201978935 116.29607 39.97151
1201979235 116.30338 39.95114
1201979535 116.3271 39.93561
1201979835 116.32781 39.92759
1201979870 116.32776 39.92697
1201980170 116.33524 39.92157
1201980470 116.34265 39.9169
1201980770 116.34443 39.91073
1201981070 116.34441 39.91072
1201981370 116.34432 39.91106
1201981670 116.34434 39.91099
1201981670 116.34434 39.91099
1201981970 116.34436 39.91098
1201982270 116.34437 39.91096
1201982570 116.34432 39.91114
1201982870 116.34407 39.91086
1201983170 116.34409 39.91087
1201983470 116.34433 39.91103
1201983770 116.34429 39.91099
1201984070 116.3443 39.91099
1201984370 116.34433 39.911
1201984670 116.34433 39.911
1201984970 116.34433 39.911
1201985270 116.34437 39.91095
1201985570 116.34437 39.91094
1201985870 116.34443 39.91096
1201986170 116.34444 39.91086
1201986470 116.34445 39.91088
1201986770 116.34439 39.91086
1201987070 116.3443 39.91089
1201987370 116.34439 39.91089
1201987670 116.34439 39.91089
1201987970 116.34439 39.9109
1201988270 116.34438 39.91089
1201988570 116.34437 39.91089
1201988870 116.34436 39.9109
1201989169 116.34435 39.9109
1201989469 116.34435 39.9109
1201989769 116.34435 39.91089
1201989951 116.34016 39.91089
1201990251 116.3504 39.91264
1201990551 116.34976 39.9388
1201991421 116.33112 39.99728
1201991676 116.33792 40.01097
1201991976 116.34054 40.02654
1201992217 116.33421 40.03281
1201992517 116.31027 40.03645
1201992817 116.29009 40.05263
1201993117 116.25192 40.05177
1201993417 116.21946 40.0679
1201993717 116.16486 40.06723
1201994017 116.11053 40.06319
1201994317 116.11001 40.06047
1201994617 116.11001 40.06047
1201994917 116.11001 40.06047
1201995217 116.11002 40.06048
1201995517 116.11003 40.06049
1201995817 116.11003 40.0605
1201996117 116.11003 40.0605
1201996417 116.11003 40.06051
1201996717 116.11004 40.06051
1201997017 116.11004 40.06051
1201997617 116.11004 40.06051
1201997917 116.11004 40.06051
1201998517 116.11004 40.06051
1201999117 116.11005 40.0605
1201999417 116.11005 40.0605
1201999717 116.11005 40.0605
1202000017 116.11005 40.0605
1202000317 116.11005 40.0605
1202000617 116.11005 40.0605
1202000917 116.11005 40.0605
1202001217 116.11005 40.0605
1202001517 116.11006 40.06049
1202001817 116.11006 40.06049
1202002417 116.11006 40.06049
1202002717 116.11006 40.06049
1202003017 116.11006 40.06049
1202003317 116.11006 40.06049
1202003617 116.11006 40.06049
1202003917 116.11006 40.06049
1202004217 116.11006 40.06049
1202005116 116.11006 40.06049
1202005416 116.11006 40.06049
1202006016 116.11006 40.06049
1202006316 116.11006 40.06049
1202006316 116.11006 40.06049
1202006616 116.11006 40.0605
1202006916 116.11006 40.0605
1202007216 116.11006 40.0605
1202007516 116.11006 40.0605
1202007816 116.11006 40.0605
1202008116 116.11006 40.0605
1202008416 116.11006 40.0605
1202008716 116.11006 40.0605
1202009016 116.11006 40.0605
1202009316 116.11006 40.0605
1202009616 116.11006 40.0605
1202009916 116.11006 40.0605
1202010516 116.11006 40.0605
1202010816 116.11006 40.0605
1202011416 116.11006 40.0605
1202011716 116.11006 40.0605
1202012016 116.11006 40.0605
1202012316 116.11006 40.0605
1202012616 116.11006 40.0605
1202013216 116.11006 40.0605
1202013516 116.11006 40.0605
1202013816 116.11006 40.0605
1202014416 116.11006 40.0605
1202014716 116.11006 40.0605
1202015016 116.11006 40.0605
1202015016 116.11006 40.0605
1202015316 116.11006 40.06049
1202015616 116.11006 40.0605
1202015916 116.11006 40.0605
1202016216 116.11006 40.0605
1202016516 116.11006 40.0605
1202016816 116.11006 40.0605
1202017116 116.11006 40.0605
1202017416 116.11006 40.0605
1202017716 116.11006 40.0605
1202018016 116.11006 40.0605
1202018316 116.11006 40.0605
1202018616 116.11006 40.0605
1202018916 116.11006 40.0605
1202019216 116.11006 40.0605
1202019516 116.11008 40.0605
1202019816 116.11007 40.0605
1202020116 116.11007 40.0605
1202020416 116.11007 40.0605
1202020716 116.11007 40.0605
1202021016 116.11006 40.0605
1202021316 116.11006 40.0605
1202021616 116.11006 40.0605
1202021916 116.11006 40.0605
1202022216 116.11006 40.06049
1202022516 116.11005 40.06049
1202022816 116.11005 40.06049
1202023116 116.11005 40.06049
1202023716 116.11005 40.06049
1202023716 116.11005 40.06049
1202024016 116.11005 40.06049
1202024316 116.11004 40.06049
1202024616 116.11004 40.06048
1202024916 116.11004 40.06048
1202025216 116.11004 40.06048
1202025516 116.11004 40.06048
1202025816 116.11003 40.06048
1202026116 116.11003 40.06049
1202026415 116.10992 40.06051
1202027315 116.11 40.06052
1202027915 116.11 40.0605
1202028815 116.11001 40.06048
1202029115 116.11002 40.06048
1202029415 116.11003 40.06047
1202029715 116.11003 40.06047
1202030015 116.11003 40.06047
1202030315 116.11003 40.06046
1202030615 116.11002 40.06046
1202030915 116.11002 40.06045
1202031215 116.11002 40.06045
1202031815 116.11002 40.06045
1202032115 116.11002 40.06045
1202032415 116.11002 40.06044
1202032415 116.11002 40.06044
1202032715 116.11003 40.06044
1202033015 116.11002 40.06044
1202033315 116.11002 40.06045
1202033615 116.11002 40.06045
1202034215 116.11002 40.06045
1202034515 116.11002 40.06046
1202034815 116.11002 40.06046
1202035415 116.11002 40.06046
1202035715 116.11002 40.06047
1202036015 116.11002 40.06047
1202036315 116.11002 40.06046
1202036615 116.11002 40.06047
1202036915 116.11002 40.06047
1202037215 116.11002 40.06047
1202037515 116.11002 40.06047
1202037815 116.11002 40.06047
1202038115 116.11002 40.06047
1202038415 116.11002 40.06047
1202038715 116.11042 40.06362
1202039015 116.13278 40.06427
1202039315 116.16627 40.04508
1202039615 116.19945 40.03924
1202039787 116.20131 40.03993
1202040087 116.21272 40.06727
1202040209 116.21475 40.07561
1202041109 116.26123 40.03692
1202041281 116.26899 40.02806
1202041581 116.28152 40.03252
1202042056 116.2877 40.0228
1202042148 116.2782 40.02029
1202042448 116.2907 39.99136
1202042713 116.30762 39.98312
1202043013 116.31021 39.97465
1202043913 116.31697 39.96892
1202044172 116.32711 39.93471
1202044214 116.3168 39.96908
1202044395 116.317 39.9687
1202044694 116.31634 39.96642
1202044994 116.32414 39.96581
1202045942 116.35868 39.95097
1202046628 116.37566 39.97519
1202046628 116.37566 39.97519
1202046841 116.37808 39.97886
1202047141 116.3781 39.97887
1202047441 116.37823 39.97879
1202047741 116.37823 39.97879
1202048041 116.37823 39.9788
1202048641 116.37823 39.97879
1202048941 116.37823 39.9788
1202049241 116.37823 39.97879
1202049241 116.37823 39.97879
1202049541 116.37823 39.97879
1202049841 116.37832 39.97901
1202050141 116.37826 39.97868
1202050441 116.37829 39.97889
1202050741 116.37427 39.96788
1202051041 116.35555 39.94409
1202051341 116.33917 39.94061
1202052241 116.33912 39.94019
1202052541 116.33913 39.9402
1202052841 116.33914 39.9402
1202053141 116.33914 39.9402
1202053441 116.33916 39.9402
1202053741 116.33917 39.9402
1202054041 116.33917 39.9402
1202054341 116.33917 39.9402
1202054641 116.33917 39.94021
1202054941 116.33916 39.9401
1202055022 116.3392 39.93968
1202055322 116.30418 39.94251
1202055622 116.29472 39.98224
1202055622 116.29472 39.98224
1202055823 116.30108 39.98346
1202056123 116.30749 39.98169
1202056198 116.30869 39.98162
1202056198 116.30869 39.98162
1202056498 116.30878 39.98382
1202056798 116.33987 39.98524
1202057098 116.36436 39.99957
1202057398 116.34457 40.02608
1202057574 116.34012 40.03841
1202057698 116.33581 40.03802
1202057998 116.34421 40.02582
1202058298 116.36397 39.99988
1202058598 116.37269 39.95678
1202058898 116.36547 39.95085
1202059498 116.35164 39.94367
1202059798 116.34946 39.93073
1202060098 116.34975 39.91715
1202060398 116.33852 39.91711
1202060603 116.33185 39.91293
1202060903 116.33812 39.91297
1202061203 116.34434 39.91091
1202061503 116.34422 39.91095
1202061803 116.34422 39.91099
1202062103 116.34428 39.91111
1202062403 116.34421 39.911
1202062703 116.34423 39.91102
1202063003 116.34413 39.91092
1202063303 116.34413 39.911
1202063603 116.34412 39.91101
1202063903 116.3441 39.91098
1202064203 116.3441 39.91097
1202064503 116.3441 39.91096
1202064802 116.34409 39.91087
1202065102 116.34408 39.91087
1202065402 116.34409 39.91087
1202065702 116.3441 39.91086
1202066002 116.34409 39.91088
1202066302 116.34409 39.91088
1202066602 116.34406 39.91074
1202066902 116.34413 39.91081
1202067202 116.34415 39.91082
1202067502 116.34415 39.91083
1202067802 116.34415 39.91083
1202067802 116.34415 39.91083
1202068102 116.34414 39.91084
1202068402 116.3434 39.91059
1202068702 116.34433 39.91108
1202069002 116.34431 39.91106
1202069302 116.3443 39.91106
1202069602 116.34429 39.91105
1202069902 116.34428 39.91104
1202070202 116.34428 39.91104
1202070502 116.34427 39.91104
1202070802 116.34427 39.91104
1202071102 116.34427 39.91103
1202071402 116.34426 39.91103
1202071702 116.34425 39.91103
1202072302 116.34429 39.91096
1202072602 116.34412 39.91107
1202072902 116.34417 39.91104
1202073202 116.34414 39.91096
1202073502 116.34435 39.91097
1202073802 116.3442 39.91083
1202074102 116.34407 39.911
1202074402 116.34422 39.91089
1202074702 116.34422 39.91089
1202075002 116.34423 39.91089
1202075302 116.34422 39.91089
1202075602 116.34422 39.91089
1202075902 116.34422 39.91089
1202076202 116.34422 39.9109
1202076502 116.34449 39.91096
1202076502 116.34449 39.91096
1202076802 116.34438 39.91096
1202077102 116.34438 39.91096
1202077402 116.34436 39.91097
1202077702 116.34432 39.91097
1202078002 116.34417 39.91107
1202078302 116.344 39.91091
1202078602 116.34403 39.91092
1202078902 116.34406 39.91093
1202079202 116.34406 39.91093
1202079502 116.34418 39.91101
1202079802 116.34422 39.911
1202080102 116.34414 39.91094
1202080402 116.34414 39.91096
1202080702 116.34099 39.91267
1202081002 116.3345 39.91282
1202081302 116.33305 39.91358
1202081602 116.32764 39.92697
1202081902 116.32779 39.92705
1202082502 116.3038 39.94727
1202082867 116.28465 40.00076
1202083102 116.26715 40.00391
1202083402 116.25989 40.0317
1202083702 116.21569 40.0455
1202084002 116.17849 40.04805
1202084302 116.12508 40.06664
1202084602 116.11001 40.06047
1202084901 116.11002 40.06047
1202085201 116.11002 40.06047
1202085201 116.11002 40.06047
1202085501 116.11003 40.06048
1202085801 116.11004 40.06048
1202086101 116.11004 40.06048
1202086401 116.11004 40.06048
1202086701 116.11005 40.06048
1202087001 116.11005 40.06048
1202087301 116.11005 40.06048
1202087601 116.11005 40.06048
1202087901 116.11006 40.06048
1202088201 116.11006 40.06048
1202088501 116.11006 40.06048
1202088801 116.11006 40.06048
1202089101 116.11006 40.06048
1202089401 116.11006 40.06048
1202089701 116.11006 40.06048
1202090001 116.11006 40.06048
1202090301 116.11006 40.06048
1202090601 116.11006 40.06048
1202091201 116.11006 40.06048
1202091501 116.11006 40.06048
1202091801 116.11005 40.06048
1202092101 116.11005 40.06048
1202092401 116.11005 40.06048
1202092701 116.11005 40.06048
1202093001 116.11005 40.06048
1202093301 116.11005 40.06048
1202093601 116.11005 40.06048
1202093901 116.11005 40.06048
1202093901 116.11005 40.06048
1202094201 116.11004 40.06048
1202094501 116.11004 40.06048
1202094801 116.11004 40.06048
1202095101 116.11004 40.06048
1202095401 116.11004 40.06048
1202095701 116.11004 40.06048
1202096001 116.11004 40.06048
1202096301 116.11004 40.06048
1202096601 116.11004 40.06048
1202096901 116.11004 40.06048
1202097201 116.11004 40.06048
1202097501 116.11004 40.06048
1202097801 116.11003 40.06048
1202098401 116.11003 40.06048
1202098701 116.11003 40.06048
1202099001 116.11003 40.06049
1202099301 116.11003 40.06049
1202099601 116.11003 40.06049
1202099901 116.11003 40.06049
1202100201 116.11003 40.06049
1202100501 116.11003 40.06049
1202100801 116.11003 40.06048
1202101101 116.11003 40.06048
1202101701 116.11003 40.06049
1202102001 116.11003 40.06049
1202102301 116.11003 40.06049
1202102601 116.11003 40.06049
1202102601 116.11003 40.06049
1202102901 116.11003 40.06049
1202103201 116.11003 40.06049
1202103501 116.11003 40.06049
1202103801 116.11002 40.06049
1202104101 116.11002 40.06049
1202104401 116.11002 40.06049
1202104701 116.11002 40.06049
1202105001 116.11002 40.06049
1202105301 116.11002 40.06049
1202105601 116.11002 40.06049
1202105901 116.11002 40.06049
1202106200 116.11002 40.06049
1202106500 116.11002 40.06049
1202106800 116.11002 40.06049
1202107700 116.11002 40.06049
1202108000 116.11002 40.06049
1202108300 116.11002 40.06049
1202108600 116.11002 40.06049
1202108900 116.11002 40.06049
1202109200 116.11001 40.06049
1202109500 116.11001 40.06049
1202109800 116.11001 40.06049
1202110100 116.11001 40.06049
1202110400 116.11001 40.06049
1202110700 116.11001 40.06049
1202111000 116.11001 40.06049
1202111300 116.11001 40.06049
1202111300 116.11001 40.06049
1202111600 116.11001 40.06049
1202111900 116.11001 40.06049
1202112200 116.11001 40.06049
1202112500 116.11001 40.06049
1202112800 116.11001 40.0605
1202113100 116.11001 40.0605
1202113400 116.11001 40.0605
1202113700 116.11001 40.0605
1202114000 116.11 40.0605
1202114300 116.11 40.0605
1202114600 116.11 40.0605
1202114900 116.11 40.0605
1202115200 116.11 40.0605
1202115500 116.11 40.0605
1202115800 116.11 40.0605
1202116100 116.11 40.0605
1202116400 116.11 40.0605
1202116700 116.11 40.0605
1202117000 116.11 40.06049
1202117300 116.11 40.06049
1202117600 116.11 40.06049
1202117900 116.11 40.06049
1202118200 116.11 40.06049
1202118500 116.11 40.06049
1202118800 116.11 40.06049
1202119100 116.11 40.06049
1202119400 116.11 40.06049
1202119700 116.11 40.06049
1202120000 116.11 40.06049
1202120000 116.11 40.06049
1202120300 116.11 40.06049
1202120600 116.11 40.06049
1202120900 116.11 40.06049
1202121200 116.11 40.06049
1202121500 116.11 40.06049
1202121800 116.11 40.06049
1202122100 116.11 40.06049
1202122400 116.11 40.06049
1202122700 116.11132 40.06124
1202123000 116.14691 40.06691
1202123300 116.20471 40.06695
1202123600 116.24207 40.06406
1202123900 116.25782 40.03943
1202124200 116.27735 40.01849
1202124355 116.27696 40.01145
1202124991 116.26932 39.95786
1202125255 116.27073 39.92296
1202125351 116.27999 39.92275
1202125555 116.2889 39.92265
1202125753 116.29085 39.93995
1202126053 116.31377 39.93777
1202126353 116.33932 39.94028
1202126653 116.33931 39.94029
1202126953 116.3393 39.94029
1202126953 116.3393 39.94029
1202127253 116.33929 39.94029
1202127253 116.33929 39.94029
1202127553 116.33924 39.94008
1202127853 116.33922 39.94015
1202128153 116.33943 39.94002
1202128453 116.33935 39.94006
1202128497 116.33927 39.93968
1202128797 116.34682 39.93624
1202129097 116.34937 39.93156
1202129397 116.35036 39.91402
1202129697 116.36463 39.89816
1202129997 116.37841 39.89854
1202130297 116.40122 39.89932
1202130578 116.34414 39.91084
1202130598 116.41095 39.88663
1202130656 116.41369 39.88572
1202130955 116.40786 39.89161
1202131255 116.38719 39.88899
1202131555 116.37901 39.88821
1202131855 116.37408 39.89865
1202132155 116.35641 39.89824
1202132455 116.35051 39.91541
1202132755 116.34941 39.93692
1202132755 116.34941 39.93692
1202133055 116.3746 39.96905
1202133355 116.37811 39.9789
1202133655 116.37817 39.97892
1202133955 116.37815 39.97882
1202134255 116.37816 39.97899
1202134555 116.37815 39.97897
1202134855 116.37813 39.97889
1202135155 116.37819 39.9789
1202135455 116.37478 39.97814
1202135755 116.40142 39.98725
1202136055 116.3995 39.99164
1202136355 116.39903 39.99173
1202136655 116.39899 39.98907
1202136930 116.38186 39.98111
1202137230 116.36461 39.97546
1202137377 116.35978 39.97538
1202137677 116.35262 39.98018
1202137977 116.33814 39.97516
1202137977 116.33814 39.97516
1202138277 116.32667 39.9665
1202138577 116.31698 39.96897
1202139177 116.31687 39.96879
1202139477 116.31618 39.96952
1202139777 116.31747 39.96737
1202140077 116.3169 39.96877
1202140677 116.31679 39.96871
1202140977 116.31681 39.96873
1202141277 116.31673 39.96891
1202141576 116.31657 39.96919
1202141876 116.31665 39.96898
1202142176 116.31674 39.9688
1202142476 116.3162 39.96958
1202142658 116.314 39.96982
1202142932 116.31766 39.97966
1202143483 116.31058 39.97685
1202143483 116.31058 39.97685
1202143683 116.30863 39.9747
1202143983 116.29436 39.98206
1202144283 116.27742 40.01901
1202144284 116.27734 40.01908
1202144584 116.25704 40.0403
1202144706 116.25773 40.04687
1202145006 116.23945 40.06998
1202156803 116.11002 40.06049
1202157103 116.11002 40.06049
1202157403 116.11002 40.0605
1202157403 116.11002 40.0605
1202157703 116.11002 40.0605
1202157703 116.11002 40.0605
1202158003 116.11002 40.0605
1202158303 116.11002 40.0605
1202158603 116.11002 40.0605
1202159803 116.11002 40.06051
1202160103 116.11002 40.06051
1202160403 116.11002 40.06051
1202160703 116.11002 40.06051
1202161003 116.11002 40.06051
1202161302 116.11002 40.06051
1202161602 116.11002 40.06051
1202161902 116.11002 40.06051
1202162202 116.11002 40.06052
1202162502 116.11002 40.06052
1202163102 116.11002 40.06052
1202163402 116.11002 40.06052
1202163702 116.11002 40.06052
1202164002 116.11002 40.06051
1202164302 116.11002 40.06051
1202164602 116.11002 40.06051
1202164902 116.11002 40.06051
1202165202 116.11002 40.06051
1202165802 116.11002 40.06051
1202166102 116.11002 40.06051
1202166402 116.11002 40.06051
1202166402 116.11002 40.06051
1202166702 116.11002 40.06051
1202167002 116.11002 40.06051
1202167302 116.11002 40.06051
1202167902 116.11002 40.06051
1202168202 116.11002 40.06051
1202168502 116.11002 40.06051
1202168802 116.11002 40.06051
1202169102 116.11002 40.0605
1202169402 116.11002 40.0605
1202169702 116.11002 40.0605
1202170002 116.11002 40.06051
1202170602 116.11002 40.0605
1202170902 116.11002 40.0605
1202171202 116.11001 40.0605
1202171802 116.11001 40.0605
1202172102 116.11001 40.0605
1202172402 116.11001 40.0605
1202172702 116.11001 40.06051
1202173002 116.11001 40.06051
1202173302 116.11001 40.06051
1202173602 116.11001 40.06051
1202173902 116.11001 40.06051
1202174202 116.11001 40.06051
1202174502 116.11001 40.06051
1202175102 116.11001 40.06051
1202175102 116.11001 40.06051
1202175402 116.11001 40.06051
1202175702 116.11001 40.06051
1202176002 116.11001 40.06051
1202176302 116.11001 40.06051
1202176602 116.10993 40.06016
1202176902 116.10998 40.06025
1202178702 116.11 40.06037
1202179602 116.10999 40.06038
1202179902 116.10999 40.06038
1202180202 116.10999 40.06039
1202180502 116.10998 40.06039
1202180802 116.10998 40.06039
1202181102 116.10999 40.06039
1202181402 116.10999 40.0604
1202181701 116.10999 40.0604
1202182001 116.10999 40.0604
1202182301 116.10999 40.0604
1202182601 116.10999 40.0604
1202182901 116.10999 40.0604
1202183201 116.10999 40.06041
1202183501 116.10999 40.06041
1202183801 116.10999 40.06041
1202183801 116.10999 40.06041
1202184101 116.10999 40.06041
1202184401 116.10999 40.06042
1202184701 116.10999 40.06042
1202185001 116.10999 40.06042
1202185301 116.11 40.06042
1202185601 116.11 40.06042
1202185901 116.11 40.06042
1202186201 116.11 40.06042
1202186501 116.11 40.06043
1202187101 116.11 40.06043
1202187701 116.11 40.06043
1202188001 116.11 40.06043
1202188301 116.11 40.06043
1202188601 116.11 40.06043
1202188901 116.11 40.06043
1202189201 116.11 40.06044
1202189501 116.11 40.06044
1202189801 116.11 40.06044
1202190101 116.11 40.06044
1202190401 116.11 40.06044
1202190701 116.11 40.06044
1202191001 116.11 40.06044
1202191301 116.11 40.06044
1202191601 116.11 40.06044
1202192201 116.11 40.06044
1202192501 116.11 40.06044
1202192501 116.11 40.06044
1202192801 116.11 40.06045
1202193101 116.11 40.06045
1202193401 116.11 40.06045
1202193701 116.11 40.06045
1202194001 116.11 40.06045
1202194301 116.11 40.06045
1202194601 116.11 40.06045
1202195201 116.11 40.06045
1202195801 116.11 40.06046
1202196101 116.11 40.06046
1202196701 116.11 40.06046
1202197301 116.11 40.06046
1202197601 116.11 40.06046
1202197901 116.11 40.06046
1202198201 116.11 40.06046
1202198501 116.11 40.06046
1202198801 116.11 40.06046
1202199101 116.11 40.06046
1202199401 116.11 40.06046
1202199701 116.11 40.06046
1202200001 116.11 40.06046
1202200301 116.11 40.06046
1202200901 116.11 40.06046
1202201201 116.11 40.06046
1202201201 116.11 40.06046
1202201501 116.11 40.06046
1202201801 116.11001 40.06046
1202202101 116.11001 40.06046
1202202401 116.11085 40.06236
1202202700 116.15501 40.06685
1202203000 116.20497 40.06697
1202203362 116.22921 40.06947
1202203600 116.24909 40.05176
1202203900 116.26558 40.03247
1202204200 116.28222 40.00615
1202204500 116.3014 39.96395
1202204800 116.31614 39.93766
1202205100 116.32666 39.92694
1202205400 116.32596 39.92696
1202206000 116.31575 39.96477
1202206300 116.31733 39.96882
1202206600 116.31764 39.96928
1202206900 116.31714 39.9688
1202207200 116.31691 39.96893
1202207500 116.31683 39.96883
1202207800 116.31687 39.96812
1202208100 116.31669 39.96849
1202208400 116.3173 39.96941
1202208700 116.31734 39.96928
1202209000 116.31697 39.96901
1202209300 116.31698 39.969
1202209600 116.31701 39.96897
1202209900 116.31704 39.96897
1202209900 116.31704 39.96897
1202210200 116.31705 39.96896
1202210500 116.31706 39.96897
1202210800 116.31706 39.96898
1202211100 116.31701 39.96896
1202211400 116.31702 39.96899
1202211700 116.31702 39.96899
1202212000 116.31678 39.96883
1202212300 116.31689 39.96886
1202212600 116.3168 39.96876
1202212900 116.31681 39.96876
1202213387 116.32809 39.96461
1202213635 116.31386 39.95558
1202213935 116.31947 39.93796
1202214235 116.33918 39.94031
1202214535 116.33917 39.94032
1202214535 116.33917 39.94032
1202214835 116.33916 39.94032
1202215135 116.33916 39.94032
1202215435 116.33916 39.94032
1202215735 116.33917 39.94032
1202216035 116.33917 39.94032
1202216335 116.33917 39.94032
1202216445 116.11009 40.06053
1202216636 116.33941 39.94034
1202216936 116.33937 39.94035
1202217235 116.33935 39.94035
1202217535 116.33935 39.94034
1202217835 116.33935 39.94034
1202218135 116.33942 39.94054
1202218435 116.3393 39.94038
1202218735 116.33928 39.94038
1202219035 116.33927 39.94037
1202219635 116.33926 39.94037
1202220235 116.33915 39.94024
1202220535 116.33915 39.94025
1202221135 116.33916 39.94026
1202221435 116.33915 39.94027
1202221735 116.33916 39.94027
1202222334 116.33915 39.94028
1202222634 116.33915 39.94028
1202222934 116.33914 39.94028
1202223234 116.33914 39.94029
1202223234 116.33914 39.94029
1202223534 116.33915 39.94029
1202223834 116.33915 39.9403
1202224134 116.33915 39.9403
1202224434 116.33915 39.9403
1202225034 116.33915 39.9403
1202225334 116.33915 39.9403
1202225634 116.33917 39.9403
1202225934 116.33917 39.9403
1202226234 116.33917 39.9403
1202226534 116.33917 39.9403
1202226834 116.33917 39.9403
1202227134 116.36172 39.94559
1202227434 116.37585 39.97822
1202227734 116.37559 39.97907
1202228334 116.37489 39.97991
1202228634 116.3764 39.97823
1202228934 116.37634 39.97822
1202229234 116.37625 39.97856
1202229534 116.37633 39.97829
1202229834 116.37605 39.97836
1202230134 116.37606 39.9784
1202230434 116.37548 39.97821
1202230734 116.37614 39.97819
1202231034 116.37604 39.97789
1202231334 116.37606 39.97804
1202231934 116.37593 39.9784
1202231934 116.37593 39.9784
1202232234 116.37653 39.97946
1202232534 116.37628 39.97914
1202232834 116.37602 39.9782
1202233134 116.37603 39.97821
1202233434 116.37618 39.97839
1202233734 116.37615 39.9784
1202234034 116.37616 39.97839
1202234334 116.37616 39.97839
1202234634 116.37615 39.97839
1202234934 116.37615 39.97839
1202235234 116.3762 39.97832
1202235534 116.37604 39.97821
1202236134 116.37599 39.97841
1202236434 116.37653 39.97822
1202236734 116.37649 39.97828
1202237034 116.37649 39.97828
1202237334 116.37652 39.97823
1202237634 116.3765 39.97828
1202237934 116.37646 39.9783
1202238234 116.37655 39.97827
1202238534 116.37613 39.97851
1202238834 116.37614 39.97831
1202239134 116.37581 39.97814
1202239434 116.37582 39.97814
1202239734 116.37611 39.9784
1202240034 116.37612 39.97839
1202240334 116.3759 39.97873
1202240634 116.37604 39.97842
1202240634 116.37604 39.97842
1202240934 116.37576 39.97842
1202241234 116.37582 39.97833
1202241534 116.37599 39.97833
1202241834 116.37586 39.97836
1202242133 116.37597 39.97815
1202242434 116.37619 39.97837
1202242733 116.37598 39.97831
1202243033 116.376 39.97832
1202243333 116.37601 39.97832
1202243633 116.37602 39.97833
1202243933 116.3763 39.97847
1202244233 116.37623 39.97843
1202244533 116.37619 39.97828
1202244833 116.37607 39.97833
1202245133 116.37616 39.97841
1202245433 116.37614 39.97841
1202245733 116.37581 39.9784
1202246034 116.37611 39.97838
1202246333 116.37632 39.97838
1202246633 116.37595 39.97833
1202246933 116.37606 39.9781
1202247233 116.37623 39.97828
1202247533 116.37623 39.97828
1202247833 116.37605 39.97826
1202248133 116.37615 39.97829
1202248433 116.37617 39.9783
1202248733 116.37611 39.97854
1202249033 116.37604 39.97842
1202249033 116.37604 39.97842
1202249333 116.37602 39.97846
1202249333 116.37602 39.97846
1202249633 116.37614 39.97846
1202249633 116.37614 39.97846
1202249933 116.37886 39.97565
1202250233 116.36362 39.94696
1202250533 116.33915 39.94025
1202250833 116.3392 39.94018
1202251133 116.3392 39.9402
1202251433 116.3392 39.9402
1202251733 116.33919 39.9402
1202252033 116.33535 39.92685
1202252333 116.33395 39.92681
1202252633 116.32672 39.92721
1202252933 116.32671 39.92744
1202253233 116.32671 39.92744
1202253533 116.32671 39.92744
1202253833 116.3267 39.92743
1202254133 116.32644 39.9277
1202254433 116.32646 39.92766
1202254733 116.32679 39.92686
1202255033 116.30415 39.93609
1202255933 116.23762 40.04505
1202256233 116.19576 40.04107
1202256533 116.12287 40.06656
1202256833 116.10995 40.06048
1202257133 116.10995 40.06047
1202257433 116.10995 40.06046
1202257733 116.10995 40.06046
1202258033 116.10995 40.06046
1202258333 116.10996 40.06046
1202258333 116.10996 40.06046
1202258633 116.10996 40.06046
1202258933 116.10996 40.06046
1202259233 116.10997 40.06046
1202259533 116.10997 40.06046
1202259833 116.10997 40.06046
1202260433 116.10997 40.06046
1202261033 116.10998 40.06047
1202261333 116.10998 40.06047
1202261633 116.10998 40.06047
1202261933 116.10998 40.06047
1202262232 116.10998 40.06047
1202262533 116.10999 40.06047
1202262832 116.10999 40.06047
1202263132 116.10999 40.06047
1202263432 116.10999 40.06047
1202264032 116.10999 40.06047
1202264332 116.10999 40.06047
1202264632 116.10999 40.06047
1202264932 116.10999 40.06047
1202265532 116.10999 40.06047
1202265832 116.10999 40.06047
1202266132 116.10999 40.06047
1202266432 116.10999 40.06047
1202266732 116.10999 40.06047
1202267032 116.10999 40.06047
1202267032 116.10999 40.06047
1202267337 116.10999 40.06047
1202267632 116.10999 40.06047
1202267932 116.10999 40.06047
1202268232 116.10999 40.06047
1202268532 116.10999 40.06047
1202268832 116.10999 40.06047
1202269132 116.10999 40.06047
1202269432 116.10999 40.06047
1202269732 116.10999 40.06047
1202270032 116.10999 40.06047
1202270332 116.10999 40.06047
1202270632 116.10999 40.06047
1202270932 116.10999 40.06047
1202271232 116.10999 40.06047
1202271532 116.10999 40.06047
1202271832 116.10999 40.06047
1202272132 116.10999 40.06047
1202272432 116.10999 40.06047
1202272732 116.10999 40.06048
1202273032 116.10999 40.06048
1202273332 116.10999 40.06048
1202273632 116.10999 40.06048
1202273932 116.10999 40.06048
1202274532 116.10999 40.06048
1202274832 116.10999 40.06048
1202275132 116.10999 40.06048
1202275432 116.10999 40.06048
1202275732 116.10999 40.06048
1202275732 116.10999 40.06048
1202276032 116.10999 40.06048
1202276332 116.10999 40.06048
1202276632 116.10999 40.06048
1202276932 116.10998 40.0605
1202277232 116.10999 40.0605
1202277532 116.10998 40.0605
1202277832 116.10999 40.0605
1202278132 116.10998 40.0605
1202278732 116.10998 40.0605
1202279032 116.10998 40.0605
1202279332 116.10998 40.0605
1202279632 116.10998 40.0605
1202279932 116.10998 40.0605
1202280232 116.10998 40.0605
1202280532 116.10999 40.0605
1202280832 116.10999 40.0605
1202281132 116.10999 40.0605
1202281432 116.10999 40.0605
1202281732 116.10999 40.0605
1202282032 116.10999 40.0605
1202282332 116.10999 40.0605
1202282632 116.10999 40.0605
1202282932 116.10999 40.0605
1202283232 116.10999 40.0605
1202283531 116.10999 40.0605
1202283831 116.10999 40.0605
1202284131 116.10998 40.0605
1202284431 116.10998 40.0605
1202284431 116.10998 40.0605
1202284731 116.10998 40.0605
1202285031 116.10998 40.0605
1202285331 116.10998 40.0605
1202285631 116.10998 40.0605
1202285931 116.10998 40.0605
1202286231 116.10998 40.0605
1202286531 116.10998 40.0605
1202286831 116.10998 40.0605
1202287131 116.10998 40.0605
1202287431 116.10998 40.0605
1202287731 116.10998 40.0605
1202288031 116.10998 40.0605
1202288331 116.10998 40.0605
1202288631 116.10998 40.0605
1202288931 116.10998 40.0605
1202289231 116.10998 40.0605
1202289831 116.10998 40.0605
1202290431 116.10998 40.0605
1202290731 116.10998 40.0605
1202291031 116.10998 40.0605
1202291331 116.10998 40.0605
1202291631 116.10998 40.0605
1202291931 116.10998 40.0605
1202292231 116.10998 40.0605
1202292531 116.10998 40.0605
1202293131 116.10998 40.0605
1202293431 116.10998 40.0605
1202293731 116.10998 40.0605
1202294031 116.10998 40.0605
1202294331 116.10998 40.0605
1202294631 116.10998 40.0605
1202294931 116.10998 40.0605
1202295231 116.10998 40.0605
1202295531 116.10998 40.0605
1202295831 116.10995 40.06027
1202296131 116.10993 40.06031
1202296431 116.10993 40.06034
1202297331 116.10994 40.06039
1202297631 116.10995 40.0604
1202298231 116.10999 40.06073
1202298531 116.11001 40.06068
1202298831 116.11002 40.06067
1202299131 116.11003 40.06065
1202299431 116.11004 40.06065
1202299731 116.11004 40.06065
1202300031 116.11004 40.06064
1202300331 116.11005 40.06064
1202300331 116.11005 40.06064
1202300631 116.11005 40.06064
1202300931 116.11004 40.06064
1202301231 116.11004 40.06063
1202301531 116.11005 40.06063
1202301831 116.11004 40.06062
1202301831 116.11004 40.06062
1202302131 116.11004 40.06062
1202302431 116.11005 40.06037
1202302731 116.11003 40.06041
1202302851 116.33945 39.94028
1202303032 116.10994 40.0605
1202303331 116.10992 40.06052
1202303631 116.10992 40.06051
1202303931 116.10993 40.0605
1202304231 116.10994 40.06049
1202304530 116.10995 40.06048
1202304830 116.10995 40.06048
1202305130 116.10996 40.06048
1202305430 116.10997 40.06049
1202305730 116.10997 40.06049
1202306030 116.10998 40.0605
1202306330 116.10998 40.0605
1202306630 116.10998 40.06051
1202306930 116.10998 40.06051
1202307230 116.10998 40.06051
1202307830 116.10999 40.06051
1202308130 116.10999 40.06051
1202308430 116.10999 40.06051
1202308730 116.11012 40.06051
1202309030 116.10994 40.06032
1202309630 116.10995 40.06035
1202309930 116.10995 40.06037
1202310230 116.10995 40.06038
1202310530 116.10996 40.06039
1202310530 116.10996 40.06039
1202310830 116.10996 40.06039
1202311130 116.10997 40.0604
1202311430 116.10997 40.0604
1202311730 116.10998 40.06041
1202312030 116.10998 40.06041
1202312330 116.10998 40.06042
1202312930 116.10998 40.06042
1202313230 116.10998 40.06043
1202313530 116.10999 40.06043
1202313830 116.10999 40.06043
1202314130 116.10999 40.06043
1202314430 116.10999 40.06044
1202314730 116.10999 40.06044
1202315330 116.10999 40.06045
1202315630 116.10999 40.06045
1202315930 116.10999 40.06045
1202316230 116.10999 40.06045
1202316830 116.10973 40.05986
1202317130 116.10985 40.06004
1202317430 116.11 40.06046
1202317730 116.10998 40.06045
1202318030 116.10996 40.06043
1202318330 116.10996 40.06044
1202318630 116.10996 40.06045
1202318930 116.10997 40.06045
1202319530 116.10997 40.06046
1202319830 116.10997 40.06046
1202320130 116.10997 40.06046
1202320730 116.10998 40.06047
1202321030 116.10998 40.06047
1202321330 116.10998 40.06047
1202321630 116.10999 40.06047
1202321930 116.10999 40.06047
1202322230 116.10999 40.06047
1202322530 116.10999 40.06047
1202322830 116.10999 40.06047
1202323130 116.10999 40.06047
1202323430 116.10999 40.06046
1202323730 116.11 40.06046
1202324029 116.11 40.06046
1202324329 116.10999 40.06046
1202324629 116.10999 40.06046
1202324929 116.10999 40.06046
1202325229 116.10999 40.06046
1202325529 116.10999 40.06047
1202325829 116.10999 40.06046
1202326129 116.10999 40.06046
1202326429 116.11 40.06046
1202326729 116.11 40.06046
1202327029 116.11 40.06046
1202327629 116.11009 40.06047
1202327929 116.1101 40.06046
1202327929 116.1101 40.06046
1202328229 116.11009 40.06046
1202328529 116.11009 40.06047
1202328829 116.1101 40.06047
1202329129 116.1101 40.06048
1202329429 116.11011 40.06048
1202329729 116.11011 40.06048
1202330029 116.11012 40.06048
1202330329 116.11012 40.06048
1202330629 116.11012 40.06048
1202330929 116.11012 40.06048
1202331229 116.10994 40.06052
1202331529 116.11002 40.06049
1202331829 116.11003 40.06049
1202332429 116.11004 40.06048
1202332729 116.11004 40.06048
1202333029 116.11005 40.06048
1202333329 116.11006 40.06048
1202333629 116.11006 40.06047
1202333929 116.11006 40.06047
1202334229 116.11006 40.06047
1202334529 116.11006 40.06047
1202334829 116.11006 40.06047
1202335129 116.11208 40.07094
1202335429 116.11362 40.10067
1202335729 116.10746 40.10815
1202335948 116.11358 40.10063
1202336248 116.10639 40.10698
1202336548 116.08486 40.10128
1202336848 116.08489 40.10128
1202337148 116.08489 40.10129
1202337448 116.08721 40.10174
1202337748 116.11339 40.10027
1202338048 116.11231 40.0734
1202338302 116.10998 40.06051
1202338602 116.10997 40.06046
1202338902 116.10998 40.06048
1202339202 116.10997 40.06049
1202339588 116.10997 40.06049
1202339802 116.10997 40.06049
1202340102 116.10997 40.06049
1202340402 116.10997 40.0605
1202340402 116.10997 40.0605
1202340702 116.10997 40.0605
1202341002 116.10997 40.0605
1202341302 116.10997 40.0605
1202341602 116.10998 40.0605
1202341902 116.10998 40.06051
1202342202 116.10998 40.0605
1202342502 116.10998 40.0605
1202342802 116.10999 40.06051
1202343101 116.10999 40.0605
1202343401 116.10999 40.0605
1202343702 116.10999 40.0605
1202344001 116.10999 40.0605
1202344301 116.10999 40.0605
1202344601 116.10999 40.0605
1202344901 116.10999 40.0605
1202345201 116.10999 40.0605
1202345501 116.10999 40.06049
1202346101 116.10999 40.06049
1202346701 116.10999 40.06049
1202347001 116.10999 40.06049
1202347301 116.10999 40.06049
1202347601 116.10999 40.06049
1202347901 116.11 40.06049
1202348201 116.11 40.06049
1202348501 116.11 40.06049
1202348801 116.11 40.06049
1202349101 116.11 40.06048
1202349101 116.11 40.06048
1202349401 116.11 40.06048
1202350301 116.11 40.06048
1202350601 116.11 40.06049
1202350901 116.11 40.06049
1202351201 116.11 40.06049
1202351501 116.11 40.06049
1202351801 116.11 40.06049
1202352101 116.11001 40.06049
1202352401 116.11001 40.06049
1202352701 116.1101 40.06058
1202353301 116.11007 40.06057
1202353601 116.11007 40.06057
1202354201 116.11006 40.06056
1202354801 116.11005 40.06054
1202355101 116.11005 40.06054
1202355401 116.11005 40.06053
1202355701 116.11005 40.06053
1202356001 116.11005 40.06053
1202356301 116.11005 40.06053
1202356601 116.11005 40.06053
1202357801 116.11005 40.06052
1202357801 116.11005 40.06052
1202358101 116.11006 40.06052
1202358401 116.11006 40.06052
1202358701 116.11006 40.06052
1202359001 116.11006 40.06052
1202359301 116.11006 40.06052
1202359601 116.11006 40.06052
1202359901 116.11006 40.06052
1202360201 116.11006 40.06052
1202360501 116.11007 40.06052
1202360801 116.11006 40.06052
1202361101 116.11006 40.06052
1202361401 116.11006 40.06052
1202361701 116.11006 40.06052
1202362001 116.11006 40.06052
1202362301 116.11005 40.06051
1202362901 116.11005 40.06052
1202363201 116.11005 40.06052
1202363501 116.11004 40.06051
1202363801 116.11004 40.06051
1202364101 116.11004 40.06051
1202364401 116.11004 40.06051
1202364401 116.11004 40.06051
1202364700 116.11004 40.06051
1202364700 116.11004 40.06051
1202365000 116.11004 40.06051
1202365600 116.11003 40.06051
1202365900 116.11003 40.06051
1202366200 116.11003 40.06051
1202366500 116.11003 40.06051
1202366500 116.11003 40.06051
1202366800 116.11003 40.06051
1202367100 116.11003 40.06051
1202367400 116.11003 40.06051
1202367700 116.11003 40.06051
1202368000 116.11003 40.06051
1202368300 116.11003 40.06051
1202368600 116.11003 40.06051
1202368900 116.11002 40.06051
1202369200 116.11002 40.06051
1202369800 116.11002 40.06051
1202370100 116.11002 40.06051
1202370400 116.11002 40.06051
1202370700 116.11002 40.0605
1202371000 116.11002 40.0605
1202371300 116.11002 40.0605
1202371600 116.11002 40.0605
1202371900 116.11002 40.0605
1202372200 116.11002 40.0605
1202372500 116.11002 40.0605
1202372800 116.11002 40.0605
1202373100 116.11002 40.0605
1202373400 116.11002 40.0605
1202373700 116.11002 40.0605
1202374000 116.11002 40.0605
1202374600 116.11002 40.0605
1202374900 116.11001 40.0605
1202375200 116.11001 40.0605
1202375200 116.11001 40.0605
1202375500 116.11001 40.0605
1202375800 116.11001 40.0605
1202376100 116.11001 40.0605
1202376400 116.11001 40.0605
1202376700 116.11001 40.0605
1202377000 116.11001 40.0605
1202377300 116.11001 40.0605
1202377600 116.11001 40.06049
1202377900 116.11001 40.06049
1202378200 116.11001 40.06049
1202378500 116.11001 40.06049
1202378800 116.11001 40.06049
1202379100 116.11001 40.06049
1202379400 116.11001 40.06049
1202379700 116.11001 40.06049
1202380000 116.10993 40.06023
1202380300 116.10997 40.0603
1202380600 116.10996 40.06031
1202380900 116.10996 40.06032
1202381200 116.13139 40.06673
1202381500 116.20294 40.06697
1202381800 116.24267 40.06276
1202382100 116.26172 40.03643
1202382400 116.27985 40.01589
1202383050 116.32777 39.92932
1202383300 116.32678 39.92669
1202383600 116.31971 39.93317
1202383900 116.3224 39.93629
1202383900 116.3224 39.93629
1202384500 116.33923 39.94029
1202384800 116.33926 39.94027
1202385100 116.33927 39.94026
1202385700 116.33928 39.94026
1202386000 116.33928 39.94026
1202386299 116.33928 39.94025
1202386599 116.33928 39.94025
1202386988 116.34153 39.93576
1202387199 116.35486 39.93829
1202387288 116.35286 39.93911
1202387587 116.3471 39.93621
1202387887 116.35024 39.91829
1202388787 116.37967 39.8554
1202388937 116.38476 39.85073
1202389096 116.38701 39.85525
1202389263 116.1099 40.06051
1202389397 116.44665 39.85982
1202389691 116.47118 39.86623
1202389991 116.4526 39.87012
1202389991 116.4526 39.87012
1202390207 116.44959 39.87555
1202390507 116.44608 39.85962
1202391106 116.39473 39.83494
1202391406 116.39593 39.81018
1202391555 116.38991 39.80613
1202391706 116.39587 39.80597
1202392006 116.39517 39.83273
1202392306 116.40223 39.8555
1202392306 116.40223 39.8555
1202392606 116.45502 39.87712
1202392906 116.45596 39.93064
1202392952 116.45949 39.93052
1202393252 116.45376 39.95286
1202393552 116.39041 39.96726
1202393852 116.37247 39.94854
1202394152 116.3393 39.94032
1202394452 116.3393 39.94037
1202394642 116.33925 39.94033
1202394819 116.33925 39.94033
1202395119 116.33925 39.94033
1202395419 116.33925 39.94033
1202395719 116.33937 39.94045
1202396019 116.33917 39.94037
1202396319 116.33923 39.94035
1202396619 116.33924 39.94033
1202396918 116.33924 39.94033
1202397218 116.33924 39.94032
1202397518 116.33923 39.94032
1202397818 116.33922 39.94031
1202397818 116.33922 39.94031
1202398118 116.33922 39.9403
1202398418 116.33922 39.94031
1202398718 116.33922 39.94031
1202399018 116.33921 39.94036
1202399318 116.33921 39.94035
1202399618 116.3392 39.94036
1202399918 116.33922 39.94034
1202400218 116.33923 39.94034
1202400518 116.33923 39.94034
1202400818 116.33923 39.94034
1202401118 116.33923 39.94034
1202401126 116.33923 39.94034
1202401418 116.33897 39.94066
1202401718 116.33863 39.94073
1202402018 116.33914 39.94045
1202402318 116.33915 39.94044
1202402618 116.33914 39.94042
1202402918 116.33914 39.94042
1202403218 116.33927 39.9402
1202403518 116.33923 39.94021
1202403818 116.3384 39.93743
1202404118 116.31783 39.94991
1202404418 116.31611 39.95699
1202404718 116.30769 39.95595
1202405018 116.31524 39.96871
1202405318 116.31792 39.96713
1202405618 116.31682 39.96872
1202405918 116.31755 39.96816
1202406218 116.3169 39.96885
1202406518 116.31697 39.96877
1202406518 116.31697 39.96877
1202406818 116.31702 39.9689
1202407118 116.31709 39.96872
1202407718 116.31697 39.96875
1202408018 116.31687 39.96881
1202408318 116.31687 39.9688
1202408618 116.31689 39.96879
1202408918 116.31698 39.96873
1202409218 116.31694 39.96875
1202409518 116.31692 39.96879
1202409818 116.31691 39.9688
1202410118 116.31701 39.96878
1202410366 116.31402 39.96794
1202410666 116.29292 39.95786
1202410966 116.28233 39.95637
1202411231 116.28198 39.94237
1202411531 116.31428 39.93774
1202411747 116.32646 39.92682
1202412047 116.30405 39.92742
1202412098 116.30249 39.92419
1202412398 116.31398 39.92707
1202412698 116.32643 39.92728
1202412934 116.32667 39.92665
1202413234 116.34711 39.92369
1202413236 116.34708 39.92356
1202413534 116.33757 39.92686
1202413699 116.32296 39.92687
1202413999 116.32711 39.92698
1202414299 116.32711 39.92688
1202414599 116.32704 39.92751
1202414899 116.32708 39.9277
1202415199 116.327 39.9276
1202415499 116.32698 39.92755
1202415799 116.32699 39.92729
1202415799 116.32699 39.92729
1202416099 116.32697 39.92723
1202416399 116.32685 39.92728
1202416699 116.32682 39.92729
1202416999 116.32678 39.9272
1202417299 116.32674 39.92733
1202417599 116.32678 39.92746
1202417899 116.32667 39.92745
1202418199 116.32682 39.92711
1202418499 116.32667 39.92763
1202418799 116.3128 39.93115
1202419099 116.29923 39.96981
1202419399 116.27742 40.01897
1202419699 116.2668 40.03106
1202419999 116.22983 40.04529
1202420299 116.18442 40.04683
1202420599 116.12797 40.06676
1202420899 116.10994 40.0604
1202421199 116.10998 40.06042
1202421499 116.11 40.06043
1202421799 116.11002 40.06043
1202422099 116.11003 40.06044
1202422399 116.11004 40.06044
1202422699 116.10983 40.06029
1202422999 116.11017 40.06048
1202423299 116.1099 40.06025
1202423599 116.10993 40.0604
1202423899 116.10995 40.06038
1202424199 116.10996 40.0604
1202424499 116.10997 40.06041
1202424499 116.10997 40.06041
1202424799 116.10998 40.06041
1202425099 116.11005 40.06059
1202425399 116.11003 40.06056
1202425699 116.11003 40.06056
1202425998 116.11003 40.06055
1202426298 116.11003 40.06055
1202426598 116.11002 40.06055
1202426898 116.11002 40.06055
1202427198 116.11002 40.06055
1202427498 116.11002 40.06055
1202427798 116.11003 40.06055
1202428098 116.11003 40.06055
1202428398 116.11003 40.06054
1202428698 116.11003 40.06054
1202428998 116.11003 40.06054
1202429298 116.11003 40.06053
1202429598 116.11004 40.06053
1202429898 116.11004 40.06053
1202430198 116.11004 40.06053
1202430498 116.11004 40.06053
1202430798 116.11004 40.06052
1202431098 116.11004 40.06052
1202431398 116.11004 40.06052
1202431698 116.11004 40.06052
1202431998 116.11004 40.06052
1202432298 116.11004 40.06052
1202432598 116.11005 40.06052
1202432898 116.11005 40.06052
1202433198 116.11005 40.06051
1202433198 116.11005 40.06051
1202433498 116.11005 40.06051
1202433798 116.11005 40.06051
1202434098 116.11005 40.06051
1202434398 116.11006 40.06051
1202434698 116.11006 40.06051
1202434998 116.11006 40.06051
1202435298 116.11006 40.06051
1202435598 116.11006 40.06051
1202435898 116.11006 40.06051
1202437398 116.11005 40.06051
1202438898 116.11006 40.06051
1202439198 116.11006 40.06051
1202439498 116.11006 40.06051
1202439798 116.11006 40.06051
1202440098 116.11006 40.06051
1202440398 116.11006 40.06052
1202440698 116.11006 40.06051
1202440998 116.11006 40.06051
1202441298 116.11006 40.06051
1202441598 116.11006 40.06051
1202441898 116.11006 40.06051
1202441898 116.11006 40.06051
1202442198 116.11006 40.06051
1202442498 116.11006 40.06051
1202442798 116.11006 40.06051
1202443098 116.11006 40.06051
1202443398 116.11006 40.06051
1202443698 116.11006 40.06051
1202443998 116.11006 40.0605
1202444298 116.11006 40.06051
1202444597 116.26671 40.1272
1202444597 116.26671 40.1272
1202445198 116.11006 40.06051
1202445498 116.11006 40.06051
1202445798 116.11006 40.06051
1202446098 116.11006 40.06051
1202446397 116.11006 40.06051
1202446698 116.11006 40.06051
1202446997 116.11006 40.06051
1202447297 116.11006 40.06051
1202447597 116.11006 40.06051
1202447897 116.11006 40.06051
1202448197 116.11006 40.06051
1202448497 116.11006 40.06051
1202448797 116.11006 40.06051
1202449097 116.11006 40.06051
1202449397 116.11006 40.06051
1202449697 116.11006 40.06051
1202449997 116.11006 40.06051
1202450297 116.11006 40.06051
1202450597 116.11006 40.06051
1202450597 116.11006 40.06051
1202450897 116.11006 40.06051
1202451197 116.11006 40.06051
1202451497 116.11007 40.06051
1202451797 116.11057 40.06046
1202452097 116.11005 40.06045
1202452397 116.11008 40.06046
1202452697 116.1101 40.06047
1202452997 116.11011 40.06047
1202453297 116.11011 40.06046
1202453597 116.11011 40.06046
1202453897 116.11011 40.06046
1202454197 116.11011 40.06045
1202454497 116.11011 40.06046
1202454797 116.11011 40.06046
1202455097 116.11011 40.06047
1202455397 116.1101 40.06047
1202455697 116.11009 40.06048
1202455997 116.11009 40.06048
1202456297 116.11009 40.06048
1202456597 116.11009 40.06048
1202456897 116.11009 40.06048
1202457197 116.11009 40.06048
1202457497 116.11009 40.06048
1202457797 116.11009 40.06048
1202458097 116.11009 40.06048
1202458397 116.11009 40.06048
1202458697 116.11009 40.06048
1202458997 116.11009 40.06048
1202459297 116.11009 40.06048
1202459297 116.11009 40.06048
1202459597 116.11008 40.06048
1202459897 116.11008 40.06048
1202460197 116.11008 40.06048
1202460497 116.11008 40.06048
1202460797 116.11008 40.06048
1202461097 116.11008 40.06048
1202461397 116.11007 40.06048
1202461697 116.11008 40.06048
1202461997 116.11007 40.06048
1202462297 116.11007 40.06048
1202462597 116.11007 40.06048
1202462897 116.11007 40.06048
1202463197 116.11007 40.06048
1202463497 116.11007 40.06048
1202463797 116.11007 40.06048
1202464097 116.11007 40.06048
1202464397 116.11007 40.06047
1202464697 116.11007 40.06047
1202464997 116.11007 40.06047
1202465297 116.11007 40.06047
1202465597 116.11007 40.06047
1202465897 116.11007 40.06047
1202466197 116.11007 40.06047
1202466497 116.11007 40.06047
1202466797 116.1099 40.06033
1202467097 116.10992 40.06033
1202467397 116.10993 40.06033
1202467697 116.10993 40.06032
1202467997 116.10993 40.06032
1202467997 116.10993 40.06032
1202468296 116.10994 40.06032
1202468596 116.10994 40.06032
1202468896 116.10994 40.06033
1202469196 116.10995 40.06033
1202469496 116.10995 40.06034
1202469796 116.10995 40.06035
1202470096 116.10995 40.06036
1202470396 116.10995 40.06036
1202470696 116.10996 40.06037
1202470996 116.10996 40.06038
1202471296 116.10996 40.06038
1202471596 116.11006 40.06054
1202471896 116.11005 40.06051
1202472196 116.11004 40.06049
1202472496 116.11008 40.06043
1202472796 116.11007 40.06042
1202473096 116.10998 40.06032
1202473396 116.11009 40.0604
1202473696 116.1101 40.0604
1202473996 116.1101 40.0604
1202474296 116.1101 40.0604
1202474596 116.11011 40.0604
1202474896 116.11011 40.0604
1202475196 116.11012 40.0604
1202475496 116.11011 40.0604
1202475669 116.42069 39.85686
1202475797 116.11012 40.06051
1202476096 116.11012 40.06052
1202476396 116.11011 40.06053
1202476696 116.11012 40.06052
1202476696 116.11012 40.06052
1202476996 116.11012 40.06051
1202477296 116.11011 40.06051
1202477596 116.11011 40.06053
1202477896 116.1101 40.06053
1202478196 116.1101 40.06053
1202478496 116.1101 40.06054
1202478796 116.11009 40.06054
1202479096 116.11009 40.06054
1202479396 116.11009 40.06054
1202479696 116.11008 40.06054
1202479996 116.11008 40.06054
1202480296 116.11008 40.06053
1202480596 116.11007 40.06058
1202480896 116.11004 40.06054
1202481196 116.10997 40.06047
1202481496 116.11023 40.0605
1202481796 116.11018 40.0605
1202482096 116.11016 40.06051
1202482396 116.11014 40.06051
1202482696 116.11013 40.06051
1202482996 116.11013 40.06051
1202483296 116.11012 40.06051
1202483596 116.11011 40.06051
1202483896 116.11011 40.06051
1202484196 116.11011 40.06051
1202484496 116.1101 40.06051
1202484796 116.1101 40.06052
1202485096 116.1101 40.06052
1202485396 116.1101 40.06052
1202485396 116.1101 40.06052
1202485696 116.1101 40.06052
1202485996 116.1101 40.06052
1202486296 116.1101 40.06052
1202486596 116.1101 40.06052
1202486896 116.1101 40.06052
1202487196 116.1101 40.06052
1202487496 116.1101 40.06053
1202487795 116.1101 40.06053
1202488095 116.1101 40.06053
1202488395 116.1101 40.06053
1202488695 116.1101 40.06053
1202488995 116.1101 40.06053
1202489295 116.11009 40.06052
1202489595 116.11009 40.06052
1202489895 116.11009 40.06052
1202490195 116.11009 40.06052
1202490495 116.11009 40.06052
1202490795 116.11009 40.06052
1202491095 116.11009 40.06052
1202491395 116.11009 40.06052
1202491695 116.11009 40.06052
1202491995 116.11009 40.06052
1202492295 116.11009 40.06052
