UTS Latitude Longitude
1201959726 116.26741 40.11667
1201960028 116.30009 40.08243
1201960329 116.319 40.05802
1201960631 116.32524 40.05572
1201960933 116.33164 40.04147
1201961235 116.33473 40.03766
1201961537 116.35147 40.02906
1201961838 116.34487 40.0225
1201962140 116.36336 40.0005
1201962442 116.3742 39.99865
1201963045 116.37323 39.95981
1201963347 116.36934 39.94962
1201963649 116.35244 39.94322
1201963951 116.34957 39.93031
1201964554 116.34645 39.91019
1201964554 116.34645 39.91019
1201964856 116.36544 39.90579
1201964856 116.36544 39.90579
1201965158 116.38922 39.90608
1201965460 116.416 39.90682
1201965762 116.45449 39.90699
1201966364 116.45587 39.93275
1201966666 116.45464 39.94785
1201966968 116.45482 39.93663
1201967269 116.45377 39.93236
1201967571 116.45362 39.93226
1201967873 116.47166 39.93234
1201968175 116.48397 39.94929
1201968477 116.4731 39.97068
1201968778 116.48346 39.97001
1201969080 116.49014 39.97075
1201969382 116.49017 39.97063
1201969684 116.49018 39.9706
1201969986 116.49023 39.97061
1201970287 116.49052 39.97053
1201970589 116.49333 39.97921
1201970891 116.46856 39.9885
1201971193 116.45347 39.99575
1201971494 116.43906 39.9887
1201972098 116.44851 39.97926
1201972098 116.44851 39.97926
1201972400 116.44636 39.95665
1201972702 116.45031 39.95049
1201973003 116.44608 39.95146
1201973003 116.44608 39.95146
1201973355 116.44622 39.95145
1201973355 116.44622 39.95145
1201973355 116.44622 39.95145
1201973355 116.44622 39.95145
1201974873 116.45245 39.95327
1201975175 116.45517 39.94455
1201975477 116.45448 39.93076
1201975779 116.45518 39.9242
1201976684 116.47327 39.90725
1201976986 116.47201 39.91804
1201977288 116.47554 39.92991
1201977589 116.48339 39.91854
1201977890 116.49997 39.9146
1201978192 116.51492 39.91566
1201978192 116.51492 39.91566
1201978796 116.54799 39.91475
1201979097 116.56624 39.91418
1201979399 116.58667 39.91068
1201979701 116.61434 39.90983
1201980003 116.59807 39.90766
1201980606 116.63837 39.8934
1201980908 116.65495 39.88897
1201981210 116.65771 39.88697
1201981512 116.68203 39.87052
1201981813 116.71589 39.85063
1201982115 116.71992 39.81873
1201982417 116.72419 39.7649
1201982719 116.72667 39.7477
1201993741 116.73528 39.73502
1201994042 116.75933 39.71665
1201994344 116.76543 39.71398
1201994646 116.77895 39.7065
1201994947 116.79058 39.73403
1201995551 116.78476 39.72668
1201995853 116.77897 39.70656
1201995989 116.77899 39.70657
1201996296 116.779 39.70656
1201996296 116.779 39.70656
1201996296 116.779 39.70656
1201996296 116.779 39.70656
1201996296 116.779 39.70656
1201996296 116.779 39.70656
1201996296 116.779 39.70656
1201996296 116.779 39.70656
1201996296 116.779 39.70656
1201996296 116.779 39.70656
1201996296 116.779 39.70656
1201996296 116.779 39.70656
1201996296 116.779 39.70656
1201996296 116.779 39.70656
1201996296 116.779 39.70656
1201996296 116.779 39.70656
1201996296 116.779 39.70656
1201996296 116.779 39.70656
1201996296 116.779 39.70656
1201996296 116.779 39.70656
1201996296 116.779 39.70656
1202008067 116.77896 39.70657
1202008067 116.77896 39.70657
1202008067 116.77896 39.70657
1202008067 116.77896 39.70657
1202008067 116.77896 39.70657
1202008067 116.77896 39.70657
1202008067 116.77896 39.70657
1202008067 116.77896 39.70657
1202008067 116.77896 39.70657
1202008067 116.77896 39.70657
1202008067 116.77896 39.70657
1202008067 116.77896 39.70657
1202008067 116.77896 39.70657
1202008067 116.77896 39.70657
1202008067 116.77896 39.70657
1202008067 116.77896 39.70657
1202008067 116.77896 39.70657
1202060882 116.77894 39.70644
1202061184 116.78088 39.7064
1202061601 116.78083 39.70647
1202061601 116.78083 39.70647
1202061601 116.78083 39.70647
1202061601 116.78083 39.70647
1202061601 116.78083 39.70647
1202061601 116.78083 39.70647
1202061601 116.78083 39.70647
1202061601 116.78083 39.70647
1202061601 116.78083 39.70647
1202061601 116.78083 39.70647
1202061601 116.78083 39.70647
1202061601 116.78083 39.70647
1202061601 116.78083 39.70647
1202061601 116.78083 39.70647
1202061601 116.78083 39.70647
1202061601 116.78083 39.70647
1202061601 116.78083 39.70647
1202061601 116.78083 39.70647
1202061601 116.78083 39.70647
1202061601 116.78083 39.70647
1202061601 116.78083 39.70647
1202067886 116.78261 39.71083
1202068188 116.77929 39.75505
1202068490 116.78982 39.77872
1202068792 116.77456 39.82268
1202069094 116.7333 39.85715
1202069395 116.68819 39.86903
1202069697 116.66025 39.88516
1202069999 116.641 39.89269
1202070301 116.64091 39.8927
1202070603 116.64094 39.89274
1202070904 116.63082 39.90442
1202071206 116.61802 39.90974
1202071507 116.59211 39.91104
1202071809 116.57341 39.91346
1202072110 116.55711 39.91676
1202072412 116.55522 39.91675
1202072714 116.56976 39.91387
1202073016 116.58493 39.91117
1202073016 116.58493 39.91117
1202073318 116.62038 39.91283
1202073619 116.62135 39.91249
1202073921 116.62141 39.91249
1202074223 116.62039 39.91365
1202074525 116.5948 39.90846
1202074827 116.60111 39.89127
1202075128 116.58539 39.90863
1202075430 116.55773 39.90855
1202075732 116.55385 39.91483
1202076034 116.57075 39.91066
1202076335 116.57144 39.89947
1202076637 116.56873 39.87394
1202076939 116.57352 39.87425
1202077241 116.57074 39.89323
1202077543 116.55608 39.90865
1202077844 116.55609 39.91496
1202078146 116.58774 39.9079
1202078448 116.6174 39.90527
1202078750 116.65001 39.88988
1202079051 116.66765 39.87885
1202079353 116.71482 39.86184
1202079655 116.77019 39.83503
1202079957 116.77877 39.79326
1202080259 116.78401 39.77595
1202080560 116.79588 39.74511
1202080862 116.78175 39.70834
1202081164 116.78529 39.73029
1202081823 116.79289 39.7517
1202081823 116.79289 39.7517
1202081823 116.79289 39.7517
1202081823 116.79289 39.7517
1202081823 116.79289 39.7517
1202081823 116.79289 39.7517
1202081823 116.79289 39.7517
1202081823 116.79289 39.7517
1202081823 116.79289 39.7517
1202081823 116.79289 39.7517
1202081823 116.79289 39.7517
1202081823 116.79289 39.7517
1202081823 116.79289 39.7517
1202081823 116.79289 39.7517
1202081823 116.79289 39.7517
1202081823 116.79289 39.7517
1202081823 116.79289 39.7517
1202081823 116.79289 39.7517
1202081823 116.79289 39.7517
1202081823 116.79289 39.7517
1202081823 116.79289 39.7517
1202081823 116.79289 39.7517
1202081823 116.79289 39.7517
1202125594 116.79289 39.74972
1202125896 116.79437 39.74701
1202126499 116.79439 39.74695
1202126801 116.79432 39.74697
1202127103 116.25412 39.95526
1202127103 116.79429 39.74691
1202127706 116.78507 39.77274
1202128008 116.77915 39.79261
1202128310 116.76925 39.83672
1202128612 116.71544 39.86184
1202128913 116.67652 39.87223
1202129214 116.67057 39.88513
1202129516 116.66102 39.88209
1202129818 116.63859 39.87919
1202130120 116.62973 39.8913
1202130421 116.61729 39.9056
1202130723 116.59356 39.90836
1202130723 116.59356 39.90836
1202131025 116.57078 39.90905
1202131327 116.55913 39.90417
1202131628 116.55841 39.90332
1202131930 116.52728 39.90642
1202132232 116.53731 39.92434
1202132534 116.51209 39.97712
1202132836 116.51972 40.01736
1202133137 116.57922 40.04703
1202133439 116.58269 40.07941
1202133741 116.58159 40.06775
1202134043 116.56396 40.06254
1202134344 116.56094 40.04442
1202134646 116.55776 40.02966
1202134948 116.55599 40.0285
1202135848 116.55607 40.01524
1202136150 116.56472 39.98435
1202136451 116.54214 39.96981
1202137114 116.5396 39.95542
1202137114 116.5396 39.95542
1202137114 116.5396 39.95542
1202137114 116.5396 39.95542
1202137114 116.5396 39.95542
1202139235 116.54879 39.94958
1202139537 116.5488 39.94958
1202139839 116.54879 39.9496
1202140140 116.54877 39.94957
1202140442 116.5488 39.94954
1202140744 116.54309 39.94948
1202141046 116.54125 39.9563
1202141347 116.54876 39.94959
1202141649 116.54878 39.94957
1202141951 116.56925 39.96015
1202142253 116.56063 39.99946
1202142554 116.55562 40.02891
1202143833 116.5866 40.06293
1202144134 116.58728 40.05735
1202144436 116.58738 40.05711
1202144738 116.58727 40.05718
1202144738 116.58727 40.05718
1202145040 116.58739 40.05739
1202145342 116.58733 40.05726
1202145643 116.58723 40.0573
1202145945 116.58701 40.05708
1202146247 116.58729 40.05718
1202146549 116.60329 40.04367
1202146851 116.63135 40.03345
1202147152 116.64584 40.00963
1202147454 116.65075 39.98111
1202147756 116.65268 39.95174
1202148058 116.64984 39.92204
1202148358 116.65121 39.90987
1202148660 116.65111 39.89822
1202148962 116.66029 39.8798
1202149264 116.64272 39.87627
1202149566 116.63185 39.89136
1202149838 116.62601 39.90376
1202150022 116.6261 39.9032
1202150477 116.62606 39.90325
1202150779 116.62592 39.9032
1202151382 116.62591 39.90317
1202151684 116.62597 39.90317
1202152288 116.62595 39.90317
1202152593 116.63221 39.90195
1202152894 116.61196 39.90542
1202153498 116.56594 39.91444
1202154101 116.58119 39.91302
1202154403 116.56356 39.91471
1202154708 116.56175 39.91483
1202155010 116.54408 39.91495
1202155312 116.5158 39.91579
1202155613 116.50853 39.9069
1202155915 116.49193 39.90711
1202156217 116.47293 39.90717
1202156519 116.45555 39.90423
1202156821 116.45506 39.88682
1202157122 116.42504 39.85721
1202157122 116.42504 39.85721
1202157726 116.32775 39.84792
1202158028 116.31595 39.8467
1202158330 116.30545 39.85129
1202158631 116.3066 39.85042
1202159235 116.3212 39.8464
1202160140 116.32614 39.89562
1202160442 116.33637 39.90104
1202160744 116.3392 39.91646
1202161046 116.34562 39.92198
1202161347 116.34718 39.9137
1202161648 116.34637 39.90681
1202161950 116.3423 39.89717
1202162553 116.34311 39.85961
1202162961 116.34304 39.85954
1202162961 116.34304 39.85954
1202162961 116.34304 39.85954
1202162961 116.34304 39.85954
1202162961 116.34304 39.85954
1202162961 116.34304 39.85954
1202162961 116.34304 39.85954
1202165993 116.37228 39.87744
1202166295 116.37659 39.8819
1202166597 116.39034 39.885
1202166899 116.40042 39.88752
1202167502 116.38201 39.87929
1202167803 116.38066 39.8591
1202168105 116.3806 39.85621
1202168406 116.37045 39.849
1202168708 116.37043 39.84892
1202169018 116.38063 39.85543
1202169312 116.32698 39.84769
1202169614 116.30431 39.8912
1202170217 116.29423 39.92245
1202170519 116.30417 39.8974
1202170824 116.30699 39.85679
1202171122 116.29555 39.85377
1202171424 116.28793 39.85777
1202171726 116.27623 39.8675
1202172330 116.30653 39.86402
1202172631 116.33822 39.84721
1202172933 116.39011 39.85564
1202173235 116.42583 39.85696
1202173537 116.46144 39.86661
1202173839 116.50636 39.86922
1202174140 116.56682 39.86669
1202174442 116.60638 39.85839
1202174744 116.63911 39.86226
1202175046 116.67638 39.87218
1202175347 116.71932 39.86066
1202175649 116.77356 39.82973
1202175951 116.78079 39.78818
1202176253 116.78911 39.77936
1202176253 116.78911 39.77936
1202176555 116.7929 39.75174
1202176907 116.79291 39.75175
1202176907 116.79291 39.75175
1202176907 116.79291 39.75175
1202176907 116.79291 39.75175
1202176907 116.79291 39.75175
1202176907 116.79291 39.75175
1202176907 116.79291 39.75175
1202176907 116.79291 39.75175
1202176907 116.79291 39.75175
1202176907 116.79291 39.75175
1202176907 116.79291 39.75175
1202176907 116.79291 39.75175
1202176907 116.79291 39.75175
1202176907 116.79291 39.75175
1202176907 116.79291 39.75175
1202176907 116.79291 39.75175
1202176907 116.79291 39.75175
1202176907 116.79291 39.75175
1202176907 116.79291 39.75175
1202176907 116.79291 39.75175
1202176907 116.79291 39.75175
1202176907 116.79291 39.75175
1202209204 116.795 39.73762
1202209923 116.77901 39.70656
1202210535 116.77921 39.70744
1202210837 116.79371 39.73615
1202211139 116.78641 39.76825
1202211441 116.73491 39.76663
1202211742 116.69655 39.78541
1202212044 116.66854 39.79215
1202212346 116.6655 39.7919
1202212648 116.61872 39.80222
1202212950 116.56311 39.80285
1202213250 116.52997 39.82253
1202213552 116.48556 39.81452
1202213854 116.46677 39.83662
1202214156 116.44176 39.83118
1202214457 116.44343 39.82513
1202214759 116.44376 39.82505
1202215117 116.44374 39.82508
1202215117 116.44374 39.82508
1202215117 116.44374 39.82508
1202215117 116.44374 39.82508
1202215117 116.44374 39.82508
1202215117 116.44374 39.82508
1202215117 116.44374 39.82508
1202215117 116.44374 39.82508
1202215117 116.44374 39.82508
1202215117 116.44374 39.82508
1202215117 116.44374 39.82508
1202215117 116.44374 39.82508
1202215117 116.44374 39.82508
1202215117 116.44374 39.82508
1202215117 116.44374 39.82508
1202215117 116.44374 39.82508
1202215117 116.44374 39.82508
1202215117 116.44374 39.82508
1202215117 116.44374 39.82508
1202215117 116.44374 39.82508
1202215117 116.44374 39.82508
1202215117 116.44374 39.82508
1202218748 116.44366 39.8251
1202219050 116.44369 39.82518
1202219352 116.44807 39.82272
1202219654 116.44372 39.81589
1202219955 116.42149 39.81714
1202220257 116.3996 39.82189
1202220559 116.3951 39.83461
1202221163 116.41135 39.85559
1202222499 116.44593 39.85575
1202222801 116.4497 39.84472
1202223105 116.45053 39.84255
1202223407 116.44858 39.82684
1202223708 116.4409 39.83435
1202224010 116.43278 39.85073
1202224635 116.41936 39.86431
1202224916 116.41486 39.87923
1202225217 116.41264 39.89353
1202225519 116.4119 39.90794
1202225821 116.42067 39.91276
1202226123 116.42318 39.92296
1202226424 116.43523 39.92303
1202226424 116.43523 39.92303
1202226726 116.4443 39.93073
1202227028 116.45386 39.93214
1202227330 116.46087 39.93043
1202227632 116.467 39.92608
1202228238 116.47187 39.9151
1202228540 116.47166 39.9065
1202228842 116.45859 39.89938
1202229144 116.44869 39.90718
1202229446 116.44422 39.91928
1202229747 116.4442 39.92013
1202230048 116.44419 39.921
1202230350 116.43446 39.92277
1202230953 116.43049 39.92324
1202231255 116.42013 39.92294
1202231557 116.40682 39.91715
1202231859 116.4135 39.9228
1202232161 116.42749 39.92369
1202232462 116.43375 39.92332
1202232764 116.43763 39.92737
1202233066 116.43756 39.93428
1202233368 116.44632 39.93232
1202233670 116.45587 39.93344
1202233971 116.46267 39.94359
1202233971 116.46267 39.94359
1202234273 116.46646 39.93349
1202234877 116.44388 39.90893
1202234877 116.44388 39.90893
1202235178 116.42943 39.90658
1202235480 116.41835 39.90669
1202235782 116.43723 39.90578
1202236084 116.45456 39.9047
1202236386 116.4548 39.87546
1202236687 116.45246 39.865
1202236989 116.4661 39.87181
1202237291 116.46353 39.87484
1202237593 116.46165 39.87708
1202237895 116.46799 39.88309
1202238196 116.45553 39.88872
1202238498 116.45556 39.8907
1202238788 116.45831 39.89935
1202239095 116.45833 39.89937
1202239095 116.45833 39.89937
1202239095 116.45833 39.89937
1202240311 116.4583 39.89934
1202240613 116.46802 39.89925
1202240918 116.47171 39.90345
1202241220 116.4579 39.90717
1202241220 116.4579 39.90717
1202241522 116.45182 39.94
1202241823 116.42971 39.93977
1202242125 116.42332 39.95206
1202242427 116.42406 39.95289
1202242729 116.44337 39.95189
1202243031 116.47155 39.95302
1202243332 116.48077 39.95866
1202243634 116.47432 39.95409
1202243936 116.46797 39.944
1202244238 116.47211 39.93223
1202244540 116.47192 39.91658
1202244841 116.47169 39.90733
1202245142 116.45605 39.91163
1202245444 116.47211 39.91005
1202245746 116.47218 39.91011
1202246047 116.47217 39.90996
1202246349 116.4722 39.91003
1202246651 116.47221 39.90984
1202246953 116.47241 39.90988
1202247255 116.47184 39.90983
1202247556 116.46283 39.91226
1202247858 116.44449 39.91499
1202248160 116.4442 39.92109
1202248462 116.43179 39.92284
1202248764 116.43187 39.92286
1202249065 116.43195 39.92276
1202249367 116.43429 39.92261
1202249669 116.44417 39.91142
1202249971 116.45542 39.90056
1202250272 116.45002 39.88095
1202250574 116.44762 39.86084
1202250876 116.428 39.85443
1202251178 116.43742 39.85734
1202251480 116.45423 39.86531
1202251781 116.45429 39.86525
1202252083 116.45513 39.86971
1202252385 116.4553 39.87912
1202252687 116.45546 39.89181
1202252988 116.45793 39.89862
1202252988 116.45793 39.89862
1202253290 116.44912 39.90277
1202253592 116.42108 39.90711
1202253894 116.39735 39.9065
1202254196 116.35803 39.90593
1202254497 116.32851 39.91647
1202254799 116.3307 39.91823
1202255101 116.33383 39.92176
1202255403 116.33809 39.90763
1202255705 116.32269 39.8959
1202256006 116.31406 39.89531
1202256006 116.31406 39.89531
1202256308 116.32279 39.89225
1202256610 116.33795 39.88833
1202256912 116.35704 39.8879
1202257213 116.38104 39.8881
1202257515 116.41183 39.89153
1202257817 116.44549 39.89216
1202258722 116.48045 39.93236
1202259024 116.49551 39.93466
1202259628 116.51213 39.91794
1202259930 116.5308 39.91528
1202260533 116.59437 39.90775
1202260835 116.63313 39.90064
1202261137 116.65545 39.88827
1202261739 116.67067 39.90044
1202262041 116.67515 39.90001
1202262343 116.69968 39.88856
1202262645 116.71319 39.86902
1202262946 116.76179 39.84345
1202263248 116.77249 39.80774
1202263538 116.78718 39.78095
1202263855 116.77649 39.76414
1202264157 116.78287 39.71318
1202264459 116.77895 39.70657
1202264809 116.77894 39.70652
1202264809 116.77894 39.70652
1202264809 116.77894 39.70652
1202264809 116.77894 39.70652
1202264809 116.77894 39.70652
1202264809 116.77894 39.70652
1202264809 116.77894 39.70652
1202264809 116.77894 39.70652
1202264809 116.77894 39.70652
1202264809 116.77894 39.70652
1202264809 116.77894 39.70652
1202264809 116.77894 39.70652
1202264809 116.77894 39.70652
1202264809 116.77894 39.70652
1202264809 116.77894 39.70652
1202264809 116.77894 39.70652
1202264809 116.77894 39.70652
1202264809 116.77894 39.70652
1202264809 116.77894 39.70652
1202264809 116.77894 39.70652
1202264809 116.77894 39.70652
1202264809 116.77894 39.70652
1202264809 116.77894 39.70652
1202296501 116.78021 39.70639
1202296802 116.78231 39.70926
1202297104 116.79932 39.74182
1202297336 116.79329 39.75095
1202297642 116.79329 39.75099
1202298254 116.78477 39.72712
1202298556 116.77892 39.70651
1202298858 116.78551 39.73243
1202299160 116.79201 39.75136
1202299763 116.7704 39.83487
1202300065 116.72517 39.85928
1202300065 116.72517 39.85928
1202300367 116.67568 39.87276
1202300669 116.64902 39.87452
1202300669 116.64902 39.87452
1202300971 116.60964 39.85106
1202301272 116.59354 39.83815
1202301574 116.55866 39.84456
1202301876 116.54106 39.84406
1202302178 116.51191 39.85784
1202302479 116.50605 39.86623
1202302781 116.48256 39.87236
1202303385 116.46228 39.88315
1202303687 116.45118 39.88321
1202303988 116.44025 39.88308
1202304290 116.45261 39.88319
1202304592 116.45567 39.91349
1202304894 116.45275 39.96041
1202305196 116.47413 39.97864
1202305497 116.47362 39.97525
1202305799 116.47052 39.97564
1202306101 116.46549 39.97062
1202306403 116.43858 39.95021
1202306704 116.41015 39.94827
1202307308 116.39284 39.9394
1202307610 116.38987 39.93415
1202307912 116.39326 39.92462
1202308213 116.3977 39.90634
1202308515 116.4121 39.90012
1202309119 116.42469 39.89461
1202309278 116.4246 39.89454
1202309966 116.44693 39.90246
1202310268 116.4636 39.90742
1202310570 116.47809 39.90681
1202310871 116.53934 39.90258
1202311295 116.58721 39.86613
1202311597 116.62212 39.85678
1202312200 116.67045 39.87656
1202312502 116.64251 39.86246
1202312804 116.61731 39.85432
1202313106 116.57204 39.86685
1202313407 116.49441 39.86976
1202313709 116.46323 39.83507
1202314011 116.39244 39.83077
1202314011 116.39244 39.83077
1202314313 116.32063 39.82935
1202314615 116.28077 39.83812
1202314916 116.28097 39.83947
1202315218 116.3141 39.8292
1202315520 116.38561 39.83041
1202315822 116.39604 39.84329
1202316123 116.39386 39.84835
1202316425 116.40383 39.83073
1202316727 116.46629 39.83659
1202317029 116.47743 39.83049
1202317330 116.48693 39.82319
1202317632 116.49557 39.82161
1202317934 116.53056 39.82265
1202318236 116.57077 39.80187
1202318538 116.58601 39.81843
1202318839 116.58598 39.81503
1202319141 116.61945 39.80217
1202319442 116.66376 39.79171
1202319744 116.69619 39.78538
1202320046 116.73846 39.7671
1202320347 116.75168 39.75166
1202320649 116.75253 39.75163
1202320951 116.77416 39.7665
1202321253 116.79202 39.7515
1202321253 116.79202 39.7515
1202321554 116.7525 39.76564
1202321767 116.75199 39.75165
1202322274 116.75251 39.75162
1202322274 116.75251 39.75162
1202322274 116.75251 39.75162
1202322274 116.75251 39.75162
1202322274 116.75251 39.75162
1202322274 116.75251 39.75162
1202322274 116.75251 39.75162
1202322274 116.75251 39.75162
1202322274 116.75251 39.75162
1202322274 116.75251 39.75162
1202322274 116.75251 39.75162
1202322274 116.75251 39.75162
1202322274 116.75251 39.75162
1202322274 116.75251 39.75162
1202322274 116.75251 39.75162
1202322274 116.75251 39.75162
1202322274 116.75251 39.75162
1202327714 116.75201 39.7516
1202328071 116.75203 39.75163
1202328071 116.75203 39.75163
1202328071 116.75203 39.75163
1202328071 116.75203 39.75163
1202328071 116.75203 39.75163
1202328071 116.75203 39.75163
1202330193 116.75181 39.75169
1202330495 116.72424 39.77607
1202330796 116.70733 39.83548
1202331097 116.68904 39.86845
1202331399 116.65049 39.89415
1202331701 116.65567 39.88852
1202331701 116.65567 39.88852
1202332304 116.70145 39.83915
1202332606 116.72411 39.803
1202332908 116.75256 39.76694
1202333138 116.75206 39.7516
1202333446 116.75202 39.7516
1202333446 116.75202 39.7516
1202333446 116.75202 39.7516
1202333446 116.75202 39.7516
1202333446 116.75202 39.7516
1202333446 116.75202 39.7516
1202333446 116.75202 39.7516
1202333446 116.75202 39.7516
1202333446 116.75202 39.7516
1202333446 116.75202 39.7516
1202333446 116.75202 39.7516
1202337076 116.74993 39.75418
1202337378 116.75161 39.75515
1202337679 116.7243 39.76808
1202337981 116.71785 39.82958
1202338283 116.71598 39.86373
1202338585 116.7023 39.88674
1202338887 116.6707 39.89991
1202339188 116.66359 39.90747
1202339360 116.66896 39.90757
1202340094 116.66686 39.90858
1202340094 116.66686 39.90858
1202340094 116.66686 39.90858
1202340094 116.66686 39.90858
1202340094 116.66686 39.90858
1202340094 116.66686 39.90858
1202340094 116.66686 39.90858
1202340094 116.66686 39.90858
1202340094 116.66686 39.90858
1202340094 116.66686 39.90858
1202343429 116.67019 39.90736
1202343731 116.67976 39.88199
1202344032 116.69255 39.8599
1202344334 116.69523 39.79662
1202344636 116.68551 39.76943
1202344938 116.73984 39.7673
1202345239 116.7502 39.75292
1202345541 116.75247 39.75162
1202346202 116.76069 39.73307
1202346202 116.76069 39.73307
1202346977 116.77896 39.70654
1202347284 116.77896 39.70656
1202347284 116.77896 39.70656
1202347284 116.77896 39.70656
1202347284 116.77896 39.70656
1202347284 116.77896 39.70656
1202347284 116.77896 39.70656
1202347284 116.77896 39.70656
1202347284 116.77896 39.70656
1202347284 116.77896 39.70656
1202347284 116.77896 39.70656
1202347284 116.77896 39.70656
1202347284 116.77896 39.70656
1202347284 116.77896 39.70656
1202347284 116.77896 39.70656
1202347284 116.77896 39.70656
1202347284 116.77896 39.70656
1202347284 116.77896 39.70656
1202347284 116.77896 39.70656
1202347284 116.77896 39.70656
1202347284 116.77896 39.70656
1202347284 116.77896 39.70656
1202347284 116.77896 39.70656
1202347284 116.77896 39.70656
1202368716 116.78272 39.71187
1202369018 116.77749 39.75984
1202369320 116.78068 39.78864
1202369622 116.76228 39.84336
1202369924 116.69563 39.86698
1202370225 116.65064 39.87451
1202370829 116.62062 39.90581
1202371131 116.62086 39.90593
1202371432 116.62135 39.91248
1202371432 116.62135 39.91248
1202371734 116.61504 39.91252
1202372036 116.63354 39.92442
1202372338 116.6335 39.9244
1202372640 116.62445 39.91508
1202372941 116.59374 39.91189
1202373243 116.56573 39.91437
1202373545 116.53677 39.91507
1202373847 116.5166 39.90832
1202374148 116.51661 39.90838
1202374450 116.51655 39.90836
1202374752 116.5166 39.90836
1202375054 116.51656 39.90837
1202375356 116.51658 39.90835
1202375657 116.51656 39.90837
1202375959 116.51654 39.90837
1202376261 116.51646 39.90836
1202376563 116.52549 39.90802
1202376865 116.52496 39.95391
1202379066 116.58178 40.06766
1202379681 116.58113 40.07166
1202379982 116.58115 40.0716
1202380284 116.58109 40.0716
1202380586 116.58112 40.07163
1202380888 116.58115 40.07161
1202381491 116.58109 40.07161
1202381793 116.58111 40.07153
1202382095 116.58113 40.07165
1202382397 116.58115 40.07165
1202382699 116.58113 40.07166
1202383302 116.58058 40.07487
1202383604 116.58055 40.07482
1202383604 116.58055 40.07482
1202383906 116.58047 40.07483
1202384509 116.58048 40.07478
1202384811 116.58013 40.07468
1202385113 116.58043 40.07622
1202385716 116.58044 40.07617
1202385945 116.58255 40.07457
1202386252 116.58258 40.07457
1202386252 116.58258 40.07457
1202386252 116.58258 40.07457
1202386252 116.58258 40.07457
1202387772 116.58414 40.07647
1202388074 116.58411 40.07655
1202388375 116.58413 40.07654
1202388677 116.58742 40.07758
1202389583 116.58271 40.06492
1202389884 116.53211 40.02193
1202390186 116.46574 39.97219
1202390488 116.42752 39.93924
1202390790 116.42534 39.89944
1202391091 116.41019 39.89575
1202391393 116.4121 39.9045
1202391695 116.41124 39.92445
1202391997 116.38563 39.92177
1202392298 116.37339 39.92866
1202392599 116.39633 39.93201
1202392599 116.39633 39.93201
1202392901 116.39876 39.91143
1202393203 116.39684 39.91143
1202393505 116.40459 39.92157
1202393806 116.40477 39.91758
1202394108 116.38817 39.90627
1202394410 116.35006 39.90719
1202394712 116.33643 39.88519
1202395014 116.32543 39.87416
1202395315 116.3206 39.87748
1202395617 116.34796 39.88806
1202395919 116.37697 39.88798
1202396221 116.40565 39.8913
1202396523 116.43798 39.89331
1202396824 116.48401 39.90987
1202397126 116.47676 39.93249
1202397428 116.45613 39.93248
1202397730 116.42928 39.93225
1202398031 116.41002 39.93234
1202398261 116.40291 39.92991
1202398875 116.39416 39.93209
1202399177 116.3731 39.93881
1202399479 116.37036 39.94771
1202399781 116.366 39.94433
1202400083 116.36734 39.92129
1202400384 116.36719 39.9088
1202400686 116.35019 39.90236
1202400988 116.3421 39.89068
1202401290 116.32771 39.86679
1202401591 116.29403 39.86502
1202401591 116.29403 39.86502
1202401892 116.31448 39.85597
1202402194 116.31458 39.85558
1202402496 116.31373 39.85694
1202402798 116.27284 39.86398
1202403099 116.25457 39.86104
1202403401 116.2768 39.85985
1202403703 116.2809 39.83732
1202404005 116.27712 39.85741
1202404306 116.29922 39.8567
1202404603 116.31735 39.84961
1202405481 116.3413 39.85647
1202405794 116.34352 39.87485
1202406085 116.34786 39.87009
1202406408 116.33788 39.8724
1202406961 116.33647 39.87209
1202408698 116.34066 39.8752
1202409000 116.35289 39.88111
1202409302 116.36793 39.88759
1202409604 116.36806 39.87
1202410207 116.427 39.85808
1202410509 116.41541 39.86487
1202410811 116.413 39.88985
1202411112 116.4242 39.89204
1202411414 116.42456 39.89193
1202411716 116.43228 39.89227
1202412018 116.43745 39.87036
1202412320 116.43885 39.86572
1202412320 116.43885 39.86572
1202412621 116.4333 39.87444
1202412923 116.40724 39.86922
1202413225 116.41223 39.86406
1202413527 116.43175 39.85741
1202413829 116.43922 39.85031
1202414130 116.43292 39.84869
1202414432 116.43286 39.85389
1202414734 116.43224 39.86053
1202415035 116.42931 39.87995
1202415336 116.45548 39.88564
1202415638 116.45549 39.88859
1202415940 116.45554 39.88858
1202416242 116.45544 39.89717
1202416544 116.45547 39.93996
1202416845 116.42199 39.93969
1202417147 116.40602 39.93953
1202417449 116.39123 39.94834
1202417751 116.36945 39.95673
1202418053 116.36473 39.95809
1202418354 116.34937 39.94566
1202418858 116.34868 39.94689
1202418858 116.34868 39.94689
1202419777 116.3492 39.94576
1202420079 116.34966 39.93934
1202420381 116.41097 39.94793
1202420683 116.42896 39.9111
1202420985 116.41862 39.89663
1202421286 116.43232 39.89854
1202421588 116.48697 39.90648
1202421890 116.54606 39.90779
1202421890 116.54606 39.90779
1202422192 116.59524 39.90772
1202422493 116.63368 39.8997
1202422795 116.65636 39.89118
1202423097 116.67148 39.89418
1202423399 116.67528 39.89587
1202423811 116.67546 39.89581
1202423811 116.67546 39.89581
1202423811 116.67546 39.89581
1202423811 116.67546 39.89581
1202425330 116.67513 39.89202
1202425746 116.67462 39.89188
1202425746 116.67462 39.89188
1202425746 116.67462 39.89188
1202425746 116.67462 39.89188
1202425746 116.67462 39.89188
1202425746 116.67462 39.89188
1202425746 116.67462 39.89188
1202425746 116.67462 39.89188
1202425746 116.67462 39.89188
1202425746 116.67462 39.89188
1202425746 116.67462 39.89188
1202425746 116.67462 39.89188
1202425746 116.67462 39.89188
1202425746 116.67462 39.89188
1202425746 116.67462 39.89188
1202425746 116.67462 39.89188
1202425746 116.67462 39.89188
1202425746 116.67462 39.89188
1202425746 116.67462 39.89188
1202425746 116.67462 39.89188
1202425746 116.67462 39.89188
1202425746 116.67462 39.89188
1202425746 116.67462 39.89188
1202469510 116.67178 39.89245
1202469811 116.6963 39.88736
1202470113 116.71207 39.87021
1202470415 116.74659 39.85103
1202470717 116.77219 39.81701
1202471018 116.78497 39.78385
1202471320 116.77656 39.76366
1202471622 116.7842 39.72279
1202471924 116.77898 39.70653
1202472281 116.77897 39.70659
1202472281 116.77897 39.70659
1202472281 116.77897 39.70659
1202472281 116.77897 39.70659
1202472281 116.77897 39.70659
1202472281 116.77897 39.70659
1202472281 116.77897 39.70659
1202472281 116.77897 39.70659
1202472281 116.77897 39.70659
1202472281 116.77897 39.70659
1202472281 116.77897 39.70659
1202472281 116.77897 39.70659
1202472281 116.77897 39.70659
1202472281 116.77897 39.70659
1202472281 116.77897 39.70659
1202472281 116.77897 39.70659
1202472281 116.77897 39.70659
1202472281 116.77897 39.70659
1202472281 116.77897 39.70659
1202472281 116.77897 39.70659
1202472281 116.77897 39.70659
