UTS Latitude Longitude
1201959524 116.50608 40.01113
1201959824 116.50607 40.01113
1201960124 116.50607 40.01112
1201960424 116.50607 40.01112
1201960724 116.50607 40.01112
1201962224 116.50607 40.01113
1201962524 116.50607 40.01113
1201962524 116.50607 40.01113
1201962824 116.50607 40.01113
1201963124 116.50607 40.01113
1201963724 116.50608 40.01114
1201964024 116.50608 40.01114
1201964324 116.50608 40.01114
1201964624 116.50608 40.01114
1201965224 116.50608 40.01114
1201965524 116.50608 40.01114
1201965824 116.50608 40.01114
1201966124 116.50608 40.01114
1201966424 116.50608 40.01114
1201966724 116.50608 40.01114
1201967024 116.50608 40.01114
1201967323 116.50608 40.01114
1201967623 116.50608 40.01114
1201967923 116.50609 40.01114
1201968223 116.50609 40.01114
1201968523 116.50609 40.01114
1201968823 116.50609 40.01113
1201969123 116.50609 40.01113
1201969423 116.50609 40.01113
1201969723 116.50619 40.01081
1201970023 116.50617 40.01083
1201970323 116.50616 40.01085
1201970923 116.50615 40.01086
1201971223 116.50616 40.01088
1201971523 116.50615 40.01089
1201971523 116.50615 40.01089
1201971823 116.50615 40.01091
1201972123 116.50615 40.01092
1201973023 116.50615 40.01098
1201973323 116.50615 40.01099
1201974223 116.50614 40.01102
1201974523 116.50614 40.01103
1201974822 116.4277 39.92942
1201974823 116.50614 40.01103
1201975123 116.50614 40.01104
1201975423 116.50613 40.01104
1201975723 116.50613 40.01105
1201976023 116.50613 40.01105
1201976323 116.50613 40.01105
1201976623 116.50613 40.01106
1201977223 116.50613 40.01106
1201977523 116.50613 40.01106
1201977823 116.50613 40.01106
1201978123 116.50612 40.01106
1201978723 116.50612 40.01107
1201979023 116.50612 40.01107
1201979323 116.50612 40.01107
1201979623 116.50612 40.01107
1201979923 116.50612 40.01107
1201979923 116.50612 40.01107
1201980223 116.50612 40.01107
1201980223 116.50612 40.01107
1201980523 116.50612 40.01106
1201980823 116.50612 40.01106
1201981123 116.50612 40.01106
1201981723 116.50612 40.01106
1201982023 116.50612 40.01106
1201982323 116.50612 40.01106
1201982623 116.50612 40.01106
1201982923 116.50612 40.01106
1201983223 116.50612 40.01106
1201983523 116.50612 40.01106
1201983823 116.50612 40.01106
1201984123 116.50611 40.01106
1201984423 116.50611 40.01106
1201984723 116.50611 40.01106
1201985022 116.50611 40.01107
1201985322 116.50611 40.01107
1201985622 116.50611 40.01107
1201985922 116.50612 40.01107
1201986222 116.50612 40.01107
1201986522 116.50612 40.01107
1201986822 116.50612 40.01107
1201987122 116.50612 40.01107
1201987422 116.50612 40.01107
1201987722 116.50612 40.01108
1201988022 116.50612 40.01108
1201988322 116.50612 40.01108
1201988622 116.50612 40.01108
1201988922 116.50612 40.01108
1201988922 116.50612 40.01108
1201989222 116.50612 40.01108
1201989522 116.50612 40.01108
1201989822 116.50612 40.01108
1201990122 116.50612 40.01108
1201990422 116.50612 40.01108
1201990722 116.50612 40.01108
1201991022 116.50612 40.01108
1201991322 116.50612 40.01108
1201991622 116.50612 40.01109
1201991922 116.50612 40.01109
1201992222 116.50612 40.01109
1201992522 116.50612 40.01109
1201992822 116.50611 40.01109
1201993122 116.50589 40.01094
1201993422 116.50592 40.01096
1201993722 116.50595 40.01101
1201994022 116.50598 40.01104
1201994322 116.50597 40.01104
1201994622 116.50598 40.01105
1201995222 116.506 40.01106
1201995522 116.50601 40.01107
1201995822 116.50601 40.01107
1201996122 116.50602 40.01107
1201996422 116.50602 40.01108
1201996722 116.50603 40.01108
1201997022 116.50603 40.01109
1201997322 116.50604 40.01109
1201997622 116.50604 40.01109
1201998222 116.50604 40.01109
1201998822 116.50605 40.01109
1201999122 116.50605 40.01109
1201999422 116.50605 40.01109
1201999722 116.50606 40.01109
1202000022 116.50606 40.01109
1202000322 116.50606 40.01109
1202000622 116.50606 40.01109
1202000922 116.50606 40.01108
1202001222 116.50606 40.01108
1202001822 116.50606 40.01108
1202002122 116.50606 40.01108
1202002422 116.50606 40.01108
1202002721 116.50606 40.01108
1202003021 116.50606 40.01108
1202003321 116.50606 40.01108
1202003621 116.50606 40.01109
1202003921 116.50606 40.01109
1202004221 116.50606 40.01109
1202005121 116.50605 40.01109
1202005421 116.50605 40.0111
1202006321 116.50606 40.0111
1202006321 116.50606 40.0111
1202008157 116.50607 40.01112
1202008421 116.50607 40.01112
1202008721 116.50607 40.01112
1202019771 116.50607 40.01105
1202020071 116.50608 40.01108
1202020371 116.50607 40.01108
1202020671 116.50607 40.01108
1202020971 116.50607 40.01109
1202021271 116.50606 40.0111
1202021571 116.50606 40.0111
1202021870 116.50601 40.01031
1202022171 116.50611 40.01102
1202022471 116.50609 40.01104
1202022771 116.50608 40.01106
1202023071 116.50608 40.01106
1202023971 116.50607 40.01107
1202024270 116.50607 40.01106
1202024570 116.50607 40.01106
1202024870 116.50607 40.01109
1202025170 116.50606 40.01108
1202025170 116.50606 40.01108
1202025770 116.50609 40.01111
1202026070 116.5061 40.01112
1202026370 116.5061 40.01113
1202026670 116.5061 40.01113
1202027270 116.50611 40.01112
1202027870 116.50612 40.01112
1202028170 116.50613 40.01114
1202028470 116.50613 40.01111
1202028770 116.50613 40.01109
1202029370 116.50615 40.01109
1202029970 116.50614 40.0111
1202030270 116.50614 40.01109
1202030570 116.5061 40.01107
1202031170 116.50609 40.01108
1202031470 116.50607 40.0111
1202031770 116.50607 40.0111
1202032070 116.50608 40.0111
1202032370 116.50607 40.0111
1202032670 116.50608 40.0111
1202032971 116.50602 40.01106
1202033271 116.506 40.01108
1202033570 116.50599 40.0111
1202033870 116.50598 40.01111
1202033870 116.50598 40.01111
1202034170 116.50599 40.01112
1202034470 116.50599 40.01112
1202034770 116.50599 40.01112
1202035370 116.50094 40.00577
1202035670 116.48112 39.98835
1202035687 116.48063 39.98866
1202035987 116.472 40.01002
1202036058 116.4685 40.01034
1202036287 116.481 40.00395
1202036373 116.4838 40.0049
1202036673 116.47198 40.00654
1202037009 116.47219 40.00611
1202037273 116.47234 39.99529
1202037573 116.4745 39.99339
1202037873 116.47465 39.99341
1202038173 116.4743 39.99338
1202038473 116.4743 39.99334
1202038773 116.47433 39.99331
1202039073 116.47435 39.99331
1202039373 116.47331 39.99922
1202039373 116.47331 39.99922
1202039525 116.47253 40.00116
1202040124 116.47043 39.97771
1202040424 116.46317 39.9618
1202040630 116.45306 39.95368
1202040724 116.44289 39.96023
1202041024 116.40223 39.96783
1202041135 116.40109 39.97202
1202041435 116.40326 39.98056
1202041735 116.40159 39.9927
1202042035 116.41146 39.99982
1202042335 116.39776 39.99699
1202042463 116.39588 39.99677
1202042763 116.37649 39.98648
1202043063 116.32742 39.98491
1202043363 116.31926 39.97218
1202043530 116.31434 39.96875
1202043745 116.3173 39.96866
1202044045 116.3164 39.96547
1202044345 116.32091 39.96625
1202044645 116.33225 39.96632
1202044945 116.38325 39.96672
1202045146 116.38826 39.97155
1202045304 116.38806 39.97475
1202045604 116.39851 39.97562
1202045890 116.40283 39.97969
1202046190 116.40195 39.99339
1202046490 116.41062 40.00567
1202046790 116.41252 40.02538
1202047090 116.41759 40.02646
1202047390 116.4176 40.02646
1202047690 116.41758 40.02647
1202047990 116.41758 40.02648
1202048290 116.41757 40.02647
1202048643 116.41757 40.02648
1202048889 116.41757 40.02648
1202049189 116.41757 40.02648
1202049489 116.41756 40.02647
1202049789 116.4124 40.02532
1202050089 116.41132 40.0223
1202050389 116.40338 40.00437
1202050689 116.39833 40.00333
1202050689 116.39833 40.00333
1202050774 116.39626 40.00128
1202051074 116.35816 40.00822
1202051702 116.3397 40.05893
1202051718 116.33971 40.05894
1202052018 116.32348 40.0544
1202052318 116.32797 40.03792
1202052364 116.32955 40.03595
1202052664 116.30897 40.02812
1202052964 116.30904 40.00371
1202053192 116.31712 40.0085
1202053492 116.31345 39.9987
1202053792 116.3268 39.99658
1202053972 116.32626 39.9941
1202054272 116.32706 39.98507
1202054572 116.38123 39.9864
1202054872 116.44013 39.98474
1202055172 116.47726 39.95521
1202055419 116.46951 39.95106
1202055527 116.47014 39.95104
1202055827 116.45844 39.9474
1202056427 116.44989 39.92682
1202056611 116.44604 39.9271
1202056911 116.45032 39.93204
1202057211 116.45035 39.93206
1202057511 116.45036 39.93207
1202057811 116.44999 39.93206
1202058111 116.45031 39.93198
1202058411 116.45032 39.93158
1202058711 116.4503 39.93166
1202059011 116.45032 39.9317
1202059311 116.45039 39.93245
1202059610 116.45049 39.93229
1202059910 116.44994 39.93124
1202060210 116.45061 39.93246
1202060810 116.45017 39.93186
1202061110 116.45012 39.9319
1202061410 116.45027 39.93203
1202061710 116.4503 39.93202
1202061710 116.4503 39.93202
1202062010 116.45033 39.9318
1202062310 116.45037 39.93186
1202062610 116.45039 39.93189
1202062910 116.4507 39.93194
1202063210 116.45162 39.93222
1202063510 116.45167 39.93226
1202063562 116.45304 39.93221
1202063862 116.45497 39.91836
1202064162 116.45485 39.88769
1202064393 116.45462 39.88086
1202064693 116.45272 39.8653
1202064993 116.43907 39.86089
1202065303 116.43889 39.86408
1202065603 116.45874 39.85308
1202065903 116.43055 39.83098
1202066203 116.39519 39.82491
1202066503 116.39764 39.81226
1202066675 116.40224 39.81337
1202066975 116.3962 39.81523
1202067275 116.39576 39.82391
1202067575 116.39861 39.83445
1202067875 116.39817 39.84833
1202068175 116.40402 39.85606
1202068266 116.40536 39.85546
1202068566 116.41354 39.85622
1202068866 116.40965 39.85611
1202069166 116.40843 39.87068
1202069466 116.4148 39.88119
1202069766 116.41279 39.8907
1202070066 116.40927 39.89357
1202070144 116.40944 39.89512
1202070366 116.41004 39.89961
1202070666 116.41204 39.90643
1202070966 116.4115 39.91709
1202071219 116.41114 39.93001
1202071342 116.4157 39.93223
1202071914 116.41787 39.95273
1202072214 116.41273 39.95275
1202072299 116.41243 39.95762
1202072599 116.41885 39.95622
1202072715 116.41907 39.95029
1202072899 116.40936 39.94798
1202073199 116.38297 39.95009
1202073337 116.37747 39.9522
1202073637 116.37415 39.96138
1202073713 116.37894 39.96147
1202074037 116.38911 39.94851
1202074337 116.37548 39.95283
1202074637 116.37891 39.96578
1202074639 116.37894 39.96589
1202074937 116.39427 39.97383
1202074946 116.39503 39.97385
1202075246 116.42519 39.96809
1202075546 116.44107 39.97103
1202075705 116.44433 39.97234
1202076005 116.44098 39.96713
1202076233 116.43857 39.96314
1202076233 116.43857 39.96314
1202076533 116.38471 39.96715
1202076833 116.37265 39.94955
1202077035 116.36923 39.94765
1202077335 116.36268 39.95148
1202077576 116.35523 39.95586
1202077876 116.33749 39.95683
1202078083 116.32936 39.95099
1202078383 116.31603 39.96408
1202078415 116.31571 39.96445
1202078715 116.30028 39.9736
1202078771 116.30075 39.97436
1202079071 116.3145 39.97137
1202079371 116.31907 39.97227
1202079609 116.32712 39.97537
1202079909 116.32142 39.98028
1202080209 116.30915 40.00096
1202080509 116.30797 40.0212
1202080809 116.28785 40.02369
1202081141 116.29002 40.02311
1202081141 116.29002 40.02311
1202081441 116.31426 40.02969
1202081505 116.31343 40.03184
1202081805 116.30358 40.03704
1202081982 116.30684 40.02845
1202082282 116.31728 40.03745
1202082487 116.32972 40.03982
1202082589 116.32897 40.03695
1202082589 116.32897 40.03695
1202082787 116.34019 40.0308
1202083087 116.35835 40.00698
1202083387 116.3466 39.99633
1202083687 116.34621 39.97528
1202083780 116.33966 39.97499
1202084080 116.31881 39.97937
1202084293 116.31206 39.97622
1202084584 116.31111 39.97949
1202084884 116.31484 39.96598
1202085184 116.31906 39.94211
1202085484 116.31969 39.92552
1202085484 116.31969 39.92552
1202085784 116.32933 39.90486
1202086084 116.34259 39.88857
1202086384 116.33897 39.84796
1202086684 116.36498 39.84375
1202086895 116.36663 39.83343
1202086984 116.37274 39.83516
1202087284 116.36548 39.85289
1202087584 116.36834 39.87697
1202087884 116.36999 39.89804
1202087932 116.37031 39.898
1202088232 116.37438 39.90287
1202088532 116.36814 39.90463
1202088832 116.3714 39.91585
1202089132 116.38352 39.9332
1202089432 116.3872 39.93752
1202089445 116.38723 39.93762
1202089745 116.4023 39.94249
1202090045 116.41199 39.96202
1202090345 116.41109 39.98186
1202090645 116.41123 40.01632
1202091090 116.40686 40.00514
1202091390 116.39986 40.00367
1202091690 116.39912 40.00392
1202091972 116.39532 39.99689
1202092272 116.37213 39.9861
1202092572 116.36251 39.94654
1202092872 116.35039 39.91686
1202093096 116.36517 39.91484
1202093396 116.35865 39.91893
1202093696 116.36232 39.93661
1202093846 116.36639 39.93821
1202094146 116.35825 39.93927
1202094435 116.35211 39.94845
1202095093 116.42678 39.9682
1202095393 116.45546 39.9264
1202095693 116.44976 39.8847
1202095789 116.44856 39.88399
1202096089 116.45013 39.88644
1202096389 116.45577 39.89867
1202096689 116.4683 39.90682
1202096989 116.46613 39.90717
1202097289 116.46277 39.90713
1202097589 116.45563 39.93204
1202097767 116.44926 39.9337
1202098067 116.42736 39.93718
1202098367 116.3903 39.93213
1202098667 116.35019 39.93114
1202098967 116.31314 39.93116
1202099138 116.30916 39.93391
1202099438 116.29834 39.93628
1202099738 116.30676 39.93953
1202100038 116.32261 39.93688
1202100255 116.33499 39.93111
1202100387 116.32765 39.93006
1202100687 116.35129 39.939
1202100987 116.35085 39.93881
1202101287 116.35119 39.9388
1202101587 116.35113 39.93914
1202101887 116.36049 39.94543
1202102187 116.38464 39.93868
1202102263 116.38816 39.93739
1202102563 116.38745 39.9477
1202102863 116.3442 39.94282
1202103163 116.33943 39.93641
1202103339 116.3278 39.93452
1202103639 116.34489 39.93881
1202103903 116.3229 39.93752
1202104203 116.35785 39.93837
1202104477 116.35813 39.92537
1202104777 116.33834 39.92692
1202105077 116.32384 39.93739
1202105377 116.31272 39.94472
1202105677 116.30756 39.94989
1202105977 116.3075 39.94991
1202106277 116.30836 39.95015
1202106577 116.32886 39.95623
1202106877 116.34557 39.94141
1202107336 116.36678 39.93181
1202107636 116.39933 39.93207
1202107936 116.44377 39.93235
1202108236 116.45022 39.92156
1202108237 116.45022 39.92156
1202108537 116.43477 39.9228
1202108837 116.41143 39.91753
1202108990 116.40105 39.91695
1202109290 116.378 39.90593
1202109422 116.37364 39.90536
1202109722 116.37612 39.90817
1202110022 116.40001 39.9085
1202110322 116.40026 39.90825
1202110622 116.39998 39.90855
1202110922 116.39998 39.90871
1202111222 116.40002 39.90845
1202111522 116.40001 39.90841
1202111822 116.40011 39.90874
1202112122 116.40017 39.90853
1202112422 116.40016 39.90847
1202112722 116.40014 39.90843
1202113022 116.40012 39.90835
1202113322 116.40009 39.90835
1202113622 116.40008 39.90834
1202113622 116.40008 39.90834
1202113922 116.40003 39.90815
1202114222 116.40003 39.90845
1202114522 116.40008 39.90839
1202114822 116.40054 39.91334
1202115122 116.40548 39.9245
1202115422 116.40593 39.9245
1202115722 116.40589 39.92452
1202115968 116.40322 39.92586
1202116268 116.40222 39.94375
1202116568 116.3962 39.95585
1202116686 116.389 39.95822
1202116986 116.41262 39.96768
1202117376 116.45769 39.96588
1202117586 116.4804 39.98629
1202117886 116.4945 39.99986
1202118186 116.50581 40.0108
1202118486 116.50553 40.0104
1202118786 116.50557 40.01034
1202119086 116.5062 40.01091
1202119323 116.47276 39.99782
1202119387 116.50616 40.01099
1202119686 116.50618 40.01097
1202119986 116.50619 40.01096
1202120286 116.50619 40.01096
1202120286 116.50619 40.01096
1202120586 116.50619 40.01096
1202120886 116.50619 40.01095
1202121186 116.50619 40.01094
1202121486 116.50619 40.01094
1202121786 116.50619 40.01094
1202122086 116.50619 40.01094
1202122386 116.5062 40.01094
1202122686 116.5062 40.01093
1202122986 116.5062 40.01093
1202123286 116.50618 40.01101
1202123379 116.50609 40.01002
1202123679 116.48308 39.98897
1202123989 116.47463 39.98947
1202124287 116.46277 39.98484
1202124587 116.444 39.98303
1202124748 116.43124 39.98925
1202125048 116.37991 39.98662
1202125348 116.34866 39.98575
1202125648 116.34747 39.98103
1202126548 116.34922 39.9235
1202126568 116.34923 39.92348
1202126848 116.3471 39.93002
1202127148 116.34899 39.93098
1202127448 116.36034 39.94551
1202128048 116.43851 39.94817
1202128347 116.45445 39.95011
1202128647 116.43803 39.95325
1202128943 116.43345 39.95337
1202129243 116.43903 39.94519
1202129543 116.42784 39.93993
1202129654 116.41869 39.93962
1202129843 116.40326 39.93946
1202130143 116.39329 39.93938
1202130143 116.39329 39.93938
1202130389 116.38783 39.94183
1202130689 116.38927 39.94876
1202130989 116.39589 39.96196
1202131289 116.39969 39.96695
1202131366 116.40158 39.96769
1202131589 116.40275 39.98174
1202131889 116.41058 39.98501
1202131889 116.41058 39.98501
1202132189 116.41368 39.97861
1202132489 116.41424 39.98046
1202132789 116.41423 39.98032
1202133839 116.4039 40.00445
1202134139 116.4106 39.99418
1202134435 116.41834 39.97289
1202134477 116.41836 39.97069
1202134777 116.41344 39.96065
1202135077 116.40215 39.96066
1202135077 116.40215 39.96066
1202135347 116.40006 39.9665
1202135647 116.39335 39.962
1202135947 116.40139 39.96781
1202135947 116.40139 39.96781
1202136246 116.40408 39.98135
1202136547 116.41514 39.99235
1202137078 116.46269 39.98505
1202137325 116.45722 39.99957
1202137393 116.45976 40.0
1202137393 116.45976 40.0
1202137693 116.47688 39.99096
1202137693 116.47688 39.99096
1202137993 116.48109 39.98819
1202138179 116.4834 39.97927
1202138479 116.4713 39.9691
1202138479 116.4713 39.9691
1202138779 116.48347 39.93618
1202139379 116.49513 39.90998
1202139679 116.49494 39.91029
1202139979 116.495 39.91023
1202140279 116.49519 39.90977
1202140579 116.49515 39.90998
1202140879 116.49564 39.91434
1202140879 116.49564 39.91434
1202141179 116.49785 39.91453
1202141479 116.49804 39.91372
1202141779 116.49807 39.9139
1202142079 116.49788 39.91363
1202142379 116.49797 39.91373
1202142679 116.49799 39.9137
1202142979 116.49799 39.9137
1202143279 116.49371 39.91461
1202143508 116.47864 39.91416
1202143808 116.47272 39.90994
1202143841 116.47352 39.90926
1202144141 116.47214 39.91384
1202144441 116.46424 39.92195
1202144741 116.45619 39.92196
1202145041 116.46065 39.92807
1202145341 116.47093 39.92915
1202145576 116.46925 39.93631
1202145876 116.48001 39.95599
1202146176 116.45267 39.97696
1202146476 116.40156 39.98846
1202146776 116.39977 40.00403
1202146892 116.3981 40.0077
1202147076 116.40139 40.00187
1202147376 116.4012 39.98482
1202147899 116.42998 39.96179
1202148199 116.42877 39.96102
1202148499 116.41945 39.95804
1202148799 116.41197 39.96549
1202149099 116.41136 39.96699
1202149399 116.41095 39.98391
1202149699 116.40149 39.99559
1202149999 116.3983 40.0076
1202150299 116.40467 40.00486
1202150599 116.40335 39.99744
1202150899 116.41795 39.99523
1202151191 116.40814 39.98752
1202151491 116.38286 39.9812
1202151600 116.37724 39.98101
1202151804 116.385 39.98125
1202152104 116.39643 39.97561
1202152404 116.40022 39.9756
1202152638 116.40302 39.9817
1202152900 116.41117 39.9816
1202153200 116.42268 39.98205
1202153728 116.41617 39.9821
1202154293 116.41329 39.99323
1202154603 116.41111 39.99718
1202154799 116.40479 39.99764
1202154799 116.40479 39.99764
1202154903 116.40338 39.99745
1202155203 116.41107 40.00309
1202155283 116.41061 40.00689
1202155283 116.41061 40.00689
1202155503 116.41028 40.00577
1202155803 116.41383 39.9928
1202156061 116.41352 39.99047
1202156169 116.41098 39.99227
1202156469 116.41024 40.01132
1202156639 116.41228 40.02518
1202156939 116.41684 40.0252
1202157239 116.41687 40.0252
1202157539 116.41688 40.02521
1202157839 116.41689 40.02521
1202158139 116.41026 40.01303
1202158439 116.40843 40.00519
1202158648 116.40636 39.99835
1202158873 116.41054 40.00695
1202159199 116.40488 39.9975
1202159499 116.40119 39.97582
1202159794 116.40623 39.96843
1202160094 116.40335 39.96069
1202160394 116.4015 39.98149
1202160694 116.41296 39.98426
1202160969 116.41318 39.99301
1202161269 116.44614 39.98087
1202161568 116.44259 39.96388
1202161852 116.43887 39.96895
1202162152 116.46259 39.97098
1202162452 116.48088 39.97761
1202162453 116.48088 39.97761
1202162753 116.46868 39.98111
1202162866 116.46318 39.97967
1202163166 116.47562 39.96178
1202163466 116.48888 39.9329
1202163740 116.49899 39.93811
1202164040 116.48025 39.93257
1202164303 116.46815 39.93527
1202164603 116.46271 39.95403
1202164673 116.46447 39.95456
1202164973 116.44736 39.95718
1202165873 116.42892 39.95833
1202166173 116.41879 39.9673
1202166341 116.41808 39.97415
1202166595 116.41531 39.98604
1202166895 116.41524 39.98693
1202166927 116.41529 39.98661
1202167195 116.41104 39.98447
1202167582 116.41126 39.99398
1202168083 116.39186 39.9869
1202168383 116.34163 39.98566
1202168683 116.34162 39.98564
1202168691 116.34149 39.98563
1202168991 116.29362 39.98168
1202169291 116.30377 39.9458
1202169591 116.29912 39.90633
1202169591 116.29912 39.90633
1202170377 116.34193 39.90585
1202170677 116.3838 39.90596
1202170977 116.41054 39.90676
1202171277 116.44277 39.90704
1202171577 116.47155 39.89973
1202171725 116.47868 39.8993
1202172025 116.4764 39.90957
1202172204 116.47186 39.91228
1202172504 116.48789 39.91428
1202172804 116.52082 39.91595
1202173404 116.58436 39.91134
1202173596 116.59229 39.91278
1202173896 116.5823 39.91196
1202173905 116.58131 39.91223
1202174205 116.5662 39.91433
1202174505 116.52838 39.91553
1202174805 116.51421 39.92218
1202174805 116.51421 39.92218
1202175105 116.49824 39.9254
1202175107 116.49824 39.9254
1202175407 116.48917 39.93307
1202175707 116.47863 39.9267
1202176007 116.46855 39.93742
1202176307 116.46545 39.95009
1202176607 116.4655 39.9503
1202176907 116.46544 39.95027
1202178807 116.33882 39.97563
1202178830 116.33901 39.97577
1202179130 116.36578 39.98047
1202179948 116.4247 39.97921
1202179989 116.42489 39.97635
1202180289 116.41879 39.95953
1202180392 116.42208 39.95801
1202180692 116.419 39.95398
1202180992 116.42247 39.95802
1202181247 116.42484 39.95793
1202181547 116.45543 39.94906
1202181842 116.46214 39.92962
1202182141 116.46813 39.94353
1202182441 116.46566 39.9489
1202182741 116.46567 39.94891
1202183041 116.44867 39.95644
1202183341 116.42654 39.96843
1202183641 116.41807 39.98193
1202184241 116.40933 39.9907
1202184541 116.40937 39.99073
1202184841 116.40925 39.99073
1202185141 116.40927 39.99051
1202185441 116.40932 39.99085
1202185515 116.40936 39.99097
1202185815 116.39737 39.98874
1202185815 116.39737 39.98874
1202185924 116.39502 39.98975
1202186115 116.40111 39.98313
1202186115 116.40111 39.98313
1202186415 116.40194 39.94593
1202186715 116.42267 39.93949
1202186741 116.42243 39.93963
1202187041 116.41576 39.93968
1202187341 116.41904 39.95246
1202187641 116.41843 39.97302
1202187650 116.41844 39.97305
1202187950 116.41272 39.98768
1202188250 116.36384 39.98634
1202188458 116.36226 39.99218
1202188758 116.36612 39.97984
1202189058 116.3818 39.98629
1202189358 116.41203 39.99345
1202189658 116.41376 40.02519
1202189958 116.4168 40.0252
1202190258 116.41655 40.02555
1202190558 116.41655 40.02555
1202190858 116.41656 40.02554
1202191158 116.41717 40.02518
1202191458 116.41715 40.02519
1202191758 116.41715 40.02519
1202192057 116.41714 40.02519
1202192357 116.41713 40.02519
1202192657 116.41713 40.0252
1202193257 116.41712 40.0252
1202193557 116.41711 40.0252
1202193857 116.4171 40.02521
1202194157 116.4171 40.02521
1202194457 116.41709 40.02521
1202194757 116.41708 40.02522
1202195357 116.41707 40.02522
1202195657 116.41707 40.02522
1202195957 116.41706 40.02522
1202196257 116.41706 40.02522
1202196557 116.41706 40.02522
1202196557 116.41706 40.02522
1202196857 116.41705 40.02522
1202197157 116.41705 40.02523
1202197457 116.41704 40.02523
1202197757 116.41704 40.02523
1202198057 116.41703 40.02523
1202198357 116.41703 40.02523
1202198657 116.41703 40.02523
1202198957 116.41702 40.02523
1202199257 116.41702 40.02523
1202199557 116.41701 40.02523
1202199857 116.41701 40.02523
1202200157 116.417 40.02523
1202200457 116.417 40.02523
1202200757 116.417 40.02523
1202201057 116.417 40.02523
1202201657 116.41699 40.02523
1202201957 116.41699 40.02523
1202202257 116.41699 40.02523
1202202557 116.41698 40.02524
1202202857 116.41698 40.02524
1202203157 116.41678 40.02525
1202203457 116.41684 40.02516
1202203757 116.41682 40.0252
1202204357 116.41244 40.02542
1202204657 116.41197 40.02168
1202204957 116.40704 40.02905
1202205257 116.40846 40.02692
1202205257 116.40846 40.02692
1202205557 116.40692 40.02835
1202205654 116.40682 40.02868
1202205728 116.50625 40.011
1202205955 116.40254 40.02104
1202206255 116.38031 40.0033
1202206555 116.36357 39.98662
1202206855 116.35352 39.98044
1202206876 116.35306 39.98053
1202207176 116.36345 39.97538
1202207189 116.36345 39.97536
1202207488 116.37713 39.98607
1202207726 116.40954 39.98701
1202208026 116.40954 39.98707
1202208087 116.41116 39.98722
1202208387 116.42452 39.99487
1202208687 116.41721 39.99288
1202208888 116.41448 39.99329
1202209188 116.41456 39.99349
1202209488 116.41457 39.99322
1202209744 116.41282 39.99321
1202210043 116.41138 39.97438
1202210343 116.3712 39.96691
1202210643 116.36561 39.94858
1202210929 116.36601 39.93918
1202211229 116.36891 39.93126
1202211420 116.37359 39.92829
1202211720 116.37294 39.94094
1202212020 116.3714 39.95175
1202212026 116.3714 39.95175
1202212320 116.35944 39.94517
1202212620 116.3503 39.91552
1202212920 116.34587 39.90168
1202213109 116.34222 39.9013
1202213709 116.34332 39.9169
1202213944 116.35247 39.92217
1202214244 116.35356 39.91256
1202214244 116.35356 39.91256
1202214544 116.36202 39.91039
1202214690 116.36568 39.90777
1202214990 116.36728 39.91319
1202215290 116.36747 39.9225
1202215590 116.3736 39.93029
1202215890 116.4012 39.93201
1202216190 116.40231 39.94242
1202216257 116.40228 39.9437
1202216557 116.42763 39.93766
1202216857 116.42936 39.90599
1202216857 116.42936 39.90599
1202217120 116.43 39.90178
1202217295 116.42908 39.91267
1202217595 116.4275 39.9465
1202217895 116.37587 39.94754
1202218195 116.34881 39.9395
1202218495 116.31843 39.94738
1202218675 116.32202 39.9557
1202218876 116.32877 39.96016
1202219176 116.33274 39.9696
1202219176 116.33274 39.9696
1202219254 116.33248 39.97335
1202219537 116.34411 39.97512
1202219837 116.35504 39.98565
1202220137 116.41314 39.98731
1202220437 116.46278 39.96885
1202220737 116.50177 40.00459
1202221037 116.55715 40.03046
1202221337 116.58288 40.06485
1202221637 116.58252 40.07945
1202221644 116.58198 40.07941
1202221944 116.58234 40.06351
1202222244 116.56276 40.06137
1202222544 116.54711 40.06184
1202222844 116.52199 40.03373
1202223144 116.48747 40.02127
1202223444 116.46047 40.01935
1202223744 116.41889 40.02101
1202224044 116.41208 40.02726
1202224344 116.41918 40.02717
1202224644 116.43534 40.02182
1202224944 116.46327 40.03095
1202225544 116.50535 40.09426
1202225844 116.53996 40.11553
1202225844 116.53996 40.11553
1202226144 116.59999 40.11669
1202226444 116.64529 40.11607
1202226744 116.68228 40.11604
1202227044 116.74312 40.12771
1202227344 116.80651 40.14782
1202227644 116.85833 40.15202
1202227944 116.92777 40.15127
1202228244 116.99386 40.1401
1202228544 117.05343 40.14521
1202228844 117.09337 40.14104
1202229144 117.10411 40.13551
1202229444 117.11737 40.13673
1202229744 117.09761 40.13805
1202230044 117.09759 40.13798
1202230344 117.08679 40.13531
1202230643 117.07479 40.11734
1202230643 117.07479 40.11734
1202230943 117.07478 40.11731
1202231243 117.0731 40.1158
1202231543 117.0694 40.11505
1202231843 117.07023 40.11603
1202232143 117.07018 40.11596
1202232443 117.06996 40.11603
1202232743 117.06995 40.11603
1202233043 117.06994 40.11603
1202233343 117.06994 40.11604
1202233643 117.06994 40.11604
1202233943 117.07309 40.11578
1202234243 117.08274 40.13022
1202234543 117.08902 40.13811
1202234843 117.08905 40.13812
1202234843 117.08905 40.13812
1202235143 117.08905 40.13812
1202235443 117.08903 40.13812
1202235743 117.08904 40.13814
1202236043 117.08904 40.13815
1202236343 117.08904 40.13815
1202236643 117.08904 40.13815
1202236943 117.08934 40.13833
1202237243 117.09903 40.13783
1202237543 117.09892 40.13787
1202237843 117.09894 40.13787
1202238143 117.09894 40.13787
1202238743 117.09891 40.13787
1202239043 117.0989 40.13787
1202239343 117.09889 40.13787
1202239643 117.09888 40.13787
1202239943 117.09886 40.13787
1202240243 117.09886 40.13787
1202240543 117.09885 40.13787
1202240843 117.09885 40.13787
1202241443 117.09832 40.13802
1202241743 117.09854 40.13798
1202242343 117.09863 40.13794
1202242643 117.09869 40.13793
1202242943 117.09869 40.13791
1202243243 117.0987 40.13792
1202243243 117.0987 40.13792
1202243543 117.09864 40.13802
1202243543 117.09864 40.13802
1202243843 117.09863 40.138
1202244143 117.09865 40.138
1202244443 117.1304 40.13494
1202244743 117.18571 40.13799
1202245043 117.1919 40.13751
1202245343 117.19189 40.13751
1202245643 117.19188 40.13752
1202245943 117.19187 40.13752
1202246243 117.19198 40.1375
1202246543 117.19196 40.13751
1202246843 117.19195 40.13752
1202247443 117.19193 40.13752
1202247742 117.19193 40.13753
1202248042 117.19192 40.13753
1202248342 117.19192 40.13753
1202248642 117.19192 40.13754
1202249242 117.19192 40.13754
1202249542 117.19192 40.13755
1202249842 117.19192 40.13755
1202250142 117.19192 40.13755
1202250442 117.19192 40.13756
1202250742 117.19192 40.13756
1202251042 117.19192 40.13757
1202251342 117.19192 40.13757
1202251642 117.19192 40.13757
1202251942 117.18577 40.13801
1202252242 117.1666 40.14438
1202252242 117.1666 40.14438
1202252542 117.12315 40.14438
1202252842 117.10952 40.15409
1202253142 117.10845 40.15552
1202253442 117.10845 40.15544
1202253742 117.10848 40.15542
1202254042 117.10848 40.15541
1202254342 117.10847 40.1554
1202254642 117.10847 40.15539
1202254942 117.10847 40.1554
1202255542 117.10845 40.15541
1202255842 117.10844 40.15542
1202256142 117.10843 40.15543
1202256442 117.10842 40.15543
1202256742 117.10842 40.15544
1202257042 117.10841 40.15545
1202257342 117.1084 40.15545
1202257642 117.1084 40.15545
1202257942 117.10839 40.15545
1202258542 117.10832 40.15536
1202258842 117.1083 40.15534
1202259142 117.10831 40.15536
1202259442 117.10831 40.15539
1202259742 117.10831 40.15541
1202260042 117.1083 40.15542
1202260642 117.10823 40.15537
1202260942 117.10823 40.15533
1202260942 117.10823 40.15533
1202261242 117.10824 40.15534
1202261542 117.10825 40.15535
1202261842 117.10834 40.15546
1202262142 117.10838 40.15557
1202262443 116.98189 40.14302
1202262743 117.10838 40.15557
1202263042 117.10841 40.15543
1202263942 117.10839 40.15535
1202264242 117.10859 40.15557
1202264542 117.10782 40.15496
1202264842 117.10835 40.15557
1202265142 117.10845 40.15542
1202265442 117.10842 40.15538
1202265741 117.1084 40.15539
1202266041 117.10841 40.15535
1202266341 117.10841 40.15535
1202266641 117.1084 40.15535
1202266941 117.10841 40.15534
1202267241 117.10841 40.15534
1202267541 117.10842 40.15531
1202268141 117.10842 40.1553
1202268441 117.10842 40.15529
1202268741 117.10841 40.1553
1202269041 117.10841 40.1553
1202269341 117.10841 40.15531
1202269641 117.10841 40.15531
1202269641 117.10841 40.15531
1202269941 117.10841 40.15532
1202270241 117.10841 40.15533
1202270541 117.10841 40.15533
1202270841 117.1084 40.15534
1202271141 117.1084 40.15534
1202271441 117.1084 40.15534
1202271741 117.1084 40.15535
1202272041 117.1084 40.15535
1202272341 117.10839 40.15535
1202272641 117.10839 40.15535
1202272941 117.10839 40.15535
1202273241 117.10838 40.15534
1202273541 117.10838 40.15534
1202273841 117.10835 40.15532
1202274141 117.10836 40.15553
1202274741 117.10849 40.15538
1202275041 117.10841 40.15545
1202275341 117.1085 40.1556
1202275641 117.10847 40.15551
1202275941 117.1085 40.15561
1202276241 117.10853 40.15533
1202276541 117.10819 40.15579
1202276841 117.10818 40.15568
1202277141 117.10821 40.15562
1202277741 117.10838 40.15532
1202278041 117.10825 40.15521
1202278341 117.10855 40.15521
1202278341 117.10855 40.15521
1202278641 117.10853 40.15524
1202279241 117.10844 40.15528
1202279541 117.10842 40.15531
1202279841 117.10841 40.15532
1202280141 117.10839 40.15534
1202280441 117.10814 40.15543
1202280741 117.10849 40.15572
1202281041 117.10825 40.15548
1202281341 117.10834 40.15553
1202281641 117.10786 40.15538
1202282541 117.10829 40.15555
1202282841 117.10812 40.15575
1202283141 117.10817 40.15565
1202283740 117.10822 40.15557
1202284040 117.10786 40.15521
1202284340 117.10835 40.15536
1202284640 117.10836 40.15533
1202284940 117.10827 40.15537
1202285240 117.10817 40.15547
1202285540 117.10828 40.1553
1202285840 117.10828 40.15532
1202286140 117.10776 40.15518
1202286440 117.10772 40.15506
1202286740 117.14454 40.17058
1202287040 117.18891 40.18809
1202287040 117.18891 40.18809
1202287340 117.18891 40.18809
1202287640 117.18891 40.18809
1202287940 117.18891 40.18809
1202288240 117.18891 40.18809
1202288540 117.18891 40.18809
1202288840 117.1076 40.15519
1202289140 117.10771 40.15521
1202289440 117.10788 40.15527
1202289740 117.10895 40.15572
1202290340 117.10887 40.15574
1202290640 117.10871 40.15569
1202290940 117.10863 40.1557
1202291240 117.10798 40.15557
1202291540 117.10856 40.15571
1202291840 117.10806 40.15558
1202292128 117.10842 40.15562
1202292141 117.10791 40.15578
1202292441 117.10789 40.15551
1202292741 117.10792 40.15549
1202293340 117.1123 40.14897
1202293640 117.10845 40.14499
1202293940 117.10846 40.145
1202294240 117.11604 40.14416
1202294540 117.18574 40.14443
1202294840 117.19192 40.13757
1202295140 117.19196 40.13752
1202295440 117.19194 40.13753
1202295740 117.19193 40.13753
1202295740 117.19193 40.13753
1202296040 117.19192 40.13754
1202296340 117.19192 40.13754
1202296940 117.19191 40.13768
1202297240 117.19193 40.13768
1202297540 117.19193 40.13768
1202297840 117.19194 40.13767
1202298440 117.19197 40.13768
1202298740 117.19198 40.13768
1202299340 117.19198 40.13767
1202299640 117.19198 40.13766
1202299940 117.19198 40.13766
1202300240 117.17544 40.12994
1202300539 117.17145 40.12661
1202300839 117.17145 40.1266
1202301139 117.17218 40.12731
1202301439 117.17221 40.12727
1202301739 117.1722 40.12728
1202302039 117.17219 40.12728
1202302339 117.17219 40.12729
1202302639 117.1725 40.12779
1202302939 117.17245 40.12782
1202303239 117.17439 40.12926
1202303539 117.19187 40.13761
1202303839 117.19189 40.13759
1202304139 117.19191 40.13758
1202304439 117.19192 40.13758
1202304439 117.19192 40.13758
1202304739 117.19193 40.13757
1202305039 117.19194 40.13757
1202305339 117.19195 40.13757
1202305639 117.19195 40.13757
1202305939 117.19195 40.13757
1202306239 117.19196 40.13757
1202306539 117.19197 40.13758
1202306839 117.19197 40.13757
1202307139 117.19197 40.13757
1202307439 117.19197 40.13757
1202307739 117.19197 40.13757
1202308039 117.19197 40.13757
1202308339 117.19197 40.13757
1202308639 117.19197 40.13757
1202309239 117.19196 40.13757
1202309539 117.19196 40.13756
1202310139 117.19196 40.13756
1202310439 117.19196 40.13756
1202310739 117.19196 40.13756
1202311039 117.19196 40.13756
1202311339 117.19196 40.13756
1202311639 117.19186 40.13803
1202311939 117.19246 40.13877
1202312239 117.19712 40.14034
1202312539 117.19711 40.14032
1202312839 117.19711 40.14032
1202313139 117.19712 40.14032
1202313139 117.19712 40.14032
1202313439 117.19712 40.14032
1202313739 117.19712 40.14032
1202314039 117.19712 40.14032
1202314339 117.19711 40.14032
1202314639 117.19711 40.14032
1202314939 117.19711 40.14032
1202315239 117.19711 40.14032
1202315539 117.19712 40.14031
1202315839 117.19712 40.14031
1202316139 117.19712 40.1403
1202316439 117.18992 40.13823
1202316739 117.17977 40.13732
1202317039 117.18023 40.13181
1202317339 117.18247 40.13215
1202317638 117.1972 40.14016
1202317938 117.19719 40.14017
1202318238 117.19714 40.14019
1202318538 117.19715 40.14019
1202318838 117.19715 40.1402
1202319138 117.1939 40.13928
1202319438 117.19195 40.13759
1202319738 117.19196 40.13761
1202320038 117.19196 40.1376
1202320938 117.19198 40.1376
1202321238 117.19197 40.1376
1202321538 117.19197 40.1376
1202321838 117.19197 40.13759
1202321838 117.19197 40.13759
1202322138 117.19196 40.13759
1202322438 117.19196 40.13759
1202322738 117.19196 40.13759
1202323038 117.19196 40.13758
1202323338 117.19195 40.13758
1202323638 117.19195 40.13758
1202323938 117.19195 40.13757
1202324238 117.19195 40.13757
1202324538 117.19194 40.13758
1202324838 117.19194 40.13758
1202325138 117.19194 40.13758
1202325438 117.19193 40.13758
1202325738 117.19193 40.13758
1202326039 117.19193 40.13758
1202326338 117.19192 40.13757
1202326638 117.19193 40.13757
1202326938 117.19193 40.13757
1202327538 117.19193 40.13756
1202327838 117.19193 40.13756
1202328138 117.19194 40.13757
1202328438 117.19194 40.13757
1202328738 117.19194 40.13757
1202329038 117.19194 40.13757
1202329338 117.19194 40.13757
1202329637 116.31898 39.56262
1202329638 117.19194 40.13757
1202329938 117.19194 40.13757
1202330238 117.19194 40.13757
1202330538 117.19194 40.13757
1202330538 117.19194 40.13757
1202330838 117.19195 40.13757
1202331138 117.19195 40.13757
1202331438 117.19195 40.13757
1202331738 117.19195 40.13757
1202332038 117.19195 40.13757
1202332338 117.19195 40.13757
1202332638 117.19195 40.13757
1202332938 117.19195 40.13757
1202333238 117.19195 40.13757
1202333538 117.19195 40.13756
1202333838 117.19195 40.13756
1202334138 117.19195 40.13756
1202334438 117.19195 40.13756
1202334738 117.19195 40.13756
1202335038 117.19195 40.13757
1202335637 117.19195 40.13756
1202335937 117.19195 40.13756
1202336537 117.19195 40.13756
1202336837 117.19195 40.13756
1202337137 117.19195 40.13756
1202337437 117.19195 40.13755
1202337737 117.19195 40.13755
1202338037 117.19194 40.13755
1202338337 117.19194 40.13755
1202338637 117.19194 40.13755
1202338937 117.19194 40.13755
1202339237 117.19194 40.13755
1202339237 117.19194 40.13755
1202339537 117.19193 40.13777
1202339837 117.19192 40.13778
1202340437 117.19191 40.13776
1202340737 117.19189 40.13775
1202341037 117.19189 40.13775
1202341337 117.19189 40.13775
1202341637 117.19189 40.13774
1202341937 117.1919 40.13774
1202342237 117.1919 40.13774
1202342537 117.1919 40.13774
1202342837 117.19191 40.13775
1202343137 117.19191 40.13775
1202343437 117.19192 40.13775
1202343737 117.19192 40.13775
1202344037 117.19192 40.13775
1202344337 117.19192 40.13775
1202344637 117.19192 40.13775
1202344937 117.19192 40.13775
1202345237 117.19192 40.13775
1202345537 117.19192 40.13775
1202345837 117.19192 40.13775
1202346137 117.19192 40.13775
1202346437 117.19192 40.13775
1202346737 117.19192 40.13776
1202347037 117.19192 40.13776
1202347337 117.19192 40.13776
1202347637 117.19192 40.13776
1202347937 117.19192 40.13776
1202347937 117.19192 40.13776
1202348237 117.19191 40.13776
1202348537 117.19191 40.13775
1202349137 117.19191 40.13775
1202349437 117.19191 40.13775
1202350337 117.19192 40.13775
1202350637 117.19191 40.13775
1202350937 117.19191 40.13775
1202351537 117.19177 40.13836
1202351837 117.19177 40.13833
1202352137 117.19178 40.13833
1202352437 117.1918 40.13835
1202352737 117.1918 40.13835
1202353336 117.1918 40.13834
1202353636 117.1918 40.13834
1202353936 117.19179 40.13833
1202354236 117.19179 40.13833
1202354536 117.19179 40.13832
1202354836 117.19179 40.13832
1202355136 117.19179 40.13831
1202355436 117.19179 40.13831
1202355736 117.19179 40.13831
1202356036 117.19179 40.13831
1202356336 117.19179 40.13831
1202356636 117.19179 40.13831
1202356636 117.19179 40.13831
1202356936 117.19179 40.13831
1202357236 117.19179 40.13831
1202357536 117.1918 40.1383
1202357836 117.1918 40.1383
1202358136 117.19181 40.1383
1202358436 117.19181 40.1383
1202358736 117.19182 40.1383
1202359036 117.19182 40.1383
1202359336 117.19182 40.1383
1202359636 117.19182 40.13831
1202359936 117.19182 40.13831
1202360236 117.19182 40.13831
1202360536 117.19182 40.13831
1202361136 117.19181 40.13831
1202361436 117.19181 40.13831
1202361736 117.19181 40.13831
1202362036 117.19181 40.13831
1202362336 117.19181 40.13831
1202362636 117.19181 40.13831
1202362936 117.19181 40.13831
1202363236 117.1918 40.13832
1202363536 117.1918 40.13832
1202363836 117.1918 40.13832
1202364136 117.1918 40.13832
1202364436 117.19179 40.13832
1202365036 117.19179 40.13832
1202365336 117.19179 40.13832
1202365336 117.19179 40.13832
1202365636 117.19216 40.13758
1202365936 117.19207 40.13757
1202366236 117.17547 40.14449
1202366536 117.11718 40.1443
1202366836 117.18267 40.13765
1202367136 117.19183 40.13825
1202367436 117.19182 40.13826
1202367736 117.19181 40.13828
1202368036 117.19181 40.1383
1202368336 117.19181 40.13832
1202368636 117.19182 40.13834
1202368936 117.19182 40.13835
1202369236 117.19182 40.13835
1202369536 117.19181 40.13836
1202369836 117.19181 40.13837
1202370136 117.1918 40.13836
1202370436 117.1918 40.13835
1202370736 117.19181 40.13834
1202371035 117.19181 40.13834
1202371335 117.19182 40.13834
1202371635 117.19182 40.13834
1202371935 117.19182 40.13835
1202372235 117.19182 40.13835
1202372535 117.19182 40.13835
1202372835 117.19183 40.13835
1202373135 117.19183 40.13835
1202373435 117.19183 40.13835
1202373735 117.19183 40.13835
1202374035 117.19183 40.13835
1202374035 117.19183 40.13835
1202374335 117.19183 40.13835
1202374635 117.19183 40.13835
1202374935 117.19183 40.13835
1202375235 117.19183 40.13835
1202375535 117.19183 40.13835
1202375835 117.19183 40.13835
1202376135 117.19183 40.13835
1202376435 117.19183 40.13835
1202376735 117.19183 40.13834
1202377035 117.19183 40.13834
1202377335 117.19184 40.13834
1202377635 117.19183 40.13834
1202377935 117.19183 40.13834
1202378235 117.19183 40.13834
1202378535 117.19189 40.13774
1202378536 117.19188 40.13825
1202378836 117.19184 40.13836
1202379135 117.19182 40.13837
1202379435 117.1918 40.13834
1202379735 117.19179 40.13833
1202380035 117.19179 40.13831
1202380335 117.1918 40.13829
1202380635 117.19179 40.13829
1202380935 117.19179 40.1383
1202381535 117.19179 40.1383
1202381835 117.19179 40.1383
1202382735 117.19179 40.1383
1202382735 117.19179 40.1383
1202383035 117.19178 40.1383
1202383335 117.19178 40.13831
1202383635 117.19179 40.13832
1202383935 117.19179 40.13832
1202384835 117.1918 40.13834
1202385135 117.19201 40.13774
1202385435 117.192 40.13774
1202385735 117.192 40.13774
1202386035 117.19252 40.13783
1202386635 117.28442 40.18016
1202387235 117.29898 40.18663
1202387535 117.2565 40.17727
1202387835 117.22276 40.17151
1202388135 117.214 40.16857
1202388735 117.19716 40.14
1202389035 117.19719 40.13998
1202389335 117.18012 40.14724
1202389635 117.15005 40.16326
1202389934 117.18071 40.16295
1202390234 117.19464 40.13929
1202390534 117.19183 40.13754
1202390834 117.19186 40.13752
1202391134 117.19189 40.13752
1202391434 117.19191 40.13753
1202391434 117.19191 40.13753
1202391734 117.19191 40.13753
1202392034 117.19193 40.13754
1202392334 117.19195 40.13755
1202392634 117.19195 40.13756
1202392934 117.19196 40.13756
1202393234 117.19196 40.13757
1202393534 117.19195 40.13757
1202393834 117.19195 40.13758
1202394134 117.19195 40.13759
1202394734 117.19195 40.13759
1202395034 117.19195 40.13758
1202395334 117.19195 40.13758
1202395634 117.19195 40.13758
1202395934 117.19195 40.13758
1202396234 117.19195 40.13757
1202396534 117.19195 40.13757
1202396834 117.19195 40.13757
1202397134 117.19196 40.13756
1202397434 117.192 40.13751
1202397734 117.19201 40.1375
1202398034 117.19201 40.1375
1202398334 117.192 40.13752
1202398634 117.19207 40.13749
1202398934 117.19207 40.13744
1202398934 117.19207 40.13744
1202399234 117.19207 40.13746
1202399534 117.19205 40.13749
1202399834 117.19204 40.13752
1202400134 117.19203 40.13754
1202400134 117.19203 40.13754
1202400434 117.19202 40.13756
1202400734 117.19202 40.13756
1202401034 117.19203 40.13756
1202401334 117.19202 40.13757
1202401634 117.19202 40.13758
1202401934 117.19202 40.13758
1202402234 117.19201 40.13758
1202402534 117.19201 40.13757
1202402834 117.19201 40.13757
1202403134 117.192 40.13756
1202403434 117.192 40.13756
1202403734 117.192 40.13756
1202404034 117.192 40.13756
1202404334 117.19199 40.13756
1202404634 117.19199 40.13756
1202404934 117.19199 40.13756
1202405234 117.19198 40.13756
1202405534 117.19198 40.13756
1202405833 117.19198 40.13756
1202406133 117.19198 40.13756
1202406433 117.19199 40.13756
1202406733 117.19199 40.13757
1202407033 117.19199 40.13757
1202407333 117.19199 40.13757
1202407633 117.19199 40.13757
1202407933 117.19199 40.13757
1202408233 117.19198 40.13757
1202408533 117.19198 40.13757
1202408833 117.19198 40.13757
1202408833 117.19198 40.13757
1202409133 117.1919 40.1379
1202409433 117.19855 40.1412
1202409733 117.19187 40.13794
1202410033 117.19197 40.13752
1202410333 117.19196 40.13754
1202410633 117.19195 40.13755
1202410933 117.19195 40.13755
1202411233 117.19194 40.13755
1202411533 117.19194 40.13755
1202411833 117.19194 40.13755
1202412133 117.19193 40.13755
1202412433 117.19193 40.13755
1202412733 117.19193 40.13754
1202413033 117.19194 40.13754
1202413333 117.19194 40.13754
1202413633 117.19193 40.13784
1202413933 117.16698 40.1381
1202414233 117.13062 40.13501
1202414533 117.10079 40.13249
1202414833 117.08167 40.11884
1202415133 117.08379 40.12557
1202415433 117.09885 40.13715
1202415733 117.11686 40.1428
1202416033 117.16336 40.14438
1202416333 117.19338 40.13908
1202416633 117.17472 40.12936
1202416933 117.12776 40.13505
1202417233 117.0988 40.13736
1202417533 117.09915 40.13287
1202417533 117.09915 40.13287
1202417833 117.08158 40.11891
1202418780 117.08485 40.1352
1202419033 117.09893 40.13552
1202419333 117.09718 40.13434
1202419633 117.09746 40.13476
1202419933 117.09757 40.13421
1202420233 117.0978 40.13424
1202420533 117.09794 40.13416
1202420833 117.09708 40.13448
1202421133 117.09705 40.13449
1202421433 117.09742 40.13473
1202421733 117.09726 40.13463
1202422033 117.09724 40.13458
1202422333 117.09725 40.13455
1202422633 117.09728 40.13452
1202422933 117.0973 40.13451
1202423233 117.09729 40.13452
1202423533 117.0973 40.13453
1202423833 117.09729 40.13454
1202424133 117.09729 40.13455
1202424432 117.09731 40.13456
1202424732 117.09733 40.13456
1202425032 117.09734 40.13457
1202425332 117.09734 40.13458
1202425632 117.09735 40.13459
1202425932 117.09737 40.1346
1202426232 117.09738 40.13461
1202426232 117.09738 40.13461
1202426532 117.09739 40.13461
1202426832 117.09745 40.13484
1202427132 117.09748 40.13474
1202427432 117.09749 40.13471
1202427732 117.09744 40.13493
1202428032 117.09743 40.13462
1202428332 117.09744 40.13461
1202428632 117.09746 40.13461
1202428932 117.09748 40.13459
1202429232 117.09749 40.13458
1202429532 117.0975 40.13457
1202429832 117.09751 40.13457
1202430132 117.09751 40.13456
1202430432 117.09752 40.13455
1202430732 117.09752 40.13455
1202431032 117.09753 40.13455
1202431332 117.09753 40.13456
1202431632 117.09753 40.13457
1202431932 117.09936 40.13486
1202432232 117.09838 40.13827
1202432532 117.09842 40.13839
1202432832 117.09838 40.13838
1202433132 117.09836 40.13839
1202433432 117.09837 40.13839
1202433732 117.09838 40.1384
1202434032 117.09838 32.12828
1202434032 117.09838 32.12828
1202434332 117.09838 40.1384
1202434632 117.09837 40.13839
1202434932 117.09837 40.13839
1202434932 117.09837 40.13839
1202435232 117.09837 40.13838
1202435532 117.09837 40.13838
1202435832 117.09837 40.13837
1202437332 117.09837 40.13838
1202438832 117.09973 40.13858
1202439132 117.09849 40.13844
1202439432 117.0984 40.13844
1202439732 117.09837 40.13844
1202440032 117.09835 40.13842
1202440332 117.09844 40.13829
1202440632 117.09839 40.1383
1202440932 117.09841 40.13829
1202441232 117.09842 40.13829
1202441531 117.09842 40.1383
1202441831 117.09842 40.13832
1202442131 117.09843 40.13833
1202442431 117.09843 40.13834
1202442731 117.09833 40.13852
1202443031 117.09844 40.13827
1202443331 117.09844 40.13827
1202443631 117.0984 40.13824
1202443631 117.0984 40.13824
1202443931 117.09846 40.13827
1202444231 117.0983 40.13774
1202444531 117.09829 40.13791
1202444831 117.09855 40.1384
1202445131 117.09838 40.13818
1202445431 117.09835 40.13819
1202445731 117.09845 40.13845
1202446031 117.09843 40.13839
1202446331 117.09842 40.13837
1202446631 117.09842 40.13836
1202446931 117.09841 40.13833
1202447231 117.09839 40.13831
1202447531 117.09837 40.13829
1202447831 117.09837 40.13828
1202448131 117.09837 40.13827
1202448431 117.09836 40.13827
1202448731 117.09835 40.13827
1202449031 117.09835 40.13827
1202449331 117.09834 40.13828
1202449631 117.09834 40.13828
1202449931 117.09834 40.13828
1202450231 117.09834 40.13829
1202450531 117.09834 40.13829
1202450831 117.09834 40.1383
1202451131 117.09834 40.1383
1202451431 117.09834 40.1383
1202451731 117.09834 40.13831
1202452031 117.09814 40.13867
1202452331 117.09829 40.13823
1202452331 117.09829 40.13823
1202452631 117.09832 40.13829
1202452931 117.09827 40.13822
1202453231 117.09832 40.13818
1202453531 117.09839 40.13828
1202453831 117.0984 40.13826
1202454131 117.09846 40.13809
1202454431 117.09837 40.13793
1202454731 117.09831 40.1381
1202455031 117.09833 40.13815
1202455331 117.09832 40.13819
1202455631 117.0983 40.13829
1202455931 117.09832 40.1383
1202456231 117.09834 40.13826
1202456531 117.09844 40.13834
1202456831 117.09844 40.13831
1202457131 117.09843 40.13832
1202457431 117.09843 40.13833
1202457731 117.09843 40.13834
1202458031 117.09844 40.13831
1202458331 117.09842 40.1383
1202458631 117.09841 40.13828
1202458930 117.09846 40.13824
1202459230 117.09844 40.13827
1202459530 117.09844 40.13829
1202459830 117.09844 40.13831
1202460130 117.09844 40.13845
1202460430 117.09842 40.13845
1202460730 117.09841 40.13846
1202461030 117.09838 40.13886
1202461030 117.09838 40.13886
1202461330 117.09847 40.13834
1202461330 117.09847 40.13834
1202461630 117.09847 40.13861
1202461930 117.09855 40.13829
1202462230 117.09863 40.13798
1202462530 117.0985 40.1384
1202462830 117.09856 40.13841
1202463130 117.09854 40.13844
1202463430 117.09853 40.13847
1202463730 117.09846 40.13831
1202464030 117.09843 40.13819
1202464330 117.09841 40.13819
1202464630 117.09821 40.13914
1202464940 117.09844 40.13831
1202464941 117.09844 40.13831
1202465231 117.08968 40.13643
1202465530 117.07964 40.11824
1202465830 117.06864 40.1161
1202466130 117.07016 40.11603
1202466430 117.07022 40.116
1202466730 117.07188 40.11582
1202467030 117.07196 40.11583
1202467330 117.07193 40.11581
1202467630 117.07235 40.11579
1202467930 117.08152 40.1187
1202468230 117.08954 40.13804
1202468530 117.06287 40.13483
1202468830 117.0578 40.12999
1202469130 117.05373 40.12912
1202469430 117.05349 40.12913
1202469730 117.05352 40.12914
1202469730 117.05352 40.12914
1202470030 117.05354 40.12914
1202470330 117.05374 40.12922
1202470630 117.06311 40.13634
1202470930 117.08967 40.13932
1202471230 117.08471 40.12018
1202471530 117.07333 40.11592
1202471830 117.0928 40.13258
1202472130 117.11977 40.13478
1202472430 117.12302 40.13482
1202472730 117.13981 40.13508
1202473030 117.13958 40.13498
1202473330 117.13958 40.13498
1202473630 117.13958 40.13498
1202473930 117.13958 40.13498
1202474230 117.13901 40.13642
1202474530 117.13887 40.13801
1202474830 117.11881 40.1443
1202475130 117.0903 40.14444
1202475430 117.08031 40.13261
1202475730 117.07718 40.13161
1202476030 117.07718 40.1316
1202476330 117.07718 40.13161
1202476629 117.0772 40.13159
1202476929 117.07722 40.1316
1202477229 117.07722 40.13161
1202477529 117.07723 40.13162
1202477529 117.07723 40.13162
1202477529 117.07723 40.13162
1202477829 117.07723 40.13163
1202478129 117.07724 40.13164
1202478429 117.07724 40.13165
1202478429 117.07724 40.13165
1202478729 117.07724 40.13166
1202478729 117.07724 40.13166
1202479029 117.07724 40.13166
1202479329 117.07724 40.13165
1202479629 117.07724 40.13166
1202479929 117.07724 40.13166
1202480229 117.07724 40.13166
1202480529 117.07724 40.13166
1202480829 117.07724 40.13166
1202481129 117.07724 40.13166
1202481429 117.07724 40.13165
1202481729 117.07724 40.13165
1202482029 117.07724 40.13166
1202482329 117.07724 40.13166
1202482629 117.07725 40.13166
1202482929 117.07725 40.13166
1202483229 117.07725 40.13166
1202483529 117.07725 40.13166
1202483829 117.07725 40.13166
1202484129 117.07725 40.13166
1202484429 117.07725 40.13166
1202484729 117.08728 40.13528
1202485029 117.07371 40.14401
1202485329 117.04948 40.15849
1202485629 117.04954 40.15852
1202485929 117.04986 40.15855
1202486229 117.04949 40.15853
1202486529 117.04949 40.15853
1202486829 117.04949 40.15853
1202487129 117.04949 40.15853
1202487129 117.04949 40.15853
1202487429 117.04949 40.15853
1202487429 117.04949 40.15853
1202487729 117.04949 40.15852
1202488029 117.04949 40.15852
1202488329 117.04949 40.15852
1202488629 117.06422 40.14386
1202488929 117.08267 40.13343
1202489229 117.08974 40.13752
1202489529 117.06295 40.13448
1202489829 117.0535 40.12914
1202490129 117.05351 40.12914
1202490429 117.05349 40.12914
1202490729 117.05348 40.12914
1202491029 117.05348 40.12915
1202491329 117.05348 40.12916
1202491629 117.05348 40.12917
1202491929 117.05348 40.12917
1202492229 117.05348 40.12918
