UTS Latitude Longitude
1201959470 116.33192 39.96606
1201959770 116.33245 39.96949
1201960070 116.33259 39.96981
1201960370 116.33259 39.96974
1201960670 116.33262 39.96975
1201960970 116.33263 39.96976
1201961270 116.33227 39.971
1201961498 116.34169 39.97495
1201961798 116.3501 39.94403
1201962098 116.34946 39.93276
1201962398 116.35112 39.91856
1201962698 116.35575 39.91205
1201962876 116.36592 39.913
1201963176 116.37143 39.91443
1201963246 116.37135 39.91702
1201963546 116.36692 39.92921
1201963846 116.36618 39.94152
1201964059 116.36936 39.94768
1201964359 116.37406 39.96221
1201964470 116.38045 39.96664
1201964770 116.38929 39.94826
1201965070 116.42734 39.94097
1201965370 116.42914 39.91055
1201965670 116.44354 39.90676
1201965685 116.44352 39.90683
1201965985 116.45523 39.89969
1201966078 116.45485 39.8928
1201966378 116.42697 39.89229
1201966641 116.41222 39.89783
1201966711 116.41549 39.89914
1201966941 116.42612 39.89236
1201967219 116.4484 39.89209
1201967519 116.42575 39.89255
1201967819 116.39994 39.89119
1201968119 116.37936 39.88825
1201968419 116.36801 39.88205
1201968600 116.36126 39.88194
1201968900 116.3698 39.88758
1201969200 116.37957 39.88792
1201969200 116.37957 39.88792
1201969252 116.3829 39.88795
1201969552 116.40978 39.89129
1201969593 116.41036 39.8914
1201969879 116.43034 39.89202
1201970058 116.4342 39.88409
1201970358 116.4475 39.89193
1201970358 116.4475 39.89193
1201970427 116.45348 39.8916
1201970727 116.45472 39.89123
1201971027 116.45841 39.90656
1201971107 116.46433 39.90651
1201971327 116.47158 39.90267
1201971627 116.46871 39.89222
1201971656 116.46794 39.89221
1201971956 116.4565 39.89252
1201972066 116.45572 39.89608
1201972366 116.45597 39.90439
1201972757 116.45223 39.89586
1201973057 116.45499 39.8941
1201973357 116.45397 39.89239
1201973657 116.453 39.89226
1201973813 116.45517 39.89522
1201974113 116.45634 39.90418
1201974413 116.4556 39.91086
1201974413 116.4556 39.91086
1201974521 116.44687 39.91233
1201974713 116.44673 39.92084
1201975013 116.44404 39.91951
1201975021 116.44404 39.91951
1201975321 116.44436 39.92321
1201975624 116.44538 39.9241
1201975920 116.4394 39.92571
1201976220 116.43143 39.93236
1201976520 116.42389 39.93225
1201976820 116.41313 39.93236
1201977120 116.41072 39.93904
1201977420 116.4291 39.93965
1201977720 116.45527 39.93972
1201978020 116.45533 39.9328
1201978320 116.45521 39.92368
1201978665 116.45794 39.91741
1201978965 116.47511 39.91404
1201979199 116.4859 39.91188
1201979499 116.48737 39.91406
1201979799 116.50031 39.91458
1201980099 116.51233 39.91512
1201980399 116.5198 39.9158
1201980507 116.52368 39.91562
1201980507 116.52368 39.91562
1201980807 116.54486 39.91334
1201980942 116.54523 39.90945
1201981237 116.55017 39.91475
1201981537 116.57048 39.91351
1201982137 116.60182 39.89242
1201982407 116.6083 39.89028
1201982707 116.61804 39.89092
1201983007 116.62917 39.89098
1201983607 116.67762 39.88735
1201983907 116.68442 39.88626
1201984207 116.68443 39.88627
1201984507 116.68442 39.88628
1201984807 116.68119 39.88782
1201985107 116.68455 39.88633
1201985107 116.68455 39.88633
1201985407 116.68455 39.88633
1201985707 116.68455 39.88633
1201986007 116.68455 39.88633
1201986307 116.68455 39.88632
1201986307 116.68455 39.88632
1201986607 116.68455 39.88632
1201986907 116.68455 39.88632
1201987207 116.68454 39.88632
1201987507 116.68453 39.88631
1201987807 116.68454 39.88631
1201988107 116.68454 39.8863
1201988407 116.68454 39.8863
1201988707 116.68454 39.88629
1201989007 116.68454 39.88629
1201989307 116.68454 39.88629
1201989907 116.68454 39.88628
1201990207 116.68455 39.88628
1201990507 116.68455 39.88628
1201990807 116.68455 39.88628
1201991107 116.68455 39.88628
1201991407 116.68455 39.88628
1201991707 116.68455 39.88628
1201992007 116.68455 39.88628
1201992307 116.68496 39.88634
1201992607 116.68424 39.88621
1201992907 116.68442 39.88616
1201993207 116.68433 39.88595
1201993507 116.68467 39.88629
1201993807 116.68419 39.88627
1201994107 116.68423 39.88628
1201994406 116.68427 39.88633
1201994706 116.68431 39.88637
1201995006 116.68435 39.88657
1201995006 116.68435 39.88657
1201995306 116.68437 39.88654
1201995606 116.68438 39.88654
1201995906 116.68405 39.88621
1201996206 116.6845 39.8866
1201996506 116.68449 39.88656
1201996806 116.68448 39.88656
1201997106 116.68447 39.88656
1201997406 116.68446 39.88654
1201997706 116.68446 39.88654
1201998006 116.68447 39.88653
1201998306 116.68451 39.88621
1201998606 116.68447 39.88637
1201998906 116.68449 39.8864
1201999206 116.68449 39.88639
1201999506 116.68449 39.88638
1201999806 116.68449 39.88636
1202000106 116.68449 39.88635
1202000406 116.68449 39.88634
1202000706 116.6845 39.88633
1202001006 116.6845 39.88632
1202001306 116.6845 39.88631
1202001606 116.68451 39.8863
1202001906 116.68451 39.88629
1202002206 116.68451 39.88629
1202002506 116.68451 39.88628
1202002806 116.6845 39.88627
1202003106 116.6845 39.88627
1202003406 116.6845 39.88627
1202003706 116.6845 39.88626
1202003706 116.6845 39.88626
1202004006 116.6845 39.88626
1202004906 116.68416 39.88637
1202005206 116.68405 39.88651
1202008891 116.68443 39.88654
1202009105 116.68442 39.88653
1202009405 116.68443 39.88652
1202010005 116.68448 39.88629
1202010305 116.68447 39.88632
1202010605 116.68447 39.88632
1202010905 116.68454 39.88601
1202011505 116.68446 39.88633
1202012105 116.68443 39.88622
1202012705 116.68447 39.8862
1202013005 116.68447 39.8862
1202013305 116.68446 39.88622
1202013605 116.68445 39.88623
1202013905 116.68445 39.88624
1202014205 116.68419 39.88637
1202014505 116.68491 39.88622
1202014805 116.68439 39.88638
1202015105 116.6844 39.88636
1202015405 116.68444 39.88629
1202015705 116.68483 39.88629
1202016005 116.6841 39.88642
1202016305 116.68433 39.88628
1202016605 116.68433 39.88628
1202016905 116.68433 39.88628
1202017205 116.68434 39.88628
1202017505 116.68434 39.88628
1202018105 116.68435 39.88628
1202018405 116.68435 39.88628
1202018705 116.68435 39.88628
1202019005 116.68435 39.88628
1202019305 116.68425 39.8862
1202019605 116.68429 39.8863
1202019905 116.68434 39.8863
1202020205 116.6844 39.8863
1202020505 116.68441 39.88638
1202020805 116.68443 39.88637
1202021105 116.68445 39.88634
1202021105 116.68445 39.88634
1202021405 116.68445 39.88634
1202021705 116.68445 39.88634
1202022005 116.68445 39.88634
1202022305 116.68445 39.88634
1202022605 116.68445 39.88634
1202023504 116.68445 39.88633
1202023804 116.68446 39.88633
1202024104 116.68446 39.88633
1202024404 116.68445 39.88652
1202025004 116.68455 39.88624
1202025304 116.68453 39.88635
1202025604 116.68453 39.88637
1202025904 116.68063 39.8885
1202026204 116.65267 39.89174
1202026504 116.63749 39.893
1202026804 116.63752 39.89298
1202027404 116.63753 39.89299
1202028004 116.63756 39.893
1202028304 116.63754 39.89301
1202028604 116.63751 39.89302
1202028904 116.63743 39.89309
1202029504 116.63739 39.89307
1202029804 116.63744 39.89305
1202029804 116.63744 39.89305
1202029932 116.6378 39.89335
1202030232 116.61297 39.90527
1202030832 116.47164 39.90495
1202030994 116.47184 39.90254
1202031294 116.46768 39.89206
1202031370 116.46077 39.89218
1202031670 116.45272 39.90711
1202032399 116.4505 39.92197
1202032699 116.45565 39.94194
1202032999 116.42039 39.96806
1202032999 116.42039 39.96806
1202033571 116.37343 39.98313
1202034271 116.32757 39.98498
1202034449 116.34041 39.98513
1202034449 116.34041 39.98513
1202034749 116.37474 39.98598
1202035016 116.38107 39.99166
1202035316 116.37373 39.98186
1202035316 116.37373 39.98186
1202035863 116.4014 39.98825
1202035979 116.40226 39.99743
1202036163 116.41049 39.99761
1202036279 116.41149 40.00224
1202036579 116.40814 39.98865
1202036879 116.40445 39.98272
1202037179 116.41093 39.98216
1202037479 116.41148 39.96846
1202037778 116.43389 39.96435
1202037942 116.43255 39.95839
1202038542 116.39657 39.96165
1202038842 116.39079 39.96191
1202039142 116.38185 39.96248
1202039238 116.3834 39.96671
1202039518 116.40377 39.96724
1202039818 116.412 39.95928
1202040057 116.42364 39.9579
1202040357 116.43701 39.95733
1202040657 116.43995 39.94902
1202040657 116.43995 39.94902
1202040657 116.43995 39.94902
1202040957 116.44407 39.93276
1202041234 116.44246 39.9245
1202041534 116.44216 39.92557
1202042134 116.4541 39.91846
1202042162 116.45281 39.91873
1202042462 116.44355 39.90738
1202042762 116.43162 39.90562
1202042765 116.43163 39.90562
1202043065 116.45018 39.90682
1202043365 116.45396 39.89466
1202043665 116.45223 39.89514
1202043812 116.45298 39.8926
1202044112 116.43019 39.90334
1202044334 116.42952 39.91726
1202044634 116.44422 39.91673
1202044934 116.45527 39.90976
1202045234 116.45531 39.89158
1202045326 116.45935 39.89179
1202045560 116.46655 39.89242
1202045860 116.46629 39.89221
1202046160 116.46632 39.89211
1202046460 116.46631 39.89212
1202046760 116.46631 39.89213
1202047060 116.46631 39.89214
1202047199 116.46466 39.89218
1202047499 116.43699 39.89248
1202047499 116.43699 39.89248
1202047799 116.43286 39.86738
1202047937 116.43061 39.86466
1202048484 116.43878 39.89032
1202048784 116.41323 39.8918
1202049084 116.39424 39.89683
1202049384 116.37835 39.90588
1202049684 116.35318 39.90695
1202049830 116.3534 39.91231
1202050430 116.37736 39.93151
1202050730 116.39651 39.93201
1202051030 116.40883 39.9394
1202051127 116.41906 39.9397
1202051427 116.43454 39.94718
1202051509 116.43364 39.952
1202051509 116.33947 40.01382
1202051809 116.43902 39.94967
1202052109 116.45398 39.94373
1202052409 116.45078 39.9322
1202052623 116.45532 39.92597
1202052923 116.45439 39.91678
1202053186 116.45541 39.90499
1202053486 116.45213 39.89532
1202053646 116.45132 39.89238
1202053946 116.42268 39.89157
1202054246 116.42508 39.89211
1202054328 116.42996 39.89239
1202054628 116.45339 39.89189
1202054928 116.45577 39.89404
1202054977 116.45519 39.89688
1202055277 116.46517 39.90695
1202055386 116.46928 39.90684
1202055686 116.47134 39.89481
1202055718 116.47135 39.89304
1202056018 116.4833 39.87705
1202056048 116.48333 39.87685
1202056348 116.47143 39.88082
1202056857 116.4716 39.89939
1202057157 116.48375 39.92145
1202057457 116.48172 39.95679
1202057757 116.47005 39.9633
1202057766 116.47006 39.9633
1202058066 116.4835 39.94598
1202058366 116.48344 39.93309
1202058666 116.49084 39.91429
1202058966 116.4963 39.91438
1202059214 116.49757 39.91425
1202059514 116.47836 39.91391
1202059814 116.45742 39.91939
1202060114 116.4556 39.91089
1202060414 116.44122 39.90702
1202060714 116.4339 39.90715
1202061014 116.42282 39.89928
1202061208 116.42121 39.89359
1202061508 116.44954 39.89221
1202061808 116.46127 39.87002
1202062108 116.52377 39.86852
1202062408 116.56766 39.86421
1202062708 116.58096 39.88032
1202063008 116.59017 39.88312
1202063308 116.59485 39.88586
1202063608 116.62009 39.89096
1202063908 116.65527 39.8912
1202064208 116.67552 39.88669
1202064508 116.68433 39.88635
1202064808 116.68434 39.88634
1202065108 116.68434 39.88634
1202065408 116.68271 39.88548
1202065708 116.70477 39.88502
1202066008 116.73537 39.87049
1202066308 116.77111 39.83354
1202066608 116.79923 39.81315
1202066908 116.844 39.81311
1202067208 116.85236 39.81055
1202067508 116.85234 39.81057
1202067508 116.85234 39.81057
1202067808 116.85234 39.81056
1202068107 116.85234 39.81055
1202068407 116.85235 39.81055
1202068707 116.86078 39.81309
1202069007 116.86864 39.81715
1202069307 116.86864 39.81713
1202069607 116.86864 39.81714
1202069907 116.86864 39.81714
1202070207 116.86865 39.81714
1202070507 116.86865 39.81714
1202070807 116.86865 39.81714
1202071107 116.86865 39.81714
1202071407 116.86865 39.81714
1202071707 116.86865 39.81714
1202072007 116.86865 39.81714
1202072307 116.86865 39.81714
1202072607 116.86865 39.81714
1202072907 116.86863 39.81712
1202073207 116.86863 39.81713
1202073507 116.86862 39.81713
1202073807 116.86862 39.81713
1202074107 116.86861 39.81714
1202074407 116.86861 39.81714
1202074707 116.86861 39.81714
1202075307 116.86861 39.81715
1202075607 116.86861 39.81715
1202075907 116.86861 39.81715
1202076207 116.86861 39.81715
1202076207 116.86861 39.81715
1202076507 116.86861 39.81715
1202076807 116.86861 39.81715
1202077107 116.86862 39.81715
1202077407 116.86862 39.81716
1202077707 116.86861 39.81716
1202078007 116.86861 39.81716
1202078307 116.85834 39.81324
1202078607 116.81095 39.8109
1202078907 116.77541 39.82659
1202079207 116.73784 39.86231
1202079507 116.70534 39.88467
1202079807 116.6849 39.88366
1202080107 116.68439 39.88637
1202080407 116.68441 39.88639
1202081007 116.68441 39.88642
1202081307 116.68439 39.88641
1202081607 116.68439 39.88639
1202081907 116.68433 39.88631
1202082207 116.68437 39.8863
1202082507 116.68438 39.8863
1202082806 116.68438 39.88631
1202083106 116.68438 39.88631
1202083406 116.68437 39.88631
1202083706 116.68437 39.88632
1202084006 116.68438 39.88632
1202084306 116.68438 39.88632
1202084606 116.68438 39.88632
1202084906 116.68436 39.88632
1202084906 116.68436 39.88632
1202085206 116.68441 39.88631
1202085506 116.68441 39.88631
1202085806 116.68441 39.88631
1202086106 116.68441 39.88632
1202086406 116.68441 39.88632
1202086706 116.6844 39.88631
1202087006 116.68443 39.88632
1202087306 116.68444 39.88629
1202087606 116.68444 39.88628
1202087906 116.68445 39.88628
1202088206 116.68445 39.88627
1202088506 116.68445 39.88627
1202088806 116.68445 39.88627
1202089106 116.68445 39.88626
1202089406 116.68444 39.88626
1202089706 116.68444 39.88626
1202089706 116.68444 39.88626
1202090006 116.68445 39.88626
1202090306 116.68444 39.88626
1202090606 116.68444 39.88626
1202091206 116.68444 39.88627
1202091506 116.68444 39.88628
1202091806 116.68445 39.88628
1202092106 116.68445 39.88629
1202092406 116.68445 39.88661
1202092706 116.68441 39.88655
1202093006 116.68443 39.8865
1202093306 116.68442 39.88649
1202093606 116.68437 39.88654
1202093606 116.68437 39.88654
1202093906 116.68436 39.8865
1202094206 116.68435 39.88647
1202094506 116.68435 39.88645
1202094806 116.68436 39.88646
1202095106 116.68437 39.88646
1202095406 116.68438 39.88645
1202095706 116.68438 39.88644
1202096006 116.68438 39.88643
1202096306 116.68437 39.88643
1202096606 116.68437 39.88641
1202096905 116.68438 39.8862
1202097205 116.6844 39.88622
1202097505 116.6844 39.88624
1202097805 116.6844 39.88642
1202098105 116.68439 39.88637
1202098405 116.68438 39.88635
1202098705 116.68438 39.88632
1202099005 116.68439 39.88631
1202099305 116.68439 39.8863
1202099605 116.68439 39.88629
1202099905 116.6844 39.88629
1202100205 116.6844 39.88628
1202100505 116.6844 39.88628
1202100805 116.68464 39.88608
1202101105 116.68445 39.88625
1202101405 116.68438 39.88624
1202101705 116.68436 39.88626
1202102005 116.68436 39.88628
1202102305 116.68436 39.88629
1202102305 116.68436 39.88629
1202102605 116.68435 39.8863
1202102905 116.68435 39.88629
1202103205 116.68434 39.88629
1202103505 116.68433 39.88629
1202103805 116.68434 39.88629
1202104105 116.68434 39.88629
1202104405 116.68415 39.88637
1202104705 116.68424 39.88636
1202105005 116.68427 39.88636
1202105305 116.68431 39.88635
1202105605 116.68428 39.88632
1202105905 116.6843 39.88632
1202106205 116.68431 39.88632
1202106505 116.68432 39.88632
1202106805 116.68433 39.88633
1202107105 116.68433 39.88633
1202107405 116.68433 39.88633
1202107705 116.68434 39.88633
1202108005 116.68447 39.88624
1202108305 116.68437 39.88655
1202108605 116.68434 39.88643
1202108905 116.68436 39.88643
1202109205 116.68436 39.88642
1202109505 116.68437 39.88641
1202109805 116.68438 39.8864
1202110405 116.68439 39.88637
1202110705 116.68416 39.88612
1202111005 116.68438 39.88687
1202111005 116.68438 39.88687
1202111305 116.68424 39.88635
1202111605 116.68425 39.88637
1202111904 116.68427 39.88631
1202112204 116.68427 39.88631
1202112504 116.68428 39.8863
1202112804 116.68429 39.8863
1202113104 116.66997 39.88521
1202113404 116.64958 39.89008
1202113704 116.63734 39.89295
1202114004 116.63738 39.89294
1202114304 116.63737 39.89294
1202114604 116.6374 39.89309
1202114904 116.63746 39.89297
1202115204 116.63738 39.89297
1202116158 116.63736 39.89298
1202116404 116.63728 39.89295
1202116637 116.63768 39.89325
1202116937 116.61282 39.90527
1202117237 116.52847 39.90837
1202117537 116.46631 39.90681
1202117837 116.45445 39.9121
1202117934 116.45839 39.91377
1202118234 116.45468 39.90378
1202118534 116.45469 39.89594
1202118554 116.4556 39.89392
1202118854 116.43832 39.87293
1202119154 116.39436 39.87229
1202119321 116.39509 39.87826
1202119621 116.40417 39.89117
1202119921 116.42001 39.89182
1202120182 116.43177 39.89201
1202120482 116.4549 39.88819
1202120782 116.44868 39.86104
1202131979 116.4656 39.89223
1202132279 116.46581 39.89194
1202132578 116.46551 39.8923
1202132878 116.46559 39.89224
1202133178 116.46565 39.8922
1202133478 116.46565 39.89221
1202133778 116.46565 39.89221
1202134078 116.46565 39.89221
1202134378 116.46564 39.89222
1202134678 116.46549 39.89208
1202134978 116.46558 39.89207
1202135278 116.46571 39.89201
1202135578 116.45721 39.89237
1202135826 116.45139 39.89219
1202136126 116.42965 39.90745
1202136426 116.41383 39.9069
1202136726 116.38156 39.90606
1202137026 116.37009 39.9071
1202137055 116.37006 39.90702
1202137355 116.37131 39.91772
1202137955 116.38553 39.89929
1202138255 116.39374 39.89035
1202138555 116.41204 39.89151
1202138555 116.41204 39.89151
1202139364 116.45412 39.87004
1202139664 116.47582 39.86985
1202139729 116.47899 39.86968
1202139964 116.47135 39.88297
1202140264 116.47158 39.89764
1202140564 116.47167 39.90239
1202141140 116.46609 39.9061
1202141358 116.47214 39.90482
1202141658 116.47114 39.90256
1202141839 116.46853 39.90242
1202142139 116.46919 39.90247
1202142439 116.47154 39.90077
1202142739 116.45595 39.89237
1202142782 116.45573 39.89356
1202143081 116.48451 39.90571
1202143381 116.4835 39.95273
1202143487 116.48513 39.95828
1202143487 116.48513 39.95828
1202143787 116.4835 39.94612
1202144087 116.48344 39.93281
1202144387 116.47861 39.91369
1202144687 116.47178 39.91841
1202144987 116.47018 39.92157
1202145287 116.47147 39.90995
1202145587 116.46169 39.904
1202145887 116.45505 39.89634
1202146187 116.45489 39.8939
1202146487 116.43975 39.89205
1202146787 116.45476 39.88394
1202146787 116.45476 39.88394
1202147087 116.45532 39.89166
1202147387 116.45213 39.89325
1202147987 116.45446 39.89509
1202148070 116.45448 39.89378
1202148370 116.45484 39.87505
1202148670 116.43382 39.85758
1202148970 116.41586 39.85623
1202149149 116.4094 39.85588
1202149448 116.42649 39.85697
1202149748 116.4462 39.85943
1202149861 116.45148 39.86364
1202150161 116.44043 39.88323
1202150161 116.44043 39.88323
1202150461 116.41772 39.88264
1202150521 116.41498 39.88266
1202150761 116.42125 39.89193
1202151061 116.4302 39.89982
1202151361 116.42822 39.92807
1202151661 116.43948 39.93957
1202151739 116.44127 39.93851
1202152036 116.44717 39.93232
1202152336 116.45595 39.94222
1202152548 116.46214 39.94562
1202152686 116.46255 39.947
1202152986 116.44567 39.93999
1202153286 116.43204 39.93972
1202153586 116.41096 39.93952
1202153886 116.39957 39.93949
1202153886 116.39957 39.93949
1202153895 116.39953 39.93949
1202154432 116.43255 39.94544
1202154732 116.44332 39.94681
1202155032 116.45526 39.94032
1202155332 116.45536 39.93294
1202155632 116.47919 39.93234
1202156232 116.51184 39.92189
1202156532 116.549 39.92272
1202156832 116.58976 39.92434
1202156832 116.58976 39.92434
1202157132 116.63329 39.9257
1202157732 116.6705 39.91003
1202158032 116.68801 39.89181
1202158332 116.68125 39.88752
1202158632 116.68433 39.88633
1202159232 116.68405 39.88632
1202159832 116.68413 39.88633
1202160132 116.68416 39.88634
1202160732 116.68418 39.88634
1202161032 116.68419 39.88634
1202161332 116.6842 39.88634
1202161632 116.68421 39.88634
1202161932 116.68421 39.88634
1202162532 116.68421 39.88636
1202162832 116.68422 39.88636
1202163432 116.68422 39.88637
1202163732 116.68423 39.88637
1202164032 116.68423 39.88637
1202164332 116.68423 39.88637
1202164632 116.68423 39.88638
1202164932 116.68423 39.88638
1202165232 116.68423 39.88638
1202165532 116.68424 39.88638
1202165532 116.68424 39.88638
1202165832 116.68424 39.88638
1202166131 116.68424 39.88638
1202166431 116.68424 39.88638
1202166731 116.68424 39.88638
1202167031 116.68424 39.88638
1202167331 116.68424 39.88638
1202167631 116.68414 39.88615
1202167931 116.68422 39.88621
1202168231 116.68423 39.88624
1202168531 116.68426 39.88626
1202168831 116.68424 39.88625
1202169731 116.68426 39.88627
1202170331 116.68427 39.88629
1202170631 116.68427 39.88629
1202170931 116.68427 39.88629
1202171231 116.68427 39.88629
1202171531 116.68428 39.88629
1202171831 116.68428 39.88629
1202172131 116.68428 39.88629
1202172431 116.68428 39.88629
1202172731 116.68428 39.88629
1202173031 116.68429 39.88629
1202173333 116.57321 39.70692
1202173333 116.57321 39.70692
1202173631 116.68426 39.8864
1202173931 116.68427 39.88636
1202174231 116.68427 39.88634
1202174231 116.68427 39.88634
1202174531 116.68427 39.88634
1202174831 116.68428 39.88634
1202175431 116.68415 39.88632
1202175731 116.6842 39.88632
1202176331 116.68432 39.88644
1202176631 116.68435 39.88647
1202176931 116.68435 39.88641
1202178731 116.68437 39.88629
1202179631 116.68434 39.88632
1202180231 116.68432 39.88633
1202180531 116.68432 39.88633
1202180830 116.68432 39.88634
1202181130 116.68433 39.88633
1202181430 116.68433 39.88633
1202181730 116.68432 39.88633
1202182030 116.68432 39.88633
1202182330 116.68432 39.88633
1202182930 116.68432 39.88633
1202183230 116.68432 39.88633
1202183530 116.68432 39.88633
1202183830 116.68424 39.88632
1202184130 116.68426 39.88645
1202184430 116.68427 39.88643
1202184730 116.68427 39.88644
1202185030 116.68427 39.88643
1202185330 116.68427 39.88643
1202185630 116.68427 39.88643
1202185930 116.68427 39.88642
1202186230 116.68427 39.88641
1202186230 116.68427 39.88641
1202186530 116.68414 39.88586
1202186830 116.68434 39.88604
1202187130 116.68435 39.88606
1202187730 116.68453 39.88664
1202188030 116.68445 39.88656
1202188330 116.68435 39.88645
1202188630 116.68434 39.88643
1202188930 116.68433 39.8864
1202189230 116.68434 39.8864
1202189530 116.68431 39.88643
1202189830 116.6843 39.88641
1202190130 116.68432 39.88643
1202190430 116.68431 39.88643
1202190730 116.68432 39.8864
1202191030 116.6843 39.88639
1202191330 116.68433 39.88638
1202191630 116.68373 39.88682
1202192230 116.68407 39.88654
1202192530 116.68419 39.88641
1202192830 116.68436 39.8863
1202193130 116.68422 39.8864
1202193430 116.68425 39.8864
1202193730 116.68425 39.88642
1202194030 116.68427 39.88643
1202194330 116.68427 39.88643
1202194630 116.68427 39.88643
1202194929 116.68426 39.88643
1202195229 116.68426 39.88643
1202195529 116.68426 39.88643
1202195829 116.68426 39.88643
1202196129 116.68426 39.88644
1202196429 116.68427 39.88644
1202196729 116.68427 39.8864
1202197029 116.68427 39.8864
1202197329 116.68427 39.88638
1202197629 116.68428 39.88639
1202197929 116.68428 39.88639
1202198229 116.68428 39.88639
1202198529 116.68428 39.88639
1202199129 116.68117 39.88752
1202199429 116.6532 39.89077
1202199729 116.6374 39.89299
1202199847 116.63777 39.89344
1202200147 116.60208 39.90763
1202211912 116.45434 39.89352
1202212180 116.45193 39.89308
1202212480 116.43003 39.90305
1202213011 116.42612 39.93659
1202213311 116.442 39.93981
1202213849 116.45537 39.9243
1202214149 116.4549 39.87883
1202214449 116.41464 39.85594
1202214749 116.37756 39.85872
1202214878 116.37998 39.86316
1202215178 116.3925 39.86998
1202215478 116.43246 39.86897
1202215778 116.43873 39.88909
1202216078 116.45492 39.88971
1202216378 116.45407 39.89237
1202216678 116.45407 39.89233
1202216978 116.45501 39.89398
1202217278 116.45206 39.89445
1202217578 116.45492 39.89218
1202217878 116.45623 39.89238
1202218178 116.46746 39.89931
1202218478 116.46757 39.89919
1202218778 116.46755 39.89917
1202219078 116.46754 39.89921
1202219378 116.47059 39.89915
1202219533 116.47129 39.89378
1202219795 116.4593 39.88318
1202220095 116.45194 39.89436
1202220395 116.45236 39.89637
1202220695 116.45251 39.89512
1202220995 116.45227 39.89258
1202221295 116.45197 39.89477
1202221595 116.44973 39.89591
1202221895 116.45545 39.89253
1202222195 116.45401 39.89172
1202222495 116.44692 39.89239
1202222795 116.45481 39.89064
1202222801 116.45487 39.88996
1202223101 116.45442 39.86811
1202223114 116.45422 39.86771
1202223414 116.4551 39.87357
1202223528 116.45505 39.87966
1202223528 116.45505 39.87966
1202223740 116.4559 39.90604
1202223909 116.45553 39.906
1202224209 116.47153 39.90006
1202224365 116.47178 39.90248
1202224665 116.47139 39.89724
1202224888 116.48295 39.89193
1202225100 116.4906 39.90681
1202225316 116.48371 39.90239
1202225616 116.48323 39.87359
1202225916 116.4457 39.83118
1202226216 116.39507 39.82548
1202226516 116.39626 39.8042
1202226816 116.41406 39.80642
1202226900 116.41665 39.80668
1202227145 116.41157 39.80493
1202227445 116.39706 39.80381
1202227615 116.39226 39.80809
1202227915 116.39624 39.81211
1202228215 116.39565 39.82774
1202228392 116.41406 39.83068
1202228692 116.46674 39.83598
1202228992 116.46952 39.85248
1202229054 116.46846 39.85254
1202229292 116.46984 39.85574
1202229592 116.46605 39.858
1202229892 116.45081 39.86364
1202230046 116.4292 39.85733
1202230227 116.43176 39.85748
1202230826 116.43353 39.86918
1202231366 116.43085 39.89219
1202231666 116.41393 39.89182
1202231824 116.41276 39.89465
1202232090 116.41874 39.89591
1202232390 116.42982 39.90385
1202232690 116.42849 39.92066
1202232990 116.42742 39.93459
1202233297 116.45508 39.96251
1202233584 116.48412 39.98475
1202233643 116.48344 39.98334
1202233943 116.46501 39.99086
1202234124 116.46317 39.9907
1202234543 116.4568 39.99138
1202234679 116.45698 39.99949
1202234843 116.46154 40.00694
1202234987 116.4567 40.01128
1202235287 116.46422 40.00378
1202235587 116.47376 39.98882
1202235887 116.46387 39.97167
1202236187 116.48375 39.9353
1202247802 116.86857 39.81712
1202248101 116.86859 39.81714
1202248401 116.8686 39.81714
1202248701 116.86859 39.81714
1202249001 116.8686 39.81715
1202249301 116.8686 39.81715
1202249601 116.8686 39.81715
1202249901 116.86859 39.81715
1202250201 116.86859 39.81716
1202250501 116.86859 39.81716
1202250501 116.86859 39.81716
1202250801 116.86857 39.81719
1202251101 116.86857 39.81719
1202251401 116.86857 39.81719
1202251701 116.86857 39.81719
1202252000 116.85025 39.81354
1202252300 116.79738 39.81417
1202252600 116.77188 39.83243
1202252900 116.73736 39.866
1202253200 116.70241 39.88683
1202253500 116.68195 39.88627
1202253800 116.68442 39.88652
1202254100 116.68445 39.88647
1202254400 116.68449 39.88649
1202254700 116.6845 39.8865
1202255000 116.68451 39.8865
1202255600 116.68453 39.88651
1202255900 116.68453 39.8865
1202256200 116.68454 39.88649
1202256500 116.68456 39.8865
1202256800 116.68457 39.8865
1202257100 116.68457 39.88649
1202257400 116.68457 39.88649
1202257700 116.68458 39.88649
1202258300 116.68456 39.88634
1202258600 116.68452 39.88578
1202258900 116.68454 39.88602
1202259200 116.68445 39.88639
1202259200 116.68445 39.88639
1202259500 116.68462 39.88646
1202259800 116.68453 39.88643
1202260100 116.68465 39.88623
1202260400 116.68443 39.88638
1202260700 116.68446 39.88608
1202261000 116.68449 39.8863
1202261300 116.68448 39.88634
1202261600 116.68439 39.88579
1202261900 116.68447 39.88595
1202262200 116.68445 39.88628
1202262500 116.68456 39.8867
1202262800 116.68454 39.88651
1202263100 116.68458 39.88647
1202263400 116.68459 39.88647
1202264000 116.6846 39.88644
1202264300 116.68423 39.88646
1202264600 116.68426 39.88644
1202264900 116.68425 39.88644
1202265200 116.68425 39.88644
1202265500 116.68425 39.88645
1202265800 116.68425 39.88645
1202266100 116.68425 39.88645
1202266400 116.68425 39.88645
1202266699 116.68425 39.88645
1202266999 116.68463 39.88651
1202267299 116.68454 39.88644
1202267599 116.68452 39.88643
1202267899 116.68454 39.88636
1202267899 116.68454 39.88636
1202268199 116.68454 39.88636
1202268499 116.68454 39.88634
1202268799 116.68453 39.88634
1202269099 116.68453 39.88635
1202269399 116.68453 39.88634
1202269699 116.68453 39.88634
1202269999 116.68453 39.88634
1202270299 116.68446 39.88652
1202270599 116.68449 39.88643
1202271199 116.68448 39.88645
1202271499 116.68448 39.88644
1202271799 116.68448 39.88645
1202272099 116.68448 39.88645
1202272399 116.68447 39.88645
1202272699 116.68448 39.88645
1202272999 116.68448 39.88646
1202273299 116.68452 39.88692
1202273599 116.68462 39.88684
1202273899 116.68464 39.88638
1202274199 116.68464 39.88646
1202274499 116.68427 39.88665
1202274799 116.68446 39.88654
1202275099 116.6845 39.88653
1202275399 116.68452 39.88652
1202275699 116.68455 39.8865
1202276599 116.68455 39.88651
1202276599 116.68455 39.88651
1202276899 116.68454 39.8865
1202277199 116.68454 39.88649
1202277799 116.68454 39.88647
1202278099 116.68454 39.88647
1202278399 116.68453 39.88646
1202278699 116.68452 39.88646
1202278999 116.68452 39.88645
1202279299 116.68452 39.88645
1202279599 116.68461 39.88632
1202279899 116.68462 39.88631
1202280199 116.68461 39.88634
1202280499 116.68458 39.88633
1202280799 116.68457 39.88633
1202281099 116.68456 39.88633
1202281398 116.68455 39.88633
1202281698 116.68454 39.88633
1202281998 116.68454 39.88632
1202282298 116.68454 39.88633
1202282598 116.68464 39.8864
1202282898 116.68452 39.88641
1202283198 116.6844 39.88685
1202283798 116.68438 39.88695
1202284098 116.68452 39.88643
1202284698 116.68446 39.88645
1202285298 116.68465 39.88597
1202285298 116.68465 39.88597
1202285598 116.68456 39.88637
1202285898 116.68452 39.88636
1202286198 116.68454 39.88638
1202286498 116.67591 39.88678
1202286798 116.65058 39.88983
1202287098 116.63752 39.89296
1202287398 116.63755 39.89296
1202287698 116.63753 39.89299
1202287998 116.63729 39.89311
1202288298 116.63743 39.89304
1202288598 116.63751 39.89309
1202288898 116.63757 39.89295
1202289198 116.63755 39.89294
1202289498 116.63754 39.89291
1202289798 116.63755 39.89298
1202290098 116.63753 39.89299
1202290398 116.63753 39.893
1202290698 116.63752 39.893
1202291298 116.63729 39.89308
1202291598 116.63728 39.89306
1202291898 116.63728 39.89307
1202292198 116.63729 39.89302
1202292498 116.63727 39.89303
1202293098 116.63729 39.89306
1202293398 116.63729 39.89307
1202293698 116.63716 39.89305
1202293998 116.63723 39.89303
1202293998 116.63723 39.89303
1202294298 116.63725 39.89304
1202294598 116.63727 39.89304
1202294898 116.63728 39.89305
1202295198 116.63729 39.89307
1202295497 116.63731 39.89307
1202295797 116.63737 39.89305
1202296097 116.63737 39.89299
1202296266 116.63778 39.89331
1202296566 116.61284 39.90536
1202296866 116.53802 39.91225
1202297165 116.51252 39.97647
1202297565 116.56869 40.03653
1202297765 116.58318 40.06304
1202297765 116.58318 40.06304
1202297895 116.58681 40.07838
1202298506 116.58665 40.0441
1202298806 116.57088 40.03577
1202299106 116.5553 40.02873
1202299406 116.53432 40.02281
1202299706 116.46461 39.97115
1202300006 116.45552 39.92909
1202300306 116.45438 39.88809
1202300474 116.45247 39.88801
1202300606 116.45282 39.88657
1202300906 116.43231 39.8985
1202301206 116.4151 39.9091
1202301506 116.4208 39.91118
1202301515 116.42082 39.91122
1202301806 116.42011 39.92357
1202302106 116.41955 39.94172
1202302406 116.3988 39.9476
1202302406 116.3988 39.9476
1202302706 116.3502 39.94416
1202303012 116.33418 39.95619
1202303248 116.31669 39.96097
1202303548 116.33055 39.96598
1202303804 116.34525 39.96615
1202304104 116.34725 39.98973
1202304404 116.33708 39.99929
1202304592 116.33606 39.99695
1202304848 116.34658 39.99598
1202305148 116.35566 39.98794
1202305196 116.35517 39.98732
1202305496 116.36323 39.98659
1202305796 116.3998 39.98682
1202306096 116.41128 39.97689
1202306159 116.41155 39.97223
1202306459 116.43442 39.96524
1202306664 116.43238 39.95829
1202306862 116.44143 39.95441
1202307162 116.43868 39.94112
1202307462 116.42515 39.92605
1202307533 116.42176 39.92612
1202307833 116.42734 39.93934
1202308133 116.44415 39.93267
1202308733 116.45232 39.92708
1202309033 116.45231 39.92716
1202309333 116.44966 39.92186
1202309633 116.4548 39.91181
1202309933 116.4557 39.89344
1202310233 116.45586 39.89483
1202310533 116.45027 39.8958
1202310533 116.45027 39.8958
1202310534 116.45016 39.89579
1202310534 116.45016 39.89579
1202310834 116.4288 39.91531
1202311025 116.42862 39.93885
1202311325 116.44419 39.93267
1202311735 116.45423 39.92206
1202312035 116.45968 39.95815
1202312335 116.48356 39.98466
1202312635 116.49793 40.00033
1202312788 116.50792 40.00686
1202313088 116.49636 39.99874
1202313388 116.48343 39.97909
1202313462 116.47837 39.97527
1202313762 116.48877 39.96209
1202314206 116.48356 39.94745
1202314506 116.48352 39.92605
1202314730 116.47399 39.91437
1202315330 116.44697 39.86042
1202315630 116.38473 39.85566
1202315930 116.33945 39.84469
1202315962 116.33945 39.84469
1202316229 116.36106 39.85411
1202316520 116.41416 39.85556
1202316733 116.43115 39.8573
1202317039 116.4311 39.867
1202317339 116.43547 39.86895
1202317433 116.43926 39.87491
1202317733 116.43036 39.9065
1202318053 116.44368 39.91692
1202318353 116.44433 39.93947
1202318653 116.43901 39.94984
1202318653 116.43901 39.94984
1202318840 116.44095 39.95465
1202319140 116.44419 39.94372
1202319440 116.44985 39.92707
1202319740 116.45444 39.91755
1202320040 116.45656 39.91774
1202320340 116.45502 39.90392
1202320940 116.45432 39.89597
1202321240 116.45588 39.89464
1202321502 116.45148 39.8923
1202321713 116.43209 39.89215
1202322013 116.42484 39.89232
1202322068 116.42833 39.8922
1202322368 116.45889 39.89209
1202322524 116.46656 39.89226
1202322824 116.45533 39.89479
1202322920 116.45171 39.8923
1202323220 116.41508 39.89184
1202323520 116.38758 39.88878
1202323820 116.36327 39.88792
1202324118 116.36023 39.89828
1202324223 116.36809 39.89685
1202324523 116.36808 39.87775
1202324638 116.37086 39.87606
1202324938 116.38579 39.86982
1202325238 116.41004 39.87006
1202325538 116.44823 39.87002
1202325838 116.46892 39.86977
1202326138 116.52302 39.86852
1202326438 116.56779 39.86561
1202326738 116.59994 39.87567
1202327038 116.61337 39.88907
1202327338 116.63803 39.89309
1202327638 116.66677 39.8851
1202327638 116.66677 39.8851
1202327938 116.68449 39.88628
1202328238 116.68446 39.8863
1202328538 116.68447 39.8863
1202328838 116.68447 39.8863
1202329138 116.68448 39.88629
1202329438 116.68448 39.88629
1202329738 116.68448 39.88629
1202330038 116.68448 39.88629
1202330638 116.65364 39.89135
1202330938 116.65295 39.89578
1202331538 116.6862 39.8995
1202331838 116.70911 39.88223
1202332138 116.73788 39.85625
1202332438 116.77258 39.83108
1202332738 116.80366 39.81165
1202333038 116.8585 39.81309
1202333338 116.86867 39.81711
1202333638 116.8687 39.81719
1202333938 116.86868 39.81719
1202334238 116.86867 39.81721
1202334538 116.86865 39.81721
1202334837 116.86864 39.81721
1202335137 116.86864 39.81721
1202335437 116.86863 39.81721
1202335737 116.86863 39.81721
1202336037 116.86863 39.81721
1202336337 116.86863 39.81721
1202336637 116.86862 39.8172
1202336937 116.86862 39.81719
1202337237 116.86862 39.81719
1202337537 116.86862 39.81718
1202337837 116.86861 39.81718
1202338137 116.86861 39.81719
1202338437 116.86861 39.8172
1202338737 116.8686 39.8172
1202339037 116.8686 39.8172
1202339337 116.8686 39.8172
1202339637 116.8686 39.81721
1202339937 116.8686 39.81721
1202340237 116.8686 39.81722
1202340537 116.8686 39.81722
1202340837 116.8686 39.81722
1202341137 116.86861 39.81722
1202341437 116.86861 39.81723
1202341737 116.86861 39.81723
1202342037 116.86861 39.81723
1202342337 116.86861 39.81723
1202342637 116.86861 39.81723
1202342937 116.86861 39.81724
1202343237 116.86861 39.81724
1202343537 116.86861 39.81724
1202343837 116.86861 39.81724
1202344137 116.86861 39.81724
1202344437 116.86861 39.81724
1202344737 116.8686 39.81724
1202345037 116.8686 39.81724
1202345037 116.8686 39.81724
1202345337 116.8686 39.81724
1202345637 116.8686 39.81724
1202345937 116.8686 39.81724
1202346237 116.8686 39.81724
1202346537 116.8686 39.81724
1202346837 116.8686 39.81724
1202347137 116.8686 39.81724
1202347437 116.8686 39.81724
1202347737 116.8686 39.81724
1202348037 116.86861 39.81724
1202348337 116.86861 39.81724
1202348637 116.86861 39.81723
1202348937 116.86861 39.81723
1202349236 116.86861 39.81723
1202349536 116.86862 39.81723
1202350436 116.86863 39.81723
1202350736 116.86863 39.81723
1202351036 116.86862 39.81723
1202351636 116.86862 39.81724
1202351936 116.86862 39.81724
1202352236 116.86862 39.81724
1202352536 116.86862 39.81724
1202352836 116.86861 39.81724
1202353136 116.86861 39.81724
1202353436 116.86861 39.81724
1202353736 116.86861 39.81724
1202354036 116.86861 39.81724
1202354336 116.86861 39.81724
1202354636 116.86861 39.81724
1202354936 116.86861 39.81724
1202355236 116.86861 39.81724
1202355536 116.86861 39.81724
1202355836 116.86861 39.81724
1202356136 116.86861 39.81724
1202356436 116.86861 39.81724
1202356736 116.86861 39.81724
1202357036 116.8686 39.81724
1202357336 116.8686 39.81724
1202357936 116.8686 39.81724
1202358236 116.86861 39.81724
1202358536 116.86861 39.81723
1202358836 116.86861 39.81723
1202359136 116.86861 39.81723
1202359436 116.86861 39.81723
1202359736 116.86861 39.81723
1202360036 116.86861 39.81724
1202360336 116.86861 39.81724
1202360636 116.86861 39.81724
1202360936 116.86861 39.81724
1202361236 116.86861 39.81724
1202361536 116.86861 39.81724
1202361836 116.86861 39.81724
1202362136 116.86861 39.81724
1202362436 116.8686 39.81724
1202362436 116.8686 39.81724
1202362736 116.8686 39.81724
1202363036 116.8686 39.81724
1202363336 116.86859 39.81724
1202363636 116.86859 39.81725
1202363936 116.86859 39.81725
1202364235 116.86859 39.81725
1202364535 116.86859 39.81724
1202364835 116.86903 39.81682
1202365135 116.86848 39.81728
1202365435 116.86852 39.81725
1202365735 116.86853 39.81723
1202366035 116.86854 39.81723
1202366335 116.86855 39.81722
1202366635 116.86854 39.81723
1202366935 116.86854 39.81722
1202367235 116.86856 39.81721
1202367535 116.86856 39.81721
1202367835 116.86856 39.81721
1202368135 116.86856 39.81722
1202368435 116.86857 39.81722
1202368735 116.86857 39.81723
1202369035 116.86857 39.81722
1202369335 116.86858 39.81722
1202369635 116.86858 39.81723
1202369935 116.86858 39.81723
1202370235 116.86858 39.81722
1202370535 116.86858 39.81722
1202370835 116.86858 39.81722
1202371135 116.86858 39.81722
1202371135 116.86858 39.81722
1202371435 116.86859 39.81722
1202371735 116.86859 39.81722
1202372035 116.86859 39.81723
1202372335 116.86859 39.81723
1202372635 116.8686 39.81723
1202372935 116.8686 39.81723
1202373235 116.86861 39.81723
1202373535 116.86861 39.81723
1202373835 116.86861 39.81723
1202374135 116.86861 39.81723
1202374435 116.86861 39.81723
1202374735 116.86861 39.81723
1202375035 116.8686 39.81724
1202375335 116.8686 39.81724
1202375635 116.8686 39.81724
1202375935 116.8686 39.81724
1202376535 116.86857 39.81701
1202376835 116.86961 39.81673
1202377135 116.84208 39.81324
1202377435 116.79513 39.81442
1202377735 116.77209 39.83207
1202378035 116.73633 39.86852
1202378335 116.69883 39.88944
1202378634 116.66964 39.90779
1202378934 116.65196 39.89999
1202379234 116.63737 39.89301
1202379534 116.63732 39.89301
1202379834 116.63788 39.89341
1202379834 116.63788 39.89341
1202380134 116.66478 39.88105
1202380434 116.6764 39.88052
1202380734 116.63714 39.88304
1202381334 116.63733 39.8932
1202381634 116.63735 39.89336
1202381934 116.63732 39.89363
1202382234 116.63729 39.89323
1202382534 116.63731 39.89331
1202383268 116.49856 39.90659
1202394738 116.37689 39.88799
1202395037 116.39981 39.89108
1202395337 116.42435 39.89217
1202395637 116.45401 39.89171
1202395936 116.4535 39.89227
1202396237 116.45359 39.89618
1202396537 116.45847 39.8959
1202396837 116.46464 39.89181
1202397076 116.46393 39.89207
1202397376 116.44323 39.9071
1202397676 116.4071 39.90681
1202397976 116.37082 39.90593
1202398105 116.36872 39.90975
1202398105 116.36872 39.90975
1202398405 116.37618 39.92118
1202398405 116.37618 39.92118
1202398705 116.38548 39.90286
1202398983 116.40508 39.89943
1202398983 116.40508 39.89943
1202399283 116.43771 39.89598
1202399583 116.44996 39.87509
1202399713 116.4617 39.87477
1202400013 116.48874 39.86978
1202400313 116.55464 39.86726
1202400613 116.57326 39.87425
1202400913 116.60316 39.88819
1202401212 116.62683 39.89088
1202401512 116.63456 39.90108
1202401812 116.65627 39.90672
1202402112 116.67064 39.9007
1202402412 116.68192 39.88644
1202402712 116.68429 39.88622
1202403012 116.68432 39.88638
1202403312 116.68389 39.88532
1202403612 116.68455 39.88676
1202403612 116.68455 39.88676
1202403912 116.68443 39.88657
1202403912 116.68443 39.88657
1202404212 116.70105 39.88752
1202404512 116.73379 39.87483
1202404812 116.76674 39.84008
1202405112 116.78787 39.814
1202405412 116.83095 39.81191
1202405712 116.87081 39.81662
1202406012 116.86866 39.81713
1202406312 116.86867 39.81714
1202406612 116.87155 39.81402
1202406912 116.85237 39.81057
1202407212 116.85235 39.81057
1202407512 116.85115 39.80804
1202407812 116.85971 39.80266
1202408112 116.85971 39.80266
1202408412 116.85971 39.80266
1202408412 116.85971 39.80266
1202408712 116.85971 39.80266
1202409012 116.85971 39.80266
1202409012 116.85971 39.80266
1202409312 116.85971 39.80266
1202409612 116.85971 39.80266
1202409912 116.90601 39.7739
1202410212 116.906 39.77393
1202410512 116.90086 39.77336
1202410812 116.86922 39.79059
1202411112 116.85224 39.81066
1202411412 116.85239 39.81035
1202411712 116.85238 39.81031
1202412012 116.8524 39.81041
1202412312 116.85241 39.81045
1202412312 116.85241 39.81045
1202412612 116.85248 39.81077
1202412612 116.85248 39.81077
1202412912 116.85242 39.81051
1202413212 116.8524 39.81048
1202413512 116.85246 39.81053
1202413818 116.85247 39.81053
1202414112 116.85256 39.81085
1202414412 116.8525 39.81069
1202414712 116.85247 39.81065
1202415012 116.85246 39.81065
1202415312 116.85243 39.81065
1202415611 116.85241 39.81064
1202415911 116.8524 39.81064
1202416211 116.8524 39.81065
1202416511 116.85239 39.81065
1202416811 116.85239 39.81065
1202417111 116.85239 39.81065
1202417411 116.85238 39.81065
1202417711 116.85237 39.81065
1202418011 116.85237 39.81065
1202418311 116.85237 39.81065
1202418611 116.85236 39.81065
1202418911 116.85236 39.81065
1202419211 116.85237 39.81064
1202419511 116.85237 39.81064
1202419811 116.85238 39.81063
1202420111 116.85238 39.81063
1202420411 116.85238 39.81063
1202420711 116.85238 39.81063
1202421011 116.85238 39.81063
1202421311 116.85238 39.81063
1202421311 116.85238 39.81063
1202421611 116.85238 39.81063
1202421911 116.85238 39.81062
1202422211 116.85238 39.81062
1202422511 116.85238 39.81062
1202422811 116.85238 39.81061
1202423111 116.85238 39.81061
1202423411 116.85238 39.81061
1202423711 116.85238 39.81061
1202424011 116.85237 39.8106
1202424311 116.85237 39.8106
1202424611 116.85237 39.8106
1202424911 116.85237 39.8106
1202425211 116.85237 39.8106
1202425511 116.85237 39.8106
1202425811 116.85237 39.8106
1202426111 116.85236 39.8106
1202426411 116.85236 39.8106
1202426711 116.85236 39.8106
1202427011 116.85235 39.8106
1202427311 116.85235 39.8106
1202427611 116.85235 39.8106
1202427911 116.85235 39.8106
1202428211 116.85235 39.8106
1202428511 116.85235 39.8106
1202428511 116.85235 39.8106
1202428811 116.85235 39.8106
1202429111 116.87009 39.81355
1202429411 116.86857 39.81723
1202429711 116.86857 39.81724
1202429711 116.86857 39.81724
1202430010 116.86858 39.81722
1202430010 116.86858 39.81722
1202430310 116.86859 39.81721
1202430610 116.86858 39.8172
1202430910 116.86858 39.8172
1202431210 116.86858 39.8172
1202431510 116.86857 39.8172
1202431810 116.86857 39.81721
1202432110 116.86858 39.81721
1202432410 116.86857 39.81722
1202432710 116.86857 39.81722
1202433010 116.86857 39.81722
1202433310 116.86857 39.81722
1202433610 116.86857 39.81721
1202433910 116.86857 39.81721
1202434210 116.86857 39.81721
1202434510 116.86857 39.81721
1202434810 116.86857 39.81721
1202435110 116.86857 39.81721
1202435410 116.86857 39.81721
1202435710 116.86858 39.81721
1202436010 116.86858 39.81721
1202437510 116.86858 39.81722
1202438710 116.86857 39.81723
1202439010 116.86857 39.81723
1202439310 116.86857 39.81723
1202439610 116.86858 39.81724
1202439910 116.86858 39.81724
1202440210 116.86858 39.81724
1202440510 116.86858 39.81724
1202440810 116.86858 39.81724
1202441110 116.86858 39.81724
1202441410 116.86858 39.81724
1202441710 116.86858 39.81724
1202442010 116.86857 39.81724
1202442310 116.86857 39.81724
1202442610 116.86857 39.81724
1202443210 116.86857 39.81724
1202443510 116.86858 39.81724
1202443810 116.86858 39.81723
1202444110 116.86859 39.81723
1202444409 116.86859 39.81723
1202444709 116.8686 39.81723
1202445009 116.8686 39.81723
1202445309 116.8686 39.81723
1202445609 116.86861 39.81723
1202445909 116.86861 39.81723
1202446209 116.86861 39.81723
1202446509 116.86861 39.81723
1202446809 116.86861 39.81723
1202447109 116.86862 39.81723
1202447409 116.86862 39.81724
1202447409 116.86862 39.81724
1202447709 116.86862 39.81723
1202448009 116.86862 39.81723
1202448309 116.86862 39.81723
1202448609 116.86861 39.81724
1202448909 116.86861 39.81724
1202449209 116.8686 39.81724
1202449509 116.8686 39.81724
1202449809 116.8686 39.81724
1202450109 116.8686 39.81724
1202450409 116.86859 39.81724
1202450709 116.86859 39.81724
1202451009 116.86859 39.81724
1202451309 116.86859 39.81724
1202451609 116.86859 39.81724
1202451909 116.86858 39.81724
1202452209 116.86858 39.81724
1202452509 116.86858 39.81724
1202452809 116.86858 39.81725
1202453109 116.86857 39.81725
1202453409 116.86858 39.81725
1202453709 116.86858 39.81724
1202454009 116.86858 39.81724
1202454309 116.86857 39.81724
1202454609 116.86858 39.81724
1202454909 116.86858 39.81724
1202455209 116.86858 39.81723
1202455509 116.86858 39.81724
1202455809 116.86858 39.81724
1202456109 116.86858 39.81724
1202456109 116.86858 39.81724
1202456409 116.86858 39.81724
1202456709 116.86858 39.81723
1202457009 116.86858 39.81723
1202457309 116.86858 39.81723
1202457609 116.86858 39.81724
1202457909 116.86858 39.81724
1202458209 116.86858 39.81724
1202458509 116.86858 39.81724
1202458809 116.86858 39.81724
1202459108 116.86858 39.81724
1202459408 116.86858 39.81724
1202459708 116.86858 39.81724
1202460008 116.86858 39.81724
1202460308 116.86858 39.81724
1202460608 116.86858 39.81724
1202460908 116.86858 39.81724
1202461208 116.86857 39.81724
1202461508 116.86857 39.81724
1202461808 116.86857 39.81724
1202462108 116.86857 39.81723
1202462408 116.86857 39.81723
1202462708 116.86857 39.81723
1202463008 116.86858 39.81723
1202463308 116.86858 39.81722
1202463608 116.86858 39.81722
1202463908 116.86858 39.81722
1202464208 116.87216 39.81408
1202464508 116.81595 39.81077
1202464808 116.77144 39.83317
1202464808 116.77144 39.83317
1202465108 116.73216 39.87831
1202465408 116.70041 39.88789
1202465708 116.68428 39.88641
1202466008 116.68426 39.88643
1202466308 116.68427 39.88635
1202466608 116.68427 39.88634
1202466908 116.67046 39.88519
1202467208 116.65049 39.88988
1202467508 116.63777 39.89345
1202467808 116.63746 39.89297
1202467808 116.63746 39.89297
1202468108 116.63747 39.89298
1202468408 116.63739 39.89279
1202468708 116.63738 39.89283
1202469008 116.63745 39.89291
1202469308 116.63582 39.89143
1202469608 116.60728 39.88854
1202469808 116.59533 39.88818
1202470108 116.57168 39.87423
1202470408 116.52402 39.86888
1202470708 116.50582 39.86628
1202470728 116.50581 39.86628
1202471008 116.50113 39.87297
1202471308 116.47169 39.88317
1202471608 116.4558 39.88298
1202471908 116.43997 39.87826
1202472208 116.39491 39.87049
1202472508 116.34304 39.87074
1202472674 116.34038 39.86965
1202472974 116.34864 39.86662
1202473015 116.35042 39.86671
1202473314 116.38176 39.87018
1202473630 116.38397 39.88812
1202473657 116.38396 39.88812
1202473957 116.41527 39.89171
1202474257 116.44447 39.89197
1202474557 116.45269 39.88317
1202474637 116.44599 39.8833
1202474937 116.43469 39.89776
1202475237 116.42936 39.91028
1202475537 116.42707 39.94715
1202475537 116.42707 39.94715
1202475837 116.40517 39.94773
1202476058 116.36837 39.94761
1202476137 116.3657 39.94924
1202476437 116.38527 39.94743
1202476737 116.40148 39.94768
1202477037 116.42787 39.9313
1202477337 116.43864 39.88711
1202477489 116.44467 39.88311
1202477789 116.45841 39.89937
1202478089 116.45837 39.89945
1202478389 116.45839 39.89976
1202478689 116.45838 39.89939
1202478989 116.47122 39.89455
1202479289 116.46354 39.89255
1202479296 116.46303 39.89259
1202479596 116.45561 39.92549
1202479596 116.45561 39.92549
1202479896 116.42698 39.96845
1202480185 116.42094 39.98475
1202480485 116.41749 39.97947
1202480561 116.41834 39.97505
1202480861 116.41183 39.96361
1202480949 116.41207 39.95816
1202481161 116.41921 39.96086
1202481249 116.41622 39.9607
1202481549 116.4132 39.96752
1202481849 116.43179 39.9611
1202481877 116.43313 39.96017
1202482177 116.4196 39.94814
1202482477 116.35854 39.94481
1202482777 116.35042 39.90217
1202483054 116.31619 39.89627
1202483354 116.31813 39.90615
1202483476 116.32306 39.89789
1202484076 116.34284 39.90174
1202484376 116.33892 39.9124
1202484831 116.34182 39.93588
1202484905 116.34322 39.93457
1202484984 116.34337 39.93276
1202485205 116.33523 39.92193
1202485505 116.33872 39.93107
1202485620 116.34684 39.93097
1202485920 116.32799 39.93133
1202486220 116.29816 39.93124
1202486486 116.27953 39.93114
1202486751 116.29467 39.92259
1202487051 116.32228 39.92212
1202487351 116.34844 39.92229
1202487651 116.37104 39.9218
1202487951 116.39679 39.92249
1202488251 116.4018 39.91388
1202488272 116.40186 39.91389
1202488572 116.40489 39.92223
1202488872 116.40276 39.93142
1202488872 116.40276 39.93142
1202489172 116.41966 39.93464
1202489351 116.42591 39.93952
1202489651 116.44418 39.92586
1202489801 116.44108 39.92227
1202490101 116.45023 39.92703
1202490401 116.45512 39.91964
1202490479 116.45708 39.92104
1202490779 116.45538 39.91628
1202491079 116.42471 39.90724
1202491379 116.39151 39.90638
1202491679 116.37006 39.9071
1202491979 116.36833 39.90583
1202492279 116.3467 39.90188
