UTS Latitude Longitude
1201959560 116.56706 40.07163
1201959860 116.56706 40.07162
1201960160 116.56706 40.07162
1201960460 116.56706 40.07162
1201960760 116.56706 40.07161
1201961060 116.56706 40.07161
1201961360 116.56706 40.07161
1201961660 116.56707 40.07162
1201961660 116.56707 40.07162
1201961960 116.56707 40.07163
1201962260 116.56707 40.07163
1201962560 116.56707 40.07163
1201962860 116.56423 40.07083
1201963160 116.56596 40.0641
1201963760 116.56651 40.064
1201964060 116.57213 40.06327
1201964060 116.57213 40.06327
1201964360 116.57211 40.06324
1201964660 116.57753 40.06274
1201964960 116.58268 40.06176
1201965260 116.58275 40.06133
1201965560 116.58308 40.06039
1201965860 116.5808 40.07372
1201966160 116.58687 40.07728
1201966460 116.58729 40.079
1201966760 116.58133 40.04893
1201967060 116.55578 40.03
1201967360 116.49397 39.99778
1201967660 116.47382 39.98865
1201967960 116.4652 39.98335
1201968260 116.46884 39.9747
1201968560 116.52394 40.01887
1201968860 116.57103 40.03853
1201969160 116.584 40.0794
1201969460 116.58762 40.0785
1201969760 116.57433 40.04245
1201970060 116.50436 40.00704
1201970360 116.43971 40.01782
1201970660 116.35837 40.02162
1201971259 116.21496 39.98361
1201971559 116.20454 39.92455
1201971859 116.17596 39.92314
1201972159 116.14037 39.92397
1201972459 116.11227 39.93577
1201972759 116.09369 39.94122
1201973059 116.10848 39.93491
1201973659 116.16273 39.92471
1201973959 116.17996 39.92631
1201974259 116.19111 39.92927
1201974559 116.21894 39.93174
1201974859 116.22107 39.93145
1201975159 116.22483 39.93068
1201975459 116.249 39.92822
1201975759 116.26765 39.92727
1201976059 116.29531 39.93101
1201976359 116.31887 39.93106
1201976659 116.32785 39.92692
1201976959 116.33551 39.92175
1201977259 116.35681 39.92244
1201977559 116.35759 39.91324
1201977859 116.35882 39.92199
1201978159 116.36193 39.92994
1201978459 116.36158 39.93918
1201978759 116.33871 39.93718
1201979059 116.30418 39.94595
1201979059 116.30418 39.94595
1201979359 116.30125 39.96752
1201979659 116.29776 39.96707
1201979959 116.29285 39.96026
1201980259 116.28351 39.95652
1201980559 116.28669 39.95331
1201980865 116.28204 39.95699
1201981159 116.26915 39.96316
1201981759 116.26871 39.93037
1201982059 116.26897 39.91764
1201982359 116.27084 39.8772
1201982659 116.27665 39.85787
1201982959 116.28033 39.84718
1201982981 116.31563 39.99157
1201983559 116.26826 39.89229
1201983859 116.25183 39.8989
1201984159 116.25869 39.90487
1201984459 116.27068 39.90605
1201984759 116.2872 39.90617
1201985059 116.29654 39.90604
1201985359 116.29843 39.90605
1201985659 116.30427 39.89024
1201985959 116.30864 39.88516
1201986259 116.31505 39.8835
1201986859 116.33346 39.88846
1201987159 116.34188 39.87629
1201987459 116.35258 39.88363
1201987759 116.36677 39.88773
1201987759 116.36677 39.88773
1201988059 116.378 39.8879
1201988359 116.40574 39.89133
1201988659 116.41246 39.89907
1201988959 116.4293 39.90706
1201989858 116.44297 39.92545
1201990158 116.44311 39.9254
1201990458 116.44312 39.92539
1201990758 116.44313 39.92539
1201991058 116.43811 39.92552
1201991358 116.43752 39.92701
1201991658 116.43686 39.92562
1201991958 116.42754 39.94139
1201992258 116.42868 39.95834
1201992558 116.43662 39.96291
1201993158 116.45113 39.95575
1201993458 116.45005 39.95483
1201993758 116.45027 39.95491
1201994058 116.45058 39.95527
1201994358 116.45091 39.95498
1201994658 116.45047 39.95474
1201994958 116.45368 39.95674
1201995258 116.45975 39.95836
1201995558 116.47819 39.97107
1201996174 116.48354 39.91865
1201996458 116.50561 39.91489
1201996458 116.50561 39.91489
1201996758 116.53016 39.91539
1201997058 116.55372 39.91485
1201997358 116.57499 39.91324
1201997658 116.59233 39.91427
1201997958 116.60545 39.91184
1201998258 116.65381 39.9215
1201998558 116.68382 39.92997
1201999158 116.7605 39.94213
1201999458 116.76193 39.94219
1201999758 116.76194 39.9422
1202000058 116.76193 39.9422
1202000358 116.76196 39.94219
1202000658 116.76196 39.9422
1202000958 116.76196 39.9422
1202001258 116.76196 39.9422
1202001558 116.76196 39.9422
1202001858 116.76196 39.9422
1202002158 116.76195 39.9422
1202002458 116.76195 39.9422
1202002758 116.76194 39.9422
1202003058 116.76195 39.9422
1202003358 116.76194 39.94221
1202003658 116.76194 39.94222
1202005158 116.76191 39.94224
1202005158 116.76191 39.94224
1202005758 116.76191 39.94225
1202012398 116.7619 39.94226
1202012657 116.7619 39.94226
1202012957 116.76191 39.94226
1202013257 116.76191 39.94226
1202013557 116.76191 39.94226
1202013857 116.76191 39.94225
1202014157 116.76191 39.94225
1202014457 116.7619 39.94225
1202014757 116.76191 39.94225
1202015057 116.76191 39.94225
1202015357 116.76191 39.94225
1202015657 116.76191 39.94225
1202015957 116.76191 39.94225
1202016257 116.76191 39.94225
1202016557 116.76191 39.94225
1202016857 116.76191 39.94225
1202017157 116.76191 39.94225
1202017457 116.76191 39.94225
1202017757 116.76191 39.94225
1202018057 116.76191 39.94224
1202018357 116.76191 39.94224
1202018657 116.76191 39.94224
1202018957 116.76191 39.94224
1202019257 116.76191 39.94224
1202019557 116.76191 39.94225
1202019857 116.76192 39.94225
1202020157 116.76191 39.94225
1202020457 116.76192 39.94225
1202021057 116.76192 39.94225
1202021357 116.76192 39.94225
1202021957 116.76176 39.94219
1202022257 116.76195 39.94222
1202022557 116.76191 39.94223
1202022557 116.76191 39.94223
1202022857 116.76192 39.94224
1202023157 116.76193 39.94223
1202023457 116.76192 39.94222
1202023757 116.76191 39.94222
1202024057 116.76191 39.94222
1202024357 116.76191 39.94222
1202024657 116.7619 39.94223
1202024957 116.7619 39.94224
1202025857 116.7619 39.94225
1202026156 116.76189 39.94226
1202026456 116.76189 39.94226
1202026756 116.76189 39.94227
1202027356 116.76189 39.94227
1202028256 116.7619 39.94227
1202028856 116.759 39.94189
1202029156 116.71333 39.93949
1202029456 116.66673 39.92244
1202029756 116.60857 39.91214
1202030056 116.57864 39.91287
1202030356 116.55537 39.91502
1202030656 116.54315 39.91482
1202030956 116.51922 39.91601
1202031256 116.50638 39.90688
1202031256 116.50638 39.90688
1202031556 116.5122 39.91525
1202031856 116.50635 39.91495
1202032156 116.48239 39.90753
1202032456 116.49658 39.8965
1202032756 116.48856 39.89942
1202033056 116.47207 39.89914
1202033356 116.47179 39.89772
1202033656 116.46749 39.90402
1202033956 116.438 39.8842
1202034256 116.43388 39.88295
1202034556 116.44896 39.88323
1202035456 116.43241 39.90715
1202035756 116.40158 39.90666
1202036056 116.39955 39.92289
1202036356 116.41361 39.92291
1202036956 116.41037 39.94428
1202037256 116.40133 39.96657
1202037856 116.40178 39.98181
1202038156 116.37693 39.98643
1202038456 116.34709 39.99183
1202038756 116.33134 39.99144
1202039056 116.31485 39.98461
1202039356 116.31055 39.97927
1202039656 116.31054 39.98002
1202039956 116.32722 39.9764
1202039956 116.32722 39.9764
1202040256 116.33523 39.96614
1202040556 116.34886 39.95365
1202040856 116.34993 39.94261
1202041156 116.34985 39.92526
1202041456 116.35015 39.90728
1202041756 116.35683 39.89867
1202042056 116.35045 39.90704
1202042356 116.32835 39.91504
1202042656 116.32852 39.92118
1202042956 116.32321 39.92691
1202043256 116.31384 39.93071
1202043556 116.31951 39.93997
1202043856 116.31598 39.96408
1202044156 116.31669 39.96552
1202044455 116.31684 39.96547
1202044755 116.31705 39.96515
1202045055 116.31715 39.96504
1202045355 116.31728 39.96479
1202045655 116.31718 39.96499
1202045955 116.31715 39.96505
1202046255 116.31701 39.96553
1202046555 116.31833 39.96538
1202046855 116.35355 39.96625
1202047155 116.36467 39.95692
1202047755 116.36671 39.93173
1202048055 116.39316 39.93195
1202048355 116.411 39.92662
1202048655 116.4175 39.92291
1202048655 116.4175 39.92291
1202048955 116.42893 39.911
1202049555 116.48685 39.89167
1202049855 116.51319 39.8904
1202050155 116.5132 39.89037
1202050455 116.51319 39.89037
1202050755 116.51319 39.89037
1202051055 116.51319 39.89037
1202051355 116.51319 39.89037
1202051655 116.51319 39.89037
1202051955 116.51319 39.89037
1202052255 116.51319 39.89036
1202052555 116.51319 39.89036
1202052855 116.51319 39.89036
1202053155 116.51318 39.89035
1202053455 116.51318 39.89035
1202053755 116.51318 39.89035
1202054055 116.51318 39.89035
1202054355 116.51319 39.89035
1202054655 116.51319 39.89035
1202054955 116.51319 39.89035
1202055555 116.51319 39.89034
1202055855 116.51319 39.89034
1202056155 116.51319 39.89034
1202056455 116.51319 39.89034
1202056755 116.51319 39.89034
1202057055 116.51319 39.89034
1202057355 116.51319 39.89034
1202057355 116.51319 39.89034
1202057655 116.51319 39.89034
1202057955 116.51319 39.89034
1202058255 116.51319 39.89034
1202058555 116.51319 39.89034
1202058855 116.51319 39.89034
1202059155 116.53875 39.89346
1202059455 116.55492 39.90281
1202059755 116.57175 39.90887
1202060055 116.59861 39.91141
1202060355 116.64575 39.92096
1202060655 116.67986 39.92596
1202060955 116.67986 39.92596
1202061255 116.67978 39.92595
1202061555 116.67983 39.92605
1202061854 116.67946 39.92767
1202062154 116.72339 39.94239
1202062454 116.76175 39.94195
1202062754 116.76182 39.94215
1202063054 116.76356 39.9472
1202063354 116.76498 39.94794
1202063654 116.765 39.94795
1202063954 116.76501 39.94795
1202064254 116.75635 39.94645
1202064554 116.74443 39.93602
1202064854 116.73621 39.9354
1202065154 116.73692 39.93432
1202065454 116.73692 39.93432
1202065754 116.73692 39.93431
1202066054 116.73691 39.93431
1202066054 116.73691 39.93431
1202066354 116.73691 39.93432
1202066654 116.7369 39.93433
1202066954 116.73641 39.93544
1202067254 116.73644 39.93544
1202067554 116.73644 39.93543
1202067854 116.73644 39.93542
1202068154 116.73644 39.93542
1202068454 116.73644 39.93544
1202068754 116.71865 39.93595
1202069354 116.71861 39.94197
1202069453 116.28039 39.84728
1202069655 116.7332 39.93477
1202069955 116.73645 39.93544
1202070254 116.73642 39.93543
1202070554 116.73643 40.04842
1202070854 116.73642 39.93542
1202071154 116.73642 39.93541
1202071454 116.73643 39.93542
1202072054 116.73643 39.93541
1202072354 116.73643 39.93541
1202072654 116.73643 39.9354
1202072954 116.73643 39.9354
1202073254 116.73643 39.9354
1202073554 116.73643 39.9354
1202073554 116.73643 39.9354
1202073854 116.73643 39.9354
1202074154 116.73643 39.9354
1202074454 116.73643 39.9354
1202074754 116.73643 39.9354
1202074754 116.73643 39.9354
1202075054 116.73643 39.9354
1202075354 116.73644 39.9354
1202075954 116.73644 39.93539
1202076254 116.73644 39.93539
1202076554 116.73644 39.93539
1202076854 116.73644 39.93539
1202077154 116.73644 39.93539
1202077454 116.73644 39.93539
1202077754 116.73644 39.93539
1202078054 116.73644 39.93538
1202078354 116.73643 39.93538
1202078654 116.73643 39.93538
1202078954 116.73643 39.93538
1202079254 116.73643 39.93538
1202079554 116.73643 39.93538
1202079853 116.74194 39.93595
1202080153 116.76086 39.9474
1202081053 116.7619 39.94224
1202081353 116.7619 39.94224
1202081653 116.7619 39.94224
1202081953 116.76189 39.94224
1202082253 116.7619 39.94224
1202082553 116.76189 39.94224
1202082853 116.7619 39.94224
1202083153 116.76189 39.94224
1202083453 116.7619 39.94224
1202083453 116.7619 39.94224
1202083753 116.7619 39.94224
1202083753 116.7619 39.94224
1202084053 116.7619 39.94225
1202084353 116.7619 39.94225
1202084653 116.7619 39.94225
1202084953 116.7619 39.94225
1202085253 116.7619 39.94225
1202085553 116.76191 39.94225
1202085853 116.76191 39.94225
1202086153 116.76191 39.94225
1202086453 116.7619 39.94225
1202086753 116.7619 39.94225
1202087053 116.7619 39.94226
1202087353 116.7619 39.94226
1202087653 116.76191 39.94226
1202087953 116.76191 39.94226
1202088253 116.76191 39.94226
1202088553 116.76191 39.94226
1202088853 116.76191 39.94226
1202089153 116.76191 39.94226
1202089753 116.76191 39.94226
1202090053 116.76191 39.94226
1202090053 116.76191 39.94226
1202090353 116.76191 39.94226
1202090653 116.76191 39.94226
1202091553 116.76191 39.94226
1202091853 116.76191 39.94226
1202092153 116.76191 39.94226
1202092153 116.76191 39.94226
1202092453 116.76191 39.94226
1202092453 116.76191 39.94226
1202092753 116.76191 39.94226
1202093053 116.76191 39.94226
1202093353 116.76191 39.94226
1202093653 116.76191 39.94226
1202093953 116.76191 39.94226
1202094253 116.76191 39.94226
1202094553 116.76191 39.94226
1202094853 116.76191 39.94225
1202095153 116.76191 39.94225
1202095453 116.76191 39.94225
1202095753 116.76191 39.94225
1202096053 116.76191 39.94225
1202096353 116.76191 39.94225
1202096653 116.76191 39.94225
1202096953 116.76191 39.94226
1202097253 116.76191 39.94226
1202097553 116.76191 39.94226
1202097853 116.76191 39.94226
1202098152 116.76191 39.94226
1202098453 116.76191 39.94226
1202098752 116.76191 39.94226
1202099052 116.76191 39.94226
1202099352 116.76191 39.94226
1202099652 116.7619 39.94226
1202099952 116.7619 39.94226
1202100252 116.7619 39.94226
1202100552 116.7619 39.94226
1202100852 116.7619 39.94226
1202101152 116.7619 39.94226
1202101152 116.7619 39.94226
1202101452 116.7619 39.94226
1202101752 116.7619 39.94226
1202102052 116.7619 39.94226
1202102352 116.76189 39.94226
1202102652 116.76189 39.94227
1202102952 116.76189 39.94227
1202103252 116.76189 39.94227
1202103552 116.76189 39.94227
1202103852 116.76188 39.94227
1202104152 116.76188 39.94228
1202104452 116.76188 39.94228
1202104752 116.76188 39.94228
1202105052 116.76188 39.94227
1202105352 116.76188 39.94227
1202105652 116.76188 39.94227
1202105952 116.76188 39.94227
1202106252 116.76188 39.94227
1202106552 116.76188 39.94228
1202106852 116.76188 39.94228
1202107152 116.76188 39.94227
1202107452 116.76189 39.94227
1202107752 116.76189 39.94227
1202108052 116.7619 39.94226
1202108352 116.7619 39.94226
1202108652 116.7619 39.94226
1202108952 116.7619 39.94226
1202109252 116.7619 39.94225
1202109552 116.7619 39.94225
1202109852 116.76191 39.94225
1202109852 116.76191 39.94225
1202110152 116.76191 39.94225
1202110452 116.76191 39.94224
1202110752 116.76191 39.94224
1202111052 116.76191 39.94224
1202111352 116.76191 39.94224
1202111652 116.76191 39.94224
1202111952 116.76191 39.94224
1202112252 116.76191 39.94224
1202112852 116.76191 39.94224
1202113152 116.76191 39.94225
1202113752 116.76191 39.94225
1202114052 116.76191 39.94225
1202114352 116.7619 39.94225
1202114652 116.7619 39.94226
1202114952 116.7619 39.94226
1202115252 116.7619 39.94226
1202115552 116.7619 39.94226
1202115852 116.7619 39.94226
1202116152 116.7619 39.94226
1202116452 116.7619 39.94226
1202116752 116.76189 39.94226
1202117051 116.7604 39.94195
1202117051 116.7604 39.94195
1202117351 116.73285 39.94663
1202117651 116.68861 39.93114
1202117951 116.65455 39.92183
1202118251 116.63674 39.91241
1202118551 116.63311 39.90514
1202118551 116.63311 39.90514
1202118851 116.63742 39.89415
1202119151 116.66127 39.88398
1202119451 116.6738 39.87394
1202119751 116.65046 39.8967
1202120051 116.65085 39.91268
1202120351 116.65109 39.91186
1202120651 116.64296 39.92106
1202120951 116.61555 39.92469
1202121251 116.60687 39.9273
1202121551 116.5841 39.91904
1202121851 116.57724 39.92312
1202122151 116.53648 39.9224
1202122451 116.50099 39.92195
1202122751 116.496 39.9345
1202123051 116.48579 39.93787
1202123351 116.48368 39.9185
1202123651 116.45989 39.9075
1202123951 116.45486 39.90957
1202124251 116.45535 39.90737
1202124551 116.47086 39.90724
1202124851 116.46712 39.91225
1202125151 116.46809 39.91238
1202125451 116.47102 39.91224
1202125751 116.46472 39.91477
1202126051 116.47824 39.92137
1202126651 116.4568 39.92171
1202126951 116.45384 39.91978
1202127251 116.44775 39.9215
1202127251 116.44775 39.9215
1202127551 116.45217 39.92142
1202127851 116.45222 39.92123
1202128151 116.45218 39.92132
1202128451 116.44785 39.9215
1202128751 116.46151 39.9156
1202129051 116.47501 39.91403
1202129351 116.4977 39.91451
1202129651 116.5117 39.92135
1202130551 116.5112 39.92215
1202130851 116.52365 39.9158
1202131151 116.51315 39.91562
1202131451 116.50462 39.91514
1202131751 116.49389 39.92703
1202132051 116.49528 39.92701
1202132351 116.51183 39.91948
1202132651 116.49405 39.91461
1202132957 116.46388 39.91522
1202133251 116.45452 39.9274
1202133551 116.45524 39.92595
1202133851 116.4581 39.92132
1202134151 116.46681 39.92474
1202134451 116.464 39.92902
1202134751 116.45751 39.92196
1202135051 116.45523 39.9126
1202135351 116.44545 39.90466
1202135650 116.45425 39.91373
1202135950 116.44521 39.92157
1202135950 116.44521 39.92157
1202136250 116.44418 39.91233
1202136850 116.46492 39.90379
1202137150 116.46537 39.9072
1202137450 116.46563 39.90681
1202137750 116.4445 39.90746
1202138050 116.45544 39.91699
1202138350 116.46078 39.92492
1202138650 116.45882 39.92178
1202139250 116.45079 39.92178
1202139550 116.44816 39.91987
1202139850 116.44424 39.92945
1202140150 116.44444 39.93315
1202140450 116.44423 39.93925
1202140750 116.43817 39.95383
1202141050 116.44293 39.95978
1202141350 116.45167 39.95388
1202141650 116.4528 39.94725
1202141950 116.4475 39.94674
1202142250 116.44922 39.94089
1202142550 116.4492 39.93547
1202142850 116.43925 39.93985
1202143450 116.38568 39.94757
1202143750 116.35931 39.94525
1202144050 116.3448 39.93871
1202144350 116.30384 39.93909
1202144650 116.3041 39.91825
1202144650 116.3041 39.91825
1202144950 116.29996 39.90637
1202145250 116.29608 39.91187
1202145550 116.29336 39.92176
1202145850 116.29429 39.92227
1202146150 116.32139 39.92186
1202146450 116.33921 39.92161
1202146750 116.35025 39.9223
1202147050 116.35006 39.92497
1202147350 116.36485 39.94706
1202147650 116.40189 39.95205
1202147950 116.40042 39.95756
1202148250 116.40199 39.94393
1202148550 116.4024 39.93276
1202148850 116.40448 39.92048
1202149150 116.40888 39.92282
1202149450 116.4186 39.92283
1202150050 116.43933 39.92185
1202150350 116.44742 39.9215
1202150950 116.45587 39.94628
1202151550 116.46127 39.93281
1202151850 116.46099 39.93122
1202152450 116.4612 39.92429
1202152749 116.46122 39.92429
1202153049 116.46078 39.92617
1202153349 116.47205 39.92385
1202153349 116.47205 39.92385
1202153649 116.48693 39.92153
1202153949 116.48872 39.91462
1202154249 116.49703 39.9143
1202154549 116.50548 39.91481
1202154849 116.5271 39.91564
1202155149 116.52886 39.91802
1202155449 116.52407 39.91572
1202155749 116.53742 39.91494
1202156050 116.55791 39.91501
1202156649 116.57495 39.90575
1202156949 116.57437 39.91326
1202157249 116.599 39.91137
1202157549 116.62695 39.91545
1202157850 116.65355 39.92142
1202158150 116.6799 39.92598
1202158450 116.68016 39.9259
1202159049 116.68588 39.93036
1202159349 116.73285 39.9466
1202160249 116.76183 39.9423
1202160549 116.76184 39.9423
1202160849 116.76185 39.94229
1202161449 116.76184 39.9423
1202161749 116.76185 39.9423
1202162049 116.76185 39.9423
1202162049 116.76185 39.9423
1202162349 116.76189 39.94229
1202162649 116.76189 39.94229
1202162949 116.76189 39.94229
1202163549 116.7619 39.94229
1202163849 116.76192 39.94228
1202164149 116.76192 39.94229
1202164449 116.76192 39.94229
1202164749 116.76192 39.94228
1202165049 116.76192 39.94228
1202165349 116.76192 39.94228
1202165649 116.76192 39.94228
1202165949 116.76191 39.94228
1202166249 116.76191 39.94228
1202166549 116.76191 39.94228
1202166849 116.76191 39.94228
1202167149 116.76191 39.94228
1202167449 116.76191 39.94228
1202168349 116.76192 39.94227
1202168649 116.76191 39.94227
1202168949 116.76191 39.94227
1202169249 116.76191 39.94227
1202169549 116.76191 39.94227
1202170149 116.76191 39.94227
1202170449 116.76191 39.94228
1202170749 116.7619 39.94228
1202170749 116.7619 39.94228
1202171048 116.7619 39.94228
1202171348 116.7619 39.94228
1202171648 116.7619 39.94228
1202171948 116.7619 39.94228
1202172248 116.7619 39.94228
1202172548 116.7619 39.94228
1202172848 116.7619 39.94228
1202173148 116.7619 39.94228
1202173448 116.7619 39.94228
1202173748 116.7619 39.94228
1202174048 116.7619 39.94228
1202174348 116.7619 39.94228
1202174948 116.7619 39.94227
1202175248 116.7619 39.94227
1202175548 116.7619 39.94227
1202175848 116.7619 39.94227
1202176148 116.7619 39.94227
1202176448 116.7619 39.94227
1202176748 116.7619 39.94227
1202177048 116.7619 39.94227
1202178848 116.76189 39.94227
1202179448 116.7619 39.94227
1202179748 116.7619 39.94227
1202180048 116.7619 39.94227
1202180348 116.7619 39.94227
1202180648 116.7619 39.94227
1202180948 116.7619 39.94227
1202181248 116.7619 39.94227
1202181548 116.7619 39.94227
1202181848 116.7619 39.94227
1202182148 116.7619 39.94227
1202182448 116.7619 39.94227
1202182748 116.7619 39.94228
1202183048 116.7619 39.94228
1202183348 116.7619 39.94228
1202183648 116.7619 39.94228
1202183948 116.7619 39.94228
1202184248 116.7619 39.94228
1202184548 116.7619 39.94228
1202184848 116.7619 39.94228
1202185448 116.7619 39.94229
1202185748 116.76189 39.94229
1202186048 116.76189 39.94229
1202186348 116.76189 39.94229
1202187248 116.76189 39.94229
1202187848 116.76189 39.94229
1202188148 116.76188 39.9423
1202188148 116.76188 39.9423
1202188448 116.76188 39.9423
1202188747 116.76188 39.9423
1202189047 116.76188 39.9423
1202189347 116.76188 39.9423
1202189647 116.76188 39.9423
1202189947 116.76187 39.94229
1202190247 116.76187 39.94229
1202190847 116.76187 39.94229
1202191147 116.76187 39.94229
1202191447 116.76187 39.94229
1202191747 116.76187 39.94229
1202192047 116.76187 39.94229
1202192347 116.76187 39.94229
1202192647 116.76187 39.94229
1202192947 116.76188 39.94229
1202193247 116.76187 39.94229
1202193547 116.76187 39.94229
1202193847 116.76187 39.94229
1202194147 116.76187 39.94229
1202194447 116.76186 39.9423
1202194747 116.76186 39.9423
1202195047 116.76186 39.9423
1202195647 116.76186 39.9423
1202195947 116.76186 39.9423
1202196247 116.76186 39.9423
1202196847 116.76186 39.9423
1202196847 116.76186 39.9423
1202197147 116.76186 39.9423
1202197447 116.76186 39.9423
1202197747 116.76186 39.9423
1202198047 116.76187 39.9423
1202198347 116.76187 39.94229
1202198647 116.76187 39.94229
1202198947 116.76187 39.94229
1202199247 116.76187 39.94229
1202199547 116.76187 39.94229
1202199847 116.76187 39.94229
1202200147 116.76187 39.94229
1202200447 116.76188 39.94229
1202200747 116.76188 39.94229
1202201047 116.76188 39.94228
1202201347 116.76188 39.94228
1202201647 116.76185 39.94228
1202201947 116.75664 39.94181
1202202247 116.71474 39.94003
1202202547 116.67884 39.92294
1202202847 116.61421 39.91263
1202203147 116.57753 39.91298
1202203447 116.55132 39.91485
1202203747 116.532 39.9153
1202204047 116.50162 39.91479
1202204347 116.48412 39.9318
1202204647 116.46242 39.93247
1202204947 116.44534 39.93993
1202205247 116.43634 39.94179
1202205547 116.43376 39.93296
1202205547 116.43376 39.93296
1202205847 116.45125 39.93267
1202206147 116.46049 39.92814
1202206447 116.45513 39.93221
1202206747 116.42902 39.93245
1202207047 116.41977 39.93234
1202207347 116.42331 39.923
1202207646 116.43435 39.92163
1202207946 116.4475 39.92558
1202208246 116.44457 39.92138
1202208546 116.43773 39.90961
1202209146 116.44113 39.90589
1202209446 116.45544 39.90672
1202209746 116.45579 39.92011
1202210046 116.45579 39.94425
1202210346 116.44895 39.94878
1202210646 116.45531 39.9345
1202210946 116.46414 39.92893
1202211246 116.45566 39.92934
1202211546 116.45518 39.93831
1202211846 116.46655 39.93004
1202212146 116.46681 39.92888
1202212446 116.46403 39.9272
1202212746 116.46412 39.9273
1202213046 116.4642 39.92739
1202213646 116.4643 39.92754
1202213946 116.46528 39.92812
1202214246 116.45582 39.92748
1202214246 116.45582 39.92748
1202214546 116.4554 39.89835
1202214846 116.43899 39.85758
1202215146 116.40042 39.85585
1202215446 116.39264 39.85543
1202215746 116.4125 39.85553
1202216048 116.41806 39.86407
1202216346 116.42959 39.8605
1202216646 116.44383 39.85809
1202216946 116.45121 39.86332
1202217246 116.45293 39.8647
1202217546 116.46173 39.87911
1202217846 116.45566 39.88331
1202218146 116.43795 39.89505
1202218446 116.41755 39.90273
1202218746 116.42055 39.91259
1202219046 116.41972 39.93182
1202219346 116.43835 39.93232
1202219646 116.45978 39.93211
1202220246 116.46696 39.92472
1202220846 116.46693 39.92475
1202221146 116.46693 39.92475
1202222046 116.46564 39.92439
1202222346 116.46557 39.92435
1202222646 116.46559 39.92434
1202222946 116.4656 39.92435
1202222946 116.4656 39.92435
1202223246 116.46561 39.92436
1202223546 116.46566 39.9244
1202223846 116.46566 39.9244
1202224146 116.46564 39.92439
1202224446 116.46559 39.92452
1202224746 116.46565 39.92449
1202225046 116.46546 39.92435
1202225345 116.46549 39.92436
1202225645 116.46684 39.9288
1202225945 116.46486 39.92922
1202226245 116.47211 39.92892
1202226545 116.47182 39.91423
1202226845 116.47195 39.91399
1202227145 116.46714 39.92196
1202227445 116.46548 39.92937
1202227745 116.47174 39.9163
1202228045 116.47209 39.91446
1202228345 116.48213 39.9101
1202228645 116.4719 39.90669
1202228945 116.46919 39.90309
1202229245 116.46665 39.90791
1202229545 116.47205 39.90745
1202229845 116.4911 39.90661
1202230145 116.50075 39.90801
1202241516 116.3682 39.90552
1202241816 116.36785 39.91051
1202242062 116.36794 39.90407
1202242116 116.38235 39.92103
1202242416 116.40177 39.92295
1202242715 116.42746 39.92345
1202243015 116.4385 39.92211
1202243315 116.43186 39.92226
1202243614 116.43664 39.92188
1202243915 116.45093 39.91939
1202244215 116.46848 39.91224
1202244515 116.46605 39.90754
1202244814 116.4713 39.91225
1202245114 116.49478 39.9144
1202245414 116.50175 39.91466
1202245714 116.51927 39.92246
1202246014 116.51808 39.92453
1202246614 116.51222 39.9172
1202246914 116.51222 39.91719
1202247214 116.51195 39.91789
1202247514 116.48409 39.9209
1202247814 116.46263 39.93248
1202248114 116.44928 39.93997
1202248414 116.42541 39.93979
1202248714 116.411 39.93957
1202249014 116.42612 39.93958
1202249314 116.44954 39.93667
1202249614 116.45519 39.92059
1202249914 116.47525 39.9142
1202249914 116.47525 39.9142
1202250214 116.50185 39.9147
1202250514 116.52397 39.91576
1202250814 116.54934 39.91478
1202251114 116.57037 39.91391
1202251414 116.58938 39.91061
1202251714 116.62717 39.91559
1202252014 116.6847 39.92621
1202252314 116.72488 39.94293
1202252614 116.76048 39.94222
1202252914 116.76064 39.94229
1202253214 116.76193 39.94227
1202253514 116.76196 39.94229
1202253814 116.76196 39.94228
1202254414 116.76194 39.94226
1202254714 116.76194 39.94224
1202255014 116.76193 39.94224
1202255314 116.76192 39.94225
1202255314 116.76192 39.94225
1202255614 116.76192 39.94225
1202255914 116.76191 39.94225
1202256214 116.76191 39.94225
1202256814 116.7619 39.94225
1202257114 116.7619 39.94225
1202257414 116.76189 39.94225
1202257714 116.76189 39.94226
1202258014 116.76189 39.94226
1202258614 116.76188 39.94226
1202258614 116.76188 39.94226
1202258914 116.76188 39.94226
1202259214 116.76188 39.94226
1202259514 116.76188 39.94226
1202259814 116.76187 39.94227
1202260414 116.76187 39.94227
1202260714 116.76187 39.94228
1202261014 116.76186 39.94228
1202261314 116.76186 39.94228
1202261614 116.76186 39.94228
1202261914 116.76187 39.94228
1202262214 116.76187 39.94228
1202262513 116.76187 39.94228
1202262813 116.76187 39.94228
1202263113 116.76187 39.94228
1202263413 116.76187 39.94228
1202264013 116.76187 39.94228
1202264313 116.76187 39.94228
1202264613 116.76187 39.94228
1202264913 116.76186 39.94228
1202265513 116.76186 39.94228
1202266413 116.76186 39.94227
1202266713 116.76186 39.94227
1202267013 116.76186 39.94227
1202267313 116.76186 39.94227
1202267313 116.76186 39.94227
1202267613 116.76186 39.94226
1202267613 116.76186 39.94226
1202267913 116.76186 39.94226
1202268213 116.76186 39.94226
1202268513 116.76186 39.94226
1202268813 116.76186 39.94226
1202269412 116.76188 39.94222
1202269711 116.76189 39.94222
1202270011 116.76191 39.94222
1202270311 116.76192 39.94223
1202270911 116.76192 39.94224
1202271211 116.76191 39.94224
1202271511 116.7619 39.94225
1202271811 116.76189 39.94225
1202272111 116.76188 39.94225
1202272411 116.76187 39.94225
1202273011 116.76187 39.94224
1202273311 116.76187 39.94224
1202273611 116.76187 39.94224
1202273911 116.76187 39.94223
1202274211 116.76186 39.94223
1202274511 116.76186 39.94224
1202274811 116.76186 39.94224
1202275111 116.76186 39.94223
1202275411 116.76186 39.94223
1202275711 116.76186 39.94223
1202276311 116.76186 39.94224
1202276311 116.76186 39.94224
1202276611 116.76185 39.94224
1202277211 116.76186 39.94224
1202277511 116.76186 39.94224
1202277811 116.76186 39.94224
1202278111 116.76186 39.94224
1202278411 116.76186 39.94224
1202278711 116.76186 39.94224
1202279011 116.76187 39.94224
1202279311 116.76187 39.94224
1202279611 116.76187 39.94224
1202279911 116.76187 39.94223
1202280211 116.76187 39.94224
1202280511 116.76187 39.94224
1202280811 116.76187 39.94224
1202281111 116.76187 39.94224
1202281411 116.76187 39.94224
1202282011 116.76188 39.94224
1202282311 116.76188 39.94224
1202282611 116.76188 39.94224
1202282911 116.76188 39.94224
1202283211 116.76188 39.94224
1202283511 116.76188 39.94224
1202283811 116.76188 39.94224
1202284111 116.76188 39.94224
1202284411 116.76188 39.94224
1202285011 116.76188 39.94224
1202285311 116.76188 39.94224
1202285611 116.76188 39.94224
1202285911 116.76188 39.94224
1202286211 116.76188 39.94224
1202286511 116.76188 39.94223
1202286811 116.76189 39.94223
1202287111 116.76189 39.94223
1202287411 116.76189 39.94223
1202287711 116.7619 39.94223
1202288011 116.7619 39.94223
1202288311 116.7619 39.94223
1202288610 116.7619 39.94223
1202288910 116.7619 39.94223
1202289210 116.7619 39.94223
1202289510 116.7619 39.94223
1202289810 116.7619 39.94223
1202290110 116.7619 39.94223
1202290410 116.7619 39.94223
1202290710 116.7619 39.94223
1202291010 116.76189 39.94223
1202291310 116.76189 39.94223
1202291910 116.76189 39.94223
1202292210 116.76189 39.94223
1202292510 116.76189 39.94223
1202293110 116.76189 39.94223
1202293410 116.76189 39.94223
1202293710 116.76189 39.94223
1202293710 116.76189 39.94223
1202294010 116.76189 39.94223
1202294310 116.7619 39.94223
1202294610 116.7619 39.94223
1202294910 116.7619 39.94223
1202295210 116.76181 39.9421
1202295510 116.76184 39.94211
1202295810 116.76185 39.94211
1202296110 116.76186 39.94211
1202296410 116.76186 39.94212
1202296710 116.76187 39.94214
1202297010 116.76188 39.94215
1202297310 116.76189 39.94217
1202297610 116.76189 39.94218
1202297910 116.7619 39.9422
1202298210 116.76191 39.94221
1202298510 116.76192 39.94222
1202298810 116.76192 39.94223
1202299410 116.76192 39.94225
1202299710 116.76192 39.94226
1202300010 116.76192 39.94226
1202300610 116.76192 39.94228
1202300910 116.76192 39.94228
1202301210 116.76193 39.94229
1202301510 116.76193 39.94229
1202301810 116.76192 39.94229
1202302110 116.76192 39.94229
1202302410 116.76192 39.9423
1202302410 116.76192 39.9423
1202302710 116.76192 39.9423
1202303010 116.76192 39.9423
1202303310 116.76191 39.9423
1202303610 116.76191 39.9423
1202303910 116.76191 39.9423
1202304210 116.76191 39.94229
1202304510 116.76191 39.94229
1202304810 116.76192 39.94229
1202305110 116.76192 39.94229
1202305410 116.76192 39.94229
1202306009 116.76192 39.94229
1202306309 116.76192 39.94229
1202306609 116.76192 39.94228
1202306909 116.76192 39.94228
1202307209 116.76192 39.94228
1202307509 116.76211 39.94222
1202307809 116.76203 39.94222
1202308109 116.762 39.94226
1202308409 116.76198 39.94225
1202309009 116.76195 39.94222
1202309309 116.76194 39.94221
1202309609 116.76194 39.94221
1202309909 116.76194 39.94221
1202310209 116.76194 39.94221
1202310809 116.76194 39.94221
1202311109 116.76194 39.94221
1202311109 116.76194 39.94221
1202311409 116.76195 39.94221
1202311709 116.76195 39.94221
1202312009 116.76195 39.94221
1202312309 116.76195 39.94222
1202312609 116.76195 39.94222
1202312909 116.76195 39.94222
1202313209 116.76196 39.94222
1202313509 116.76196 39.94223
1202313809 116.76196 39.94223
1202314109 116.76196 39.94223
1202314409 116.76196 39.94223
1202314709 116.76196 39.94223
1202315009 116.76196 39.94223
1202315309 116.76196 39.94223
1202315609 116.76196 39.94223
1202315909 116.76196 39.94223
1202316209 116.76196 39.94223
1202316509 116.76196 39.94223
1202316809 116.76196 39.94223
1202317109 116.76196 39.94223
1202317409 116.76196 39.94222
1202318009 116.76196 39.94222
1202318309 116.76196 39.94223
1202318909 116.76196 39.94223
1202319209 116.76196 39.94223
1202319509 116.76196 39.94223
1202319809 116.76196 39.94224
1202319809 116.76196 39.94224
1202320109 116.76206 39.9424
1202320409 116.76199 39.94226
1202320709 116.76199 39.94227
1202321009 116.76198 39.94227
1202321309 116.76197 39.94227
1202321609 116.76196 39.94227
1202321909 116.76195 39.94227
1202322209 116.76195 39.94227
1202322509 116.76195 39.94226
1202322809 116.76194 39.94226
1202323108 116.76194 39.94226
1202323408 116.76194 39.94226
1202323708 116.76194 39.94226
1202324008 116.76193 39.94226
1202324308 116.76193 39.94226
1202324608 116.76193 39.94227
1202324908 116.76192 39.94227
1202325208 116.76192 39.94227
1202325508 116.76191 39.94227
1202326108 116.76191 39.94226
1202326408 116.76191 39.94226
1202326708 116.76191 39.94226
1202327008 116.76191 39.94226
1202327308 116.76192 39.94226
1202327608 116.76192 39.94225
1202327908 116.76192 39.94225
1202328208 116.76192 39.94225
1202328457 116.76189 39.94212
1202328509 116.76206 39.94229
1202328509 116.76206 39.94229
1202328809 116.76201 39.94227
1202329108 116.76201 39.94227
1202329408 116.762 39.94226
1202329708 116.76199 39.94225
1202330008 116.762 39.94225
1202330308 116.76201 39.94225
1202330608 116.76201 39.94225
1202330908 116.76201 39.9422
1202331208 116.76206 39.94224
1202331508 116.76204 39.94223
1202331808 116.76191 39.94221
1202332108 116.76191 39.94219
1202332408 116.76191 39.94219
1202332708 116.76191 39.94219
1202333008 116.76189 39.9422
1202333308 116.76188 39.9422
1202333608 116.7619 39.9422
1202333908 116.76191 39.9422
1202334208 116.76192 39.9422
1202334508 116.76192 39.94221
1202334808 116.76192 39.94221
1202335108 116.76192 39.94221
1202335408 116.76192 39.94221
1202335708 116.76233 39.9419
1202336008 116.7622 39.94204
1202336308 116.76216 39.94207
1202336608 116.76215 39.94207
1202336908 116.76213 39.94208
1202337208 116.76209 39.94209
1202337208 116.76209 39.94209
1202337508 116.76206 39.94211
1202337808 116.76204 39.94212
1202338108 116.76202 39.94214
1202338408 116.76202 39.94216
1202338708 116.76201 39.94217
1202339008 116.76201 39.94218
1202339308 116.762 39.94219
1202339608 116.762 39.9422
1202339908 116.762 39.94221
1202340208 116.76199 39.94221
1202340508 116.76201 39.94222
1202340808 116.762 39.94222
1202341107 116.76199 39.94223
1202341407 116.76198 39.94223
1202341707 116.76198 39.94224
1202342007 116.76198 39.94224
1202342307 116.76198 39.94224
1202342607 116.76198 39.94224
1202342907 116.76198 39.94224
1202343207 116.76197 39.94225
1202343507 116.76197 39.94225
1202343807 116.76197 39.94225
1202344107 116.76197 39.94225
1202344407 116.76197 39.94225
1202344707 116.76197 39.94225
1202345007 116.76196 39.94225
1202345307 116.76196 39.94225
1202345607 116.76196 39.94225
1202345907 116.76196 39.94225
1202345907 116.76196 39.94225
1202346207 116.76196 39.94225
1202346507 116.76196 39.94225
1202346807 116.76195 39.94225
1202347107 116.76195 39.94225
1202347407 116.76195 39.94224
1202347707 116.76195 39.94224
1202348307 116.76195 39.94224
1202348607 116.76195 39.94224
1202348907 116.76195 39.94224
1202349207 116.76195 39.94223
1202349507 116.76195 39.94223
1202350407 116.76194 39.94224
1202350707 116.76194 39.94224
1202351007 116.76194 39.94224
1202351307 116.76194 39.94224
1202351607 116.76194 39.94224
1202352207 116.76194 39.94224
1202352507 116.76194 39.94224
1202352807 116.76194 39.94225
1202353107 116.76194 39.94225
1202353407 116.76194 39.94225
1202354007 116.76194 39.94224
1202354307 116.76194 39.94224
1202354607 116.76194 39.94224
1202354607 116.76194 39.94224
1202354907 116.76194 39.94223
1202355207 116.76194 39.94223
1202355507 116.76194 39.94223
1202355807 116.76194 39.94223
1202356107 116.76194 39.94223
1202356407 116.76194 39.94223
1202356707 116.76194 39.94222
1202357307 116.76194 39.94222
1202357607 116.76194 39.94222
1202357607 116.76194 39.94222
1202357907 116.76197 39.94219
1202358207 116.76197 39.94218
1202358507 116.76199 39.94217
1202358807 116.76198 39.94218
1202359107 116.76198 39.94219
1202359406 116.76197 39.9422
1202359707 116.76196 39.94221
1202360007 116.76196 39.94222
1202360306 116.76196 39.94223
1202360906 116.76194 39.94222
1202361206 116.76194 39.94222
1202361506 116.76194 39.94222
1202361806 116.76194 39.94222
1202362106 116.76194 39.94222
1202362406 116.76194 39.94223
1202363306 116.76193 39.94224
1202363306 116.76193 39.94224
1202363606 116.76193 39.94224
1202363906 116.76193 39.94224
1202364206 116.76193 39.94224
1202364506 116.76193 39.94224
1202364806 116.76192 39.94225
1202365406 116.7617 39.9424
1202365706 116.76186 39.94228
1202366006 116.7619 39.94225
1202366306 116.76189 39.94226
1202366606 116.76189 39.94226
1202366906 116.76189 39.94226
1202367206 116.76189 39.94226
1202367506 116.76189 39.94226
1202367806 116.76189 39.94225
1202368106 116.76189 39.94225
1202368406 116.76189 39.94226
1202368706 116.76189 39.94226
1202369006 116.76189 39.94227
1202369306 116.76189 39.94227
1202369606 116.76188 39.94227
1202369906 116.76189 39.94227
1202370206 116.76189 39.94227
1202370506 116.76189 39.94226
1202370806 116.76189 39.94226
1202371106 116.76189 39.94227
1202371406 116.76189 39.94227
1202371706 116.76189 39.94227
1202372006 116.76189 39.94227
1202372006 116.76189 39.94227
1202372306 116.76189 39.94227
1202372606 116.76189 39.94227
1202372906 116.76189 39.94228
1202373206 116.76189 39.94228
1202373506 116.76189 39.94228
1202373806 116.76189 39.94228
1202374106 116.76202 39.94229
1202374406 116.76192 39.9423
1202374706 116.7619 39.9423
1202375006 116.76188 39.9423
1202375306 116.76187 39.9423
1202375606 116.76187 39.94229
1202375906 116.76193 39.94215
1202376206 116.76193 39.94218
1202376506 116.76193 39.94219
1202377106 116.76192 39.9422
1202377406 116.76192 39.9422
1202377706 116.76324 39.94451
1202378005 116.765 39.94792
1202378305 116.76499 39.94792
1202378605 116.765 39.94791
1202379205 116.765 39.9479
1202379505 116.765 39.94789
1202379805 116.765 39.94788
1202380105 116.765 39.94787
1202380405 116.765 39.94787
1202380705 116.76499 39.94787
1202381005 116.76499 39.94788
1202381305 116.76499 39.94788
1202381605 116.76499 39.94789
1202381905 116.76498 39.94789
1202382205 116.76497 39.94792
1202382505 116.76498 39.94793
1202382805 116.76498 39.94793
1202383105 116.76498 39.94794
1202383705 116.76498 39.94794
1202384005 116.76498 39.94795
1202384305 116.76498 39.94795
1202384605 116.76499 39.94796
1202384905 116.76499 39.94797
1202385205 116.76499 39.94797
1202385505 116.76499 39.94797
1202385805 116.76499 39.94797
1202386105 116.76498 39.94797
1202386405 116.76424 39.94239
1202386705 116.76476 39.94236
1202387005 116.76474 39.94236
1202387305 116.76474 39.94236
1202387605 116.76475 39.94237
1202387905 116.76474 39.94236
1202388205 116.76473 39.94236
1202388505 116.76473 39.94235
1202388805 116.76473 39.94234
1202389105 116.76473 39.94234
1202389405 116.76472 39.94234
1202389405 116.76472 39.94234
1202390024 116.69257 39.9327
1202390305 116.68648 39.9302
1202390605 116.6865 39.9302
1202390905 116.68652 39.93023
1202391205 116.68654 39.93025
1202391805 116.68655 39.9303
1202392105 116.68656 39.93031
1202392405 116.68656 39.93032
1202392705 116.68664 39.93061
1202393005 116.68659 39.93047
1202393305 116.68649 39.93046
1202393605 116.68653 39.93042
1202393905 116.68653 39.93039
1202394205 116.68653 39.93039
1202394505 116.68653 39.93038
1202394805 116.68653 39.93037
1202395105 116.68653 39.93036
1202395405 116.68653 39.93035
1202395705 116.68653 39.93035
1202396005 116.68653 39.93035
1202396304 116.68653 39.93035
1202396604 116.68654 39.93035
1202396904 116.68654 39.93035
1202397204 116.68654 39.93035
1202397504 116.68654 39.93036
1202397804 116.68653 39.93036
1202398104 116.68764 39.93084
1202398104 116.68764 39.93084
1202398404 116.68001 39.92634
1202398704 116.67994 39.92638
1202399004 116.67993 39.92638
1202399304 116.70484 39.9371
1202399604 116.75619 39.9418
1202399904 116.76476 39.9425
1202400204 116.76479 39.94246
1202400804 116.76479 39.94245
1202401104 116.76479 39.94244
1202401404 116.76479 39.94244
1202401704 116.76479 39.94245
1202402004 116.76478 39.94246
1202402304 116.76478 39.94246
1202402604 116.76478 39.94245
1202402904 116.76478 39.94244
1202403204 116.76477 39.94243
1202403504 116.76477 39.94243
1202403804 116.76478 39.94242
1202404104 116.76478 39.94242
1202404404 116.76479 39.94243
1202404704 116.76479 39.94243
1202405004 116.76479 39.94242
1202405304 116.76479 39.94242
1202405604 116.76479 39.94242
1202405904 116.76479 39.94242
1202406204 116.76479 39.94242
1202406504 116.76479 39.94242
1202406804 116.76479 39.94242
1202406804 116.76479 39.94242
1202407104 116.76479 39.94241
1202407404 116.76479 39.94241
1202407704 116.76479 39.94241
1202408004 116.76479 39.94241
1202408304 116.76479 39.94241
1202408604 116.76479 39.9424
1202408904 116.76479 39.9424
1202409204 116.76472 39.94229
1202409504 116.76472 39.94229
1202409804 116.76472 39.94229
1202410104 116.76472 39.94229
1202410404 116.76472 39.9423
1202410704 116.76472 39.9423
1202411004 116.76471 39.9423
1202411304 116.76471 39.9423
1202411604 116.76192 39.94227
1202411904 116.76191 39.94224
1202412204 116.76192 39.94223
1202412504 116.76193 39.94224
1202412804 116.76193 39.94223
1202413104 116.76195 39.94223
1202413404 116.76196 39.94222
1202413704 116.76197 39.94221
1202414003 116.76198 39.94221
1202414303 116.76198 39.94222
1202414603 116.76198 39.94223
1202414862 116.76184 39.94217
1202414905 116.76204 39.9423
1202415204 116.76201 39.94232
1202415504 116.76197 39.94231
1202415504 116.76197 39.94231
1202415803 116.76195 39.9423
1202416103 116.76195 39.9423
1202416403 116.76194 39.94229
1202416703 116.76194 39.94229
1202417003 116.76195 39.9423
1202417303 116.76195 39.94229
1202417603 116.76195 39.94229
1202417903 116.76195 39.94229
1202418203 116.76195 39.94229
1202418503 116.76195 39.94229
1202418803 116.76195 39.94229
1202419103 116.76195 39.94229
1202419403 116.76195 39.94229
1202419703 116.76195 39.94229
1202420003 116.76196 39.94229
1202420303 116.76195 39.94229
1202420603 116.76195 39.94229
1202420903 116.76195 39.94229
1202421203 116.76195 39.94229
1202421503 116.76196 39.94229
1202421803 116.76196 39.94229
1202422103 116.76196 39.94229
1202422403 116.76196 39.94228
1202422703 116.76196 39.94228
1202423003 116.76196 39.94227
1202423303 116.76196 39.94227
1202423603 116.76195 39.94226
1202423903 116.76195 39.94226
1202424203 116.76195 39.94226
1202424203 116.76195 39.94226
1202424503 116.76194 39.94226
1202424803 116.76194 39.94226
1202425103 116.76194 39.94226
1202425403 116.76194 39.94226
1202425703 116.76194 39.94226
1202426003 116.76194 39.94226
1202426303 116.76194 39.94226
1202426603 116.76194 39.94226
1202426903 116.76193 39.94226
1202427203 116.76193 39.94226
1202427503 116.76193 39.94226
1202427803 116.76193 39.94226
1202428103 116.76193 39.94226
1202428403 116.76193 39.94226
1202428703 116.76193 39.94226
1202429003 116.76193 39.94226
1202429303 116.76193 39.94226
1202429603 116.76193 39.94226
1202429903 116.76193 39.94225
1202430203 116.76193 39.94225
1202430503 116.76193 39.94225
1202430803 116.76193 39.94225
1202431103 116.76193 39.94225
1202431403 116.76193 39.94225
1202431703 116.76193 39.94225
1202432003 116.76193 39.94225
1202432303 116.76193 39.94224
1202432602 116.76193 39.94224
1202432902 116.76193 39.94224
1202432902 116.76193 39.94224
1202433202 116.76192 39.94224
1202433502 116.76192 39.94224
1202433802 116.76192 39.94224
1202434102 116.76192 39.94224
1202434402 116.76191 39.94224
1202434702 116.76191 39.94224
1202435002 116.76191 39.94224
1202435302 116.76191 39.94224
1202435602 116.76191 39.94224
1202435902 116.76191 39.94224
1202437402 116.7619 39.94224
1202438902 116.7619 39.94225
1202439202 116.7619 39.94225
1202439502 116.7619 39.94225
1202439802 116.7619 39.94225
1202440102 116.7619 39.94225
1202440402 116.7619 39.94225
1202440702 116.7619 39.94225
1202441002 116.7619 39.94225
1202441302 116.7619 39.94225
1202441602 116.7619 39.94225
1202441602 116.7619 39.94225
1202441902 116.7619 39.94225
1202442202 116.7619 39.94225
1202442502 116.76189 39.94225
1202442802 116.7619 39.94225
1202443102 116.7619 39.94225
1202443402 116.7619 39.94225
1202443700 116.7619 39.73566
1202443700 116.7619 39.73566
1202443700 116.7619 39.73566
1202444002 116.7619 39.94224
1202444302 116.76191 39.94224
1202444602 116.76191 39.94224
1202444902 116.76191 39.94224
1202445202 116.76192 39.94224
1202445502 116.76192 39.94224
1202445802 116.76192 39.94224
1202446102 116.76192 39.94224
1202446402 116.76192 39.94225
1202446702 116.76192 39.94225
1202447002 116.76192 39.94225
1202447302 116.76192 39.94224
1202447602 116.76192 39.94224
1202447902 116.76192 39.94225
1202448202 116.76193 39.94225
1202448502 116.76193 39.94225
1202448802 116.76193 39.94225
1202449102 116.76193 39.94226
1202449402 116.76193 39.94226
1202449702 116.76193 39.94226
1202450002 116.76193 39.94226
1202450302 116.76193 39.94226
1202450302 116.76193 39.94226
1202450601 116.76193 39.94226
1202450902 116.76193 39.94227
1202451201 116.76193 39.94227
1202451501 116.76193 39.94227
1202451801 116.76193 39.94227
1202452101 116.76193 39.94227
1202452401 116.76193 39.94227
1202452701 116.76193 39.94226
1202453001 116.76193 39.94226
1202453301 116.76193 39.94226
1202453601 116.76193 39.94226
1202453901 116.76192 39.94226
1202454201 116.76192 39.94227
1202454501 116.76192 39.94227
1202454801 116.76192 39.94227
1202455101 116.76191 39.94228
1202455401 116.76191 39.94228
1202455701 116.76191 39.94228
1202456001 116.76191 39.94228
1202456301 116.76191 39.94228
1202456601 116.76191 39.94228
1202456901 116.7619 39.94228
1202457201 116.7619 39.94228
1202457501 116.7619 39.94228
1202458101 116.7619 39.94228
1202458401 116.7619 39.94228
1202458701 116.7619 39.94228
1202459001 116.7619 39.94228
1202459001 116.7619 39.94228
1202459301 116.7619 39.94228
1202459601 116.7619 39.94228
1202459901 116.7619 39.94228
1202460201 116.7619 39.94228
1202460501 116.7619 39.94228
1202460801 116.7619 39.94228
1202461101 116.76189 39.94228
1202461401 116.76189 39.94227
1202461701 116.76189 39.94227
1202462001 116.76189 39.94227
1202462301 116.7619 39.94227
1202462601 116.7619 39.94226
1202462901 116.7619 39.94226
1202463201 116.7619 39.94226
1202463501 116.7619 39.94225
1202463801 116.75709 39.94182
1202464101 116.72499 39.94303
1202464401 116.68505 39.93035
1202464701 116.65523 39.92207
1202465001 116.63145 39.92576
1202465301 116.59372 39.92469
1202465601 116.59003 39.92742
1202465901 116.55434 39.92292
1202466201 116.52026 39.92256
1202466501 116.53423 39.92208
1202466801 116.54236 39.92227
1202467101 116.57357 39.92315
1202467401 116.5794 39.94744
1202467701 116.56484 39.98377
1202467701 116.56484 39.98377
1202468001 116.56351 39.98353
1202468301 116.56489 39.97608
1202468601 116.55156 39.96997
1202468901 116.54583 39.97526
1202469201 116.54555 39.97456
1202469501 116.51323 39.97683
1202469801 116.48512 39.97068
1202470100 116.46808 39.96633
1202470400 116.44611 39.95169
1202470700 116.41547 39.9679
1202471000 116.36412 39.96695
1202471300 116.36782 39.97007
1202471600 116.3678 39.97203
1202471900 116.3853 39.9866
1202472200 116.43053 39.98634
1202472500 116.41809 39.98301
1202472800 116.41787 39.99441
1202473100 116.42846 39.98767
1202473400 116.44639 39.97194
1202473700 116.44545 39.97542
1202474000 116.48378 39.9445
1202474300 116.48373 39.88865
1202474600 116.47156 39.88275
1202474900 116.46251 39.8701
1202475200 116.45557 39.8699
1202475200 116.45557 39.8699
1202475500 116.44475 39.85881
1202476100 116.34081 39.8505
1202476400 116.34298 39.87057
1202476400 116.34298 39.87057
1202476700 116.34267 39.89411
1202477000 116.35052 39.90986
1202477300 116.34959 39.93158
1202477600 116.3495 39.96694
1202477900 116.33304 39.9666
1202478200 116.36384 39.96599
1202478500 116.36635 39.96671
1202478800 116.40139 39.96538
1202479100 116.40183 39.95596
1202479400 116.40166 39.95274
1202479700 116.39283 39.95001
1202480000 116.39045 39.9499
1202480300 116.36372 39.94691
1202480600 116.34705 39.92203
1202480900 116.31548 39.9231
1202481200 116.32808 39.92551
1202481500 116.30517 39.92352
1202481800 116.31888 39.92212
1202482100 116.35293 39.92238
1202482400 116.35773 39.91296
1202482700 116.36282 39.90762
1202483000 116.36294 39.90781
1202483300 116.36293 39.90782
1202483600 116.36306 39.90817
1202483900 116.36284 39.90795
1202484200 116.36759 39.91127
1202484500 116.36782 39.9115
1202484800 116.36696 39.92977
1202485100 116.36609 39.94665
1202485100 116.36609 39.94665
1202485400 116.3751 39.97348
1202485700 116.40143 39.98763
1202486000 116.41369 39.99302
1202486300 116.40111 39.9912
1202486599 116.40598 39.9871
1202486899 116.46079 39.97106
1202487199 116.45837 39.97619
1202487499 116.4543 39.97633
1202487799 116.48377 39.95008
1202488099 116.4685 39.90383
1202488399 116.43271 39.89288
1202488699 116.42045 39.89179
1202489299 116.38447 39.88846
1202489599 116.38072 39.88798
1202489899 116.3794 39.88806
1202490199 116.37883 39.88801
1202490499 116.37852 39.88509
1202490799 116.37908 39.88803
1202491099 116.41162 39.89162
1202491399 116.43113 39.89164
1202491699 116.42648 39.89239
1202491999 116.40594 39.89149
1202492299 116.39346 39.90016
