UTS Latitude Longitude
1201970431 116.34049 39.93741
1201970431 116.34049 39.93741
1201970431 116.34049 39.93741
1201970431 116.34049 39.93741
1201970431 116.34049 39.93741
1201970431 116.34049 39.93741
1201970431 116.34049 39.93741
1201970431 116.34049 39.93741
1201970431 116.34049 39.93741
1201970431 116.34049 39.93741
1201970431 116.34049 39.93741
1201970431 116.34049 39.93741
1201970431 116.34049 39.93741
1201970431 116.34049 39.93741
1201970431 116.34049 39.93741
1201970431 116.34049 39.93741
1201970431 116.34049 39.93741
1201970431 116.34049 39.93741
1201970431 116.34049 39.93741
1201970431 116.34049 39.93741
1201970431 116.34049 39.93741
1201970431 116.34049 39.93741
1201970431 116.34049 39.93741
1201970431 116.34049 39.93741
1202006567 116.42892 40.22416
1202006567 116.42892 40.22416
1202006567 116.42892 40.22416
1202006567 116.42892 40.22416
1202006567 116.42892 40.22416
1202006567 116.42892 40.22416
1202006567 116.42892 40.22416
1202006567 116.42892 40.22416
1202006567 116.42892 40.22416
1202006567 116.42892 40.22416
1202006567 116.42892 40.22416
1202006567 116.42892 40.22416
1202006567 116.42892 40.22416
1202006567 116.42892 40.22416
1202006567 116.42892 40.22416
1202006567 116.42892 40.22416
1202006567 116.42892 40.22416
1202006567 116.42892 40.22416
1202006567 116.42892 40.22416
1202006567 116.42892 40.22416
1202006567 116.42892 40.22416
1202006567 116.42892 40.22416
1202054356 116.50173 39.99764
1202054356 116.50173 39.99764
1202388061 116.40332 39.915
1202388061 116.40332 39.915
1202388061 116.40332 39.915
1202388061 116.40332 39.915
1202388061 116.40332 39.915
1202388061 116.40332 39.915
1202388061 116.40332 39.915
1202388061 116.40332 39.915
1202388061 116.40332 39.915
1202388061 116.40332 39.915
1202439095 116.37342 39.84529
