UTS Latitude Longitude
1201959611 116.35852 39.90253
1201959840 116.35852 39.90253
1201959913 116.35852 39.90253
1201959913 116.35852 39.90253
1201960214 116.35852 39.90253
1201960443 116.35852 39.90253
1201960516 116.35852 39.90253
1201960818 116.35852 39.90253
1201961047 116.35852 39.90253
1201961119 116.35852 39.90253
1201961421 116.3585 39.90251
1201961650 116.3585 39.90251
1201961723 116.3585 39.90251
1201962024 116.35857 39.90253
1201962253 116.35857 39.9025
1201962326 116.35857 39.9025
1201962589 116.35856 39.90252
1201962933 116.35848 39.9024
1201963038 116.35846 39.90241
1201963234 116.35846 39.90241
1201963536 116.35846 39.90241
1201963641 116.35846 39.90241
1201963838 116.35846 39.90241
1201964139 116.35846 39.90241
1201964245 116.35846 39.90241
1201964441 116.35846 39.90241
1201964743 116.35846 39.90241
1201964848 116.35846 39.90241
1201964848 116.35846 39.90241
1201965044 116.35846 39.90241
1201965451 116.35846 39.90241
1201965648 116.35846 39.90241
1201965949 116.35846 39.90241
1201966055 116.35846 39.90241
1201966251 116.35722 39.90486
1201966553 116.35861 39.91667
1201966658 116.35878 39.92228
1201966854 116.34925 39.92233
1201967156 116.32831 39.92385
1201967260 116.32801 39.92664
1201967457 116.32139 39.92689
1201967457 116.32139 39.92689
1201967758 116.30435 39.92949
1201967863 116.29582 39.92688
1201968060 116.28985 39.91783
1201968361 116.27732 39.90926
1201968467 116.27299 39.90622
1201968663 116.26758 39.90401
1201968965 116.25397 39.89934
1201969070 116.25866 39.90269
1201969266 116.26707 39.90612
1201969568 116.26846 39.93486
1201969870 116.25715 39.97136
1201970277 116.26852 39.94814
1201970473 116.26399 39.94574
1201970775 116.23876 39.9398
1201970880 116.24537 39.93326
1201971076 116.23845 39.92835
1201971378 116.23194 39.91869
1201971483 116.22937 39.9239
1201971680 116.21545 39.92336
1201971981 116.19228 39.92357
1201972087 116.1919 39.92348
1201972283 116.19918 39.91552
1201972690 116.17962 39.92612
1201972886 116.17243 39.92467
1201973188 116.17241 39.92467
1201973293 116.1723 39.92465
1201973490 116.17227 39.92464
1201973791 116.17227 39.92464
1201973897 116.17227 39.92464
1201974395 116.17218 39.92459
1201974500 116.17218 39.92459
1201974696 116.17218 39.92459
1201974998 116.16827 39.92339
1201974998 116.16827 39.92339
1201975103 116.15506 39.92502
1201975300 116.1358 39.93988
1201975601 116.10289 39.9605
1201975707 116.09758 39.96168
1201975903 116.09581 39.95261
1201976205 116.09861 39.94198
1201976371 116.09861 39.94198
1201980974 116.10535 39.93497
1201981276 116.10377 39.92955
1201981324 116.10386 39.92837
1201981578 116.10389 39.92838
1201981879 116.10521 39.9078
1201981926 116.105 39.90584
1201982180 116.11751 39.88543
1201982482 116.19162 39.88782
1201982530 116.20259 40.34653
1201982783 116.26464 39.89564
1201983085 116.32871 39.89593
1201983133 116.33823 39.89637
1201983387 116.34195 39.888
1201983688 116.3526 39.88777
1201983736 116.35273 39.88772
1201983905 116.35339 39.88778
1201987817 116.35334 39.88768
1201988118 116.35353 39.88772
1201988327 116.35244 39.88814
1201988420 116.33742 39.88846
1201988722 116.31144 39.88659
1201988930 116.27765 39.87634
1201989023 116.26931 39.8819
1201994463 116.10602 39.91032
1201994764 116.10237 39.94181
1201994812 116.10236 39.94182
1201995355 116.0927 39.93937
1202025909 116.09256 39.93943
1202026210 116.09256 39.93943
1202026379 116.09554 39.93766
1202026512 116.10955 39.9352
1202026814 116.1479 39.9228
1202027417 116.24289 39.92562
1202028020 116.3066 39.92243
1202028322 116.30072 39.92251
1202028624 116.30402 39.91112
1202028792 116.31414 39.90603
1202029529 116.30671 39.91032
1202029999 116.29606 39.91241
1202030132 116.30365 39.91116
1202030434 116.31052 39.89593
1202030602 116.30569 39.895
1202031037 116.31653 39.89526
1202031206 116.31635 39.89514
1202031339 116.32054 39.89558
1202031809 116.31066 39.90216
1202031942 116.31065 39.90521
1202032244 116.32022 39.90607
1202032412 116.33333 39.90595
1202032545 116.34392 39.90584
1202032846 116.3765 39.90573
1202033015 116.3899 39.8993
1202033148 116.40283 39.89941
1202033618 116.41067 39.89411
1202033751 116.40897 39.89378
1202034053 116.40914 39.89325
1202034221 116.40914 39.89325
1202034354 116.40929 39.89313
1202034656 116.4012 39.89944
1202034824 116.39375 39.89897
1202034957 116.38545 39.89967
1202035259 116.38647 39.92178
1202035428 116.38972 39.92701
1202035862 116.38926 39.94966
1202036031 116.3886 39.96155
1202036164 116.38305 39.96179
1202038146 116.29993 39.98429
1202038206 116.29963 39.98428
1202038330 116.29378 39.983
1202038632 116.302 39.96034
1202038810 116.30316 39.95345
1202038933 116.30379 39.94413
1202039242 116.30414 39.90597
1202039853 116.31064 39.8972
1202040140 116.31063 39.90525
1202040442 116.29599 39.91325
1202040619 116.28933 39.92302
1202040743 116.28254 39.92635
1202041049 116.29723 39.9268
1202041344 116.31246 39.9224
1202041350 116.31336 39.92238
1202041652 116.32834 39.91735
1202043405 116.34734 39.88837
1202043519 116.34404 39.89109
1202043707 116.34358 39.89724
1202044009 116.3297 39.90263
1202044122 116.32895 39.90635
1202044319 116.32277 39.90955
1202044612 116.3149 39.90717
1202044725 116.31791 39.90609
1202044914 116.33547 39.90116
1202045215 116.34239 39.89037
1202045329 116.34306 39.87476
1202045517 116.35857 39.86755
1202045819 116.36836 39.87451
1202045932 116.36843 39.8812
1202046120 116.376 39.88789
1202046422 116.38895 39.88901
1202046535 116.39346 39.88995
1202046724 116.3996 39.89123
1202047025 116.40587 39.89916
1202047139 116.40942 39.90372
1202047327 116.41498 39.90648
1202047629 116.41466 39.90066
1202047742 116.414 39.90027
1202047930 116.40639 39.89962
1202048232 116.39043 39.89874
1202048345 116.37913 39.8989
1202048534 116.37028 39.90282
1202048835 116.35607 39.89818
1202048949 116.34743 39.89998
1202049137 116.34041 39.89484
1202049439 116.34082 39.89066
1202049612 116.33974 39.89094
1202049740 116.33322 39.89056
1202050042 116.31538 39.88989
1202050216 116.30887 39.88656
1202050352 116.30448 39.89315
1202050818 116.30438 39.91793
1202050946 116.29766 39.92285
1202051121 116.29512 39.92379
1202052706 116.29247 39.92296
1202052995 116.29247 39.92296
1202053008 116.29247 39.92296
1202053008 116.29247 39.92296
1202053309 116.29247 39.92296
1202053598 116.30387 39.91559
1202053611 116.30392 39.91406
1202053913 116.30399 39.88551
1202054202 116.30048 39.88144
1202054214 116.30124 39.88177
1202054516 116.29308 39.88486
1202054805 116.29273 39.88336
1202054817 116.29271 39.88336
1202055119 116.29268 39.88336
1202055408 116.29268 39.88336
1202055421 116.29268 39.88336
1202055722 116.29268 39.88336
1202056012 116.29268 39.88336
1202056024 116.29268 39.88336
1202056326 116.29273 39.88337
1202056615 116.29273 39.88337
1202057231 116.29276 39.88337
1202057532 116.29275 39.88337
1202057822 116.29281 39.88336
1202057834 116.29281 39.88336
1202058136 116.29285 39.88339
1202058425 116.29284 39.88337
1202058437 116.29284 39.88337
1202058739 116.29284 39.88337
1202059028 116.29287 39.88339
1202059041 116.29287 39.88339
1202059342 116.29288 39.8834
1202059632 116.29085 39.88992
1202059946 116.28887 39.90371
1202060235 116.27721 39.9163
1202060247 116.27726 39.91689
1202060549 116.26199 39.9232
1202060549 116.26199 39.9232
1202060838 116.25111 39.9234
1202060838 116.25111 39.9234
1202060851 116.24964 39.92386
1202061152 116.22434 39.92367
1202061442 116.19444 39.92352
1202061454 116.19424 39.92353
1202061756 116.18801 39.92153
1202062045 116.19153 39.92925
1202062057 116.19224 39.92969
1202062359 116.19845 39.94278
1202062648 116.21245 39.9644
1202062661 116.21314 39.96776
1202062962 116.20269 39.99398
1202063252 116.20495 39.98842
1202063264 116.20497 39.98744
1202063566 116.21636 39.97184
1202063855 116.22285 39.98496
1202063867 116.22109 39.98638
1202064169 116.2136 39.99204
1202064458 116.20375 39.99217
1202064471 116.20366 39.99253
1202065061 116.23235 39.99396
1202065074 116.23316 39.99252
1202065375 116.25187 39.97757
1202065665 116.26795 39.96683
1202065677 116.26795 39.96562
1202065978 116.2791 39.97373
1202066267 116.33312 39.98503
1202066279 116.33532 39.98514
1202066581 116.37902 39.98646
1202066885 116.42537 39.98771
1202067184 116.47173 39.96435
1202067474 116.48091 39.9567
1202067486 116.48091 39.9567
1202067788 116.48901 39.96131
1202068077 116.48878 39.96196
1202068089 116.48878 39.96196
1202068089 116.48878 39.96196
1202068391 116.49736 39.96318
1202068680 116.49727 39.96323
1202068693 116.4971 39.96289
1202068994 116.48915 39.96169
1202069284 116.46821 39.96692
1202069296 116.46666 39.96795
1202069598 116.43771 39.98732
1202069887 116.41796 39.99033
1202069899 116.4179 39.99069
1202070201 116.411 39.9927
1202070490 116.41165 40.00102
1202070503 116.41162 40.00108
1202070804 116.41141 40.00251
1202072254 116.40643 40.05093
1202072364 116.40779 40.05604
1202072857 116.40279 40.0592
1202072967 116.40776 40.05384
1202073159 116.40405 40.03183
1202073460 116.36824 40.02168
1202073570 116.36847 40.0144
1202073762 116.36786 40.00032
1202074064 116.3588 39.9928
1202074174 116.34966 39.99208
1202074174 116.34966 39.99208
1202074365 116.3274 39.98508
1202074667 116.31181 39.98449
1202074777 116.3105 39.98446
1202076184 116.22899 39.88847
1202076299 116.22368 39.89564
1202076486 116.20463 39.89854
1202076788 116.20718 39.90626
1202076788 116.20718 39.90626
1202076902 116.20545 39.90792
1202077089 116.20086 39.92302
1202077391 116.18277 39.92722
1202077505 116.17463 39.92701
1202077693 116.16281 39.92855
1202077994 116.13474 39.94098
1202078109 116.12707 39.9502
1202078598 116.12681 39.95002
1202078712 116.11677 39.9569
1202078899 116.11305 39.95761
1202079127 116.10511 39.96039
1202100939 116.09845 39.94922
1202101129 116.09864 39.94155
1202120858 116.10525 39.93449
1202120858 116.10525 39.93449
1202121147 116.10353 39.92833
1202121160 116.10353 39.92833
1202121160 116.10353 39.92833
1202121461 116.10063 39.93007
1202121751 116.10062 39.93103
1202121763 116.10062 39.93103
1202125568 116.09947 39.93349
1202125857 116.09594 39.94129
1202125870 116.09594 39.94129
1202126171 116.10663 39.93175
1202126461 116.10355 39.9283
1202126473 116.10355 39.9283
1202126775 116.1061 39.93428
1202127064 116.13102 39.92767
1202127076 116.13322 39.92699
1202127378 116.1802 39.9234
1202127486 116.18317 39.92347
1202127667 116.19874 39.92334
1202127667 116.19874 39.92334
1202127680 116.20167 39.92332
1202127981 116.21494 39.97815
1202128271 116.19716 39.99249
1202128283 116.1971 39.99151
1202128585 116.18825 39.98907
1202128874 116.18828 39.98904
1202128886 116.18828 39.98904
1202129188 116.18828 39.98904
1202129477 116.19673 39.99128
1202129490 116.19717 39.99153
1202129791 116.2047 39.98919
1202130080 116.20342 39.95865
1202130093 116.20495 39.95728
1202130395 116.19854 39.94285
1202130684 116.19497 39.94282
1202130696 116.19497 39.94282
1202130998 116.18955 39.92886
1202131287 116.17238 39.92468
1202131299 116.17238 39.92468
1202131299 116.17238 39.92468
1202131601 116.17232 39.92467
1202131601 116.17232 39.92467
1202131890 116.17227 39.92466
1202131890 116.17227 39.92466
1202131903 116.17227 39.92466
1202132204 116.17196 39.92454
1202132494 116.13606 39.92633
1202132506 116.13395 39.92705
1202136815 116.17101 39.92419
1202136815 116.17101 39.92419
1202137321 116.19103 39.92931
1202137418 116.18515 39.933
1202137720 116.17238 39.92463
1202138323 116.17218 39.92459
1202139228 116.11305 39.93587
1202139530 116.10546 39.90935
1202139734 116.10876 39.92105
1202139831 116.10687 39.93153
1202140133 116.11253 39.93571
1202140435 116.14236 39.92296
1202140736 116.17673 39.92571
1202141340 116.17257 39.92464
1202141544 116.17253 39.92463
1202142245 116.17244 39.9246
1202142546 116.1723 39.92453
1202143150 116.15181 39.9299
1202143958 116.10029 39.93397
1202144356 116.10185 39.94135
1202144356 116.10185 39.94135
1202144658 116.09999 39.94353
1202147844 116.09266 39.93934
1202148927 116.09254 39.93927
1202149228 116.09252 39.93911
1202149276 116.09253 39.93914
1202149530 116.09275 39.93914
1202149832 116.10534 39.93443
1202149879 116.11208 39.93553
1202150133 116.13158 39.9275
1202150435 116.17074 39.9241
1202150483 116.17251 39.92454
1202150737 116.19145 39.92932
1202150737 116.19145 39.92932
1202151038 116.20395 39.93995
1202151086 116.20664 39.94013
1202151340 116.2155 39.98876
1202151641 116.24562 40.00351
1202151689 116.25011 40.00462
1202151943 116.27443 40.00065
1202152245 116.28274 40.00116
1202152546 116.29889 39.99628
1202152848 116.312 39.99091
1202152896 116.31883 39.99119
1202153150 116.31396 39.99105
1202153451 116.31384 39.98412
1202153499 116.32223 39.98445
1202153753 116.35942 39.9799
1202154103 116.34891 39.97523
1202154356 116.34656 39.96608
1202154658 116.35136 39.97285
1202154706 116.35229 39.97306
1202154960 116.35642 39.97517
1202155261 116.35917 39.97519
1202155309 116.36329 39.97508
1202155563 116.36392 39.9671
1202155865 116.38434 39.96684
1202155913 116.38836 39.96604
1202156166 116.39779 39.94755
1202156468 116.41046 39.94198
1202156516 116.41053 39.94102
1202156770 116.40252 39.93948
1202157071 116.40533 39.93193
1202157119 116.40686 39.93199
1202157373 116.39444 39.93213
1202157373 116.39444 39.93213
1202157674 116.3711 39.92636
1202157975 116.37151 39.91382
1202158277 116.37645 39.90694
1202158277 116.37645 39.90694
1202158325 116.3766 39.90512
1202158579 116.37432 39.89863
1202158880 116.35881 39.9026
1202158928 116.3572 39.90516
1202159532 116.35147 39.9074
1202160087 116.3462 39.92696
1202160135 116.34724 39.93024
1202160389 116.35026 39.92413
1202160690 116.34894 39.92244
1202160992 116.34716 39.92349
1202161294 116.3277 39.93082
1202161341 116.32757 39.93137
1202161897 116.35771 39.93547
1202162503 116.36325 39.92499
1202162669 116.35686 39.92253
1202162805 116.34867 39.92245
1202163106 116.34911 39.92225
1202163272 116.35023 39.90858
1202163408 116.35036 39.90265
1202163710 116.34308 39.87406
1202163875 116.34042 39.85071
1202164011 116.33861 39.83087
1202164313 116.35877 39.81304
1202164479 116.37356 39.80245
1202164916 116.36094 39.81135
1202165082 116.36112 39.82305
1202165218 116.35286 39.82986
1202165520 116.3223 39.84797
1202165685 116.30588 39.87161
1202165821 116.30435 39.8912
1202165821 116.30435 39.8912
1202166123 116.31081 39.89561
1202166289 116.31391 39.89552
1202166425 116.3164 39.89593
1202166726 116.32109 39.89841
1202166892 116.32207 39.89214
1202167028 116.32166 39.8921
1202167330 116.31071 39.90111
1202167495 116.29887 39.90629
1202167631 116.29255 39.90777
1202167933 116.28904 39.9066
1202168099 116.28897 39.89664
1202168235 116.28884 39.89013
1202168536 116.28916 39.90646
1202168702 116.28192 39.91164
1202168838 116.27741 39.91858
1202169305 116.26914 39.93121
1202169441 116.26927 39.94522
1202169743 116.26303 39.95132
1202169909 116.2671 39.94553
1202170045 116.27981 39.94525
1202170346 116.32623 39.93695
1202170512 116.35044 39.93898
1202170648 116.3508 39.94873
1202170950 116.34671 39.95677
1202171115 116.32793 39.95625
1202171251 116.31756 39.95185
1202171553 116.32613 39.95075
1202171718 116.32918 39.9563
1202171854 116.33288 39.96606
1202172155 116.34022 39.95684
1202172321 116.31771 39.95558
1202172457 116.31778 39.95033
1202172758 116.29103 39.94578
1202172924 116.26953 39.94573
1202173060 116.26942 39.9687
1202173362 116.22771 39.97193
1202173362 116.22771 39.97193
1202173527 116.20152 39.9719
1202173663 116.20119 39.98311
1202173965 116.19722 39.9928
1202174131 116.20097 39.98181
1202174267 116.20133 39.96682
1202174568 116.19907 39.94287
1202174734 116.18533 39.93332
1202174870 116.17758 39.9309
1202175172 116.18049 39.90665
1202175337 116.17269 39.90785
1202175473 116.17144 39.90863
1202175775 116.15497 39.92438
1202175941 116.15395 39.92316
1202176077 116.137 39.92546
1202176378 116.10806 39.93506
1202176544 116.09598 39.93707
1202176544 116.09598 39.93707
1202176680 116.10225 39.94171
1202176982 116.09461 39.95492
1202186036 116.09568 39.95318
1202186255 116.09866 39.94151
1202186255 116.09866 39.94151
1202186255 116.09866 39.94151
1202207766 116.09867 39.9415
1202208067 116.09845 39.94279
1202208236 116.10711 39.93481
1202208369 116.12047 39.93781
1202208699 116.15781 39.92324
1202208839 116.16927 39.92376
1202208972 116.1727 39.92461
1202209274 116.17281 39.9247
1202209443 116.17281 39.9247
1202209877 116.18645 39.92804
1202210046 116.19357 39.93526
1202210179 116.20016 39.94285
1202210481 116.20101 39.94195
1202210481 116.20101 39.94195
1202210649 116.19489 39.94287
1202210782 116.19356 39.93483
1202211084 116.19208 39.92968
1202211253 116.1917 39.92381
1202211386 116.19222 39.92343
1202211687 116.20013 39.90817
1202211856 116.20491 39.90611
1202211989 116.2094 39.90609
1202212291 116.22915 39.90259
1202212459 116.24681 39.89988
1202212592 116.25725 39.89568
1202212894 116.28831 39.86485
1202213063 116.31527 39.85164
1202213196 116.34183 39.84882
1202213497 116.36416 39.84928
1202213666 116.36969 39.84208
1202213666 116.36969 39.84208
1202213799 116.36938 39.842
1202214101 116.37578 39.83001
1202214269 116.41505 39.83085
1202214402 116.44738 39.83121
1202214704 116.48486 39.8689
1202214873 116.5236 39.86837
1202215006 116.52463 39.87167
1202215307 116.50707 39.8698
1202215476 116.49608 39.8754
1202215609 116.48401 39.88162
1202215911 116.45558 39.8833
1202216079 116.45551 39.90515
1202216212 116.45576 39.91746
1202216514 116.44662 39.92209
1202216622 116.44527 39.92167
1202216682 116.4432 39.92166
1202216816 116.42946 39.92329
1202217117 116.42009 39.91937
1202217286 116.41211 39.91428
1202217419 116.41135 39.92102
1202217720 116.42837 39.92268
1202217889 116.43827 39.92201
1202218022 116.44341 39.92178
1202218022 116.44341 39.92178
1202218324 116.44762 39.9255
1202218492 116.45516 39.92703
1202218625 116.45128 39.92207
1202218927 116.43989 39.92244
1202219096 116.44425 39.93201
1202219229 116.44431 39.9393
1202219530 116.43852 39.95101
1202219699 116.43997 39.9555
1202219832 116.44424 39.95878
1202220134 116.45493 39.94792
1202220302 116.44923 39.94405
1202220435 116.44922 39.94183
1202220736 116.45609 39.93231
1202220905 116.46768 39.92961
1202221038 116.46617 39.92943
1202221339 116.46092 39.93124
1202221508 116.45633 39.93244
1202221641 116.4487 39.93244
1202221943 116.42889 39.93242
1202222111 116.41964 39.9364
1202222244 116.42812 39.93952
1202222546 116.44118 39.94825
1202222715 116.44187 39.95429
1202222848 116.438 39.95896
1202223149 116.4505 39.94733
1202223318 116.44959 39.94049
1202223451 116.43355 39.93991
1202223753 116.40918 39.93953
1202223921 116.39718 39.93945
1202224054 116.39628 39.93946
1202224356 116.39304 39.9394
1202224525 116.39069 39.93941
1202224658 116.38977 39.93736
1202225128 116.36669 39.93173
1202225261 116.36717 39.92275
1202225563 116.36739 39.918
1202225563 116.36739 39.918
1202225731 116.36752 39.91444
1202225864 116.36742 39.91174
1202226166 116.35819 39.91292
1202227378 116.33586 39.93734
1202227494 116.31963 39.9379
1202227680 116.3179 39.95216
1202227982 116.31326 39.97077
1202228097 116.3119 39.97428
1202228283 116.31057 39.98344
1202228585 116.31294 40.00698
1202228700 116.31241 40.01123
1202228887 116.30543 40.03313
1202229188 116.31686 40.03483
1202229304 116.31052 40.03874
1202229496 116.31209 40.03706
1202229792 116.30484 40.03407
1202229907 116.30681 40.02831
1202229907 116.30681 40.02831
1202230093 116.29347 40.02354
1202230395 116.28 40.0136
1202230510 116.2613 40.00292
1202230702 116.21507 39.98838
1202230998 116.20457 39.92452
1202231114 116.19331 39.92365
1202231300 116.177 39.92571
1202231602 116.17235 39.92464
1202231717 116.17217 39.92459
1202231903 116.1547 39.92293
1202232205 116.12335 39.93699
1202232320 116.11326 39.93589
1202232507 116.10191 39.93427
1202232808 116.10235 39.94159
1202232808 116.10235 39.94159
1202232924 116.10134 39.94268
1202233110 116.0939 39.94255
1202233347 116.09282 39.93942
1202235536 116.09906 39.93439
1202235837 116.10681 39.93009
1202235885 116.10681 39.93009
1202236139 116.09546 39.95357
1202236400 116.10527 39.96008
1202269094 116.09302 39.9572
1202269396 116.09339 39.94274
1202269548 116.09867 39.94137
1202295266 116.09349 39.94357
1202295568 116.08979 39.95443
1202295640 116.08948 39.95488
1202296171 116.10606 39.93328
1202296244 116.10369 39.92958
1202296473 116.10387 39.92845
1202296775 116.10387 39.92845
1202296847 116.10387 39.92845
1202297076 116.11896 39.92563
1202297209 116.11695 39.92966
1202298794 116.10674 39.93019
1202299083 116.10655 39.93027
1202299096 116.10655 39.93027
1202299397 116.10655 39.93027
1202299687 116.10024 39.93093
1202299699 116.10024 39.93093
1202300001 116.10037 39.93068
1202300290 116.10037 39.93068
1202300302 116.10037 39.93068
1202300604 116.10033 39.93067
1202300906 116.10033 39.93067
1202301592 116.10031 39.93064
1202301593 116.10031 39.93064
1202302103 116.10027 39.93077
1202302278 116.10027 39.93077
1202302405 116.10027 39.93077
1202302405 116.10027 39.93077
1202302707 116.10027 39.93077
1202302881 116.10027 39.93075
1202303008 116.10028 39.93075
1202303310 116.10284 39.93428
1202303485 116.10194 39.93466
1202303612 116.10193 39.93525
1202303913 116.10193 39.93525
1202304088 116.10193 39.93525
1202304215 116.10193 39.93525
1202304517 116.09497 39.93877
1202304691 116.09906 39.94188
1202304818 116.09905 39.94191
1202305120 116.09859 39.942
1202305234 116.10388 39.93747
1202305295 116.10665 39.93128
1202305422 116.10401 39.92802
1202305723 116.10355 39.92843
1202305898 116.10348 39.92938
1202306024 116.10832 39.93506
1202306326 116.10875 39.95081
1202306500 116.09752 39.95828
1202306627 116.09969 39.94716
1202306863 116.09859 39.94203
1202323537 116.08975 39.94189
1202324627 116.09129 39.94206
1202324856 116.09259 39.93955
1202325536 116.09379 39.93995
1202325838 116.10974 39.92574
1202326006 116.11469 39.92451
1202326139 116.10714 39.93074
1202326441 116.135 39.92681
1202326610 116.16237 39.92325
1202326743 116.17808 39.92596
1202327044 116.1937 39.93373
1202327213 116.20709 39.94511
1202327346 116.21923 39.95353
1202327346 116.21923 39.95353
1202327648 116.25437 39.94541
1202327816 116.26784 39.94003
1202327949 116.26909 39.92377
1202328251 116.299 39.8957
1202328420 116.31627 39.89492
1202328854 116.29616 39.90649
1202329023 116.27733 39.90336
1202329156 116.26935 39.89719
1202330663 116.24745 39.89202
1202330965 116.25867 39.90325
1202331267 116.26683 39.9229
1202331379 116.28165 39.92287
1202331568 116.30386 39.92093
1202331870 116.28441 39.90624
1202331982 116.27368 39.90625
1202332172 116.25638 39.90622
1202332585 116.23812 39.90258
1202333076 116.2715 39.87554
1202333188 116.27693 39.85564
1202333377 116.2955 39.82929
1202333679 116.37907 39.83025
1202333791 116.4076 39.83057
1202333981 116.40649 39.83135
1202334282 116.39473 39.84412
1202334395 116.39413 39.85229
1202334584 116.39713 39.87029
1202334886 116.43874 39.88662
1202334886 116.43874 39.88662
1202335489 116.44411 39.909
1202335601 116.44391 39.90739
1202335791 116.45502 39.89391
1202336092 116.461 39.88314
1202336205 116.46514 39.8808
1202336394 116.46311 39.8782
1202336696 116.45884 39.89051
1202336997 116.45588 39.90268
1202337299 116.4335 39.90734
1202337411 116.41517 39.90733
1202337601 116.39036 39.90633
1202337902 116.34712 39.90601
1202338204 116.31489 39.90983
1202338438 116.29664 39.9119
1202338810 116.31276 39.90987
1202339112 116.33605 39.89827
1202339402 116.33658 39.89612
1202339413 116.33713 39.89617
1202339715 116.35396 39.88824
1202340005 116.35155 39.88829
1202340017 116.35155 39.88829
1202340318 116.33552 39.88075
1202340609 116.33642 39.88585
1202340620 116.3364 39.88646
1202340922 116.3574 39.88363
1202341212 116.35239 39.88814
1202341223 116.35093 39.88819
1202341525 116.30756 39.88494
1202341815 116.29214 39.87815
1202342128 116.31643 39.89559
1202342430 116.31658 39.90609
1202342430 116.31658 39.90609
1202342732 116.37698 39.90574
1202343022 116.42308 39.90703
1202343033 116.42539 39.90709
1202343335 116.49756 39.9067
1202343625 116.55478 39.90786
1202343636 116.55683 39.9079
1202343938 116.59495 39.90796
1202344228 116.58804 39.91081
1202344240 116.58641 39.91093
1202344541 116.55524 39.91501
1202344832 116.52171 39.91599
1202344843 116.52066 39.91602
1202345145 116.48409 39.91968
1202345435 116.46667 39.93249
1202345446 116.46533 39.9325
1202346038 116.3951 39.93939
1202346050 116.39297 39.93938
1202346642 116.34954 39.9334
1202346653 116.34963 39.93118
1202346955 116.33058 39.90585
1202347245 116.33617 39.89688
1202347256 116.33618 39.89673
1202347558 116.35125 39.8879
1202347848 116.34895 39.88835
1202347860 116.34725 39.88842
1202348161 116.34352 39.8982
1202348452 116.34702 39.91298
1202349055 116.3141 39.90974
1202349368 116.30408 39.88722
1202349657 116.27694 39.85411
1202350261 116.27306 39.80223
1202350272 116.27306 39.80223
1202350574 116.28359 39.80543
1202350864 116.28718 39.8134
1202350875 116.28718 39.8134
1202351177 116.2866 39.83311
1202351467 116.29207 39.8403
1202351479 116.29196 39.84078
1202351780 116.27454 39.86946
1202352071 116.26906 39.92978
1202352082 116.26886 39.93163
1202352384 116.27591 39.94526
1202352674 116.29604 39.9429
1202352685 116.29604 39.9429
1202352987 116.32892 39.93678
1202353277 116.38378 39.94755
1202353289 116.38662 39.94753
1202353590 116.42748 39.93425
1202353892 116.44408 39.92677
1202354193 116.45493 39.92214
1202354484 116.47329 39.92158
1202354495 116.47489 39.9216
1202354797 116.50145 39.91949
1202355087 116.48462 39.92191
1202355098 116.48429 39.92211
1202355400 116.483 39.9089
1202355690 116.44418 39.9078
1202355702 116.44417 39.90911
1202356003 116.44009 39.92198
1202356294 116.42028 39.92319
1202356607 116.43262 39.93247
1202356897 116.40534 39.93204
1202356908 116.40317 39.932
1202357500 116.44417 39.91653
1202357813 116.44395 39.9137
1202358104 116.44399 39.9137
1202358115 116.44399 39.9137
1202358417 116.44403 39.91368
1202358707 116.44402 39.91367
1202358718 116.44408 39.91321
1202359020 116.42384 39.90717
1202359310 116.38711 39.90633
1202359322 116.38712 39.90633
1202359623 116.35056 39.90894
1202361365 116.25749 40.00207
1202361552 116.23955 40.00076
1202361854 116.2142 39.975
1202362155 116.19442 39.94281
1202362457 116.17369 39.92491
1202362759 116.13222 39.92734
1202363060 116.10899 39.93522
1202363175 116.10228 39.94171
1202363362 116.10129 39.94296
1202363638 116.09839 39.9415
1202377012 116.09851 39.9416
1202377314 116.11246 39.93567
1202377482 116.12609 39.93397
1202377615 116.14053 39.92363
1202377917 116.18038 39.92421
1202378085 116.19839 39.92331
1202378218 116.20582 39.93893
1202378520 116.21251 39.99218
1202378689 116.19274 39.99055
1202378822 116.18825 39.98904
1202379123 116.18825 39.98904
1202379292 116.18825 39.98904
1202379425 116.18825 39.98904
1202379727 116.19652 39.99133
1202379895 116.20571 39.99246
1202380028 116.20773 39.99806
1202380330 116.21973 39.99415
1202380499 116.26522 40.00669
1202380632 116.30197 40.01564
1202380933 116.30652 40.02899
1202381102 116.30727 40.02607
1202381537 116.31282 40.00569
1202381705 116.30913 39.99504
1202382140 116.31497 39.96583
1202382309 116.34381 39.96636
1202382442 116.37529 39.96681
1202382743 116.44313 39.95976
1202382743 116.44313 39.95976
1202382912 116.45554 39.93308
1202383045 116.45556 39.90888
1202383346 116.46729 39.89285
1202383514 116.45654 39.89231
1202383647 116.43855 39.89361
1202383949 116.42816 39.92353
1202384251 116.42025 39.92313
1202384552 116.41069 39.93844
1202384721 116.4023 39.94034
1202384854 116.40201 39.95236
1202385156 116.39698 39.95019
1202385324 116.38101 39.95009
1202385457 116.37415 39.94999
1202385759 116.34909 39.94131
1202385928 116.35028 39.91654
1202385928 116.35028 39.91654
1202386061 116.341 39.90594
1202386362 116.29971 39.90624
1202386664 116.25949 39.90631
1202386966 116.24543 39.90267
1202387134 116.23577 39.90263
1202387267 116.24766 39.90255
1202387569 116.26677 39.9061
1202387737 116.2764 39.90616
1202387871 116.29769 39.90617
1202388172 116.33948 39.90586
1202388341 116.3674 39.90565
1202388474 116.37643 39.90568
1202388775 116.38001 39.89876
1202388944 116.3681 39.90233
1202389077 116.36988 39.90753
1202389379 116.36071 39.91284
1202389547 116.36081 39.92675
1202389680 116.36233 39.93808
1202389982 116.36558 39.94927
1202390151 116.35936 39.9567
1202390284 116.34908 39.95063
1202390284 116.34908 39.95063
1202390585 116.34086 39.93121
1202390754 116.33774 39.92786
1202390887 116.34719 39.92685
1202391189 116.32828 39.92675
1202391357 116.34522 39.92683
1202391490 116.34822 39.92228
1202391792 116.30609 39.92279
1202391961 116.28287 39.92304
1202392094 116.26925 39.92945
1202392395 116.2897 39.94588
1202392564 116.29918 39.93878
1202392697 116.30361 39.93107
1202392999 116.30491 39.93207
1202393167 116.30647 39.93147
1202393300 116.29833 39.93622
1202393409 116.29938 39.93928
1202393602 116.32824 39.93684
1202393771 116.35505 39.94382
1202393904 116.38396 39.94747
1202394205 116.40211 39.94821
1202394374 116.40191 39.95126
1202394507 116.40155 39.95667
1202394809 116.40561 39.97088
1202394977 116.3983 39.96744
1202395110 116.37098 39.96677
1202395412 116.34999 39.94466
1202395581 116.34889 39.94078
1202395714 116.34389 39.93122
1202396015 116.33843 39.92227
1202396234 116.34337 39.9255
1202396924 116.34466 39.92693
1202397225 116.34703 39.89697
1202397454 116.34381 39.8762
1202397527 116.34975 39.87648
1202397527 116.34975 39.87648
1202397829 116.34279 39.88694
1202398514 116.40859 39.94767
1202398816 116.36329 39.94675
1202399118 116.30886 39.9392
1202399264 116.28214 39.94546
1202399264 116.28214 39.94546
1202399419 116.27335 39.93708
1202399721 116.26872 39.94187
1202399868 116.26936 39.94496
1202400023 116.26979 39.96685
1202400324 116.24057 39.98691
1202400471 116.2333 39.99654
1202400626 116.24224 40.00195
1202400928 116.21634 39.99242
1202401074 116.2108 39.9924
1202401229 116.20488 39.98855
1202401535 116.20633 39.99241
1202401678 116.2194 39.99491
1202401832 116.23945 40.0007
1202402151 116.27264 40.0012
1202402281 116.28442 39.99725
1202402742 116.29485 39.97326
1202402742 116.29485 39.97326
1202403039 116.30395 39.9312
1202403039 116.30395 39.9312
1202403341 116.27954 39.92301
1202403487 116.2574 39.92329
1202403947 116.24169 39.92647
1202404091 116.22355 39.92379
1202404554 116.17966 39.9258
1202404694 116.16731 39.92333
1202404849 116.15325 39.92821
1202405151 116.1255 39.94679
1202405297 116.12538 39.95775
1202405452 116.11511 39.95732
1202405754 116.09582 39.95252
1202406056 116.10088 39.944
1202406357 116.10358 39.92839
1202407064 116.10389 39.92775
1202407365 116.09139 39.93996
1202409663 116.09923 39.93392
1202409952 116.12607 39.93345
1202409965 116.12661 39.93202
1202410266 116.16285 39.9233
1202410555 116.17285 39.92459
1202410568 116.17285 39.92459
1202410869 116.18047 39.9145
1202410869 116.18047 39.9145
1202411159 116.19048 39.90619
1202411159 116.19048 39.90619
1202411171 116.19224 39.9062
1202411473 116.19179 39.92323
1202411762 116.16492 39.92336
1202411774 116.16375 39.92335
1202412076 116.13287 39.94341
1202412365 116.10537 39.96026
1202412378 116.10525 39.96015
1202434289 116.10098 39.94364
1202434560 116.09846 39.94177
1202469356 116.09847 39.94196
1202469658 116.09754 39.93611
1202469766 116.10532 39.93445
1202469960 116.12614 39.93455
1202470261 116.16623 39.92329
1202470369 116.17297 39.92468
1202470563 116.17788 39.93016
1202470865 116.19135 39.92659
1202470973 116.19162 39.92378
1202471166 116.19243 39.91662
1202471468 116.18196 39.90611
1202471576 116.18382 39.90612
1202471769 116.20521 39.90613
1202471769 116.20521 39.90613
1202472071 116.22254 39.90262
1202472179 116.23551 39.90259
1202472373 116.25317 39.90615
1202472673 116.28139 39.90622
1202472782 116.29267 39.9062
1202472975 116.30416 39.91949
1202473277 116.30919 39.96352
1202473385 116.33067 39.96621
1202473578 116.36834 39.96656
1202473880 116.4272 39.96806
1202473988 116.43094 39.96257
1202474182 116.43307 39.96488
1202474483 116.41889 39.95745
1202474592 116.41895 39.95526
1202474785 116.41905 39.95296
1202475087 116.41908 39.94871
1202475195 116.41941 39.93941
1202475388 116.41959 39.93012
1202475690 116.42036 39.91474
1202475798 116.41159 39.91466
1202475798 116.41159 39.91466
1202475992 116.41116 39.92587
1202476293 116.41523 39.9287
1202476402 116.41619 39.92875
1202476402 116.41619 39.92875
1202476595 116.41966 39.9348
1202476897 116.40302 39.93961
1202477005 116.39319 39.93941
1202477198 116.39108 39.93939
1202477500 116.37336 39.93163
1202477608 116.36677 39.93113
1202477802 116.36727 39.91957
1202478103 116.35966 39.91251
1202478212 116.35867 39.91663
1202478405 116.35273 39.92241
1202478707 116.35025 39.89841
1202478815 116.36209 39.89823
1202479008 116.37274 39.8985
1202479310 116.38538 39.89901
1202479418 116.39841 39.8993
1202479612 116.40599 39.89175
1202479913 116.40415 39.88683
1202480021 116.40582 39.88686
1202480215 116.41471 39.87687
1202480517 116.40693 39.8718
1202480625 116.39527 39.87138
1202480818 116.36363 39.8686
1202481120 116.3428 39.89653
1202481228 116.31891 39.89577
1202481421 116.28065 39.89599
1202481723 116.26288 39.89832
1202481831 116.2634 39.89894
1202482025 116.27714 39.89904
1202482326 116.28697 39.91164
1202482435 116.29378 39.90787
1202482628 116.29742 39.9064
1202482930 116.28903 39.90588
1202483038 116.28901 39.8969
1202483231 116.28892 39.87747
1202483533 116.29414 39.85875
1202483641 116.29801 39.85594
1202483835 116.28798 39.85833
1202484136 116.27193 39.87605
1202484245 116.25867 39.87978
1202484438 116.25434 39.88831
1202484740 116.27081 39.8815
1202484848 116.26828 39.89217
1202485041 116.26113 39.89903
1202485343 116.27669 39.90628
1202485451 116.27712 39.90628
1202485645 116.27895 39.92248
1202485946 116.26231 39.9277
1202486055 116.25072 39.9282
1202486247 116.23788 39.92837
1202486549 116.19583 39.93264
1202486549 116.19583 39.93264
1202486657 116.18633 39.9333
1202486850 116.17728 39.93171
1202487152 116.17249 39.92457
1202487260 116.16666 39.92333
1202487454 116.14018 39.92392
1202487755 116.12426 39.93679
1202487864 116.1213 39.93801
1202488057 116.11318 39.9359
1202488359 116.09276 39.93978
1202488489 116.09269 39.93942
