UTS Latitude Longitude
1201959367 116.32854 39.91582
1201959667 116.32927 39.90474
1201959967 116.32287 39.90349
1201960267 116.32939 39.91087
1201960567 116.33215 39.91278
1201960867 116.34649 39.91248
1201961167 116.35321 39.90763
1201961467 116.35363 39.91537
1201961767 116.36017 39.91289
1201962067 116.35671 39.90613
1201962367 116.32975 39.9063
1201962667 116.32755 39.90121
1201962967 116.32755 39.90121
1201963267 116.30783 39.89562
1201963567 116.30783 39.89562
1201963867 116.30783 39.89562
1201964167 116.30783 39.89562
1201964467 116.30783 39.89562
1201964767 116.30783 39.89562
1201965367 116.30783 39.89562
1201965667 116.30783 39.89562
1201965967 116.30783 39.89562
1201966267 116.30783 39.89562
1201966867 116.30783 39.89562
1201967167 116.30783 39.89562
1201967467 116.30783 39.89562
1201967767 116.30783 39.89562
1201968067 116.30783 39.89562
1201968366 116.30783 39.89562
1201968966 116.30783 39.89562
1201969266 116.30783 39.89562
1201969566 116.30783 39.89562
1201969866 116.30783 39.89562
1201970166 116.30783 39.89562
1201970466 116.30783 39.89562
1201971206 116.30783 39.89562
1201971366 116.30783 39.89562
1201971966 116.30783 39.89562
1201972566 116.30783 39.89562
1201972866 116.30783 39.89562
1201973166 116.30783 39.89562
1201973466 116.30783 39.89562
1201973766 116.30783 39.89562
1201974066 116.42096 39.90523
1201974666 116.42069 39.90391
1201974966 116.40986 39.89977
1201975566 116.39075 39.89884
1201975866 116.36906 39.89852
1201975866 116.36906 39.89852
1201976166 116.35636 39.89808
1201976466 116.32603 39.9003
1201976766 116.32282 39.89599
1201977066 116.30273 39.89623
1201977366 116.29687 39.88031
1201988830 116.40584 39.8963
1201989130 116.41306 39.8955
1201989430 116.41336 39.89196
1201989730 116.39492 39.89042
1201990030 116.38025 39.88811
1201990329 116.37027 39.88794
1201990629 116.35869 39.88782
1201990929 116.34267 39.89144
1201991229 116.33996 39.90169
1201991529 116.34064 39.90176
1201991529 116.34064 39.90176
1201991829 116.36113 39.89815
1201992129 116.3776 39.89879
1201992429 116.40879 39.90027
1201992729 116.42121 39.89725
1201993029 116.42459 39.89585
1201993329 116.41839 39.89735
1201993629 116.41821 39.89746
1201993929 116.4182 39.89746
1201994229 116.41229 39.89218
1201994529 116.38439 39.88846
1201994829 116.36474 39.88795
1201995129 116.34186 39.88839
1201995429 116.32065 39.88874
1201995729 116.3207 39.88389
1201996029 116.32061 39.88459
1201996329 116.306 39.88428
1201996629 116.30002 39.90643
1201996929 116.28974 39.91159
1201997229 116.28962 39.91682
1201997529 116.31664 39.90962
1201997829 116.33853 39.91254
1201998129 116.3539 39.91226
1201998429 116.35701 39.90752
1201998729 116.36766 39.9057
1201999029 116.39571 39.90634
1201999329 116.43084 39.90701
1201999629 116.43007 39.90445
1201999929 116.4208 39.91029
1202000229 116.41141 39.92215
1202000229 116.41141 39.92215
1202000529 116.40266 39.93173
1202000829 116.38658 39.93209
1202001429 116.38601 39.9321
1202001729 116.38976 39.93198
1202002029 116.40231 39.94166
1202002329 116.38758 39.94996
1202002629 116.38959 39.96771
1202003229 116.32972 40.04455
1202003529 116.34416 40.05965
1202003829 116.34384 40.05945
1202004129 116.33122 40.05716
1202005029 116.34322 40.00426
1202005329 116.34322 40.00426
1202005929 116.34322 40.00426
1202006229 116.3306 39.99166
1202007129 116.33011 39.99142
1202007429 116.33037 39.99178
1202007729 116.33036 39.99173
1202008029 116.3304 39.99174
1202008329 116.33042 39.99194
1202008629 116.33043 39.99171
1202008929 116.34581 40.00641
1202008929 116.34581 40.00641
1202009229 116.34901 40.02134
1202010128 116.31153 40.07895
1202010428 116.2985 40.08456
1202010728 116.32281 40.05358
1202011028 116.34519 40.02308
1202011928 116.37296 39.96869
1202012228 116.37294 39.9687
1202012528 116.37294 39.96871
1202012828 116.37293 39.96872
1202013128 116.37293 39.96872
1202013428 116.37338 39.96871
1202013728 116.3731 39.96876
1202014028 116.37303 39.96878
1202014328 116.37301 39.96878
1202014628 116.373 39.96879
1202014928 116.37306 39.96897
1202015228 116.37303 39.96894
1202015528 116.35771 39.96661
1202015828 116.34188 39.96667
1202016128 116.34188 39.96667
1202016428 116.34188 39.96667
1202016728 116.34188 39.96667
1202017328 116.34188 39.96667
1202017628 116.34188 39.96667
1202017628 116.34188 39.96667
1202017928 116.34188 39.96667
1202018228 116.34188 39.96667
1202018528 116.34188 39.96667
1202018828 116.34188 39.96667
1202019128 116.34188 39.96667
1202019428 116.34188 39.96667
1202019728 116.34188 39.96667
1202020028 116.34188 39.96667
1202020328 116.34188 39.96667
1202020628 116.34188 39.96667
1202020928 116.34188 39.96667
1202021228 116.34188 39.96667
1202021528 116.34188 39.96667
1202021828 116.34188 39.96667
1202022128 116.34188 39.96667
1202022428 116.34188 39.96667
1202022728 116.34188 39.96667
1202023028 116.34188 39.96667
1202023328 116.34188 39.96667
1202024528 116.34188 39.96667
1202024828 116.34188 39.96667
1202025428 116.34188 39.96667
1202025728 116.34188 39.96667
1202026028 116.34188 39.96667
1202026328 116.34188 39.96667
1202026328 116.34188 39.96667
1202026628 116.34188 39.96667
1202027228 116.34188 39.96667
1202027828 116.34188 39.96667
1202028128 116.34188 39.96667
1202028428 116.34188 39.96667
1202028728 116.34188 39.96667
1202029028 116.34188 39.96667
1202029328 116.34188 39.96667
1202029628 116.34188 39.96667
1202030527 116.25592 39.90256
1202030827 116.25797 39.90626
1202031127 116.26834 39.90745
1202031727 116.33596 39.95575
1202031727 116.27006 39.95575
1202032327 116.28657 39.95634
1202032627 116.29784 39.95223
1202032927 116.31146 39.93824
1202033227 116.35158 39.93904
1202033527 116.35862 39.93195
1202033827 116.37076 39.92678
1202034127 116.37395 39.93142
1202034427 116.36074 39.93714
1202034727 116.36073 39.93708
1202035027 116.36174 39.93166
1202035027 116.36174 39.93166
1202035327 116.35873 39.92278
1202035627 116.35055 39.92089
1202035927 116.35987 39.92471
1202036227 116.36229 39.93786
1202036527 116.36515 39.95173
1202036827 116.36395 39.96779
1202037427 116.36797 39.97367
1202037727 116.36866 39.9697
1202038027 116.36747 39.96828
1202038327 116.365 39.95588
1202038627 116.36611 39.9479
1202038927 116.3644 39.96201
1202039227 116.36768 39.9735
1202039527 116.37273 39.97482
1202040127 116.37465 39.97448
1202040727 116.37468 39.97448
1202041027 116.37462 39.97454
1202041627 116.37463 39.97452
1202041927 116.37463 39.97431
1202042227 116.37429 39.97413
1202042527 116.37494 39.97536
1202042827 116.37076 39.99587
1202043127 116.37076 39.99585
1202043427 116.37106 39.99579
1202043727 116.37107 39.99576
1202043727 116.37107 39.99576
1202044027 116.37399 39.9939
1202044274 116.40593 39.89949
1202044627 116.36337 39.98345
1202044927 116.3639 39.96736
1202045227 116.36545 39.94947
1202045527 116.36606 39.94257
1202045827 116.36705 39.9248
1202046127 116.36718 39.92348
1202046427 116.36718 39.92348
1202046727 116.36718 39.92348
1202047027 116.36718 39.92348
1202047327 116.36718 39.92348
1202047927 116.36718 39.92348
1202048227 116.36718 39.92348
1202048527 116.36718 39.92348
1202048827 116.36718 39.92348
1202049127 116.36718 39.92348
1202049427 116.36718 39.92348
1202049727 116.36718 39.92348
1202050027 116.36718 39.92348
1202050327 116.36718 39.92348
1202050627 116.36718 39.92348
1202050926 116.36718 39.92348
1202051226 116.36718 39.92348
1202052126 116.36718 39.92348
1202052426 116.36718 39.92348
1202052426 116.36718 39.92348
1202052726 116.36718 39.92348
1202053026 116.36718 39.92348
1202053644 116.36718 39.92348
1202053926 116.36718 39.92348
1202054226 116.36718 39.92348
1202054526 116.36718 39.92348
1202054826 116.36718 39.92348
1202055126 116.36718 39.92348
1202055426 116.36718 39.92348
1202056326 116.36718 39.92348
1202056626 116.36718 39.92348
1202056926 116.36718 39.92348
1202057526 116.36718 39.92348
1202057826 116.36718 39.92348
1202058126 116.36718 39.92348
1202058426 116.36718 39.92348
1202058726 116.36718 39.92348
1202059026 116.36718 39.92348
1202059326 116.36718 39.92348
1202059626 116.36718 39.92348
1202059926 116.36718 39.92348
1202060226 116.36718 39.92348
1202060526 116.36718 39.92348
1202060826 116.36718 39.92348
1202061126 116.36718 39.92348
1202061126 116.36718 39.92348
1202061426 116.36718 39.92348
1202061726 116.36718 39.92348
1202062026 116.36718 39.92348
1202062326 116.36718 39.92348
1202062626 116.36718 39.92348
1202062926 116.36718 39.92348
1202063226 116.36718 39.92348
1202063526 116.36718 39.92348
1202063826 116.36718 39.92348
1202064126 116.36718 39.92348
1202064426 116.36718 39.92348
1202064726 116.36718 39.92348
1202065026 116.36718 39.92348
1202065326 116.36718 39.92348
1202065626 116.36718 39.92348
1202065926 116.36718 39.92348
1202066226 116.36718 39.92348
1202066526 116.36718 39.92348
1202066826 116.36718 39.92348
1202067126 116.36718 39.92348
1202067426 116.36718 39.92348
1202067726 116.36718 39.92348
1202068026 116.36718 39.92348
1202068326 116.36718 39.92348
1202068626 116.36718 39.92348
1202068926 116.36718 39.92348
1202069226 116.36718 39.92348
1202069526 116.36718 39.92348
1202069826 116.36718 39.92348
1202069826 116.36718 39.92348
1202070126 116.36718 39.92348
1202070426 116.36718 39.92348
1202070725 116.34055 39.93573
1202071025 116.32272 39.9372
1202071325 116.3514 39.93904
1202071625 116.35234 39.9414
1202072011 116.34703 39.96353
1202072825 116.31304 39.97479
1202073125 116.3092 39.97447
1202073425 116.32719 39.97512
1202073725 116.33929 39.97496
1202074025 116.35326 39.98029
1202074325 116.36348 39.98168
1202074625 116.39976 39.98688
1202074925 116.39834 40.00008
1202075225 116.40117 39.99624
1202075525 116.3962 39.97554
1202075825 116.37433 39.97099
1202076125 116.37281 39.96779
1202076425 116.37281 39.96778
1202076725 116.37281 39.96779
1202077025 116.37281 39.96778
1202077325 116.37282 39.96779
1202077625 116.36783 39.96686
1202077925 116.36054 39.95664
1202078225 116.36086 39.95683
1202078845 116.36392 39.97526
1202079125 116.36377 39.96768
1202079425 116.34896 39.95443
1202079725 116.34972 39.92687
1202080025 116.3502 39.91656
1202080325 116.35016 39.90846
1202080625 116.34171 39.88919
1202080925 116.35273 39.88186
1202081225 116.3624 39.8879
1202081525 116.36804 39.90308
1202082125 116.34751 39.90596
1202082425 116.31489 39.90757
1202082725 116.31667 39.89701
1202083025 116.30584 39.89604
1202083325 116.29788 39.91164
1202083625 116.31075 39.9073
1202083925 116.31074 39.90723
1202084225 116.3108 39.90711
1202084525 116.31078 39.90713
1202084825 116.30412 39.90527
1202085125 116.28959 39.88831
1202085425 116.28902 39.89235
1202085725 116.28299 39.90603
1202086025 116.30493 39.90768
1202086325 116.30457 39.9099
1202086625 116.30458 39.90989
1202086925 116.30459 39.90988
1202087225 116.30459 39.90987
1202087225 116.30459 39.90987
1202087525 116.31639 39.92216
1202087825 116.30392 39.90787
1202088125 116.29667 39.90474
1202088425 116.31717 39.90597
1202088725 116.31887 39.90598
1202089025 116.32923 39.90901
1202089324 116.31976 39.92656
1202089624 116.29743 39.93115
1202089924 116.28269 39.93105
1202090224 116.28231 39.92327
1202090524 116.30677 39.9225
1202091124 116.31614 39.9221
1202091724 116.31616 39.9221
1202092024 116.31613 39.92208
1202092324 116.30336 39.92277
1202092624 116.31308 39.89563
1202092924 116.31679 39.89566
1202093224 116.31614 39.89551
1202093524 116.32643 39.89559
1202093824 116.33582 39.89644
1202094124 116.31522 39.89713
1202094424 116.34063 39.90582
1202094724 116.37782 39.90285
1202095024 116.38555 39.90559
1202095324 116.37239 39.90601
1202095624 116.35031 39.91968
1202095924 116.3166 39.93782
1202095924 116.3166 39.93782
1202096224 116.27856 39.94899
1202096524 116.28208 39.95605
1202096824 116.29432 39.95808
1202097124 116.30077 39.9696
1202097424 116.2986 39.98413
1202097724 116.28504 39.99265
1202098024 116.31223 39.9909
1202098324 116.33064 39.99144
1202098624 116.33403 39.99542
1202098924 116.33401 39.99543
1202099224 116.33399 39.99543
1202099524 116.33399 39.99543
1202099824 116.33753 39.99171
1202100124 116.35152 39.99163
1202100424 116.35152 39.99185
1202100724 116.35152 39.99186
1202101024 116.35153 39.99188
1202101324 116.35154 39.99189
1202101624 116.35154 39.9919
1202101924 116.35162 39.99225
1202102224 116.35162 39.99195
1202102524 116.35161 39.99215
1202102824 116.35152 39.99179
1202103124 116.35151 39.99184
1202103424 116.35154 39.99192
1202103724 116.35152 39.99196
1202104324 116.3515 39.99197
1202104624 116.3515 39.99197
1202104624 116.3515 39.99197
1202104924 116.3515 39.99197
1202105224 116.3515 39.99197
1202105524 116.3515 39.99197
1202105824 116.3515 39.99198
1202106124 116.3514 39.99157
1202106424 116.35136 39.992
1202106724 116.35158 39.99204
1202107024 116.35141 39.99222
1202107324 116.35139 39.99217
1202107624 116.35142 39.99215
1202107924 116.35159 39.99175
1202108224 116.3516 39.99182
1202108524 116.35144 39.99237
1202108823 116.35145 39.99182
1202109123 116.35173 39.99183
1202109423 116.35166 39.99182
1202109723 116.35162 39.99184
1202110023 116.3516 39.99186
1202110323 116.35159 39.99188
1202110623 116.35155 39.99161
1202110923 116.35122 39.99204
1202111855 116.31607 39.89607
1202112123 116.30524 39.87307
1202112723 116.30714 39.89542
1202113023 116.3174 39.89886
1202113323 116.3174 39.89889
1202113323 116.3174 39.89889
1202113623 116.31742 39.89889
1202113623 116.31742 39.89889
1202113923 116.31742 39.89889
1202114223 116.31744 39.89889
1202114523 116.31737 39.89893
1202114823 116.31755 39.89886
1202115123 116.3182 39.89875
1202115423 116.3179 39.89881
1202115723 116.3175 39.89884
1202116023 116.31522 39.90585
1202116323 116.3047 39.90776
1202116623 116.30452 39.91511
1202116923 116.31505 39.93103
1202117223 116.33133 39.93561
1202117523 116.32832 39.91759
1202117823 116.35034 39.91371
1202118145 116.35342 39.90858
1202118771 116.34606 39.93929
1202119023 116.34592 39.94107
1202119623 116.35007 39.93894
1202119923 116.36542 39.94689
1202120223 116.39694 39.94759
1202120523 116.41268 39.95309
1202120523 116.41268 39.95309
1202120823 116.41191 39.96711
1202121123 116.39583 39.96744
1202121423 116.34733 39.96634
1202121723 116.3129 39.97156
1202122023 116.30692 39.9812
1202122023 116.30692 39.9812
1202122323 116.32101 39.98616
1202122323 116.32101 39.98616
1202122623 116.31469 39.98455
1202122923 116.28524 39.97979
1202123223 116.28361 39.9585
1202123523 116.28353 39.95741
1202123823 116.29311 39.95435
1202124123 116.30013 39.95557
1202124423 116.30455 39.94121
1202124723 116.30852 39.93985
1202125023 116.30392 39.94862
1202125323 116.31634 39.9554
1202125623 116.3152 39.9656
1202125923 116.30099 39.97438
1202126223 116.32702 39.97512
1202126523 116.34304 39.97516
1202126823 116.36461 39.97536
1202127123 116.37466 39.97443
1202127423 116.37465 39.97447
1202127723 116.37476 39.97446
1202128023 116.37476 39.97445
1202128322 116.37476 39.97445
1202128622 116.37476 39.97444
1202128922 116.37476 39.97444
1202129222 116.37316 39.97351
1202129522 116.37025 39.97619
1202129822 116.37466 39.97394
1202130122 116.37271 39.96765
1202130422 116.37274 39.96766
1202130681 116.37658 39.98668
1202130722 116.37275 39.96761
1202131022 116.37272 39.96764
1202131022 116.37272 39.96764
1202131322 116.35296 39.96644
1202131622 116.34702 39.99262
1202131922 116.3462 40.0002
1202132222 116.33785 39.99228
1202132522 116.3216 39.9912
1202132822 116.30971 39.98945
1202133122 116.30831 39.98386
1202133422 116.31158 39.97463
1202133722 116.31938 39.96654
1202134022 116.31695 39.96625
1202134322 116.3038 39.94354
1202134626 116.31171 39.92241
1202134922 116.32105 39.92217
1202135222 116.34504 39.92219
1202135522 116.32838 39.92304
1202135822 116.32797 39.93678
1202136122 116.3479 39.93883
1202136422 116.35042 39.93876
1202136722 116.35004 39.93841
1202137022 116.33772 39.93151
1202137322 116.32839 39.92699
1202137622 116.32919 39.91274
1202137922 116.33817 39.91225
1202138222 116.33789 39.92682
1202138522 116.33789 39.92682
1202138822 116.3465 39.9387
1202139422 116.34953 39.93874
1202139722 116.34926 39.95263
1202139722 116.34926 39.95263
1202140022 116.34721 39.96405
1202140322 116.35515 39.94539
1202140622 116.35515 39.94526
1202140922 116.35533 39.95493
1202141222 116.35495 39.96009
1202141521 116.49853 39.9296
1202141522 116.33254 39.9666
1202141822 116.32158 39.96622
1202142122 116.30015 39.96673
1202142422 116.30015 39.96673
1202142722 116.30015 39.96673
1202143322 116.30015 39.96673
1202143622 116.30015 39.96673
1202143922 116.30015 39.96673
1202144222 116.30015 39.96673
1202144522 116.30015 39.96673
1202144822 116.30015 39.96673
1202145122 116.30015 39.96673
1202145422 116.30015 39.96673
1202145722 116.30015 39.96673
1202146022 116.30015 39.96673
1202146322 116.30015 39.96673
1202146622 116.30015 39.96673
1202146922 116.30015 39.96673
1202146922 116.30015 39.96673
1202147222 116.30015 39.96673
1202147822 116.36657 39.93759
1202148121 116.37395 39.94971
1202148421 116.37439 39.96683
1202148421 116.37439 39.96683
1202148721 116.37253 39.97031
1202149021 116.37288 39.96866
1202149321 116.37289 39.96867
1202149621 116.3729 39.96868
1202149921 116.37291 39.96869
1202150221 116.37291 39.96869
1202150521 116.37291 39.9687
1202150821 116.37291 39.9687
1202151121 116.37291 39.9687
1202151421 116.37292 39.9687
1202151721 116.37292 39.9687
1202152021 116.37295 39.96865
1202152321 116.37293 39.96873
1202152921 116.37289 39.96878
1202153221 116.3729 39.96879
1202153521 116.37288 39.96879
1202153821 116.35267 39.96658
1202154121 116.35265 39.96662
1202154421 116.31444 39.96548
1202154721 116.29771 39.95914
1202155021 116.29513 39.96707
1202155321 116.30258 39.96096
1202155621 116.32428 39.96633
1202156221 116.31158 39.9743
1202156521 116.29664 39.97389
1202156847 116.27899 39.97495
1202157121 116.24273 39.97194
1202168463 116.28419 40.06066
1202168763 116.30691 40.05538
1202169363 116.30682 40.02822
1202169663 116.27863 40.02058
1202169963 116.26527 40.02445
1202170263 116.27154 40.01968
1202170563 116.29163 39.99056
1202170863 116.29932 39.96936
1202171163 116.30189 39.97286
1202171463 116.31902 39.97373
1202171763 116.32878 39.97517
1202172363 116.31949 39.96687
1202172663 116.31934 39.96626
1202172963 116.31927 39.96628
1202173263 116.31927 39.96627
1202173563 116.31928 39.96626
1202173863 116.30823 39.96348
1202174163 116.29526 39.96788
1202174463 116.29547 39.96756
1202174763 116.29605 39.9656
1202175063 116.31779 39.96556
1202175363 116.33023 39.94977
1202175663 116.3338 39.94633
1202175963 116.3189 39.94475
1202176263 116.33768 39.94733
1202176263 116.33768 39.94733
1202176563 116.34182 39.94869
1202176863 116.3418 39.94869
1202178663 116.35336 39.97515
1202179563 116.37287 39.9681
1202179863 116.37287 39.96808
1202180163 116.37287 39.96807
1202180463 116.37287 39.96807
1202180762 116.37287 39.96807
1202181062 116.37288 39.96807
1202181362 116.37288 39.96807
1202181662 116.37288 39.96807
1202181962 116.37288 39.96807
1202182562 116.37289 39.96807
1202182862 116.34588 39.96644
1202183162 116.3339 39.96739
1202183462 116.3339 39.96739
1202183762 116.3339 39.96739
1202184362 116.3339 39.96739
1202184662 116.3339 39.96739
1202184962 116.3339 39.96739
1202185262 116.3339 39.96739
1202185862 116.3339 39.96739
1202186162 116.3339 39.96739
1202186762 116.3339 39.96739
1202187062 116.3339 39.96739
1202187362 116.3339 39.96739
1202187662 116.3339 39.96739
1202187962 116.3339 39.96739
1202188262 116.3339 39.96739
1202188562 116.3339 39.96739
1202188862 116.3339 39.96739
1202189162 116.3339 39.96739
1202189462 116.3339 39.96739
1202189762 116.3339 39.96739
1202190062 116.3339 39.96739
1202190362 116.3339 39.96739
1202190662 116.3339 39.96739
1202190962 116.3339 39.96739
1202191262 116.3339 39.96739
1202191562 116.3339 39.96739
1202191862 116.3339 39.96739
1202192162 116.3339 39.96739
1202192462 116.3339 39.96739
1202192762 116.3339 39.96739
1202193362 116.3339 39.96739
1202193662 116.3339 39.96739
1202193662 116.3339 39.96739
1202193962 116.3339 39.96739
1202194262 116.3339 39.96739
1202194562 116.3339 39.96739
1202194862 116.3339 39.96739
1202195162 116.3339 39.96739
1202195462 116.3339 39.96739
1202195762 116.3339 39.96739
1202196062 116.3339 39.96739
1202196362 116.3339 39.96739
1202196962 116.3339 39.96739
1202197262 116.3339 39.96739
1202197562 116.3339 39.96739
1202197862 116.3339 39.96739
1202198162 116.3339 39.96739
1202198462 116.3339 39.96739
1202198762 116.3339 39.96739
1202199062 116.3339 39.96739
1202199662 116.33716 39.92675
1202199962 116.35624 39.92238
1202200262 116.35613 39.93107
1202200562 116.35613 39.93107
1202200862 116.31195 39.93833
1202201162 116.31921 39.94278
1202201762 116.32367 39.95051
1202202061 116.3376 39.92619
1202202361 116.3458 39.91258
1202202361 116.3458 39.91258
1202202661 116.36053 39.9126
1202203280 116.37375 39.93025
1202203561 116.37375 39.93025
1202203861 116.37376 39.93025
1202204161 116.36664 39.93137
1202204461 116.36211 39.93417
1202204761 116.3584 39.91762
1202205709 116.36062 39.91515
1202205961 116.36727 39.92053
1202206261 116.38893 39.9218
1202206561 116.4073 39.9141
1202207161 116.4005 39.91686
1202207461 116.3974 39.92444
1202207761 116.39734 39.92336
1202208061 116.39019 39.92957
1202208361 116.39668 39.91395
1202208661 116.40127 39.89945
1202208961 116.41129 39.89796
1202209261 116.39612 39.89106
1202209561 116.3781 39.89846
1202209561 116.3781 39.89846
1202209861 116.36783 39.90528
1202210161 116.36713 39.92416
1202210461 116.36663 39.93634
1202210761 116.36537 39.95127
1202211061 116.36383 39.97475
1202211061 116.36383 39.97475
1202211361 116.37434 39.97489
1202211661 116.3746 39.9747
1202211961 116.37481 39.97467
1202212261 116.37485 39.97467
1202212861 116.37491 39.97478
1202213161 116.37483 39.97473
1202213461 116.37495 39.9744
1202213761 116.37494 39.9744
1202214061 116.37492 39.97443
1202214361 116.37477 39.97411
1202214661 116.37462 39.97431
1202214961 116.37472 39.97375
1202215261 116.36809 39.96676
1202215561 116.35512 39.95648
1202215861 116.35425 39.94638
1202216161 116.34989 39.92587
1202216461 116.35046 39.90992
1202216706 116.28638 40.05403
1202216761 116.36645 39.89847
1202217181 116.36847 39.89789
1202217361 116.36815 39.90333
1202217661 116.37101 39.91313
1202217961 116.36782 39.90882
1202218261 116.36846 39.90956
1202218561 116.368 39.90942
1202218861 116.368 39.90942
1202219161 116.36767 39.91029
1202219461 116.36652 39.91043
1202219761 116.34989 39.92683
1202219761 116.34989 39.92683
1202220061 116.34861 39.96113
1202220361 116.34735 39.98918
1202221261 116.36298 39.98725
1202221561 116.3605 39.9864
1202221861 116.35808 39.9944
1202222161 116.35286 39.99528
1202222461 116.35286 39.99528
1202222761 116.35286 39.99528
1202223061 116.35286 39.99528
1202223361 116.35286 39.99528
1202223660 116.31167 39.97471
1202223960 116.31006 39.98712
1202224260 116.33171 39.9917
1202224560 116.33173 39.99163
1202224860 116.33039 39.99153
1202225160 116.33371 39.99767
1202225460 116.34688 39.98822
1202225760 116.33814 39.98499
1202226060 116.33807 39.98495
1202226360 116.3615 39.98572
1202226660 116.39908 39.98725
1202226960 116.38861 39.98695
1202227260 116.38345 39.98678
1202227560 116.38556 39.98592
1202227860 116.41761 39.98103
1202228160 116.41821 39.97955
1202228460 116.41824 39.97944
1202228460 116.41824 39.97944
1202228760 116.41824 39.97944
1202229060 116.41824 39.97944
1202229360 116.41824 39.97944
1202229660 116.39011 39.94795
1202229960 116.38587 39.95041
1202230260 116.36632 39.94813
1202230560 116.36623 39.94835
1202230860 116.36628 39.94868
1202231160 116.36628 39.94868
1202231460 116.36628 39.94868
1202231760 116.36628 39.94868
1202232060 116.36628 39.94868
1202232721 116.36628 39.94868
1202232960 116.36628 39.94868
1202233260 116.36628 39.94868
1202233560 116.36628 39.94868
1202233860 116.40104 39.97648
1202234160 116.38798 39.97454
1202234460 116.37284 39.97369
1202234760 116.37277 39.96786
1202235060 116.37277 39.96786
1202235360 116.37277 39.96786
1202235660 116.37278 39.96786
1202235960 116.37258 39.96741
1202236260 116.36435 39.96063
1202236560 116.36433 39.96064
1202236860 116.35526 39.95662
1202237160 116.35417 39.95315
1202237160 116.35417 39.95315
1202237460 116.35535 39.95624
1202237760 116.34837 39.973
1202238060 116.3586 39.97528
1202238360 116.37384 39.97523
1202238960 116.37286 39.97593
1202239260 116.37285 39.9759
1202239560 116.37219 39.97541
1202239860 116.37069 39.97484
1202240160 116.37068 39.97484
1202240460 116.37066 39.97486
1202240760 116.37066 39.97485
1202241059 116.37066 39.97485
1202241359 116.37066 39.97485
1202241659 116.37066 39.97485
1202241959 116.37065 39.97485
1202242259 116.37065 39.97484
1202242559 116.37066 40.07611
1202242859 116.37067 39.97484
1202243159 116.37067 39.97485
1202243459 116.37098 39.97481
1202243759 116.3706 39.97483
1202244059 116.37063 39.97483
1202244359 116.37063 39.97483
1202244659 116.37064 39.97483
1202244959 116.37064 39.97483
1202245259 116.37065 39.97483
1202245559 116.37065 39.97483
1202245859 116.37065 39.97483
1202245859 116.37065 39.97483
1202246159 116.37065 39.97483
1202246459 116.37053 39.97502
1202246759 116.3706 39.97497
1202247059 116.37061 39.97495
1202247359 116.37062 39.97493
1202247659 116.37062 39.97491
1202247959 116.37061 39.9749
1202248259 116.37062 39.97489
1202248559 116.37062 39.97489
1202248859 116.37062 39.97489
1202249159 116.37062 39.97489
1202249459 116.37063 39.97489
1202249759 116.37064 39.97488
1202250059 116.37064 39.97488
1202250359 116.37064 39.97488
1202250659 116.37065 39.97488
1202250959 116.37065 39.97488
1202251259 116.37061 39.97495
1202251559 116.37066 39.97489
1202251859 116.37067 39.97488
1202252159 116.36956 39.97513
1202252459 116.37066 39.97489
1202252759 116.37068 39.97488
1202253359 116.3707 39.97488
1202253659 116.3707 39.97487
1202253959 116.3707 39.97487
1202254259 116.37069 39.97486
1202254559 116.37069 39.97485
1202254559 116.37069 39.97485
1202254859 116.37068 39.97486
1202255159 116.37068 39.97486
1202255459 116.37063 39.97484
1202255759 116.37063 39.97483
1202256059 116.37062 39.9748
1202256359 116.37065 39.97491
1202256659 116.37064 39.97489
1202256959 116.37063 39.97488
1202257259 116.37061 39.97489
1202257559 116.37061 39.97489
1202257859 116.37061 39.97488
1202258159 116.37061 39.97487
1202258459 116.37061 39.97486
1202258759 116.37061 39.97485
1202259059 116.37061 39.97485
1202259359 116.37061 39.97484
1202259659 116.37061 39.97484
1202259959 116.37061 39.97484
1202260559 116.37061 39.97484
1202260859 116.37061 39.97483
1202261158 116.37061 39.97483
1202261458 116.37061 39.97483
1202261758 116.37062 39.97484
1202262058 116.37062 39.97484
1202262358 116.37062 39.97484
1202262658 116.37063 39.97484
1202262958 116.37062 39.97484
1202263258 116.37062 39.97483
1202263258 116.37062 39.97483
1202263858 116.37062 39.97483
1202264158 116.37062 39.97483
1202264458 116.37063 39.97483
1202264758 116.37062 39.97483
1202265058 116.37062 39.97483
1202265358 116.37062 39.97483
1202265658 116.37062 39.97483
1202266258 116.37062 39.97483
1202266558 116.37062 39.97483
1202266858 116.37062 39.97483
1202267458 116.37055 39.97486
1202268058 116.37058 39.97487
1202268358 116.37058 39.97487
1202268658 116.37059 39.97487
1202268958 116.37059 39.97487
1202269258 116.37059 39.97487
1202269558 116.37031 39.97485
1202269858 116.37038 39.97485
1202270158 116.37043 39.97485
1202270458 116.37045 39.97485
1202270758 116.37047 39.97485
1202271058 116.37049 39.97485
1202271358 116.3705 39.97485
1202271658 116.37051 39.97485
1202271958 116.37051 39.97485
1202271958 116.37051 39.97485
1202272258 116.37052 39.97485
1202272558 116.37052 39.97485
1202272858 116.37053 39.97485
1202273158 116.37053 39.97484
1202273458 116.37054 39.97484
1202273758 116.37055 39.97484
1202274058 116.37055 39.97484
1202274358 116.37056 39.97484
1202274658 116.37056 39.97484
1202274958 116.37056 39.97484
1202275258 116.37056 39.97483
1202275558 116.37057 39.97485
1202275858 116.37057 39.97486
1202276158 116.37057 39.97486
1202276458 116.37059 39.97486
1202276758 116.37061 39.97486
1202277358 116.37062 39.97486
1202277658 116.37062 39.97485
1202277958 116.37062 39.97485
1202278258 116.37062 39.97485
1202278558 116.37063 39.97485
1202278858 116.37053 39.97484
1202279158 116.37056 39.97484
1202279458 116.37057 39.97484
1202279757 116.37059 39.97484
1202280057 116.37061 39.97484
1202280657 116.37063 39.97482
1202280657 116.37063 39.97482
1202280957 116.37062 39.97485
1202281257 116.37062 39.97485
1202281557 116.37064 39.97494
1202281857 116.37068 39.97489
1202282157 116.37068 39.97489
1202282457 116.37067 39.97489
1202282757 116.37066 39.97489
1202283057 116.37065 39.97488
1202283357 116.37065 39.97489
1202283657 116.37065 39.9749
1202283957 116.37064 39.9749
1202284257 116.37064 39.9749
1202284557 116.37064 39.9749
1202284857 116.37064 39.97489
1202285157 116.37064 39.97489
1202285457 116.37064 39.97488
1202285757 116.37064 39.97488
1202286057 116.37064 39.97488
1202286357 116.37064 39.97488
1202286657 116.37065 39.97488
1202286957 116.37066 39.97488
1202287257 116.37066 39.97488
1202287557 116.37066 39.97487
1202287857 116.3707 39.97479
1202288157 116.37071 39.9748
1202288457 116.3707 39.97482
1202288757 116.37069 39.97483
1202289057 116.3707 39.97489
1202289357 116.37063 39.97476
1202289357 116.37063 39.97476
1202289657 116.37061 39.9748
1202289957 116.37063 39.97482
1202290257 116.37064 39.97482
1202290557 116.37064 39.97483
1202290857 116.37064 39.97484
1202291157 116.37064 39.97484
1202291457 116.37065 39.97484
1202291757 116.37065 39.97484
1202292057 116.37065 39.97484
1202292357 116.37065 39.97484
1202292657 116.37066 39.97484
1202292957 116.37066 39.97484
1202293257 116.37066 39.97484
1202293557 116.37066 39.97484
1202293857 116.37066 39.97484
1202294157 116.37066 39.97484
1202294457 116.37066 39.97484
1202294757 116.37066 39.97484
1202295057 116.37067 39.97484
1202295357 116.37072 39.97481
1202295657 116.3707 39.97479
1202295957 116.37068 39.97479
1202296257 116.37067 39.97479
1202296857 116.37065 39.97492
1202297157 116.37065 39.97489
1202297457 116.37066 39.97492
1202298057 116.37067 39.9749
1202298057 116.37067 39.9749
1202298357 116.37078 39.97502
1202298656 116.37075 39.97501
1202299256 116.37074 39.97494
1202299856 116.37072 39.97493
1202300156 116.37071 39.97492
1202300756 116.37066 39.97486
1202301056 116.37075 39.97484
1202301356 116.37275 39.97193
1202301656 116.37282 39.96763
1202301956 116.3678 39.96685
1202302256 116.33915 39.96657
1202302556 116.34694 39.9662
1202302856 116.3595 39.9816
1202303113 116.36638 39.89837
1202303157 116.36638 39.89837
1202303456 116.35399 39.97961
1202303756 116.34762 39.98226
1202304056 116.34661 40.0067
1202304356 116.34597 40.01605
1202304656 116.33862 40.03402
1202304956 116.33228 40.03618
1202305256 116.33482 40.03731
1202305556 116.31692 40.06253
1202305856 116.31411 40.07014
1202306156 116.31306 40.06629
1202306456 116.33465 40.03825
1202306756 116.34564 40.01715
1202306756 116.34564 40.01715
1202307056 116.34552 40.00576
1202307356 116.33714 40.00639
1202307656 116.33934 39.99935
1202307956 116.34894 39.99965
1202308256 116.35026 40.02092
1202308556 116.42302 40.02083
1202308856 116.48364 40.00859
1202309156 116.48364 40.00859
1202309456 116.58762 40.07709
1202309756 116.58079 40.07609
1202310056 116.56991 40.05897
1202310656 116.53676 40.0549
1202311075 116.53676 40.0549
1202311256 116.53676 40.0549
1202311556 116.53676 40.0549
1202312156 116.53676 40.0549
1202312456 116.53676 40.0549
1202312756 116.53676 40.0549
1202313056 116.53676 40.0549
1202313356 116.53676 40.0549
1202313656 116.53676 40.0549
1202313956 116.53676 40.0549
1202314256 116.53676 40.0549
1202314556 116.53676 40.0549
1202314856 116.53676 40.0549
1202315156 116.53676 40.0549
1202315456 116.53676 40.0549
1202315756 116.53676 40.0549
1202316056 116.53676 40.0549
1202316356 116.53676 40.0549
1202316656 116.53676 40.0549
1202316956 116.53676 40.0549
1202317256 116.53676 40.0549
1202317856 116.53676 40.0549
1202318156 116.53676 40.0549
1202318456 116.53676 40.0549
1202318756 116.53676 40.0549
1202319056 116.53676 40.0549
1202319355 116.05655 40.4826
1202319655 116.05935 40.48201
1202319955 116.05973 40.48222
1202320255 116.07763 40.49347
1202320555 116.09846 40.50481
1202320855 116.09846 40.50481
1202321155 116.09846 40.50481
1202321455 116.09846 40.50481
1202321755 116.24979 40.63043
1202322294 116.24781 40.68164
1202322355 116.26043 40.68312
1202322655 116.2635 40.67882
1202322955 116.34188 40.69329
1202323255 116.34184 40.69329
1202323555 116.34181 40.69328
1202323855 116.34178 40.69328
1202324155 116.34176 40.69327
1202324155 116.34176 40.69327
1202324455 116.34176 40.69327
1202324755 116.34176 40.69328
1202325355 116.34178 40.69327
1202325655 116.34178 40.69326
1202325955 116.34179 40.69326
1202326255 116.34179 40.69326
1202326555 116.3418 40.69325
1202326855 116.3418 40.69325
1202327155 116.34181 40.69325
1202327455 116.34181 40.69325
1202327755 116.34181 40.69325
1202328055 116.34182 40.69325
1202328355 116.34182 40.69325
1202328655 116.34182 40.69325
1202329255 116.34183 40.69325
1202329255 116.34183 40.69325
1202329555 116.34184 40.69326
1202329855 116.34184 40.69326
1202330155 116.34185 40.69326
1202330455 116.34159 40.69324
1202330755 116.34188 40.69332
1202331055 116.34188 40.69332
1202331355 116.34189 40.69331
1202331655 116.34189 40.69331
1202331955 116.34189 40.69331
1202332255 116.34189 40.69331
1202332555 116.34188 40.6933
1202332855 116.34188 40.6933
1202333155 116.34187 40.6933
1202333455 116.34187 40.6933
1202334055 116.34189 40.69328
1202334355 116.34189 40.69328
1202334655 116.34189 40.69328
1202334955 116.34189 40.69328
1202335255 116.34189 40.69328
1202335555 116.34189 40.69328
1202335855 116.34189 40.69328
1202336155 116.34189 40.69328
1202336455 116.34206 40.69356
1202336755 116.34179 40.69323
1202337055 116.34178 40.69325
1202337355 116.34176 40.69324
1202337655 116.34177 40.69324
1202337955 116.34179 40.69325
1202338254 116.34181 40.69326
1202338554 116.34182 40.69327
1202338854 116.34184 40.69327
1202339154 116.34185 40.69327
1202339454 116.34184 40.69326
1202339754 116.34183 40.69325
1202340054 116.34183 40.69323
1202340354 116.3418 40.69321
1202340654 116.34181 40.69322
1202340954 116.34181 40.69322
1202341254 116.34182 40.69322
1202341554 116.34182 40.69322
1202341554 116.34182 40.69322
1202341854 116.34183 40.69322
1202341854 116.34183 40.69322
1202341854 116.34183 40.69322
1202341854 116.34183 40.69322
1202342154 116.34183 40.69323
1202342454 116.34183 40.69323
1202342754 116.34184 40.69324
1202343054 116.34184 40.69325
1202343354 116.34184 40.69325
1202343654 116.34185 40.69325
1202343954 116.34185 40.69325
1202344254 116.34186 40.69326
1202344554 116.34262 40.69333
1202344854 116.34194 40.6934
1202345154 116.34196 40.69339
1202345454 116.34197 40.69339
1202345754 116.34199 40.6934
1202346354 116.34202 40.6934
1202346654 116.34202 40.6934
1202346954 116.34211 40.69319
1202347254 116.34204 40.69326
1202347554 116.34196 40.69333
1202348454 116.34177 40.69338
1202348754 116.34174 40.69339
1202349354 116.34185 40.69346
1202349654 116.34185 40.69345
1202350254 116.34168 40.69298
1202350554 116.3414 40.69267
1202350854 116.3414 40.69267
1202351454 116.3414 40.69267
1202351754 116.3414 40.69267
1202352054 116.3414 40.69267
1202352354 116.3414 40.69267
1202352654 116.3414 40.69267
1202353254 116.3414 40.69267
1202353554 116.3414 40.69267
1202353854 116.3414 40.69267
1202354154 116.3414 40.69267
1202354454 116.3414 40.69267
1202354756 116.3414 40.69267
1202355054 116.3414 40.69267
1202355354 116.3414 40.69267
1202355654 116.3414 40.69267
1202355954 116.3414 40.69267
1202356554 116.3414 40.69267
1202356854 116.3414 40.69267
1202356854 116.3414 40.69267
1202357154 116.3414 40.69267
1202357454 116.3414 40.69267
1202357754 116.3414 40.69267
1202358053 116.3414 40.69267
1202358353 116.3414 40.69267
1202358953 116.3414 40.69267
1202359253 116.3414 40.69267
1202359253 116.3414 40.69267
1202359553 116.3414 40.69267
1202359853 116.3414 40.69267
1202360153 116.3414 40.69267
1202360453 116.3414 40.69267
1202360753 116.3414 40.69267
1202361353 116.3414 40.69267
1202361653 116.3414 40.69267
1202361953 116.3414 40.69267
1202362253 116.3414 40.69267
1202362853 116.3414 40.69267
1202363153 116.3414 40.69267
1202363453 116.3414 40.69267
1202363753 116.3414 40.69267
1202364053 116.3414 40.69267
1202364353 116.3414 40.69267
1202364653 116.3414 40.69267
1202364953 116.3414 40.69267
1202365253 116.3414 40.69267
1202365553 116.3414 40.69267
1202365853 116.3414 40.69267
1202366153 116.3414 40.69267
1202366453 116.3414 40.69267
1202366753 116.3414 40.69267
1202367053 116.3414 40.69267
1202367353 116.3414 40.69267
1202367653 116.3414 40.69267
1202367653 116.3414 40.69267
1202367953 116.3414 40.69267
1202367953 116.3414 40.69267
1202368253 116.3414 40.69267
1202368553 116.3414 40.69267
1202368853 116.3414 40.69267
1202369153 116.3414 40.69267
1202369453 116.3414 40.69267
1202369753 116.3414 40.69267
1202370053 116.3414 40.69267
1202370353 116.3414 40.69267
1202370653 116.3414 40.69267
1202370953 116.3414 40.69267
1202371253 116.3414 40.69267
1202371553 116.3414 40.69267
1202371853 116.3414 40.69267
1202372153 116.3414 40.69267
1202372453 116.3414 40.69267
1202372753 116.3414 40.69267
1202373053 116.3414 40.69267
1202373053 116.3414 40.69267
1202373353 116.3414 40.69267
1202373653 116.3414 40.69267
1202373953 116.3414 40.69267
1202374253 116.3414 40.69267
1202374553 116.3414 40.69267
1202374853 116.3414 40.69267
1202375153 116.3414 40.69267
1202375753 116.3414 40.69267
1202376052 116.3414 40.69267
1202376352 116.3414 40.69267
1202376652 116.3414 40.69267
1202376952 116.3414 40.69267
1202377252 116.3414 40.69267
1202377552 116.3414 40.69267
1202377852 116.3414 40.69267
1202378152 116.3414 40.69267
1202378452 116.3414 40.69267
1202378752 116.3414 40.69267
1202379052 116.3414 40.69267
1202379352 116.3414 40.69267
1202379652 116.3414 40.69267
1202379952 116.3414 40.69267
1202380252 116.3414 40.69267
1202380552 116.3414 40.69267
1202380852 116.3414 40.69267
1202381152 116.3414 40.69267
1202381452 116.3414 40.69267
1202381752 116.3414 40.69267
1202382052 116.3414 40.69267
1202382352 116.3414 40.69267
1202382652 116.3414 40.69267
1202382952 116.3414 40.69267
1202383252 116.3414 40.69267
1202383852 116.3414 40.69267
1202384152 116.3414 40.69267
1202384452 116.3414 40.69267
1202384752 116.3414 40.69267
1202385052 116.3414 40.69267
1202385352 116.3414 40.69267
1202385952 116.3414 40.69267
1202386252 116.33344 40.69259
1202386552 116.33091 40.69357
1202386852 116.3305 40.69113
1202387152 116.33048 40.69116
1202387452 116.3403 40.69182
1202387752 116.3425 40.69355
1202388052 116.34245 40.69353
1202388952 116.34245 40.69352
1202389252 116.34242 40.69354
1202389518 116.0564 40.48321
1202389552 116.34494 40.68777
1202389852 116.34235 40.69372
1202390152 116.34237 40.6937
1202390452 116.34238 40.69367
1202390752 116.34239 40.69367
1202391052 116.34238 40.69366
1202391352 116.34238 40.69366
1202391652 116.34238 40.69366
1202391952 116.3423 40.69359
1202392252 116.34242 40.69385
1202392552 116.34241 40.69386
1202393152 116.34241 40.69385
1202393751 116.34241 40.69382
1202394051 116.3424 40.69381
1202394051 116.3424 40.69381
1202394351 116.34235 40.69339
1202394651 116.34235 40.69346
1202394952 116.34235 40.6934
1202395251 116.34235 40.6934
1202395551 116.34235 40.6934
1202395851 116.34235 40.6934
1202396151 116.34255 40.6931
1202396451 116.34249 40.69343
1202396751 116.34247 40.69349
1202397051 116.34268 40.69374
1202397351 116.34246 40.69353
1202397651 116.34257 40.69363
1202397951 116.34277 40.69399
1202398251 116.34268 40.69398
1202398551 116.34268 40.69398
1202398851 116.34268 40.69398
1202399151 116.34279 40.6941
1202399451 116.34311 40.6929
1202399751 116.34316 40.69287
1202400051 116.34337 40.69268
1202400351 116.34233 40.6937
1202400651 116.34233 40.6937
1202400951 116.34233 40.6937
1202401251 116.34234 40.69369
1202401551 116.34238 40.69364
1202401851 116.34241 40.69362
1202402151 116.34246 40.69352
1202402451 116.34239 40.69337
1202402751 116.34241 40.69336
1202402751 116.34241 40.69336
1202403051 116.34241 40.69336
1202403351 116.34241 40.69336
1202403651 116.3424 40.69338
1202403951 116.34239 40.69339
1202404251 116.3423 40.69339
1202404551 116.34231 40.69342
1202404851 116.34234 40.69354
1202405151 116.34234 40.69354
1202405451 116.34234 40.69354
1202405751 116.34229 40.6934
1202406051 116.34234 40.69342
1202406351 116.34237 40.69346
1202406651 116.34238 40.69347
1202406951 116.34238 40.69347
1202407251 116.34239 40.69348
1202407551 116.3424 40.69349
1202407851 116.3424 40.6935
1202408151 116.34239 40.69352
1202408451 116.34239 40.69352
1202408751 116.34239 40.69353
1202409051 116.34239 40.69353
1202409351 116.34239 40.69353
1202409651 116.34239 40.69353
1202409951 116.3424 40.69353
1202410251 116.34252 40.6952
1202410551 116.34251 40.69519
1202410851 116.34251 40.69519
1202411151 116.34252 40.69518
1202411451 116.34252 40.69518
1202411451 116.34252 40.69518
1202411751 116.34161 40.69257
1202412051 116.33602 40.69193
1202412351 116.33602 40.69196
1202412651 116.33602 40.69196
1202412951 116.33602 40.69196
1202413251 116.33602 40.69196
1202413551 116.33602 40.69196
1202413851 116.33602 40.69196
1202414151 116.33602 40.69196
1202422345 116.34612 40.70098
1202422550 116.342 40.69322
1202422850 116.34195 40.69321
1202423150 116.34193 40.6932
1202423450 116.34192 40.69319
1202423750 116.34191 40.6932
1202424050 116.34202 40.6933
1202424350 116.34204 40.69333
1202424650 116.34206 40.69372
1202424950 116.34205 40.69371
1202425250 116.34174 40.69337
1202425550 116.34177 40.69328
1202425850 116.34177 40.69326
1202426150 116.34179 40.6933
1202426450 116.34179 40.69329
1202426750 116.3418 40.6933
1202427050 116.34181 40.6933
1202427350 116.34181 40.6933
1202427650 116.34181 40.6933
1202427950 116.34182 40.6933
1202428250 116.34183 40.69331
1202428550 116.34183 40.69331
1202428850 116.34184 40.69331
1202428850 116.34184 40.69331
1202429150 116.34184 40.69331
1202429450 116.34185 40.69331
1202429750 116.34185 40.69331
1202430050 116.34185 40.69331
1202430350 116.34185 40.6933
1202430650 116.34185 40.6933
1202430950 116.34185 40.6933
1202431250 116.34185 40.6933
1202431550 116.34186 40.69329
1202431850 116.34186 40.6933
1202432149 116.34186 40.6933
1202432449 116.34186 40.6933
1202432749 116.34186 40.6933
1202433049 116.34186 40.6933
1202433349 116.34186 40.6933
1202433649 116.34186 40.6933
1202433949 116.34197 40.69319
1202434249 116.34187 40.69326
1202434549 116.34188 40.69327
1202434849 116.34185 40.69348
1202435149 116.34181 40.69347
1202435449 116.34181 40.69345
1202435749 116.3418 40.69346
1202436049 116.3418 40.69344
1202437549 116.3418 40.69341
1202438749 116.34182 40.69339
1202439049 116.34182 40.69339
1202439349 116.34182 40.69339
1202439649 116.34183 40.69339
1202439949 116.34182 40.69339
1202440249 116.34182 40.69339
1202440549 116.34182 40.69339
1202440849 116.34182 40.69339
1202441149 116.34183 40.69338
1202441449 116.34183 40.69338
1202441749 116.34199 40.69305
1202442049 116.34196 40.69316
1202442349 116.34194 40.6932
1202442649 116.34195 40.6932
1202442949 116.34195 40.69321
1202443249 116.34194 40.69322
1202443549 116.34194 40.69323
1202443849 116.34194 40.69323
1202444149 116.34194 40.69324
1202444449 116.34194 40.69324
1202444749 116.34194 40.69325
1202445049 116.34194 40.69327
1202445349 116.34193 40.69328
1202445649 116.34193 40.69329
1202445949 116.34193 40.69329
1202446249 116.34193 40.69329
1202446249 116.34193 40.69329
1202446549 116.34193 40.69329
1202446849 116.34193 40.69329
1202447149 116.34192 40.6933
1202447449 116.34192 40.6933
1202447749 116.34191 40.6933
1202448049 116.34191 40.6933
1202448349 116.34191 40.6933
1202448649 116.3419 40.6933
1202448949 116.3419 40.6933
1202449249 116.3419 40.6933
1202449549 116.3419 40.69331
1202449849 116.3419 40.69331
1202450149 116.3419 40.69331
1202450448 116.3419 40.69331
1202450748 116.3419 40.69331
1202451048 116.3419 40.69331
1202451348 116.34189 40.6933
1202451648 116.34189 40.6933
1202451948 116.34189 40.6933
1202452248 116.34189 40.6933
1202452548 116.34189 40.6933
1202452848 116.34189 40.6933
1202453148 116.34189 40.6933
1202453448 116.34189 40.69329
1202453748 116.34189 40.69329
1202454048 116.3419 40.69329
1202454348 116.3419 40.69329
1202454648 116.3419 40.69329
1202454948 116.3419 40.69329
1202454948 116.3419 40.69329
1202455248 116.3419 40.69329
1202455548 116.3419 40.69329
1202455848 116.3419 40.69329
1202456148 116.3419 40.69329
1202456448 116.34191 40.69329
1202456748 116.34191 40.69329
1202457048 116.34191 40.69329
1202457348 116.34191 40.69329
1202457648 116.34191 40.69329
1202457948 116.34191 40.69329
1202458248 116.34191 40.69329
1202458548 116.34191 40.69329
1202458848 116.34191 40.69329
1202459148 116.34191 40.69329
1202459448 116.34191 40.69329
1202459748 116.34191 40.6933
1202460048 116.34186 40.69335
1202460348 116.34189 40.69337
1202460648 116.34189 40.69337
1202460948 116.34181 40.6932
1202461248 116.34178 40.69325
1202461548 116.34179 40.69327
1202462148 116.34187 40.69334
1202462448 116.34186 40.69335
1202462748 116.34189 40.69338
1202463048 116.34188 40.69338
1202463348 116.34187 40.69337
1202463648 116.34186 40.69337
1202463648 116.34186 40.69337
1202463948 116.34185 40.69337
1202464248 116.34185 40.69337
1202464548 116.34184 40.69338
1202464848 116.34184 40.69339
1202465148 116.34184 40.69338
1202465448 116.34184 40.69337
1202465748 116.34191 40.69318
1202466048 116.3419 40.69317
1202466348 116.34188 40.69317
1202466648 116.34188 40.69317
1202466948 116.34184 40.69315
1202467248 116.34159 40.69309
1202467548 116.34165 40.6931
1202467848 116.34179 40.6931
1202468148 116.34177 40.6931
1202468448 116.34181 40.6931
1202468748 116.34184 40.69311
1202469048 116.34185 40.69311
1202469347 116.34185 40.69312
1202469647 116.34185 40.69314
1202469947 116.34183 40.69315
1202470247 116.34196 40.69327
1202470547 116.34198 40.69327
1202470847 116.34199 40.69327
1202471147 116.34198 40.69329
1202471447 116.34198 40.69329
1202471747 116.34198 40.6933
1202472047 116.342 40.6933
1202472347 116.32121 40.68361
1202472347 116.32121 40.68361
1202472647 116.31454 40.68292
1202473247 116.31454 40.68283
1202473547 116.31454 40.68283
1202473847 116.31456 40.68283
1202474147 116.31457 40.68282
1202474447 116.31458 40.68281
1202474747 116.31443 40.68282
1202475047 116.3227 40.6857
1202475347 116.34241 40.69355
1202475647 116.34242 40.69353
1202475938 116.34228 40.69359
1202475948 116.34272 40.69303
1202476248 116.3425 40.69363
1202476548 116.34543 40.69126
1202476847 116.34501 40.69112
1202477147 116.345 40.69122
1202477447 116.34499 40.69127
1202477747 116.34497 40.69131
1202478047 116.34497 40.69133
1202478347 116.34497 40.69134
1202478647 116.34497 40.69135
1202478947 116.34308 40.6931
1202479247 116.3419 40.69334
1202479547 116.34189 40.69333
1202479847 116.34189 40.69333
1202480147 116.34189 40.69332
1202480447 116.3419 40.69332
1202480747 116.3419 40.69331
1202481047 116.3419 40.69331
1202481047 116.3419 40.69331
1202481347 116.3419 40.69331
1202481647 116.34189 40.69331
1202481947 116.3419 40.69332
1202482247 116.3419 40.69333
1202482547 116.3419 40.69334
1202482847 116.3419 40.69334
1202483447 116.3419 40.69334
1202483747 116.3419 40.69334
1202484047 116.3419 40.69334
1202484347 116.3419 40.69334
1202484647 116.3419 40.69334
1202484947 116.3419 40.69334
1202485247 116.34189 40.69334
1202485547 116.34189 40.69334
1202485847 116.3419 40.69334
1202486147 116.3419 40.69334
1202486447 116.3419 40.69334
1202486747 116.34191 40.69334
1202487047 116.34191 40.69334
1202487347 116.34191 40.69334
1202487646 116.34191 40.69334
1202487947 116.34191 40.69335
1202488246 116.34191 40.69334
1202488546 116.34192 40.69334
1202488846 116.34192 40.69334
1202489146 116.34191 40.69334
1202489446 116.34191 40.69334
1202489746 116.34184 40.69333
1202489746 116.34184 40.69333
1202490046 116.34182 40.69332
1202490346 116.34181 40.6933
1202490646 116.34213 40.69383
1202490946 116.34182 40.69342
1202491246 116.34191 40.69343
1202491546 116.34193 40.69347
1202491846 116.34193 40.69347
1202492146 116.34193 40.69346
