UTS Latitude Longitude
1201959532 116.40516 39.78547
1201959832 116.4049 39.78524
1201960132 116.40512 39.78543
1201960432 116.40507 39.7854
1201960732 116.40506 39.78536
1201961332 116.40497 39.78537
1201961632 116.40469 39.78535
1201962232 116.40511 39.78536
1201962532 116.40503 39.78543
1201962532 116.40503 39.78543
1201962832 116.40514 39.78544
1201963132 116.40505 39.78543
1201963732 116.40503 39.78544
1201964032 116.40501 39.7855
1201964332 116.405 39.78549
1201964632 116.40504 39.78541
1201964932 116.40497 39.78532
1201965232 116.40499 39.78549
1201965832 116.40497 39.78544
1201966132 116.40497 39.7856
1201966432 116.40495 39.78538
1201966732 116.40506 39.7855
1201967032 116.40502 39.78579
1201967332 116.40498 39.78545
1201967632 116.40498 39.78553
1201967932 116.40503 39.78539
1201968231 116.42432 39.79232
1201968531 116.4235 39.79967
1201968831 116.42363 39.79955
1201969131 116.42366 39.80006
1201969431 116.42041 39.80474
1201969731 116.42043 39.80491
1201970031 116.42052 39.80484
1201970331 116.42041 39.80483
1201970631 116.42044 39.80476
1201970931 116.4224 39.8028
1201971231 116.42487 39.8027
1201971231 116.42487 39.8027
1201971531 116.4256 39.8051
1201971831 116.43725 39.80356
1201972131 116.4375 39.80872
1201972431 116.4376 39.8087
1201972731 116.42263 39.82227
1201973031 116.39274 39.83086
1201973365 116.31195 39.8294
1201973631 116.27705 39.85617
1201973931 116.26618 39.89643
1201974831 116.21997 39.89846
1201975131 116.22023 39.89885
1201975431 116.22021 39.89879
1201976331 116.27731 39.8634
1201976631 116.30701 39.82918
1201976931 116.37633 39.83017
1201977231 116.39555 39.81634
1201977531 116.39807 39.8032
1201977831 116.39804 39.80332
1201978131 116.39812 39.80317
1201978431 116.39805 39.80315
1201978731 116.39811 39.80307
1201979030 116.41225 39.79818
1201979330 116.40502 39.78553
1201979630 116.40509 39.78562
1201979930 116.40498 39.78584
1201979930 116.40498 39.78584
1201980230 116.40501 39.78584
1201980530 116.40501 39.78574
1201980830 116.40502 39.78572
1201981130 116.40512 39.78561
1201981430 116.40508 39.7856
1201981430 116.40508 39.7856
1201981730 116.41078 39.78529
1201982030 116.41141 39.78535
1201982330 116.43903 39.78987
1201982630 116.44785 39.8027
1201982930 116.45735 39.80179
1201983230 116.45706 39.80086
1201983530 116.44812 39.80284
1201983830 116.4477 39.80323
1201984130 116.4478 39.80315
1201984430 116.44766 39.80329
1201984730 116.44786 39.80324
1201985030 116.44781 39.80332
1201985330 116.4478 39.80331
1201985630 116.44769 39.80324
1201985930 116.44781 39.80323
1201986530 116.44779 39.80325
1201986830 116.44787 39.80326
1201987130 116.44817 39.80316
1201987430 116.44783 39.80327
1201988030 116.44786 39.80327
1201988330 116.44777 39.8033
1201988630 116.44794 39.80318
1201988630 116.44794 39.80318
1201988930 116.44792 39.80322
1201989230 116.4476 39.80333
1201989230 116.4476 39.80333
1201989529 116.44781 39.80322
1201989829 116.44786 39.80318
1201990129 116.44767 39.80337
1201990429 116.44818 39.80307
1201990729 116.44807 39.80315
1201991029 116.44784 39.80316
1201991329 116.4478 39.80336
1201991629 116.44775 39.80321
1201991629 116.44775 39.80321
1201991929 116.44777 39.8032
1201992229 116.44784 39.8032
1201992529 116.44776 39.80323
1201992829 116.44766 39.8033
1201993129 116.44784 39.80317
1201993429 116.44786 39.80318
1201993729 116.44783 39.8032
1201994029 116.44773 39.80323
1201994329 116.44777 39.80318
1201994629 116.44781 39.80318
1201995229 116.44782 39.80322
1201995529 116.44773 39.80323
1201995829 116.44789 39.80331
1201996129 116.44792 39.80333
1201996429 116.44775 39.80324
1201996729 116.44777 39.80319
1201997029 116.44783 39.8032
1201997329 116.4476 39.80325
1201997629 116.44777 39.80331
1201997929 116.44174 39.78992
1201998229 116.40502 39.78554
1201998529 116.4049 39.78548
1201998829 116.40484 39.78562
1201999129 116.40495 39.78552
1201999429 116.40488 39.78546
1201999729 116.40478 39.78551
1202000028 116.40493 39.78558
1202000328 116.40492 39.7856
1202000628 116.40483 39.78564
1202000928 116.40482 39.78557
1202001228 116.4049 39.78545
1202001528 116.40491 39.78553
1202001828 116.40489 39.78551
1202002128 116.4049 39.78564
1202002428 116.40489 39.78556
1202002728 116.40493 39.78555
1202003028 116.40478 39.78568
1202003628 116.40496 39.7856
1202004228 116.40491 39.78565
1202005128 116.40488 39.78562
1202005428 116.4049 39.78566
1202006028 116.40488 39.7857
1202006028 116.40488 39.7857
1202006628 116.40496 39.78568
1202007228 116.40487 39.78558
1202007528 116.40498 39.78561
1202007828 116.40488 39.78558
1202008128 116.40489 39.78558
1202008428 116.40497 39.78566
1202008728 116.40476 39.78569
1202009028 116.40483 39.78564
1202009328 116.40485 39.78556
1202009928 116.40487 39.78545
1202010215 116.40461 39.78596
1202010528 116.40487 39.78563
1202011127 116.40489 39.78564
1202011427 116.40483 39.78563
1202011727 116.40505 39.78557
1202012027 116.40483 39.78553
1202012327 116.40488 39.78562
1202012627 116.40494 39.78565
1202012927 116.40493 39.78563
1202013227 116.40489 39.78552
1202013527 116.40492 39.78557
1202013827 116.40494 39.78556
1202014127 116.4049 39.78564
1202014427 116.40488 39.78559
1202014727 116.40493 39.78548
1202014727 116.40493 39.78548
1202015027 116.40493 39.78559
1202015327 116.40471 39.78547
1202015627 116.4048 39.78567
1202015927 116.40497 39.78572
1202016227 116.40483 39.7856
1202016527 116.40485 39.78557
1202016827 116.40483 39.78544
1202017127 116.40489 39.78559
1202017427 116.4049 39.78555
1202017727 116.40492 39.78551
1202018027 116.40492 39.78564
1202018027 116.40492 39.78564
1202018027 116.40492 39.78564
1202018327 116.40483 39.78558
1202018927 116.40488 39.7856
1202019227 116.40484 39.78553
1202019527 116.4048 39.78559
1202019827 116.40464 39.78563
1202020127 116.40504 39.78564
1202020427 116.40427 39.78555
1202020727 116.40494 39.78562
1202021027 116.40493 39.78554
1202021326 116.4049 39.78561
1202021626 116.40509 39.78562
1202021926 116.40487 39.7856
1202022226 116.4049 39.78558
1202022526 116.40488 39.78552
1202022826 116.40494 39.78555
1202023126 116.40506 39.78548
1202023426 116.40489 39.7856
1202023426 116.40489 39.7856
1202023726 116.40489 39.78557
1202024026 116.40501 39.78556
1202024326 116.40503 39.78557
1202024626 116.40492 39.78554
1202024926 116.40501 39.78558
1202025226 116.40494 39.78555
1202025526 116.40494 39.78558
1202026126 116.40488 39.78562
1202026426 116.40481 39.78545
1202026726 116.40479 39.785
1202027326 116.40488 39.78554
1202028222 116.40513 39.78564
1202028826 116.40484 39.78557
1202029126 116.40497 39.78555
1202029426 116.40497 39.78556
1202029726 116.40497 39.78552
1202030011 116.40993 39.89152
1202030026 116.40495 39.78557
1202030326 116.40493 39.7856
1202030926 116.40496 39.7855
1202031226 116.40498 39.78561
1202031526 116.40485 39.78567
1202031825 116.40494 39.78555
1202032125 116.40492 39.78558
1202032125 116.40492 39.78558
1202032725 116.40475 39.78553
1202033025 116.40502 39.78558
1202033325 116.40496 39.78556
1202033625 116.40508 39.78561
1202033925 116.40492 39.78566
1202034225 116.40525 39.78559
1202034525 116.40501 39.78561
1202034825 116.40501 39.78565
1202035125 116.40499 39.78559
1202035425 116.40506 39.78565
1202035725 116.40482 39.78558
1202036025 116.40503 39.78551
1202036325 116.40487 39.78583
1202036625 116.40498 39.78591
1202036922 116.40488 39.78583
1202037204 116.40488 39.78583
1202037525 116.41416 39.78982
1202037825 116.41117 39.78543
1202038125 116.41184 39.78555
1202038725 116.42421 39.80254
1202039025 116.39685 39.80365
1202039625 116.39168 39.83661
1202039925 116.38066 39.84728
1202040225 116.38074 39.85448
1202040525 116.4103 39.8557
1202040825 116.40845 39.856
1202040825 116.40845 39.856
1202041125 116.41483 39.86417
1202041725 116.41799 39.89603
1202042325 116.40497 39.90567
1202042624 116.39566 39.90663
1202043224 116.35063 39.90922
1202043524 116.34995 39.92406
1202043824 116.34818 39.9392
1202043836 116.34629 39.93901
1202044124 116.3193 39.94102
1202044424 116.31767 39.95478
1202044716 116.31613 39.95715
1202045024 116.31812 39.94855
1202045324 116.34695 39.9387
1202045624 116.35489 39.93917
1202045924 116.32211 39.93749
1202046224 116.32783 39.92623
1202046524 116.34595 39.92289
1202046824 116.33896 39.92221
1202047123 116.29629 39.92301
1202047424 116.26888 39.92596
1202047724 116.25467 39.91658
1202048024 116.26802 39.91341
1202048324 116.30174 39.89514
1202048624 116.30771 39.88483
1202048924 116.31645 39.88825
1202049224 116.35416 39.88801
1202049524 116.36777 39.88779
1202049824 116.39434 39.89037
1202050124 116.42076 39.89197
1202050424 116.44901 39.89209
1202050724 116.47162 39.8918
1202051024 116.48767 39.87964
1202051324 116.49718 39.87445
1202051624 116.49715 39.87446
1202051927 116.49714 39.87448
1202052224 116.49705 39.87446
1202052524 116.49714 39.87443
1202052824 116.49711 39.87446
1202053123 116.49717 39.87461
1202053423 116.48702 39.87026
1202053723 116.47316 39.8416
1202054023 116.448 39.82262
1202054323 116.43786 39.804
1202054623 116.42364 39.8022
1202054923 116.4236 39.80224
1202055223 116.42488 39.80156
1202055523 116.41801 39.78371
1202055823 116.41083 39.78523
1202056123 116.41096 39.78521
1202056423 116.41094 39.78525
1202056723 116.41089 39.78518
1202057023 116.40488 39.78587
1202057323 116.4049 39.78566
1202057623 116.40484 39.78568
1202057911 116.40503 39.78608
1202058194 116.40503 39.78608
1202058476 116.40503 39.78608
1202058758 116.40503 39.78608
1202059041 116.40503 39.78608
1202059323 116.40503 39.78608
1202059888 116.40503 39.78608
1202060170 116.40503 39.78608
1202060453 116.40503 39.78608
1202060735 116.40503 39.78608
1202061523 116.40489 39.78558
1202061823 116.40495 39.78559
1202062123 116.40476 39.78552
1202062423 116.40494 39.78566
1202062723 116.4049 39.78556
1202063023 116.40505 39.78559
1202063323 116.4049 39.78558
1202063622 116.40499 39.78547
1202063922 116.40492 39.78556
1202064222 116.40487 39.78553
1202064522 116.40483 39.7855
1202064822 116.40499 39.7856
1202065122 116.40495 39.7858
1202065422 116.40481 39.78562
1202065705 116.40483 39.78564
1202066022 116.40498 39.78549
1202066322 116.40493 39.78555
1202066622 116.40499 39.78552
1202066922 116.40485 39.78569
1202067222 116.40498 39.78556
1202067522 116.40493 39.78564
1202067822 116.40491 39.78568
1202068122 116.40483 39.78556
1202068422 116.40486 39.78562
1202068722 116.40488 39.78577
1202069022 116.40485 39.78568
1202069322 116.40499 39.78571
1202069622 116.40486 39.78564
1202069922 116.40497 39.78579
1202070222 116.40478 39.78568
1202070522 116.40494 39.78566
1202070822 116.40488 39.7856
1202071122 116.40491 39.78563
1202071422 116.40496 39.78555
1202071722 116.40499 39.78575
1202072022 116.40501 39.78557
1202072322 116.40484 39.78564
1202072622 116.40479 39.78565
1202072922 116.40485 39.78567
1202073209 116.40493 39.78562
1202073522 116.40492 39.7856
1202073818 116.4048 39.78563
1202074121 116.40497 39.78555
1202074419 116.40485 39.78557
1202074721 116.40474 39.78577
1202075021 116.40496 39.78571
1202075321 116.40484 39.78568
1202075621 116.40502 39.78562
1202075921 116.40485 39.78565
1202076221 116.40491 39.78561
1202076521 116.40483 39.78563
1202076821 116.40484 39.78563
1202077121 116.40497 39.78565
1202077421 116.40485 39.78556
1202077721 116.40489 39.78568
1202078021 116.40494 39.78559
1202078321 116.40495 39.78546
1202078621 116.405 39.78565
1202078921 116.40483 39.78555
1202079221 116.4049 39.78559
1202079521 116.40489 39.78552
1202079821 116.40483 39.78556
1202080121 116.40487 39.78548
1202080421 116.40485 39.78552
1202080721 116.40486 39.7855
1202081021 116.40502 39.78572
1202081321 116.40502 39.78565
1202081621 116.40483 39.78557
1202081921 116.40487 39.78554
1202082221 116.40476 39.78549
1202082521 116.40488 39.7856
1202082821 116.405 39.78567
1202083121 116.40503 39.78564
1202083421 116.40485 39.78564
1202083721 116.40485 39.78564
1202084021 116.40489 39.78566
1202084321 116.40486 39.78559
1202084620 116.40495 39.78555
1202084620 116.40495 39.78555
1202084920 116.40489 39.7856
1202085220 116.40481 39.78555
1202085520 116.40488 39.78554
1202085820 116.40478 39.78547
1202086120 116.4049 39.78552
1202086420 116.40486 39.78545
1202087020 116.40484 39.78544
1202087320 116.40491 39.78549
1202087620 116.40493 39.78555
1202087920 116.40488 39.78555
1202088220 116.40491 39.78556
1202088520 116.40484 39.78561
1202088820 116.40487 39.7856
1202089120 116.40482 39.7855
1202089420 116.40485 39.78563
1202089720 116.40502 39.78547
1202090020 116.4049 39.78556
1202090320 116.40495 39.7855
1202090620 116.4049 39.78555
1202091220 116.40486 39.78558
1202091820 116.40475 39.78552
1202092120 116.40493 39.78558
1202092420 116.40501 39.7857
1202092720 116.40491 39.78566
1202093020 116.40496 39.78564
1202093320 116.40491 39.78559
1202093320 116.40491 39.78559
1202093620 116.40491 39.78559
1202093920 116.40501 39.78556
1202094220 116.40488 39.78566
1202094520 116.40489 39.7856
1202094820 116.40482 39.78558
1202095119 116.4049 39.78559
1202095419 116.40498 39.7856
1202096019 116.4047 39.78588
1202096319 116.40494 39.78575
1202096619 116.40492 39.78555
1202096919 116.40485 39.78558
1202097219 116.4049 39.7855
1202097519 116.40494 39.78557
1202097819 116.4049 39.78557
1202098419 116.40487 39.78561
1202098719 116.40489 39.78551
1202099019 116.40493 39.7857
1202099319 116.40489 39.78575
1202099619 116.40496 39.78561
1202099919 116.40483 39.78561
1202100219 116.40485 39.7855
1202100519 116.40485 39.78554
1202100802 116.40478 39.78557
1202101084 116.40478 39.78557
1202101367 116.40478 39.78557
1202101719 116.40487 39.7856
1202102019 116.40495 39.78565
1202102019 116.40495 39.78565
1202102319 116.40489 39.78545
1202102612 116.40492 39.78559
1202102919 116.40485 39.78557
1202103219 116.4053 39.78602
1202103502 116.40541 39.7861
1202103784 116.40541 39.7861
1202104067 116.40541 39.7861
1202104349 116.40541 39.7861
1202104631 116.40541 39.7861
1202104631 116.40541 39.7861
1202105319 116.40486 39.78561
1202105619 116.40478 39.7855
1202105918 116.4049 39.78554
1202106218 116.40486 39.78563
1202106518 116.4049 39.78563
1202106818 116.40504 39.7856
1202107118 116.40496 39.78557
1202107418 116.40505 39.78557
1202107718 116.40473 39.78562
1202108018 116.40488 39.78558
1202108318 116.40491 39.78559
1202108618 116.40485 39.78558
1202108918 116.40478 39.78564
1202109218 116.40484 39.78554
1202109518 116.40491 39.78552
1202109818 116.40493 39.78556
1202110118 116.40494 39.78562
1202110718 116.40481 39.78555
1202110718 116.40481 39.78555
1202111018 116.40508 39.78561
1202111318 116.40483 39.78546
1202111618 116.4048 39.7856
1202111918 116.405 39.78563
1202112216 116.40491 39.78545
1202112518 116.4049 39.7856
1202112818 116.40489 39.78559
1202113418 116.40495 39.78556
1202113718 116.40487 39.78543
1202114018 116.40495 39.78564
1202114318 116.40486 39.78557
1202114618 116.4049 39.78547
1202115218 116.40506 39.78556
1202115518 116.41232 39.79964
1202115818 116.39576 39.8209
1202116118 116.39459 39.84356
1202116417 116.39356 39.86905
1202116717 116.34546 39.8673
1202117017 116.34257 39.89505
1202117317 116.34684 39.90591
1202117617 116.32843 39.91945
1202117917 116.33299 39.93083
1202118217 116.33377 39.93111
1202118517 116.34207 39.92689
1202118817 116.33965 39.93625
1202119117 116.37256 39.9493
1202119417 116.37683 39.96156
1202119417 116.37683 39.96156
1202119717 116.35496 39.96641
1202120017 116.30246 39.95814
1202120317 116.30401 39.9306
1202120617 116.30652 39.93105
1202120917 116.32479 39.93141
1202121217 116.33775 39.93111
1202121517 116.35368 39.9311
1202121817 116.37732 39.93175
1202122117 116.40052 39.93202
1202122417 116.4046 39.92342
1202122717 116.41431 39.92309
1202123015 116.41423 39.92299
1202123317 116.42032 39.90722
1202123917 116.40798 39.90698
1202124217 116.38995 39.9063
1202124817 116.35041 39.90179
1202125117 116.31535 39.89612
1202125417 116.32168 39.89918
1202125717 116.32045 39.88878
1202126017 116.32973 39.88343
1202126317 116.32797 39.8886
1202126617 116.35675 39.88794
1202126917 116.37074 39.88788
1202127216 116.39499 39.89048
1202127516 116.4207 39.89192
1202128116 116.42592 39.90356
1202128116 116.42592 39.90356
1202128416 116.42469 39.89617
1202128716 116.434 39.88904
1202129016 116.42445 39.8953
1202129316 116.40989 39.89158
1202129616 116.39264 39.89018
1202129916 116.3826 39.88825
1202130216 116.38649 39.88503
1202130237 116.38804 39.88498
1202130516 116.39406 39.87537
1202130816 116.37001 39.86909
1202131116 116.34271 39.88584
1202131416 116.32851 39.89611
1202131716 116.35646 39.8979
1202132016 116.37767 39.89845
1202132316 116.3784 39.8887
1202132616 116.38896 39.88426
1202132916 116.3979 39.87036
1202133216 116.40743 39.86456
1202133516 116.3932 39.86171
1202133816 116.39452 39.83642
1202134116 116.39597 39.80621
1202134416 116.37216 39.7962
1202134716 116.37169 39.79302
1202135016 116.37614 39.76277
1202135316 116.40333 39.78401
1202135616 116.40496 39.78563
1202135916 116.40521 39.78579
1202136216 116.40505 39.7857
1202136516 116.4051 39.78585
1202136816 116.40499 39.78569
1202136816 116.40499 39.78569
1202137116 116.40496 39.78576
1202137415 116.40502 39.78574
1202137715 116.40492 39.78578
1202138015 116.40494 39.78569
1202138315 116.40507 39.78576
1202138615 116.40497 39.78569
1202139215 116.40498 39.78566
1202139515 116.40496 39.78553
1202139815 116.405 39.78569
1202140115 116.40493 39.78576
1202140415 116.40504 39.78585
1202140715 116.40505 39.78579
1202141015 116.40504 39.78578
1202141315 116.40499 39.78585
1202141615 116.405 39.78586
1202141915 116.40505 39.78575
1202142515 116.42069 39.78208
1202142815 116.42503 39.79778
1202143115 116.43114 39.80504
1202143415 116.43116 39.80497
1202143715 116.43106 39.8051
1202144015 116.43113 39.80515
1202144315 116.43112 39.80509
1202144615 116.43104 39.80515
1202144915 116.43111 39.8053
1202145215 116.43109 39.80534
1202145515 116.43114 39.80529
1202145515 116.43114 39.80529
1202145815 116.43114 39.80533
1202146115 116.43115 39.80543
1202146415 116.43116 39.80531
1202146717 116.43117 39.80504
1202147015 116.43116 39.80523
1202147315 116.43119 39.8052
1202147615 116.43115 39.8052
1202147915 116.43117 39.80508
1202148214 116.43117 39.80499
1202148514 116.43112 39.80498
1202148814 116.43103 39.80496
1202149114 116.43119 39.80498
1202149414 116.43118 39.80515
1202149714 116.43111 39.80494
1202150014 116.4311 39.80501
1202150314 116.43105 39.80509
1202150614 116.43108 39.80511
1202150914 116.43109 39.80504
1202151214 116.43109 39.80501
1202151814 116.4311 39.80504
1202152114 116.43103 39.80507
1202152414 116.43104 39.80512
1202152714 116.43117 39.80477
1202153014 116.4311 39.80494
1202153614 116.43115 39.80552
1202153914 116.43118 39.8053
1202154214 116.43114 39.80523
1202154514 116.43113 39.80528
1202154814 116.43112 39.8053
1202155414 116.43119 39.80539
1202155714 116.43124 39.80542
1202156014 116.43121 39.80534
1202156314 116.43106 39.80543
1202156614 116.43113 39.80543
1202156914 116.43124 39.80531
1202157214 116.43108 39.80524
1202157514 116.43099 39.80531
1202157814 116.43105 39.8052
1202158114 116.43102 39.8053
1202158414 116.43106 39.80516
1202158713 116.43099 39.8052
1202159313 116.43139 39.80505
1202159913 116.431 39.80524
1202160213 116.43116 39.80511
1202160813 116.43114 39.80527
1202161113 116.43109 39.80527
1202161413 116.43114 39.8054
1202161713 116.43109 39.80549
1202162013 116.43108 39.80536
1202162313 116.43097 39.80531
1202163813 116.4311 39.80533
1202164113 116.43102 39.80543
1202164413 116.43111 39.80531
1202164713 116.43107 39.80529
1202165013 116.43098 39.80522
1202165913 116.43113 39.80533
1202166213 116.43115 39.80543
1202166513 116.43107 39.80516
1202166813 116.43109 39.80541
1202167113 116.43102 39.80534
1202167413 116.43105 39.80521
1202167713 116.43104 39.8053
1202168013 116.43106 39.80547
1202168313 116.43104 39.8051
1202168613 116.43112 39.80524
1202168913 116.43105 39.80525
1202168913 116.43105 39.80525
1202169512 116.4311 39.80514
1202169812 116.42494 39.79983
1202170112 116.41544 39.78527
1202170412 116.4049 39.78569
1202170712 116.405 39.78569
1202171012 116.40498 39.78552
1202171312 116.40478 39.78563
1202171612 116.40489 39.78561
1202171912 116.40494 39.78553
1202171912 116.40494 39.78553
1202172212 116.40476 39.78551
1202172512 116.40487 39.78561
1202172812 116.40485 39.78557
1202173112 116.40515 39.78581
1202173412 116.4047 39.78565
1202173712 116.40491 39.78557
1202174012 116.40494 39.78562
1202174312 116.4049 39.78549
1202174912 116.40474 39.78561
1202175212 116.40492 39.78556
1202175512 116.40491 39.78554
1202175812 116.4049 39.78563
1202176112 116.40478 39.78529
1202176412 116.40488 39.78556
1202176712 116.40494 39.78557
1202178812 116.40521 39.78585
1202179112 116.405 39.78569
1202179712 116.4049 39.78553
1202180011 116.40476 39.78562
1202180611 116.40485 39.78567
1202180611 116.40485 39.78567
1202180911 116.40504 39.78555
1202181211 116.40492 39.78561
1202181511 116.40484 39.78559
1202181811 116.40484 39.78559
1202182411 116.40489 39.78553
1202182986 116.40489 39.78561
1202183268 116.40489 39.78561
1202183550 116.40489 39.78561
1202183911 116.40485 39.78562
1202184211 116.40492 39.78563
1202184511 116.4048 39.78564
1202184811 116.405 39.78571
1202185111 116.40488 39.78571
1202185711 116.40497 39.78559
1202186011 116.40488 39.78568
1202186311 116.40492 39.78563
1202186311 116.40492 39.78563
1202186311 116.40492 39.78563
1202186599 116.40488 39.78557
1202187164 116.40488 39.78557
1202187446 116.40488 39.78557
1202187728 116.40488 39.78557
1202188111 116.40474 39.78561
1202188411 116.40498 39.7856
1202188711 116.40466 39.78554
1202189011 116.40496 39.78562
1202189311 116.40508 39.78581
1202189311 116.40508 39.78581
1202189611 116.40492 39.78559
1202189911 116.40488 39.78563
1202190211 116.40501 39.78563
1202190510 116.40483 39.78556
1202190810 116.40492 39.78563
1202191110 116.40471 39.78554
1202191410 116.40473 39.7855
1202191710 116.40491 39.78558
1202192010 116.40488 39.7856
1202192310 116.40494 39.78562
1202192610 116.40487 39.78563
1202192910 116.40483 39.78566
1202193210 116.4049 39.78558
1202193510 116.40483 39.78566
1202193810 116.40496 39.78567
1202194110 116.40509 39.78569
1202194410 116.40495 39.78549
1202194710 116.40488 39.78567
1202195011 116.4049 39.78561
1202195310 116.40496 39.78552
1202195610 116.4049 39.78559
1202196210 116.40491 39.78561
1202196510 116.40488 39.78562
1202196810 116.40488 39.78582
1202197110 116.40483 39.78561
1202197408 116.40489 39.78537
1202197710 116.40478 39.78558
1202198003 116.40486 39.78547
1202198003 116.40486 39.78547
1202198305 116.40509 39.78536
1202198610 116.40489 39.78553
1202199210 116.40491 39.78555
1202199510 116.40499 39.78567
1202199810 116.4048 39.78557
1202200110 116.40491 39.78569
1202200410 116.40498 39.78558
1202200710 116.40476 39.78557
1202201010 116.40502 39.78557
1202201309 116.40489 39.78561
1202201609 116.40489 39.78558
1202201901 116.4055 39.78586
1202202183 116.4055 39.78586
1202202509 116.40481 39.78557
1202202809 116.40466 39.78569
1202203109 116.40485 39.78559
1202203409 116.40476 39.78559
1202203709 116.40486 39.78561
1202204009 116.40493 39.78558
1202204307 116.40511 39.78554
1202204609 116.40506 39.78549
1202204909 116.40491 39.78569
1202205209 116.405 39.7855
1202205509 116.40502 39.78556
1202205809 116.40497 39.78567
1202206109 116.40503 39.78563
1202206409 116.40529 39.78471
1202206709 116.41203 39.80074
1202206709 116.41203 39.80074
1202207009 116.38307 39.80208
1202207309 116.37095 39.80364
1202207609 116.38087 39.8288
1202207909 116.37248 39.8403
1202208209 116.38065 39.85305
1202208509 116.38333 39.86244
1202208809 116.36869 39.86963
1202209109 116.35521 39.85837
1202209709 116.3682 39.8863
1202210009 116.37162 39.89812
1202210309 116.33188 39.89619
1202210609 116.27899 39.89607
1202210909 116.25863 39.90351
1202211209 116.25872 39.91027
1202211509 116.26279 39.92777
1202211808 116.28231 39.92356
1202212108 116.28194 39.92265
1202212408 116.26786 39.9116
1202212708 116.24754 39.90625
1202213008 116.25768 39.90613
1202213307 116.28107 39.906
1202213608 116.28893 39.8949
1202213908 116.28882 39.87778
1202214208 116.31174 39.88647
1202214508 116.32784 39.89577
1202214808 116.33433 39.90283
1202215108 116.32941 39.91256
1202215408 116.33881 39.91524
1202215408 116.33881 39.91524
1202215708 116.34834 39.92174
1202216008 116.3578 39.91359
1202216008 116.3578 39.91359
1202216308 116.37098 39.91319
1202216608 116.36687 39.91134
1202216638 116.36735 39.91103
1202216908 116.37406 39.91294
1202217232 116.38382 39.92092
1202217508 116.40329 39.92294
1202217808 116.42648 39.92337
1202218108 116.43928 39.92165
1202218108 116.43928 39.92165
1202218408 116.44008 39.92163
1202218708 116.41418 39.92308
1202219008 116.42402 39.92284
1202219308 116.43469 39.92133
1202219608 116.42808 39.92822
1202219908 116.41887 39.95422
1202220208 116.41469 39.96088
1202220508 116.41065 39.96062
1202221108 116.40246 39.93286
1202221408 116.40462 39.91864
1202221708 116.41172 39.90982
1202222008 116.40295 39.90677
1202222307 116.37651 39.90589
1202222607 116.36631 39.9078
1202222907 116.36655 39.90808
1202223207 116.36622 39.90753
1202223507 116.36623 39.90768
1202223806 116.36659 39.90785
1202224107 116.36661 39.90779
1202224107 116.36661 39.90779
1202224407 116.36665 39.90658
1202224707 116.36613 39.90742
1202225005 116.36654 39.90739
1202225287 116.36654 39.90739
1202225570 116.36654 39.90739
1202225852 116.36654 39.90739
1202225852 116.36654 39.90739
1202226207 116.36596 39.90762
1202226507 116.36629 39.90776
1202226807 116.3669 39.90749
1202227107 116.36796 39.89887
1202227407 116.36808 39.88882
1202227707 116.36812 39.86998
1202228007 116.39339 39.86014
1202228307 116.39505 39.82554
1202228607 116.39606 39.80665
1202228907 116.41091 39.80282
1202229207 116.41027 39.78526
1202229507 116.40522 39.7854
1202229807 116.40512 39.78553
1202230107 116.40506 39.7855
1202230407 116.40506 39.78555
1202230707 116.40512 39.78549
1202231007 116.40542 39.78551
1202231307 116.40551 39.78553
1202231607 116.40523 39.78542
1202231907 116.40499 39.7854
1202232207 116.40524 39.78549
1202232507 116.40523 39.78545
1202232806 116.40516 39.78549
1202232806 116.40516 39.78549
1202233106 116.4049 39.78534
1202233406 116.4054 39.78548
1202233706 116.40482 39.78537
1202234006 116.4049 39.78543
1202234306 116.4053 39.78549
1202234606 116.40512 39.78546
1202234906 116.40485 39.78545
1202235206 116.40497 39.78542
1202235506 116.40526 39.78538
1202235806 116.41479 39.78571
1202236106 116.44579 39.79383
1202236406 116.44498 39.80284
1202236706 116.44508 39.8028
1202237006 116.44501 39.80289
1202237306 116.44501 39.80284
1202237606 116.44499 39.80287
1202237906 116.44498 39.80279
1202238206 116.44501 39.80286
1202238506 116.44511 39.8029
1202238806 116.44506 39.80155
1202239106 116.42388 39.78485
1202239406 116.41082 39.78538
1202239706 116.41095 39.78543
1202240006 116.41107 39.78528
1202240306 116.40506 39.78541
1202240606 116.40502 39.78546
1202240906 116.40509 39.7854
1202241206 116.40527 39.78558
1202241506 116.40522 39.78554
1202241506 116.40522 39.78554
1202241806 116.40508 39.78541
1202242106 116.40508 39.78543
1202242406 116.40503 39.78542
1202242706 116.40516 39.78551
1202243006 116.4051 39.78545
1202243305 116.40508 39.78545
1202243605 116.40506 39.78544
1202243905 116.4049 39.78537
1202244205 116.40514 39.78542
1202244505 116.40513 39.78534
1202244805 116.40328 39.78411
1202245105 116.40351 39.78409
1202245405 116.40333 39.78412
1202245705 116.4034 39.78407
1202246005 116.40329 39.7842
1202246305 116.40327 39.78415
1202246605 116.40321 39.78417
1202246905 116.40382 39.77975
1202247205 116.40378 39.77979
1202247505 116.4037 39.77981
1202247805 116.40371 39.77976
1202248105 116.40377 39.77979
1202248405 116.40374 39.77974
1202248705 116.4038 39.77972
1202249305 116.40491 39.78559
1202249605 116.40491 39.78573
1202249905 116.40479 39.78554
1202250205 116.40495 39.78576
1202250205 116.40495 39.78576
1202250505 116.40478 39.78554
1202250792 116.40467 39.78555
1202250792 116.40467 39.78555
1202251105 116.40486 39.78553
1202251405 116.40479 39.78555
1202251705 116.40492 39.78561
1202252005 116.40486 39.78556
1202252305 116.4049 39.78553
1202252605 116.40483 39.78557
1202253205 116.40486 39.78578
1202253505 116.40491 39.78554
1202253805 116.4049 39.7856
1202254104 116.40502 39.78565
1202254404 116.40494 39.78559
1202254704 116.40487 39.7856
1202255004 116.40517 39.78569
1202255304 116.40482 39.78564
1202255904 116.40474 39.78549
1202256204 116.40496 39.78561
1202256503 116.44025 39.92562
1202256504 116.40489 39.78571
1202256804 116.40492 39.78562
1202257104 116.40491 39.78554
1202257704 116.40488 39.78556
1202258004 116.40486 39.78548
1202258304 116.40494 39.78553
1202258604 116.40491 39.78545
1202258904 116.40487 39.78557
1202258904 116.40487 39.78557
1202259204 116.40486 39.78563
1202259504 116.40494 39.78558
1202259804 116.40492 39.78559
1202260104 116.40478 39.78562
1202260404 116.40477 39.78562
1202260704 116.40491 39.78557
1202261004 116.40483 39.78563
1202261304 116.40488 39.78554
1202261604 116.40488 39.7856
1202261904 116.40493 39.78557
1202262204 116.40469 39.78571
1202262504 116.40501 39.7856
1202262804 116.40493 39.7856
1202263104 116.40485 39.78559
1202263404 116.40495 39.7855
1202264004 116.4049 39.78558
1202264304 116.40485 39.78566
1202264603 116.40482 39.78561
1202264903 116.40491 39.7856
1202265203 116.40497 39.78565
1202265503 116.40479 39.78562
1202265803 116.40491 39.78576
1202266088 116.40491 39.78568
1202266403 116.40487 39.78565
1202267003 116.40489 39.78565
1202267303 116.40495 39.7856
1202267603 116.40498 39.78562
1202267603 116.40498 39.78562
1202267903 116.4049 39.78542
1202267903 116.4049 39.78542
1202268203 116.4049 39.78541
1202268503 116.40503 39.78556
1202268803 116.40472 39.78584
1202269103 116.40481 39.78543
1202269403 116.40485 39.78574
1202269703 116.40499 39.78566
1202270003 116.40498 39.78558
1202270303 116.40492 39.78552
1202270603 116.40492 39.78555
1202270903 116.40488 39.78562
1202271503 116.40493 39.78571
1202271803 116.40486 39.78565
1202272103 116.40498 39.78565
1202272403 116.40494 39.78563
1202272703 116.40487 39.78552
1202273303 116.40493 39.78553
1202273603 116.40477 39.78563
1202273903 116.40486 39.78566
1202274203 116.40475 39.78561
1202274503 116.40495 39.78561
1202274803 116.40493 39.78558
1202275103 116.40476 39.78551
1202275402 116.40483 39.78562
1202275702 116.40484 39.78566
1202276602 116.40488 39.78552
1202276602 116.40488 39.78552
1202277202 116.40482 39.78564
1202277802 116.40485 39.78559
1202278102 116.40493 39.78567
1202278402 116.40481 39.78565
1202278702 116.40495 39.78556
1202279002 116.40484 39.78576
1202279302 116.4049 39.78557
1202279602 116.40493 39.78555
1202279902 116.40497 39.7856
1202280202 116.40479 39.78569
1202280502 116.40499 39.78551
1202280802 116.40497 39.78564
1202281102 116.40496 39.78561
1202281402 116.405 39.78544
1202281702 116.40505 39.78559
1202282002 116.40488 39.7856
1202282302 116.40504 39.78558
1202282902 116.40488 39.78565
1202283196 116.40508 39.7856
1202283479 116.40508 39.7856
1202284044 116.40508 39.7856
1202284326 116.40508 39.7856
1202284608 116.40508 39.7856
1202284891 116.40508 39.7856
1202285173 116.40508 39.7856
1202285455 116.40508 39.7856
1202285738 116.40508 39.7856
1202286201 116.40495 39.78559
1202286501 116.40497 39.78558
1202286801 116.40488 39.78562
1202287101 116.40477 39.78567
1202287401 116.40319 39.78478
1202287701 116.40489 39.78557
1202288001 116.40506 39.78557
1202288301 116.40491 39.78551
1202288601 116.40479 39.7856
1202288901 116.40492 39.78553
1202289201 116.40481 39.78567
1202289501 116.40529 39.78588
1202289801 116.40453 39.78579
1202290101 116.4049 39.78562
1202290401 116.40494 39.78559
1202290686 116.40512 39.78565
1202290969 116.40512 39.78565
1202291251 116.40512 39.78565
1202291533 116.40512 39.78565
1202291901 116.40493 39.78562
1202292501 116.4049 39.78575
1202292801 116.40486 39.78568
1202293401 116.4051 39.78569
1202293701 116.40495 39.78571
1202294001 116.40515 39.78572
1202294001 116.40515 39.78572
1202294301 116.40491 39.7856
1202294597 116.40516 39.78569
1202294879 116.40516 39.78569
1202295162 116.40516 39.78569
1202295162 116.40516 39.78569
1202295444 116.40516 39.78569
1202296009 116.40516 39.78569
1202296291 116.40516 39.78569
1202296573 116.40516 39.78569
1202297000 116.4108 39.78577
1202297300 116.41427 39.78875
1202297600 116.42023 39.80229
1202297900 116.4442 39.80497
1202298200 116.44804 39.82227
1202298500 116.47895 39.84765
1202298800 116.48381 39.90715
1202299100 116.47352 39.96351
1202299400 116.46695 39.97874
1202299700 116.46715 39.9788
1202300000 116.46708 39.97885
1202300300 116.46705 39.97881
1202300600 116.46718 39.97851
1202300900 116.46711 39.97865
1202301200 116.46713 39.97877
1202301500 116.46701 39.97878
1202302100 116.45546 39.94343
1202302400 116.45505 39.88946
1202302700 116.43767 39.8573
1202302700 116.43767 39.8573
1202303000 116.44094 39.83169
1202303040 116.44158 39.82959
1202303300 116.43845 39.81109
1202303600 116.42497 39.79944
1202303900 116.42304 39.7911
1202304183 116.42303 39.79112
1202304466 116.42303 39.79112
1202304748 116.42303 39.79112
1202305030 116.42303 39.79112
1202305400 116.42304 39.79133
1202306000 116.42297 39.79098
1202306300 116.4229 39.79105
1202306600 116.42293 39.79116
1202306900 116.42276 39.79108
1202307199 116.42298 39.79115
1202307799 116.42301 39.79113
1202308099 116.42284 39.79096
1202308399 116.42324 39.79131
1202309000 116.42295 39.7911
1202309299 116.42304 39.79099
1202309599 116.423 39.79117
1202309899 116.42308 39.7912
1202310199 116.42296 39.7911
1202310499 116.42295 39.7911
1202310799 116.42297 39.79106
1202311099 116.42285 39.79097
1202311399 116.42295 39.79097
1202311399 116.42295 39.79097
1202311699 116.423 39.79114
1202311999 116.42294 39.79099
1202312299 116.423 39.79125
1202312599 116.42293 39.79114
1202312899 116.42306 39.7913
1202313199 116.42318 39.79077
1202313499 116.42297 39.79084
1202313799 116.42293 39.79105
1202314099 116.42298 39.7912
1202314399 116.42296 39.79123
1202314699 116.423 39.79126
1202314999 116.423 39.79122
1202315299 116.42299 39.79154
1202315599 116.42294 39.79119
1202315899 116.42309 39.79153
1202316199 116.42304 39.79116
1202316499 116.42302 39.79107
1202316799 116.42304 39.79114
1202317099 116.42305 39.79122
1202317398 116.42305 39.79131
1202317698 116.4232 39.79142
1202317998 116.42316 39.79138
1202318298 116.42312 39.79132
1202318598 116.42312 39.7913
1202318898 116.42309 39.79143
1202319198 116.42314 39.79135
1202319498 116.42311 39.79132
1202319798 116.42317 39.79132
1202320098 116.42316 39.79127
1202320398 116.42315 39.79126
1202320698 116.42308 39.79108
1202320998 116.42294 39.79105
1202321298 116.42302 39.79115
1202321598 116.42298 39.79111
1202321898 116.42297 39.79107
1202322198 116.42296 39.7911
1202322498 116.42301 39.79112
1202322798 116.42295 39.79111
1202323098 116.42296 39.79115
1202323698 116.42299 39.79116
1202323998 116.42291 39.79126
1202324298 116.42297 39.79126
1202324598 116.42295 39.79123
1202324898 116.423 39.79124
1202325198 116.42252 39.79119
1202325498 116.42297 39.79125
1202325798 116.42302 39.79121
1202326398 116.42305 39.79151
1202326698 116.42273 39.79107
1202326998 116.42304 39.79127
1202327298 116.42295 39.79125
1202327598 116.42297 39.79115
1202327898 116.42295 39.7913
1202328197 116.42364 39.79157
1202328497 116.42293 39.79113
1202328797 116.42291 39.7911
1202328797 116.42291 39.7911
1202329097 116.42298 39.79116
1202329397 116.42288 39.79109
1202329697 116.4229 39.79112
1202329997 116.42291 39.79113
1202330297 116.42294 39.7913
1202330897 116.42281 39.79114
1202331197 116.42294 39.79106
1202331497 116.42297 39.79118
1202331797 116.42276 39.7911
1202332097 116.42278 39.79107
1202332397 116.42297 39.7912
1202332697 116.42301 39.79114
1202332997 116.42285 39.79113
1202333297 116.4231 39.79119
1202333897 116.42291 39.79102
1202334197 116.42287 39.79113
1202334497 116.42293 39.79122
1202334797 116.42309 39.79135
1202335097 116.42321 39.79131
1202335397 116.42313 39.79117
1202335697 116.42304 39.79115
1202336297 116.42296 39.79105
1202336597 116.42295 39.79138
1202336897 116.42304 39.79113
1202337197 116.42319 39.79142
1202337497 116.4229 39.79105
1202337497 116.4229 39.79105
1202337797 116.42305 39.79123
1202338097 116.42295 39.79119
1202338397 116.42292 39.791
1202338696 116.42299 39.79113
1202338996 116.423 39.79113
1202339296 116.42321 39.79132
1202339596 116.42297 39.79112
1202339896 116.42302 39.79113
1202340196 116.42297 39.79107
1202340496 116.42298 39.79108
1202340796 116.42311 39.79121
1202341096 116.423 39.7912
1202341396 116.42308 39.79122
1202341696 116.42305 39.79113
1202341996 116.42297 39.7911
1202342296 116.423 39.79112
1202342596 116.42298 39.79102
1202342896 116.42291 39.79112
1202343196 116.42299 39.79104
1202343496 116.42297 39.7911
1202343796 116.42301 39.7911
1202344096 116.42302 39.79116
1202344396 116.42298 39.79111
1202344696 116.42308 39.7912
1202344996 116.42303 39.79098
1202345296 116.42296 39.79105
1202345596 116.42303 39.79107
1202345896 116.42301 39.79111
1202346196 116.42296 39.791
1202346196 116.42296 39.791
1202346796 116.42292 39.79107
1202347096 116.42303 39.79114
1202347396 116.42302 39.79147
1202347696 116.4229 39.79122
1202347996 116.42296 39.79077
1202349196 116.42297 39.79106
1202349495 116.42317 39.79128
1202350395 116.42299 39.79095
1202350695 116.42282 39.79095
1202350995 116.42296 39.79112
1202351295 116.42292 39.7911
1202351595 116.42302 39.79123
1202351895 116.42301 39.79117
1202352195 116.42326 39.79127
1202352495 116.42309 39.79131
1202353095 116.42308 39.79124
1202353395 116.42306 39.79119
1202353695 116.42307 39.79125
1202353995 116.42307 39.79121
1202354295 116.42283 39.79115
1202354595 116.42295 39.79107
1202354895 116.42298 39.79109
1202354895 116.42298 39.79109
1202355195 116.42298 39.79123
1202355495 116.42302 39.79125
1202355795 116.42296 39.79127
1202356095 116.42291 39.79119
1202356395 116.42306 39.79118
1202356695 116.41285 39.78549
1202356995 116.40482 39.78556
1202357295 116.40485 39.78556
1202357295 116.40485 39.78556
1202357295 116.40485 39.78556
1202357580 116.40489 39.78552
1202357862 116.40489 39.78552
1202358145 116.40489 39.78552
1202358992 116.40489 39.78552
1202359556 116.40489 39.78552
1202359839 116.40489 39.78552
1202360121 116.40489 39.78552
1202360121 116.40489 39.78552
1202360404 116.40489 39.78552
1202360404 116.40489 39.78552
1202360686 116.40489 39.78552
1202360968 116.40489 39.78552
1202361251 116.40489 39.78552
1202361533 116.40489 39.78552
1202361815 116.40489 39.78552
1202362382 116.40489 39.78552
1202362662 116.40489 39.78552
1202363294 116.40446 39.78554
1202363577 116.40451 39.78578
1202363859 116.40451 39.78578
1202364190 116.40461 39.78583
1202364472 116.40461 39.78583
1202364472 116.40461 39.78583
1202364787 116.40504 39.78549
1202365094 116.40479 39.78564
1202365394 116.40482 39.78567
1202365678 116.40473 39.7857
1202365960 116.40473 39.7857
1202366242 116.40473 39.7857
1202366589 116.40486 39.78568
1202366871 116.40486 39.78568
1202367153 116.40486 39.78568
1202367436 116.40486 39.78568
1202367718 116.40486 39.78568
1202368000 116.40486 39.78568
1202368283 116.40486 39.78568
1202368565 116.40486 39.78568
1202368847 116.40486 39.78568
1202369130 116.40486 39.78568
1202369412 116.40486 39.78568
1202369694 116.40486 39.78568
1202369977 116.40486 39.78568
1202369977 116.40486 39.78568
1202370259 116.40486 39.78568
1202370542 116.40486 39.78568
1202370824 116.40486 39.78568
1202371106 116.40486 39.78568
1202371389 116.40486 39.78568
1202371671 116.40486 39.78568
1202371953 116.40486 39.78568
1202372236 116.40486 39.78568
1202372518 116.40486 39.78568
1202372800 116.40486 39.78568
1202373083 116.40486 39.78568
1202373365 116.40486 39.78568
1202373647 116.40486 39.78568
1202373930 116.40486 39.78568
1202374693 116.40503 39.78553
1202374991 116.4049 39.78561
1202375274 116.4049 39.78561
1202375556 116.4049 39.78561
1202375839 116.4049 39.78561
1202376121 116.4049 39.78561
1202376403 116.4049 39.78561
1202376686 116.4049 39.78561
1202376968 116.4049 39.78561
1202377250 116.4049 39.78561
1202377533 116.4049 39.78561
1202377815 116.4049 39.78561
1202378097 116.4049 39.78561
1202378097 116.4049 39.78561
1202378593 116.40493 39.78572
1202378893 116.40528 39.78515
1202379189 116.40511 39.78536
1202379472 116.40511 39.78536
1202379754 116.40511 39.78536
1202380036 116.40511 39.78536
1202380319 116.40511 39.78536
1202380601 116.40511 39.78536
1202380884 116.40511 39.78536
1202381166 116.40511 39.78536
1202381448 116.40511 39.78536
1202382013 116.40511 39.78536
1202382295 116.40511 39.78536
1202382578 116.40511 39.78536
1202383142 116.40511 39.78536
1202383707 116.40511 39.78536
1202383989 116.40511 39.78536
1202384554 116.40511 39.78536
1202384836 116.40511 39.78536
1202385119 116.40511 39.78536
1202385401 116.40511 39.78536
1202385966 116.40511 39.78536
1202386692 116.40495 39.78557
1202386992 116.40484 39.78572
1202387292 116.40501 39.78561
1202387892 116.42498 39.80228
1202388192 116.42296 39.79124
1202388492 116.41791 39.80305
1202388792 116.41802 39.80274
1202389092 116.41568 39.80429
1202389392 116.41861 39.80546
1202389441 116.41856 39.80558
1202389670 116.41856 39.80558
1202389988 116.41863 39.80537
1202389988 116.41863 39.80537
1202390286 116.41808 39.8076
1202390592 116.41864 39.80096
1202390892 116.41876 39.80482
1202391192 116.41856 39.80552
1202391492 116.41863 39.8055
1202391792 116.41852 39.8055
1202392091 116.41825 39.80569
1202392391 116.41844 39.80548
1202392691 116.41837 39.80546
1202392991 116.41865 39.80562
1202393291 116.41803 39.80496
1202393591 116.41844 39.80536
1202393891 116.41847 39.80544
1202394191 116.41854 39.80552
1202394491 116.41855 39.80553
1202394791 116.4186 39.80565
1202395091 116.41857 39.8056
1202395391 116.41858 39.80565
1202395691 116.41861 39.80549
1202395991 116.41865 39.80558
1202396291 116.4186 39.80556
1202396591 116.41852 39.80568
1202396891 116.41864 39.80563
1202397191 116.41857 39.80566
1202397191 116.41857 39.80566
1202397491 116.41866 39.80565
1202397791 116.41852 39.80569
1202398091 116.41853 39.8056
1202398391 116.41848 39.80566
1202398691 116.41849 39.80565
1202398691 116.41849 39.80565
1202398991 116.41854 39.80569
1202399291 116.41858 39.80563
1202399591 116.41861 39.8056
1202399891 116.41864 39.80543
1202400191 116.41851 39.8056
1202400491 116.41826 39.80578
1202400791 116.41849 39.8057
1202401091 116.41852 39.80567
1202401391 116.41842 39.80567
1202401691 116.41858 39.80566
1202401991 116.41861 39.80559
1202402291 116.41836 39.80544
1202402590 116.4186 39.8056
1202402890 116.41859 39.80559
1202403190 116.4186 39.80558
1202403490 116.41864 39.80561
1202403790 116.41855 39.8056
1202404090 116.41861 39.80558
1202404390 116.41871 39.80562
1202404690 116.41857 39.80558
1202404990 116.4186 39.80561
1202405290 116.41857 39.80554
1202405590 116.4186 39.80554
1202405890 116.4186 39.80566
1202406190 116.41859 39.8056
1202406490 116.41857 39.80552
1202406790 116.41858 39.80556
1202407090 116.41865 39.80563
1202407390 116.41858 39.8056
1202407390 116.41858 39.8056
1202407690 116.41866 39.80558
1202407990 116.41848 39.80548
1202408290 116.41851 39.80543
1202408590 116.41845 39.8054
1202408890 116.4186 39.8055
1202409190 116.41863 39.80563
1202409490 116.41869 39.8056
1202409790 116.41847 39.80565
1202410090 116.41824 39.80564
1202410390 116.41852 39.80564
1202410690 116.41835 39.80562
1202410990 116.41864 39.80556
1202411290 116.41876 39.80557
1202411590 116.41859 39.80561
1202411890 116.41858 39.80566
1202412190 116.41818 39.80553
1202412490 116.41879 39.80564
1202412790 116.41861 39.80567
1202413089 116.4186 39.80559
1202413389 116.41865 39.80566
1202413689 116.41862 39.8056
1202413989 116.41854 39.80556
1202414289 116.41858 39.8056
1202414592 116.41863 39.80561
1202414889 116.41865 39.8055
1202415189 116.4189 39.80579
1202415489 116.41874 39.80577
1202415789 116.41843 39.8056
1202416089 116.41873 39.80583
1202416089 116.41873 39.80583
1202416389 116.41885 39.80578
1202416689 116.41868 39.80569
1202416989 116.41857 39.80563
1202417289 116.41854 39.80559
1202417589 116.41865 39.80556
1202417889 116.41865 39.80553
1202418189 116.41844 39.80568
1202418489 116.41847 39.80558
1202418789 116.41853 39.80555
1202419089 116.4184 39.80552
1202419389 116.41851 39.80555
1202419689 116.41827 39.80555
1202419989 116.41855 39.80573
1202420289 116.41826 39.80562
1202420589 116.41827 39.80561
1202420889 116.41838 39.80563
1202421189 116.41836 39.8056
1202421489 116.41809 39.80559
1202421789 116.41858 39.80559
1202422089 116.4186 39.80565
1202422389 116.41802 39.80538
1202422689 116.41848 39.80551
1202422989 116.41842 39.80549
1202423289 116.4183 39.80544
1202423588 116.4182 39.80537
1202423888 116.41837 39.80547
1202424188 116.41846 39.80552
1202424488 116.41851 39.80569
1202424788 116.41844 39.80547
1202424788 116.41844 39.80547
1202425088 116.41856 39.80557
1202425388 116.41869 39.80565
1202425688 116.41414 39.80635
1202425988 116.4145 39.78573
1202426588 116.40501 39.78557
1202426888 116.40506 39.78565
1202427188 116.4049 39.78548
1202427488 116.40483 39.78557
1202427788 116.40493 39.78562
1202428088 116.40481 39.78553
1202428388 116.40496 39.78561
1202428688 116.40489 39.78551
1202428988 116.40483 39.78557
1202429288 116.40492 39.78562
1202429588 116.40484 39.78564
1202429888 116.40483 39.78553
1202430188 116.40493 39.78566
1202430488 116.40479 39.78558
1202430788 116.40491 39.78554
1202431088 116.40497 39.78558
1202431388 116.40486 39.78557
1202431686 116.40499 39.78531
1202431988 116.40485 39.78549
1202432288 116.40474 39.78565
1202432588 116.40487 39.78562
1202432888 116.40477 39.78596
1202433188 116.40486 39.78558
1202433488 116.40493 39.78557
1202433488 116.40493 39.78557
1202433785 116.40486 39.78576
1202434067 116.40486 39.78576
1202434067 116.40486 39.78576
1202434387 116.40492 39.78559
1202434687 116.4048 39.78566
1202434987 116.40483 39.78568
1202435287 116.40491 39.78556
1202435587 116.40491 39.78565
1202435887 116.40487 39.78556
1202437387 116.40475 39.78571
1202438827 116.40496 39.7856
1202439109 116.40496 39.7856
1202439391 116.40496 39.7856
1202439787 116.40491 39.78563
1202440087 116.40492 39.78556
1202440387 116.40495 39.78559
1202440685 116.40465 39.78536
1202440987 116.40489 39.78558
1202441287 116.40501 39.78569
1202441587 116.40502 39.78562
1202441887 116.405 39.78571
1202442187 116.40494 39.7856
1202442187 116.40494 39.7856
1202442487 116.40494 39.78564
1202442787 116.40496 39.78558
1202443087 116.40502 39.78564
1202443687 116.4049 39.78569
1202443987 116.40487 39.78551
1202444287 116.40494 39.7856
1202444587 116.40494 39.7856
1202444882 116.40475 39.7856
1202445186 116.40498 39.78562
1202445487 116.40493 39.78556
1202445781 116.4048 39.78569
1202446063 116.4048 39.78569
1202446345 116.4048 39.78569
1202446628 116.4048 39.78569
1202446910 116.4048 39.78569
1202447193 116.4048 39.78569
1202447475 116.4048 39.78569
1202447757 116.4048 39.78569
1202448040 116.4048 39.78569
1202448322 116.4048 39.78569
1202448786 116.40495 39.78567
1202449086 116.4048 39.78557
1202449386 116.40497 39.78563
1202449686 116.4048 39.78573
1202449986 116.40482 39.78564
1202450286 116.4048 39.78565
1202450586 116.40462 39.78569
1202450886 116.40474 39.78565
1202450886 116.40474 39.78565
1202451186 116.40483 39.78566
1202451486 116.40495 39.78554
1202451786 116.4049 39.78559
1202452086 116.40494 39.78571
1202452386 116.40487 39.7857
1202452686 116.4049 39.78559
1202452986 116.40484 39.78552
1202453286 116.40489 39.78572
1202453586 116.40494 39.78564
1202453886 116.40501 39.78552
1202454186 116.40493 39.78549
1202454486 116.40483 39.78562
1202454786 116.40486 39.78557
1202455086 116.40478 39.78558
1202455386 116.40499 39.7856
1202455685 116.40487 39.78561
1202455985 116.40496 39.7855
1202456285 116.40492 39.7856
1202456585 116.40494 39.78559
1202456885 116.40491 39.78559
1202457171 116.405 39.78561
1202457485 116.40495 39.78562
1202457785 116.40487 39.78564
1202458086 116.40485 39.78558
1202458385 116.40498 39.78553
1202458685 116.4049 39.78557
1202458985 116.40495 39.7856
1202459285 116.40498 39.78562
1202459585 116.40497 39.78563
1202459585 116.40497 39.78563
1202459885 116.40488 39.78561
1202460184 116.40492 39.78549
1202460485 116.40506 39.78558
1202460785 116.40487 39.78563
1202461071 116.40468 39.78566
1202461353 116.40468 39.78566
1202461685 116.40507 39.78565
1202461985 116.40499 39.78565
1202462285 116.40519 39.78565
1202462585 116.40489 39.78559
1202462885 116.40496 39.78549
1202463185 116.40489 39.78559
1202463485 116.40504 39.7856
1202463785 116.40497 39.78558
1202464085 116.40494 39.78564
1202464385 116.4052 39.78569
1202464674 116.40539 39.78565
1202464985 116.40509 39.78574
1202465285 116.40503 39.78564
1202465585 116.40484 39.78566
1202465885 116.40491 39.78562
1202466181 116.40493 39.78557
1202466484 116.40494 39.7855
1202466766 116.40494 39.7855
1202467084 116.40496 39.78552
1202467384 116.40453 39.78556
1202467684 116.4051 39.78551
1202467976 116.405 39.78551
1202468258 116.405 39.78551
1202468541 116.405 39.78551
1202468823 116.405 39.78551
1202469105 116.405 39.78551
1202469388 116.405 39.78551
1202469670 116.405 39.78551
1202469952 116.405 39.78551
1202470235 116.405 39.78551
1202470684 116.43906 39.76876
1202470984 116.45688 39.72662
1202471269 116.45612 39.72647
1202471551 116.45612 39.72647
1202471833 116.45612 39.72647
1202472184 116.64661 39.74922
1202472484 116.68843 39.76156
1202472784 116.73365 39.7665
1202473084 116.79168 39.77631
1202473384 116.83515 39.75524
1202473683 116.87404 39.72082
1202473984 116.91651 39.71212
1202474284 116.98383 39.71325
1202474584 117.00999 39.68037
1202474884 117.01541 39.65868
1202475484 117.12179 39.60222
1202475784 117.15254 39.57993
1202475842 117.15402 39.57137
1202476061 117.15402 39.57137
1202476344 117.15402 39.57137
1202476683 117.16261 39.57131
1202476983 117.16261 39.57125
1202476983 117.16261 39.57125
1202477283 117.16272 39.57118
1202477583 117.16258 39.57125
1202477883 117.16259 39.57126
1202478183 117.16261 39.57123
1202478483 117.16261 39.57126
1202478783 117.16259 39.57128
1202479083 117.16263 39.57123
1202479383 117.16262 39.57126
1202479683 117.16261 39.57128
1202479983 117.16261 39.57114
1202480283 117.16263 39.57126
1202480583 117.16256 39.57127
1202480883 117.1626 39.57133
1202481183 117.16262 39.5713
1202481483 117.16265 39.57128
1202481783 117.16267 39.5713
1202482083 117.16265 39.57128
1202482383 117.16261 39.57129
1202482683 117.16261 39.57134
1202482983 117.16264 39.57119
1202483283 117.16265 39.57131
1202483583 117.1626 39.57139
1202483883 117.16267 39.57131
1202484183 117.16262 39.5713
1202484483 117.16262 39.57113
1202484783 117.16262 39.57136
1202485083 117.16272 39.57128
1202485383 117.16267 39.57137
1202485683 117.1627 39.57125
1202485683 117.1627 39.57125
1202485983 117.16268 39.57127
1202486283 117.16253 39.57143
1202486583 117.16247 39.57151
1202486883 117.16258 39.57135
1202487183 117.1627 39.57125
1202487482 117.16268 39.57129
1202487782 117.16277 39.57122
1202488082 117.16263 39.57131
1202488382 117.16261 39.5712
1202488682 117.16267 39.57129
1202488982 117.16261 39.57131
1202489582 117.16266 39.57121
1202489882 117.16263 39.57129
1202490182 117.16269 39.57144
1202490482 117.1627 39.57137
1202490782 117.16268 39.57128
1202491082 117.16264 39.57126
1202491382 117.16258 39.57112
1202491682 117.16262 39.57126
1202491982 117.1626 39.57125
1202492282 117.16261 39.57125
