UTS Latitude Longitude
1201959478 116.3102 39.90611
1201959778 116.31067 39.89648
1201960087 116.31284 39.89606
1201960378 116.30422 39.88827
1201960678 116.31889 39.84894
1201960978 116.35298 39.84442
1201961276 116.36122 39.83596
1201961578 116.36451 39.84448
1201961878 116.36976 39.84913
1201962178 116.36681 39.84927
1201962478 116.3682 39.86967
1201962778 116.37868 39.88446
1201963078 116.38653 39.88859
1201963378 116.38143 39.89863
1201963678 116.38962 39.90231
1201963978 116.37011 39.90743
1201963978 116.37011 39.90743
1201964277 116.37553 39.9109
1201964577 116.3915 39.92193
1201964877 116.40469 39.91403
1201965177 116.40936 39.9084
1201965477 116.41092 39.90893
1201965777 116.42665 39.90709
1201966077 116.48154 39.90503
1201966377 116.48371 39.95179
1201966677 116.49181 39.9956
1201966977 116.51926 40.02703
1201967277 116.51763 40.0335
1201967577 116.48974 40.02141
1201967877 116.46654 40.02285
1201968177 116.46348 40.01942
1201968477 116.46091 40.01432
1201968777 116.45101 39.99581
1201969377 116.38808 39.98723
1201969977 116.37389 39.97547
1201970279 116.3726 39.97419
1201970577 116.37264 39.97419
1201970877 116.37263 39.97419
1201971177 116.37268 39.9743
1201971477 116.37259 39.97409
1201971777 116.37266 39.97417
1201972077 116.36755 39.96878
1201972377 116.36 39.96668
1201972677 116.33243 39.96637
1201972677 116.33243 39.96637
1201972977 116.31242 39.96483
1201973277 116.30284 39.95612
1201974782 116.33347 39.96625
1201975082 116.37229 39.96664
1201975382 116.38804 39.96931
1201975682 116.36612 39.96679
1201976511 116.36946 39.96912
1201976811 116.36388 39.97368
1201977111 116.34831 39.97525
1201977411 116.34211 39.9721
1201977711 116.34217 39.97211
1201978011 116.34219 39.97211
1201978311 116.35008 39.94685
1201978611 116.34934 39.93785
1201978911 116.34978 39.9268
1201979216 116.36329 39.91724
1201979511 116.36883 39.91536
1201979811 116.36786 39.92105
1201980111 116.36303 39.92256
1201980411 116.34714 39.92429
1201980711 116.34043 39.92209
1201981011 116.33916 39.92201
1201981311 116.33874 39.91354
1201981611 116.33795 39.90735
1201981911 116.33706 39.90422
1201982211 116.3365 39.90199
1201982511 116.33656 39.89198
1201982811 116.33537 39.88201
1201983111 116.33618 39.88252
1201983411 116.34457 39.88815
1201983411 116.34457 39.88815
1201983711 116.34818 39.88808
1201984011 116.35602 39.88797
1201984311 116.3665 39.88786
1201984611 116.36902 39.89146
1201984911 116.36891 39.89394
1201985211 116.36807 39.88833
1201985511 116.36462 39.88009
1201985811 116.348 39.87648
1201986111 116.33953 39.88849
1201986411 116.33657 39.8894
1201987011 116.3395 39.82622
1201987311 116.33913 39.80549
1201987611 116.33601 39.7978
1201987911 116.33289 39.79131
1201988211 116.34196 39.79307
1201988511 116.3398 39.83098
1201988811 116.34274 39.88255
1201989111 116.32019 39.89596
1201989411 116.3107 39.90462
1201989711 116.30154 39.90687
1201990011 116.30019 39.90645
1201990311 116.28909 39.91143
1201990614 116.29296 39.92088
1201990911 116.30035 39.92257
1201991211 116.3034 39.93106
1201991510 116.3175 39.96582
1201991811 116.34752 39.98326
1201992111 116.36292 39.9893
1201992111 116.36292 39.9893
1201992411 116.36364 39.9757
1201992711 116.36384 39.96692
1201993011 116.378 39.96679
1201993311 116.43017 39.96777
1201993611 116.43331 39.955
1201993911 116.43765 39.94672
1201994210 116.45543 39.94172
1201994510 116.46621 39.93237
1201994810 116.49551 39.93478
1201995110 116.49319 39.93416
1201995410 116.48365 39.91858
1201996010 116.45119 39.89246
1201996310 116.45572 39.89839
1201996610 116.4533 39.9085
1201996910 116.45175 39.90297
1201997210 116.43764 39.90673
1201997510 116.40855 39.90681
1201998110 116.39057 39.89879
1201998410 116.36921 39.89857
1201998710 116.3582 39.89814
1201999010 116.35737 39.88476
1201999310 116.36747 39.88787
1201999610 116.36859 39.89653
1201999910 116.3681 39.88957
1202000210 116.36805 39.88276
1202000510 116.36662 39.86418
1202000810 116.35809 39.86874
1202000810 116.35809 39.86874
1202001110 116.35274 39.88774
1202001410 116.30636 39.88428
1202001710 116.27353 39.872
1202002010 116.27172 39.87666
1202002310 116.24524 39.89578
1202002610 116.20499 39.90221
1202002910 116.1861 39.91494
1202003210 116.19273 39.90966
1202003510 116.22894 39.90255
1202003810 116.25481 39.90617
1202004110 116.27476 39.89902
1202005010 116.27519 39.89877
1202005310 116.27509 39.89916
1202005910 116.27728 39.9059
1202006210 116.26951 39.92686
1202006510 116.27875 39.92672
1202007110 116.27737 39.91927
1202007410 116.2726 39.93993
1202007710 116.26952 39.94825
1202008010 116.28236 39.95586
1202008310 116.28155 39.95919
1202008610 116.27846 39.94531
1202008910 116.26792 39.9109
1202009210 116.27685 39.85963
1202009510 116.28636 39.83211
1202009510 116.28636 39.83211
1202009810 116.29142 39.83251
1202010110 116.2914 39.83251
1202010410 116.29141 39.8325
1202010710 116.29141 39.8325
1202011010 116.29142 39.83248
1202011310 116.29139 39.83249
1202011610 116.29142 39.83249
1202011909 116.2914 39.83248
1202012209 116.29147 39.83246
1202012509 116.29145 39.83247
1202013109 116.27712 39.85948
1202013409 116.25856 39.87702
1202013709 116.2511 39.88816
1202014009 116.27524 39.89933
1202014309 116.27494 39.89931
1202014609 116.27487 39.89913
1202014909 116.27492 39.89936
1202015209 116.27469 39.8992
1202015509 116.27499 39.89905
1202015809 116.2749 39.89901
1202016109 116.27488 39.89909
1202016409 116.27506 39.89913
1202016709 116.27509 39.89933
1202017009 116.27503 39.89906
1202017309 116.27485 39.8991
1202017609 116.27478 39.89909
1202017909 116.27508 39.89901
1202018209 116.27493 39.89902
1202018209 116.27493 39.89902
1202018509 116.27494 39.89896
1202018809 116.27469 39.89926
1202019109 116.27476 39.89906
1202019409 116.27469 39.89889
1202019709 116.27475 39.89877
1202020009 116.27489 39.89884
1202020309 116.2748 39.8989
1202020609 116.27474 39.89901
1202020909 116.27473 39.89896
1202021209 116.27452 39.89894
1202021509 116.27458 39.89899
1202021809 116.27453 39.89875
1202022109 116.26842 39.90591
1202022409 116.28907 39.89768
1202023221 116.29664 39.88267
1202023821 116.28905 39.89003
1202024121 116.27729 39.89897
1202024721 116.27504 39.8991
1202025621 116.27483 39.89947
1202025921 116.27739 39.90265
1202026224 116.31235 39.90619
1202026521 116.3536 39.90416
1202026821 116.35697 39.90398
1202027421 116.32698 39.90957
1202028021 116.29569 39.91465
1202028621 116.28587 39.90631
1202028921 116.27474 39.89893
1202029221 116.26712 39.89484
1202029821 116.27723 39.89408
1202030421 116.28303 39.89904
1202030721 116.27515 39.89901
1202031021 116.28793 39.89561
1202031321 116.30444 39.88326
1202031621 116.31922 39.84644
1202031920 116.32164 39.8464
1202032220 116.34211 39.86266
1202032520 116.34318 39.87229
1202032820 116.34275 39.88705
1202033120 116.34394 39.89657
1202033420 116.35079 39.91113
1202033720 116.35129 39.91334
1202034020 116.33818 39.91712
1202034320 116.33742 39.91707
1202034620 116.33631 39.92211
1202034920 116.33788 39.9291
1202035220 116.33836 39.93613
1202035520 116.31678 39.93113
1202036123 116.28908 39.90771
1202036420 116.29008 39.9178
1202036720 116.29047 39.94211
1202037020 116.29928 39.94265
1202037176 116.32115 39.93743
1202037320 116.34361 39.93852
1202037620 116.36541 39.94707
1202037920 116.3644 39.96252
1202038220 116.36907 39.97535
1202038220 116.36907 39.97535
1202038520 116.36955 39.97532
1202038820 116.36981 39.9753
1202039420 116.3704 39.97496
1202040020 116.37319 39.97768
1202040320 116.37447 39.97628
1202040620 116.37451 39.97632
1202040920 116.37458 39.9763
1202041220 116.37454 39.97634
1202042120 116.37468 39.97518
1202042420 116.383 39.96699
1202042720 116.40616 39.96745
1202043020 116.42933 39.96807
1202043320 116.45551 39.94395
1202043620 116.44921 39.93395
1202043920 116.44564 39.94655
1202044220 116.44193 39.9607
1202044521 116.41049 39.96782
1202044820 116.39013 39.96728
1202045120 116.35371 39.96649
1202045420 116.32757 39.96624
1202046020 116.30201 39.97768
1202046320 116.30755 39.98004
1202046620 116.3093 39.98064
1202046920 116.30846 39.97991
1202046920 116.30846 39.97991
1202047220 116.31872 39.98041
1202047820 116.31537 39.98148
1202048120 116.3191 39.97242
1202048420 116.31815 39.96616
1202048720 116.318 39.96615
1202049020 116.31717 39.95547
1202049320 116.31721 39.94606
1202049620 116.31414 39.95202
1202049920 116.31053 39.9387
1202050219 116.27233 39.9455
1202050519 116.26778 39.94162
1202050819 116.26519 39.92763
1202051119 116.2717 39.93139
1202051419 116.27868 39.92659
1202052019 116.26869 39.93467
1202052319 116.28222 39.94523
1202052619 116.30409 39.94444
1202052919 116.30382 39.98392
1202053219 116.30885 39.98208
1202053519 116.30257 39.98127
1202053819 116.34742 39.98506
1202054419 116.35907 39.98825
1202054719 116.35908 39.98826
1202055019 116.33102 39.98525
1202055319 116.31937 39.97974
1202055619 116.31943 39.96726
1202055619 116.31943 39.96726
1202055919 116.31787 39.96573
1202056220 116.35481 39.96628
1202056519 116.35947 39.97419
1202056819 116.35702 39.98049
1202057119 116.35498 39.98046
1202057419 116.35318 39.98037
1202057719 116.32753 39.98501
1202058019 116.31911 39.97962
1202058319 116.31118 39.9797
1202058619 116.31439 39.96722
1202058919 116.32551 39.95435
1202059219 116.32819 39.95087
1202059523 116.34601 39.93871
1202059819 116.34022 39.93557
1202060119 116.35738 39.93908
1202060419 116.36565 39.9487
1202060719 116.36653 39.96243
1202061019 116.36104 39.97536
1202061319 116.35762 39.98049
1202061619 116.3576 39.98046
1202061919 116.35757 39.98045
1202062219 116.35768 39.98056
1202062519 116.35767 39.98053
1202062819 116.35743 39.98043
1202063119 116.3529 39.98031
1202063719 116.3462 40.00633
1202064019 116.34284 40.00321
1202064319 116.3469 39.98799
1202064319 116.3469 39.98799
1202064619 116.34692 39.96886
1202064919 116.33266 39.96932
1202065219 116.32766 39.97362
1202065519 116.32763 39.97461
1202065819 116.32012 39.97496
1202066119 116.31927 39.96913
1202066419 116.31183 39.97425
1202066719 116.32722 39.97505
1202067019 116.32735 39.98437
1202067319 116.35649 39.98565
1202067618 116.36354 40.00076
1202067918 116.3591 40.01626
1202068218 116.36469 40.0162
1202068518 116.36464 40.01625
1202068818 116.36466 40.01626
1202069118 116.36468 40.01623
1202069418 116.36467 40.01619
1202069718 116.36467 40.01623
1202070018 116.36468 40.0163
1202070318 116.36469 40.01624
1202070618 116.36477 40.01644
1202070918 116.36466 40.01608
1202071218 116.36462 40.0161
1202071518 116.36474 40.01604
1202071818 116.36468 40.01608
1202072118 116.36466 40.01624
1202072418 116.36459 40.01618
1202072718 116.36476 40.01606
1202073018 116.37903 40.00843
1202073018 116.37903 40.00843
1202073318 116.36918 40.00697
1202073618 116.36443 39.99259
1202073918 116.35615 39.98045
1202074218 116.35943 39.97624
1202074518 116.37424 39.96995
1202074818 116.41066 39.96752
1202075118 116.41829 39.96076
1202075418 116.41894 39.95279
1202075718 116.42766 39.92942
1202076018 116.43503 39.92268
1202076318 116.43973 39.92107
1202076918 116.39723 39.90654
1202077218 116.38672 39.90631
1202077518 116.37016 39.90809
1202077818 116.36907 39.90893
1202078118 116.3596 39.91292
1202078418 116.35578 39.90748
1202078718 116.35159 39.90828
1202079018 116.35148 39.90781
1202079318 116.35145 39.90773
1202079618 116.35008 39.92232
1202079918 116.34894 39.93268
1202080218 116.33984 39.93713
1202080518 116.34573 39.93864
1202081118 116.34035 39.95679
1202081718 116.35947 39.97549
1202081718 116.35947 39.97549
1202082018 116.3634 39.98306
1202083763 116.33165 39.99163
1202084063 116.32655 39.99318
1202084363 116.32654 39.993
1202084663 116.32654 39.99288
1202084963 116.32648 39.99272
1202085263 116.32652 39.9925
1202085563 116.3291 39.99589
1202085863 116.34773 40.00648
1202086713 116.40752 40.05902
1202087013 116.40841 40.07499
1202087313 116.40856 40.05662
1202087613 116.40702 40.0288
1202087913 116.4104 40.00566
1202088213 116.41178 39.96473
1202088513 116.41632 39.94793
1202088813 116.41957 39.92916
1202089113 116.42081 39.90729
1202089413 116.41386 39.90017
1202089713 116.40529 39.90618
1202090013 116.4116 39.91388
1202090313 116.41115 39.925
1202090613 116.39672 39.93945
1202091213 116.36663 39.97547
1202091513 116.36633 39.97549
1202091813 116.36585 39.97545
1202092113 116.37326 39.96033
1202092413 116.4011 39.94735
1202092713 116.45106 39.95433
1202093013 116.456 39.93236
1202093313 116.47663 39.92891
1202093313 116.47663 39.92891
1202093613 116.46028 39.92798
1202093613 116.46028 39.92798
1202093913 116.44451 39.9257
1202094213 116.42584 39.93418
1202094513 116.40318 39.93954
1202094813 116.39752 39.96129
1202095113 116.37496 39.97562
1202095413 116.3673 39.97544
1202096195 116.3618 39.98616
1202096495 116.34897 39.95163
1202096795 116.35018 39.94217
1202096795 116.35018 39.94217
1202097095 116.34718 39.98969
1202097395 116.35881 39.99223
1202097695 116.35881 39.9922
1202097995 116.35879 39.99217
1202098295 116.35881 39.99214
1202098595 116.3588 39.99215
1202098895 116.35876 39.99213
1202099194 116.35883 39.99217
1202099494 116.35878 39.99214
1202099794 116.35895 39.99074
1202100094 116.3555 39.98611
1202100394 116.35554 39.98613
1202100694 116.35554 39.98615
1202100994 116.35551 39.98609
1202101294 116.3555 39.98613
1202101594 116.35548 39.98615
1202101894 116.35557 39.98606
1202102194 116.35554 39.98607
1202102494 116.35552 39.98605
1202102794 116.35555 39.98605
1202103094 116.35551 39.98605
1202103394 116.35552 39.98611
1202103694 116.35548 39.98614
1202104894 116.35551 39.98608
1202105494 116.35553 39.98605
1202105494 116.35553 39.98605
1202105794 116.3555 39.98608
1202106094 116.35558 39.9861
1202106394 116.35554 39.98608
1202106694 116.35556 39.98607
1202106994 116.35554 39.98609
1202107594 116.35554 39.98603
1202107894 116.35555 39.986
1202108194 116.3555 39.98597
1202108494 116.35554 39.98598
1202108794 116.35554 39.98607
1202109094 116.35554 39.98607
1202109394 116.3555 39.98607
1202109694 116.35553 39.98607
1202109994 116.35553 39.9861
1202110294 116.34757 39.98542
1202110594 116.35682 39.98606
1202110894 116.35681 39.98609
1202111494 116.35679 39.98616
1202112394 116.35657 39.98602
1202112994 116.35026 39.91691
1202113594 116.31519 39.90593
1202113894 116.29597 39.91327
1202114194 116.32689 39.90954
1202114194 116.32689 39.90954
1202114494 116.34989 39.91252
1202114794 116.36078 39.91269
1202115094 116.37343 39.92642
1202115694 116.34982 39.94043
1202115994 116.34981 39.94044
1202116294 116.3487 39.96388
1202116594 116.37738 39.97123
1202116894 116.38842 39.9621
1202117194 116.39709 39.94747
1202117494 116.40252 39.9327
1202117793 116.41491 39.92293
1202118093 116.43397 39.92272
1202118393 116.43455 39.92255
1202118693 116.44071 39.92555
1202118993 116.43121 39.93251
1202119293 116.43365 39.93495
1202119593 116.43364 39.93479
1202119893 116.43374 39.93466
1202120193 116.42765 39.94452
1202120493 116.37749 39.94771
1202120793 116.36499 39.95604
1202121093 116.36424 39.96606
1202121393 116.36542 39.95666
1202121693 116.36044 39.9458
1202121993 116.34954 39.93415
1202122293 116.35022 39.91325
1202122593 116.34309 39.91347
1202122893 116.34757 39.91705
1202122893 116.34757 39.91705
1202123193 116.35025 39.92317
1202123193 116.35025 39.92317
1202123493 116.35032 39.94426
1202123653 116.35221 39.95054
1202123793 116.35053 39.95101
1202124093 116.34068 39.9569
1202124393 116.32871 39.96053
1202124993 116.3636 39.9791
1202125293 116.37445 39.97701
1202125593 116.37447 39.97653
1202125893 116.37432 39.97673
1202126193 116.37467 39.97607
1202126493 116.37469 39.97607
1202126793 116.37465 39.976
1202127093 116.37468 39.97603
1202127393 116.37462 39.97602
1202127693 116.37465 39.97604
1202127993 116.37463 39.97601
1202128293 116.37375 39.9653
1202128593 116.37413 39.94716
1202128893 116.38822 39.94751
1202129193 116.40198 39.94541
1202129493 116.40255 39.93294
1202129793 116.41072 39.92287
1202130093 116.42779 39.92266
1202130393 116.43777 39.89448
1202130693 116.43296 39.86748
1202130993 116.43237 39.85908
1202131293 116.43813 39.84434
1202131593 116.44345 39.8252
1202131593 116.44345 39.8252
1202131893 116.44364 39.82515
1202131893 116.44364 39.82515
1202132193 116.4435 39.82517
1202132493 116.44352 39.82519
1202132793 116.44344 39.82521
1202133093 116.44379 39.82593
1202133393 116.44127 39.8315
1202133693 116.43321 39.84468
1202133993 116.42221 39.84605
1202134293 116.44028 39.84432
1202134593 116.44751 39.85319
1202134893 116.44801 39.85698
1202135192 116.4232 39.85711
1202135492 116.39582 39.85576
1202135792 116.32724 39.8477
1202136092 116.30449 39.88658
1202136392 116.3139 39.89511
1202136692 116.31659 39.89548
1202136992 116.31064 39.90548
1202137292 116.30439 39.93767
1202137592 116.31846 39.94686
1202137892 116.32928 39.95211
1202138192 116.32929 39.9562
1202138492 116.32778 39.97185
1202138792 116.32195 39.98481
1202139392 116.31032 39.97752
1202139693 116.31823 39.96576
1202139992 116.34871 39.95645
1202140292 116.34911 39.93741
1202140592 116.34965 39.92827
1202140592 116.34965 39.92827
1202140892 116.35026 39.90917
1202141192 116.33654 39.90615
1202141492 116.349 39.90579
1202141792 116.34302 39.87639
1202142092 116.38503 39.86997
1202142401 116.42734 39.86934
1202142692 116.43282 39.86662
1202142992 116.4275 39.86426
1202143292 116.43234 39.85925
1202143592 116.42631 39.85744
1202144192 116.37781 39.86006
1202144492 116.38174 39.86675
1202144792 116.38372 39.88351
1202145092 116.37863 39.88964
1202145392 116.37951 39.90057
1202145692 116.37261 39.90593
1202145992 116.37156 39.90601
1202146292 116.35922 39.90593
1202146592 116.33657 39.9061
1202146892 116.32942 39.9054
1202147192 116.34643 39.90243
1202147492 116.34211 39.89296
1202147792 116.35818 39.86528
1202148092 116.35819 39.86718
1202148692 116.35281 39.8833
1202148992 116.35267 39.88751
1202149292 116.37031 39.88787
1202149292 116.37031 39.88787
1202149592 116.38241 39.88815
1202149892 116.41727 39.89188
1202150192 116.42123 39.89207
1202150492 116.41709 39.89918
1202150792 116.42995 39.90188
1202151092 116.43026 39.90427
1202151692 116.43483 39.90663
1202151992 116.42897 39.91429
1202152891 116.41873 39.96691
1202153191 116.41946 39.97913
1202153491 116.41844 39.96988
1202153635 116.39928 39.96754
1202153635 116.39928 39.96754
1202154091 116.37381 39.98104
1202154391 116.37809 39.98671
1202154691 116.37261 39.97463
1202154991 116.37262 39.97466
1202155291 116.37262 39.97465
1202155591 116.37263 39.97467
1202155891 116.37263 39.97468
1202156191 116.37266 39.9747
1202156491 116.37257 39.97465
1202156791 116.37265 39.97468
1202157091 116.37256 39.97455
1202157691 116.37259 39.97463
1202157991 116.37258 39.97466
1202157991 116.37258 39.97466
1202158291 116.37273 39.97274
1202158591 116.37048 39.96923
1202158891 116.36114 39.9667
1202159191 116.30523 39.96225
1202159491 116.28759 39.94753
1202159791 116.28943 39.93945
1202160391 116.34754 39.92219
1202160691 116.34924 39.93108
1202160991 116.34964 39.92438
1202161591 116.32098 39.92688
1202161891 116.30418 39.93554
1202162191 116.30116 39.95245
1202163210 116.2952 39.97324
1202163210 116.2952 39.97324
1202163810 116.3109 39.97964
1202164465 116.29092 39.96452
1202164710 116.29041 39.96929
1202165010 116.30276 39.98394
1202165310 116.37052 39.98617
1202165610 116.39539 39.98726
1202165910 116.39998 39.98656
1202166210 116.45666 39.97426
1202166510 116.46535 39.9511
1202166810 116.46494 39.94353
1202167110 116.47221 39.9273
1202167410 116.46089 39.93151
1202167710 116.45267 39.92721
1202168010 116.45442 39.93225
1202168310 116.43975 39.92564
1202168610 116.43039 39.93276
1202168910 116.42365 39.93971
1202169210 116.39913 39.93948
1202169510 116.38425 39.93202
1202169810 116.37396 39.92267
1202170110 116.37022 39.91024
1202170710 116.3058 39.90625
1202171010 116.2773 39.90437
1202171310 116.26941 39.89905
1202171610 116.27735 39.89772
1202171910 116.30861 39.89569
1202171910 116.30861 39.89569
1202172210 116.36748 39.89829
1202172810 116.40537 39.90393
1202173110 116.40921 39.90824
1202173410 116.4113 39.92176
1202173710 116.41074 39.93709
1202174010 116.37721 39.94767
1202174310 116.37525 39.97508
1202174910 116.37325 39.97561
1202175210 116.3677 39.97299
1202175509 116.36775 39.96683
1202176409 116.38763 39.94498
1202176709 116.38763 39.94477
1202177009 116.38759 39.94469
1202178868 116.45445 39.95361
1202178868 116.45445 39.95361
1202179468 116.45549 39.93748
1202179768 116.47197 39.91035
1202180068 116.45572 39.91464
1202180368 116.45593 39.94661
1202180668 116.44592 39.95619
1202180968 116.40573 39.94785
1202181275 116.34277 39.93858
1202181568 116.33754 39.92417
1202181868 116.32009 39.93183
1202182468 116.2987 39.94268
1202182768 116.29863 39.94242
1202183068 116.29876 39.94262
1202183368 116.29866 39.94238
1202183668 116.29877 39.94248
1202183968 116.29913 39.9425
1202184268 116.29908 39.94248
1202184568 116.29912 39.94249
1202184868 116.29913 39.9425
1202185168 116.29909 39.9424
1202185468 116.29912 39.94246
1202185768 116.29939 39.94264
1202186068 116.2993 39.94249
1202186368 116.29926 39.94246
1202186668 116.29915 39.94247
1202186968 116.29913 39.9425
1202187268 116.29921 39.94252
1202187568 116.29917 39.94249
1202187568 116.29917 39.94249
1202187868 116.29918 39.94249
1202188168 116.2992 39.94251
1202188468 116.2991 39.94253
1202188768 116.29917 39.9425
1202189068 116.29913 39.94252
1202189368 116.29913 39.94251
1202189668 116.29918 39.94245
1202189968 116.29917 39.94246
1202190268 116.29916 39.94245
1202190568 116.29915 39.94248
1202190868 116.29914 39.94248
1202191168 116.29913 39.94247
1202191768 116.29906 39.94251
1202192068 116.2991 39.94252
1202192668 116.29908 39.94254
1202193568 116.29906 39.94254
1202193868 116.29892 39.94229
1202194168 116.29914 39.94242
1202194468 116.29912 39.9424
1202195068 116.29918 39.94236
1202195368 116.30408 39.91235
1202195668 116.31603 39.89484
1202196267 116.37072 39.90581
1202196267 116.37072 39.90581
1202196567 116.41148 39.90684
1202196867 116.40413 39.92596
1202197167 116.40248 39.93471
1202197467 116.40865 39.94645
1202197767 116.40861 39.94649
1202198067 116.40858 39.94643
1202198367 116.40858 39.94653
1202198667 116.40859 39.94637
1202198967 116.40864 39.94645
1202199267 116.41037 39.94667
1202199567 116.35608 39.94419
1202199867 116.35048 39.89945
1202200767 116.27203 39.89899
1202201067 116.27477 39.89908
1202201367 116.2729 39.899
1202201667 116.27497 39.89881
1202201967 116.27498 39.89888
1202202267 116.27512 39.89881
1202202567 116.27868 39.89593
1202202867 116.30425 39.88868
1202203167 116.30937 39.86662
1202203467 116.30532 39.8807
1202203767 116.30666 39.88097
1202204760 116.30392 39.94596
1202205060 116.34299 39.96624
1202205360 116.35846 39.97145
1202205960 116.36252 39.95131
1202205960 116.36252 39.95131
1202205960 116.36252 39.95131
1202206260 116.36521 39.95076
1202206560 116.35904 39.93925
1202207160 116.36571 39.94922
1202207460 116.36069 39.9457
1202207760 116.34657 39.93589
1202208060 116.35288 39.93199
1202208660 116.3152 39.89892
1202208960 116.30426 39.91478
1202209260 116.30262 39.95912
1202209718 116.30099 39.98429
1202209860 116.28882 39.98263
1202210160 116.29646 39.98333
1202210460 116.30951 39.98396
1202210760 116.32756 39.97561
1202211060 116.34612 39.98538
1202211060 116.34612 39.98538
1202211360 116.37076 39.99583
1202211660 116.36758 39.9923
1202211960 116.36783 39.99184
1202212260 116.37331 39.98089
1202212560 116.37124 39.98065
1202212860 116.37124 39.98072
1202213460 116.37472 39.97656
1202213760 116.37467 39.97638
1202214060 116.37448 39.97549
1202214360 116.36423 39.97539
1202214660 116.3595 39.98012
1202214960 116.35285 39.9803
1202215260 116.35207 39.98027
1202215560 116.32782 39.99028
1202215860 116.3263 39.99147
1202216160 116.30929 39.98585
1202216460 116.26846 39.96478
1202216760 116.26776 39.91137
1202217060 116.24737 39.90624
1202217360 116.23016 39.90257
1202217660 116.24801 39.89556
1202217960 116.28042 39.86411
1202218260 116.30207 39.85903
1202218560 116.30944 39.86606
1202218860 116.31165 39.8769
1202219160 116.31667 39.88311
1202219460 116.3199 39.88867
1202219760 116.34304 39.86812
1202219760 116.34304 39.86812
1202220060 116.40802 39.87085
1202220360 116.43265 39.86477
1202220660 116.42911 39.86095
1202220960 116.42584 39.86461
1202221260 116.42538 39.86009
1202221560 116.43227 39.85801
1202221860 116.44066 39.8404
1202222159 116.44834 39.82328
1202222459 116.44388 39.82902
1202222761 116.43624 39.84449
1202223059 116.43645 39.85736
1202223359 116.42577 39.85839
1202223659 116.41999 39.8644
1202223959 116.41748 39.86997
1202224259 116.45429 39.8701
1202224559 116.45392 39.88026
1202224859 116.44467 39.87277
1202225159 116.44462 39.8728
1202225459 116.44665 39.86046
1202225759 116.43352 39.86456
1202226059 116.43031 39.86465
1202226359 116.42423 39.86426
1202226659 116.4258 39.85857
1202226959 116.42286 39.8483
1202227259 116.41562 39.8411
1202227559 116.4225 39.8381
1202227859 116.43135 39.83283
1202228159 116.42223 39.84638
1202228459 116.42289 39.84827
1202228459 116.42289 39.84827
1202228759 116.42593 39.84627
1202229059 116.42594 39.84628
1202229359 116.41759 39.85346
1202229659 116.43087 39.85781
1202229959 116.4284 39.85763
1202230259 116.41683 39.85656
1202230559 116.40987 39.85595
1202231159 116.38168 39.86997
1202232141 116.3471 39.8894
1202232441 116.35054 39.90673
1202232741 116.35148 39.90843
1202233041 116.35069 39.91172
1202233341 116.35034 39.91077
1202233640 116.35028 39.90618
1202233940 116.34841 39.89764
1202234240 116.3466 39.901
1202234840 116.35178 39.91074
1202234840 116.35178 39.91074
1202235140 116.35698 39.90625
1202235440 116.35703 39.90051
1202235740 116.35696 39.89911
1202236040 116.36387 39.89804
1202236340 116.36813 39.89614
1202236640 116.36574 39.88796
1202236940 116.35576 39.89487
1202237240 116.35101 39.90424
1202237540 116.34716 39.91894
1202237840 116.3498 39.93609
1202238140 116.33346 39.93701
1202238740 116.27476 39.95342
1202239040 116.2831 39.95598
1202239340 116.28339 39.95602
1202239640 116.28141 39.97011
1202239940 116.33586 39.98506
1202240240 116.40527 39.98714
1202240540 116.46269 39.96892
1202240840 116.51104 40.01294
1202241140 116.5796 40.04695
1202241440 116.58631 40.07947
1202241740 116.58171 40.06753
1202242340 116.52924 40.07773
1202242640 116.48755 40.09365
1202242940 116.45082 40.08103
1202243240 116.44213 40.08045
1202243540 116.46227 40.07698
1202243540 116.46227 40.07698
1202243840 116.45847 40.0585
1202244440 116.46054 40.02254
1202244740 116.46123 40.01934
1202245040 116.40774 40.02097
1202245340 116.34189 40.02917
1202245640 116.30139 40.08172
1202245940 116.26035 40.1353
1202246240 116.23801 40.17118
1202246540 116.21789 40.21015
1202246840 116.19256 40.22381
1202247440 116.10593 40.26209
1202247740 116.0692 40.2865
1202248040 116.04237 40.31185
1202248340 116.02368 40.3354
1202248640 116.00152 40.35652
1202249240 115.97349 40.41602
1202249540 115.98292 40.44047
1202249840 115.98436 40.44142
1202250140 115.98437 40.44151
1202250440 115.98434 40.44156
1202250740 115.98435 40.44149
1202251040 115.98424 40.44149
1202251339 115.9844 40.44164
1202251639 115.98443 40.44152
1202251939 115.98444 40.44164
1202252239 115.9844 40.44157
1202252239 115.9844 40.44157
1202252839 115.98444 40.44143
1202253139 115.98433 40.44165
1202253439 115.98431 40.44162
1202253739 115.98424 40.44169
1202254039 115.98425 40.44173
1202254339 115.98442 40.4415
1202254639 115.98441 40.44148
1202254939 115.98441 40.44147
1202255539 115.98441 40.44144
1202255839 115.98436 40.44142
1202256139 115.9844 40.44137
1202256439 115.98437 40.44143
1202256739 115.9844 40.44141
1202257039 115.98441 40.44136
1202257339 115.98443 40.44138
1202257639 115.98441 40.44136
1202257939 115.98443 40.44133
1202258539 115.98439 40.44143
1202258839 115.98438 40.44142
1202259139 115.98436 40.44141
1202259739 115.9844 40.44136
1202260039 115.98437 40.44141
1202260639 115.98436 40.44148
1202260939 115.98444 40.4415
1202260939 115.98444 40.4415
1202261239 115.98441 40.44141
1202261539 115.98434 40.44118
1202261839 115.98443 40.44137
1202262139 115.98441 40.44132
1202262439 115.98436 40.44131
1202262739 115.98433 40.4413
1202263039 115.98429 40.44122
1202263942 115.98435 40.44144
1202264239 115.98435 40.44142
1202264539 115.98443 40.44149
1202264839 115.98447 40.4414
1202265139 115.9844 40.44145
1202265439 115.98442 40.44146
1202265739 115.98452 40.44153
1202266039 115.98441 40.44157
1202266339 115.98439 40.44148
1202266639 115.98443 40.44153
1202266939 115.98436 40.44147
1202267239 115.98439 40.44146
1202267539 115.9844 40.44146
1202267839 115.98443 40.44147
1202268139 115.98437 40.44154
1202268439 115.98441 40.44147
1202268739 115.98437 40.44145
1202269039 115.98442 40.44138
1202269339 115.9844 40.44142
1202269639 115.98442 40.44143
1202269639 115.98442 40.44143
1202269938 115.9844 40.44141
1202270238 115.98435 40.44151
1202270538 115.98437 40.44138
1202270838 115.98439 40.44167
1202271138 115.98444 40.44217
1202271438 115.98444 40.44168
1202271738 115.9844 40.44144
1202272038 115.98437 40.44143
1202272338 115.98439 40.44144
1202272638 115.98436 40.44133
1202272938 115.98437 40.44143
1202273238 115.9844 40.44139
1202273538 115.98431 40.44137
1202273838 115.98442 40.44142
1202274138 115.98437 40.44138
1202274738 115.98443 40.44157
1202275038 115.98444 40.44164
1202275338 115.98442 40.44155
1202275638 115.9844 40.44129
1202275938 115.98438 40.44139
1202276238 115.98446 40.4413
1202276538 115.98445 40.4413
1202277138 115.98439 40.44142
1202277738 115.98439 40.44126
1202278038 115.98439 40.44144
1202278338 115.98437 40.44137
1202278338 115.98437 40.44137
1202278638 115.98442 40.44141
1202279238 115.98439 40.44142
1202279538 115.98431 40.44153
1202279838 115.98439 40.44147
1202280138 115.98448 40.44124
1202280438 115.98446 40.44155
1202280738 115.98443 40.44146
1202281038 115.98437 40.44134
1202281338 115.98437 40.44143
1202281638 115.98438 40.44147
1202282538 115.98435 40.44142
1202282841 115.98449 40.44155
1202283138 115.98437 40.44153
1202283738 115.98424 40.44254
1202284038 115.98435 40.44154
1202284338 115.98438 40.44159
1202284638 115.98435 40.44158
1202284938 115.9844 40.44157
1202285238 115.98445 40.44163
1202285538 115.98435 40.44156
1202285838 115.98444 40.44146
1202286138 115.98436 40.44148
1202286438 115.98443 40.44143
1202286738 115.98439 40.44142
1202287038 115.98442 40.44146
1202287038 115.98442 40.44146
1202287338 115.98434 40.44137
1202287638 115.98441 40.44149
1202287938 115.98442 40.44143
1202288238 115.98445 40.44137
1202288537 115.98441 40.44125
1202288837 115.98439 40.44146
1202289137 115.9844 40.44148
1202289437 115.98439 40.44142
1202289737 115.9844 40.44147
1202290337 115.98436 40.44153
1202290637 115.98438 40.44132
1202290937 115.98439 40.44144
1202291237 115.98441 40.44142
1202291537 115.98439 40.44146
1202292446 115.98439 40.44137
1202292746 115.98984 40.44498
1202293046 116.00398 40.43418
1202293346 116.00346 40.43266
1202293646 116.00345 40.43267
1202293946 116.00379 40.43353
1202294246 116.0013 40.43619
1202294546 116.00101 40.43633
1202294846 116.00101 40.43632
1202295146 116.00101 40.43637
1202295446 116.00103 40.43638
1202295446 116.00103 40.43638
1202295746 116.00371 40.43275
1202296046 116.00371 40.4328
1202296205 116.00369 40.4328
1202296346 116.00369 40.43278
1202296646 116.00373 40.43277
1202296946 116.0037 40.43279
1202297246 116.00372 40.43278
1202297546 116.00376 40.43277
1202297846 116.00375 40.43275
1202298146 116.00376 40.43272
1202298446 116.00373 40.43275
1202298746 116.00368 40.43274
1202299046 116.0041 40.43284
1202299346 115.99892 40.44663
1202299646 115.9965 40.45919
1202299946 115.99654 40.45902
1202300246 115.99657 40.45902
1202300546 115.99656 40.45901
1202300846 115.98235 40.46221
1202301146 115.97988 40.46416
1202301746 115.98031 40.46192
1202302048 115.97013 40.45825
1202302346 115.9682 40.45793
1202302646 115.96828 40.45793
1202302946 115.96821 40.45792
1202303246 115.96827 40.4579
1202303546 115.96828 40.45793
1202303846 115.96833 40.458
1202304145 115.96823 40.45808
1202304145 115.96823 40.45808
1202304445 115.96821 40.45807
1202304745 115.96718 40.45562
1202305045 115.98426 40.44138
1202305345 115.98423 40.44126
1202305645 115.98427 40.44132
1202305945 115.98411 40.44147
1202306245 115.99986 40.43729
1202306545 116.00398 40.4341
1202307145 116.00396 40.43412
1202307445 116.00395 40.43412
1202308045 116.00399 40.43415
1202308345 116.0036 40.4327
1202308645 116.00359 40.4327
1202308945 116.00359 40.43251
1202309245 116.00359 40.43267
1202309545 116.00358 40.43266
1202309845 116.0036 40.4327
1202310145 116.00359 40.43271
1202310445 116.00358 40.43269
1202310745 116.0036 40.43271
1202311045 116.00358 40.43272
1202311345 116.00361 40.43276
1202311945 116.00357 40.43271
1202312245 116.0036 40.43271
1202312845 116.00362 40.4327
1202313145 116.00359 40.43274
1202313445 116.00362 40.43267
1202313745 116.00357 40.43277
1202314045 116.00359 40.43269
1202314345 116.00355 40.43266
1202314645 116.00359 40.43268
1202314945 116.00361 40.43269
1202315287 116.00359 40.43267
1202315545 116.00359 40.43273
1202315845 116.00357 40.43273
1202316145 116.0036 40.43269
1202316445 116.00362 40.43262
1202316745 116.00364 40.43265
1202317045 116.00363 40.43266
1202317345 116.00362 40.43263
1202317645 116.00359 40.43269
1202317945 116.00361 40.43271
1202318845 115.98094 40.44872
1202319445 115.981 40.44887
1202319745 115.98098 40.44887
1202320045 115.98097 40.4488
1202320345 115.98095 40.44878
1202320645 115.981 40.44883
1202320945 115.97736 40.46071
1202321245 115.97767 40.46968
1202321544 115.97775 40.46968
1202321544 115.97775 40.46968
1202321844 115.97776 40.46968
1202322144 115.97867 40.46789
1202322444 115.97134 40.46327
1202322744 115.96707 40.45608
1202323044 115.967 40.45603
1202323344 115.97962 40.44867
1202323648 115.98099 40.44879
1202323944 115.98096 40.44876
1202324244 115.98096 40.44889
1202324544 115.97846 40.44861
1202324844 115.98588 40.45781
1202325144 116.00314 40.47391
1202325444 115.97378 40.46751
1202325744 115.97296 40.46727
1202326044 115.97293 40.46728
1202326344 115.97281 40.46729
1202326644 115.96925 40.45681
1202326944 115.98105 40.44882
1202327244 115.98102 40.44893
1202327544 115.98104 40.4489
1202327844 115.98101 40.44891
1202328144 115.98099 40.44887
1202328444 115.98105 40.44886
1202328745 115.98105 40.44877
1202329344 115.98105 40.44889
1202329644 115.98099 40.44888
1202329944 115.98102 40.44874
1202330244 115.98097 40.44876
1202330244 115.98097 40.44876
1202330544 115.98101 40.44901
1202331144 115.98098 40.44898
1202331444 115.98106 40.449
1202331744 115.98094 40.44891
1202332044 115.98103 40.44877
1202332344 115.98099 40.44883
1202332644 115.98102 40.44884
1202332944 115.98104 40.44894
1202333544 116.02089 40.47764
1202333844 116.06795 40.48334
1202334144 116.08718 40.47721
1202334444 116.08718 40.47721
1202334744 116.08712 40.47722
1202335044 116.08717 40.4772
1202335344 116.0871 40.47717
1202335644 116.08715 40.47721
1202335944 116.08713 40.47722
1202336244 116.08713 40.47723
1202336544 116.08708 40.47718
1202336844 116.08706 40.47722
1202337144 116.08713 40.47722
1202337444 116.08714 40.47722
1202337744 116.08711 40.47721
1202338044 116.08712 40.47723
1202338344 116.08711 40.47721
1202338644 116.08712 40.47724
1202338944 116.08714 40.47722
1202338944 116.08714 40.47722
1202339243 116.08713 40.47722
1202339243 116.08713 40.47722
1202339543 116.08716 40.47724
1202339843 116.08714 40.4772
1202340143 116.08713 40.47722
1202340443 116.08715 40.47723
1202340743 116.08715 40.47723
1202341043 116.08714 40.4772
1202341343 116.08711 40.4772
1202341643 116.08717 40.47725
1202341943 116.08713 40.47721
1202342243 116.08713 40.47722
1202342543 116.08715 40.47722
1202342843 116.08714 40.47723
1202343143 116.08713 40.47721
1202343443 116.08714 40.47721
1202343743 116.08708 40.47723
1202344043 116.08714 40.4772
1202344343 116.08714 40.47719
1202344643 116.08713 40.47722
1202344943 116.08714 40.47721
1202345543 116.08715 40.47721
1202345843 116.08713 40.4772
1202346143 116.08707 40.47722
1202346443 116.08709 40.47723
1202346743 116.08714 40.47723
1202347043 116.08714 40.47722
1202347343 116.08715 40.47719
1202347643 116.08711 40.47721
1202347943 116.08715 40.47718
1202347943 116.08715 40.47718
1202348243 116.08713 40.47718
1202348543 116.08712 40.4772
1202348843 116.08713 40.47721
1202349143 116.08711 40.47721
1202349443 116.0871 40.47719
1202350343 116.08959 40.47935
1202350643 116.08574 40.47932
1202350943 116.08575 40.47931
1202351243 116.08573 40.47935
1202351543 116.08568 40.47935
1202351843 116.08568 40.47936
1202352143 116.08572 40.4794
1202352443 116.08576 40.47933
1202352743 116.08578 40.47934
1202353043 116.08576 40.47937
1202353343 116.08575 40.4794
1202353643 116.08574 40.47938
1202353943 116.08574 40.4794
1202354243 116.08576 40.47945
1202354543 116.08575 40.47938
1202354843 116.08573 40.47942
1202355143 116.08573 40.4794
1202355443 116.08577 40.4794
1202355743 116.08572 40.47937
1202356043 116.08571 40.47934
1202356343 116.0857 40.4794
1202356343 116.0857 40.4794
1202356643 116.08571 40.47939
1202356643 116.08571 40.47939
1202356943 116.08567 40.47938
1202357243 116.08579 40.47936
1202357543 116.0857 40.47941
1202357543 116.0857 40.47941
1202357543 116.0857 40.47941
1202357543 116.0857 40.47941
1202357543 116.0857 40.47941
1202357545 116.44152 39.92511
1202357843 116.08576 40.47936
1202358143 116.08568 40.47936
1202358443 116.08565 40.47932
1202358743 116.08568 40.47938
1202359042 116.08568 40.47939
1202359342 116.08573 40.47939
1202359642 116.0857 40.47936
1202359942 116.08574 40.47938
1202360242 116.08572 40.47936
1202360542 116.08574 40.47936
1202360842 116.08574 40.47937
1202361142 116.08574 40.47938
1202361442 116.08576 40.4794
1202361742 116.08571 40.47936
1202362042 116.08566 40.4794
1202362342 116.08565 40.47941
1202362642 116.08572 40.47938
1202363242 116.08571 40.47937
1202363542 116.0857 40.47937
1202363842 116.08571 40.47936
1202364142 116.0857 40.47935
1202364442 116.08568 40.47934
1202364742 116.0857 40.47939
1202365042 116.0857 40.47937
1202365342 116.08571 40.47937
1202365342 116.08571 40.47937
1202365642 116.08569 40.47935
1202365942 116.08565 40.47934
1202366242 116.08566 40.47936
1202366542 116.08737 40.47738
1202366842 116.08737 40.47737
1202367142 116.08738 40.47737
1202367442 116.08732 40.47735
1202367742 116.0874 40.47735
1202368042 116.0874 40.47735
1202368342 116.08739 40.47735
1202368642 116.08737 40.47735
1202369242 116.08739 40.47737
1202369542 116.08742 40.47739
1202369842 116.0874 40.47732
1202370142 116.08739 40.47736
1202370442 116.08736 40.47729
1202370742 116.08739 40.47735
1202371042 116.08742 40.47737
1202371342 116.0874 40.47734
1202371942 116.08739 40.47731
1202372242 116.08742 40.47735
1202372542 116.0874 40.47733
1202372842 116.08737 40.47737
1202373442 116.08741 40.47737
1202373742 116.08743 40.47737
1202374042 116.08745 40.47738
1202374042 116.08745 40.47738
1202374342 116.08741 40.47737
1202374642 116.08738 40.47738
1202374942 116.08743 40.47733
1202375242 116.08743 40.47737
1202375542 116.08741 40.47733
1202375842 116.08737 40.47735
1202376142 116.0874 40.47737
1202376442 116.08742 40.47737
1202376742 116.08746 40.47738
1202377041 116.08739 40.47737
1202377341 116.08737 40.47737
1202377877 116.08837 40.4774
1202378477 116.0715 40.41498
1202378777 116.07146 40.41531
1202379077 116.07145 40.41537
1202379377 116.07146 40.41544
1202379677 116.03878 40.4302
1202379977 115.99114 40.45428
1202380277 115.98089 40.44882
1202380577 115.98089 40.44874
1202380877 115.98094 40.44876
1202381177 115.9809 40.44904
1202381460 115.98088 40.44886
1202381777 115.98093 40.44869
1202382077 115.99693 40.44796
1202382377 116.004 40.43366
1202382677 116.00217 40.43488
1202382834 115.98851 40.44185
1202382977 115.98064 40.44757
1202383277 116.00378 40.43442
1202383577 116.00407 40.43426
1202383877 116.00402 40.43419
1202384177 116.00402 40.4342
1202384477 116.00401 40.43427
1202384477 116.00401 40.43427
1202384777 116.004 40.43421
1202385077 116.00402 40.4342
1202385377 116.00406 40.43416
1202385677 116.00385 40.43399
1202385977 116.0023 40.43243
1202386277 116.0023 40.43244
1202386577 116.00229 40.43244
1202386877 116.00347 40.43266
1202387177 116.00347 40.43265
1202387477 116.00348 40.43264
1202387777 116.0035 40.43265
1202388077 116.00349 40.43267
1202388377 116.00351 40.43263
1202388677 116.0035 40.43268
1202388977 116.00346 40.43265
1202389277 116.00341 40.43269
1202389577 116.00347 40.43264
1202389877 116.00346 40.43264
1202390177 115.999 40.44247
1202390477 115.9968 40.46036
1202390777 115.99689 40.46028
1202391077 115.98691 40.47543
1202391677 115.98272 40.48953
1202391977 115.99944 40.45415
1202392277 115.98432 40.44137
1202392577 115.98431 40.44128
1202392877 115.96382 40.43688
1202393177 115.91945 40.40214
1202393177 115.91945 40.40214
1202393477 115.89671 40.37136
1202393776 115.85675 40.34976
1202394076 115.84912 40.34896
1202394376 115.84912 40.34898
1202394676 115.84911 40.34898
1202394976 115.84913 40.349
1202395276 115.84913 40.34894
1202395576 115.84915 40.34896
1202395876 115.84914 40.34898
1202396179 115.84913 40.34895
1202396476 115.84916 40.34895
1202396776 115.84916 40.34893
1202397076 115.84914 40.34896
1202397376 115.84913 40.34896
1202397676 115.84914 40.34897
1202397976 115.84916 40.34895
1202398276 115.84916 40.34896
1202398576 115.84916 40.34897
1202398876 115.84914 40.34897
1202399176 115.84914 40.34895
1202399476 115.84913 40.34899
1202399776 115.84912 40.34901
1202400076 115.84912 40.34902
1202400376 115.84911 40.34903
1202400676 115.84912 40.34897
1202400976 115.84913 40.34901
1202401276 115.84913 40.349
1202401576 115.84912 40.34899
1202401876 115.84914 40.34898
1202401876 115.84914 40.34898
1202402176 115.84913 40.34898
1202402476 115.84915 40.34897
1202402776 115.84915 40.34895
1202403076 115.84912 40.34895
1202403376 115.84911 40.34895
1202403676 115.84913 40.34894
1202403976 115.84912 40.34895
1202404276 115.84912 40.34893
1202404576 115.84915 40.34896
1202404876 115.84911 40.34894
1202405176 115.84914 40.34899
1202405476 115.84911 40.34895
1202405776 115.84914 40.34895
1202406076 115.84912 40.34893
1202406376 115.8491 40.34894
1202406676 115.84977 40.34891
1202406976 115.86876 40.35974
1202407276 115.90451 40.36867
1202407576 115.91949 40.40212
1202407876 115.95355 40.43596
1202408176 115.97796 40.46089
1202408476 115.98674 40.47594
1202408776 115.98368 40.49342
1202409076 115.98372 40.49339
1202409376 115.9837 40.49341
1202409676 115.98365 40.4934
1202409976 115.9837 40.49341
1202410276 115.98295 40.48907
1202410576 115.99594 40.45887
1202410576 115.99594 40.45887
1202410876 116.0008 40.43639
1202411175 116.00361 40.43266
1202411475 116.00358 40.4327
1202411775 116.00396 40.43418
1202412075 116.00399 40.43424
1202412375 116.00394 40.43423
1202412675 116.00399 40.4342
1202412975 116.004 40.43423
1202413275 116.00398 40.43422
1202413575 116.00397 40.43421
1202413875 116.00397 40.43422
1202414175 116.00395 40.43425
1202414475 116.00402 40.43426
1202414775 116.00397 40.43422
1202415075 116.00396 40.43425
1202415375 116.00398 40.43427
1202415675 116.00399 40.43424
1202415975 116.00402 40.43423
1202416275 116.004 40.43425
1202416575 116.00395 40.43423
1202416875 116.00397 40.4342
1202417175 116.00404 40.43421
1202417475 116.00398 40.43422
1202417775 116.00406 40.43423
1202418075 116.00402 40.43421
1202418375 116.00396 40.4342
1202418675 116.00396 40.43421
1202418975 116.00395 40.43418
1202419275 116.00394 40.43418
1202419275 116.00394 40.43418
1202419575 116.00397 40.43421
1202419875 116.00401 40.4342
1202420175 116.00386 40.43416
1202420475 116.00359 40.43267
1202420776 116.00357 40.4327
1202421075 116.00356 40.43275
1202421375 116.00361 40.4328
1202421675 116.00357 40.43272
1202421975 116.00359 40.43274
1202422275 116.00358 40.43276
1202422575 116.00359 40.43278
1202422875 116.00356 40.43269
1202423175 116.00361 40.43276
1202423475 116.0035 40.43263
1202423775 116.00354 40.43271
1202424075 116.00356 40.43272
1202424375 116.00354 40.43267
1202424675 116.00355 40.43263
1202424975 116.00354 40.43269
1202425275 116.00355 40.43265
1202425575 116.00356 40.43268
1202425875 116.00352 40.43271
1202426175 116.00354 40.43273
1202426475 116.00356 40.4327
1202426775 116.00356 40.43267
1202427075 116.00357 40.43271
1202427375 116.00358 40.43268
1202427675 116.00345 40.43264
1202427975 116.00358 40.43266
1202427975 116.00358 40.43266
1202428275 116.00354 40.43268
1202428575 116.00352 40.43268
1202428875 116.00352 40.4327
1202428875 116.00352 40.4327
1202429175 116.00353 40.43269
1202429475 116.00354 40.4327
1202429774 116.00355 40.43266
1202430074 116.00351 40.43274
1202430374 116.0035 40.43272
1202430674 116.00354 40.43272
1202430974 116.00357 40.43269
1202431274 116.00355 40.43268
1202431574 116.00355 40.43263
1202431874 116.00356 40.43273
1202432174 116.00357 40.43269
1202432474 116.0035 40.43276
1202432774 116.00346 40.43285
1202433074 116.00346 40.43274
1202433374 116.00353 40.43263
1202433674 116.00348 40.43265
1202433974 116.00352 40.43271
1202434274 116.00352 40.43269
1202434574 116.00345 40.43282
1202434874 116.00352 40.43279
1202435174 116.00357 40.43267
1202435474 116.00358 40.43263
1202435774 116.00354 40.43271
1202436074 116.00357 40.43276
1202437274 116.00357 40.43273
1202438774 116.00358 40.43269
1202439074 116.00361 40.43269
1202439374 116.00361 40.43278
1202439674 116.00358 40.43275
1202439974 116.00357 40.43274
1202440274 116.00357 40.43271
1202440574 116.00357 40.43274
1202440874 116.00362 40.43274
1202441174 116.0036 40.43268
1202441474 116.00356 40.43271
1202441774 116.00356 40.43271
1202442074 116.00358 40.43271
1202442374 116.00357 40.43273
1202442674 116.00356 40.43273
1202442974 116.00359 40.43278
1202443274 116.00357 40.43271
1202443574 116.00356 40.4327
1202443874 116.00358 40.43269
1202444174 116.00355 40.43271
1202444474 116.00357 40.43267
1202444774 116.00358 40.43273
1202445074 116.00355 40.43267
1202445374 116.00356 40.43269
1202445374 116.00356 40.43269
1202445674 116.00356 40.43265
1202445974 116.00353 40.43264
1202446274 116.00353 40.43265
1202446574 116.00354 40.43263
1202446874 116.00358 40.43257
1202447174 116.00358 40.43263
1202447474 116.00355 40.43264
1202447774 116.00356 40.4326
1202448074 116.00356 40.43256
1202448374 116.00356 40.43258
1202448674 116.00356 40.43263
1202448973 116.00358 40.4327
1202449273 116.00353 40.43269
1202449573 116.00353 40.43269
1202449873 116.00358 40.43268
1202450173 116.00361 40.43265
1202450473 116.00362 40.43269
1202450773 116.00355 40.43271
1202451073 116.00357 40.43272
1202451373 116.00358 40.4327
1202451673 116.00356 40.43269
1202451973 116.00358 40.43269
1202452273 116.0036 40.4327
1202452573 116.00362 40.43274
1202452873 116.00359 40.43268
1202453173 116.00356 40.43266
1202453473 116.00357 40.43266
1202453773 116.00358 40.43267
1202454073 116.00356 40.43265
1202454073 116.00356 40.43265
1202454373 116.00356 40.43269
1202454675 116.00359 40.43267
1202454973 116.00364 40.43271
1202455273 116.00361 40.43267
1202455573 116.0036 40.43261
1202455873 116.00354 40.4326
1202456173 116.00354 40.43263
1202456473 116.00356 40.43264
1202456773 116.00358 40.43267
1202457073 116.00355 40.43263
1202457373 116.00352 40.4327
1202457673 116.00355 40.43267
1202457973 116.00355 40.43267
1202458273 116.00359 40.43266
1202458573 116.00356 40.43264
1202458873 116.00355 40.43266
1202459173 116.00355 40.43261
1202459473 116.00359 40.43261
1202459773 116.0036 40.43262
1202460073 116.00358 40.43267
1202460373 116.00357 40.43271
1202460673 116.00358 40.4327
1202460973 116.00356 40.4327
1202461273 116.00358 40.43269
1202461573 116.0036 40.43266
1202461873 116.00356 40.4327
1202462173 116.00355 40.43268
1202462473 116.00357 40.43269
1202463095 116.00361 40.43265
1202463394 116.00361 40.43268
1202463694 116.00359 40.43267
1202463994 116.00359 40.43265
1202464294 116.00358 40.4327
1202464594 116.00359 40.43268
1202464894 116.00399 40.4342
1202465194 116.00398 40.43422
1202465494 116.00397 40.43417
1202465794 116.00403 40.43418
1202466094 116.00401 40.43419
1202466394 116.00385 40.43417
1202466694 115.99885 40.44688
1202466994 115.99348 40.4623
1202467294 115.98147 40.492
1202467594 115.97105 40.46765
1202467894 115.95285 40.45437
1202468194 115.91953 40.44475
1202468494 115.96085 40.45661
1202468794 115.97015 40.4555
1202468952 115.97812 40.44451
1202469094 115.98423 40.44147
1202469394 115.9842 40.44157
1202469694 115.98423 40.44154
1202469994 115.98422 40.44159
1202470294 115.98428 40.44154
1202470594 115.98427 40.44155
1202470894 115.97919 40.44095
1202470894 115.97919 40.44095
1202471194 115.98103 40.44887
1202471494 115.98097 40.44888
1202471794 115.98098 40.44888
1202472094 115.98101 40.4489
1202472394 115.97918 40.44088
1202472694 116.0022 40.43493
1202472994 116.00349 40.43266
1202473294 116.00348 40.43266
1202473594 116.00346 40.43266
1202473894 116.00345 40.43268
1202474194 116.00343 40.43267
1202474494 116.00347 40.43267
1202474794 115.99909 40.44599
1202475094 115.98395 40.45646
1202475394 115.99025 40.45798
1202475694 115.99024 40.45797
1202475994 115.99024 40.45797
1202476294 115.99071 40.45797
1202476594 115.9977 40.46071
1202476894 115.99777 40.46074
1202477194 116.02435 40.46178
1202477494 116.06824 40.48333
1202477794 116.08812 40.47631
1202478094 116.09444 40.44252
1202478394 116.08919 40.44478
1202478694 116.08917 40.44477
1202478994 116.08917 40.44476
1202479294 116.08917 40.44483
1202479594 116.08919 40.44482
1202479594 116.08919 40.44482
1202479894 116.08919 40.44484
1202480194 116.08921 40.44484
1202480494 116.08922 40.44488
1202480794 116.08925 40.44489
1202481093 116.08923 40.44486
1202481393 116.08922 40.44489
1202481693 116.0892 40.44488
1202481993 116.08924 40.4449
1202482293 116.08921 40.44484
1202482593 116.08922 40.44484
1202482893 116.08922 40.44485
1202483193 116.08919 40.44487
1202483493 116.08919 40.44488
1202483793 116.08918 40.4449
1202484093 116.08914 40.4449
1202484393 116.08917 40.44491
1202484693 116.08921 40.44485
1202484993 116.08921 40.44487
1202485293 116.08917 40.44485
1202485593 116.08922 40.44485
1202485893 116.0892 40.44487
1202486193 116.08919 40.44489
1202486493 116.08921 40.4449
1202486793 116.08921 40.44495
1202487093 116.08919 40.44485
1202487393 116.08921 40.4449
1202487693 116.08926 40.44487
1202487993 116.08918 40.44492
1202488293 116.08921 40.44491
1202488293 116.08921 40.44491
1202488593 116.08923 40.44489
1202488893 116.08924 40.44489
1202489193 116.0892 40.44484
1202489493 116.08902 40.44484
1202489793 116.08931 40.44485
1202490093 116.08929 40.44481
1202490393 116.08929 40.44471
1202490693 116.08925 40.44467
1202490993 116.08923 40.44466
1202491293 116.08923 40.44472
1202491593 116.08928 40.44478
1202491893 116.08922 40.44467
1202492193 116.08926 40.44481
