UTS Latitude Longitude
1201959499 116.39328 39.88994
1201959799 116.42124 39.8921
1201960099 116.43184 39.89842
1201960399 116.42822 39.92489
1201960657 116.42875 39.94075
1201961257 116.45305 39.9529
1201961347 116.45618 39.95492
1201961647 116.46353 39.95407
1201961719 116.46481 39.9545
1201961947 116.46173 39.9566
1201961947 116.46173 39.9566
1201962247 116.48131 39.96981
1201962314 116.48273 39.96988
1201962914 116.47152 39.97173
1201963214 116.47153 39.97182
1201963514 116.47156 39.9718
1201963813 116.47157 39.97181
1201964113 116.47145 39.97192
1201964413 116.4714 39.97201
1201964713 116.47139 39.97203
1201965313 116.47136 39.97204
1201965613 116.47136 39.97203
1201965913 116.47135 39.97202
1201966213 116.47135 39.97201
1201966513 116.47135 39.972
1201966774 116.47129 39.97219
1201967074 116.48377 39.94901
1201967374 116.47636 39.90701
1201967674 116.45155 39.90726
1201968224 116.44435 39.91451
1201968524 116.44445 39.91519
1201968564 116.4443 39.91606
1201968864 116.45538 39.92201
1201969164 116.45563 39.94017
1201969464 116.45278 39.95362
1201969764 116.43997 39.96189
1201970064 116.42366 39.96816
1201970064 116.42366 39.96816
1201970364 116.40429 39.96749
1201970664 116.37843 39.9668
1201970964 116.34972 39.96644
1201971264 116.33664 39.96639
1201971776 116.34278 39.975
1201972076 116.34265 39.97426
1201972636 116.34295 39.9744
1201972936 116.33869 39.97531
1201973236 116.32765 39.97528
1201973748 116.30029 39.9732
1201973836 116.30073 39.96949
1201973836 116.30073 39.96949
1201974136 116.30135 39.96379
1201974436 116.30204 39.96144
1201974736 116.34972 39.96631
1201975023 116.36689 39.96632
1201975599 116.38876 39.9557
1201975899 116.40095 39.94758
1201976647 116.43768 39.9279
1201976947 116.42829 39.92893
1201977247 116.43778 39.93975
1201977547 116.44782 39.9479
1201977847 116.45459 39.94878
1201978147 116.45838 39.94847
1201978447 116.45828 39.94842
1201978747 116.4583 39.94843
1201978816 116.45828 39.94842
1201979116 116.4813 39.95656
1201979416 116.48197 39.98656
1201980016 116.58312 40.06328
1201980190 116.58248 40.07936
1201980490 116.58138 40.06937
1201980790 116.56319 40.06648
1201981090 116.56298 40.07029
1201981090 116.56298 40.07029
1201981390 116.56645 40.07167
1201981690 116.56646 40.07168
1201981990 116.56647 40.07168
1201982290 116.56647 40.07169
1201982590 116.56649 40.07169
1201982890 116.56649 40.07169
1201983190 116.56648 40.07169
1201983790 116.56649 40.07169
1201984090 116.56649 40.07169
1201984390 116.56649 40.07169
1201984690 116.56649 40.07169
1201984990 116.56649 40.07169
1201985290 116.56649 40.07169
1201985590 116.5665 40.07169
1201985890 116.56353 40.07017
1201986190 116.57234 40.06316
1201986490 116.57949 40.06255
1201986789 116.57955 40.06253
1201987089 116.5827 40.06253
1201987389 116.58224 40.0652
1201987689 116.58195 40.06689
1201987989 116.58174 40.06824
1201988289 116.58177 40.06822
1201988589 116.58172 40.06867
1201988889 116.58159 40.06951
1201989189 116.58105 40.07244
1201989489 116.58074 40.07531
1201989789 116.58077 40.07532
1201989789 116.58077 40.07532
1201990089 116.58313 40.07518
1201990389 116.58353 40.07576
1201990689 116.58753 40.07832
1201990989 116.58753 40.07832
1201991385 116.57946 40.04734
1201991685 116.51163 40.01369
1201991985 116.46981 39.96566
1201992285 116.48365 39.91489
1201992585 116.43675 39.89429
1201992885 116.42479 39.88588
1201993060 116.42126 39.8847
1201993359 116.41297 39.88929
1201993426 116.4147 39.89167
1201993684 116.43274 39.88967
1201993984 116.45345 39.89318
1201994284 116.45513 39.89265
1201994584 116.45596 39.91646
1201994884 116.45614 39.93202
1201995167 116.45586 39.93865
1201995467 116.44055 39.94004
1201996010 116.40227 39.94419
1201996610 116.45522 39.94009
1201996910 116.47828 39.95522
1201997210 116.48788 39.96042
1201997510 116.48798 39.96041
1201997810 116.48835 39.96085
1201998110 116.48834 39.96083
1201998410 116.48834 39.96081
1201998710 116.49092 39.96291
1201999010 116.49879 39.95972
1201999310 116.5042 39.97178
1201999610 116.49054 39.97052
1202000210 116.49179 39.97054
1202000509 116.50704 39.99203
1202000809 116.53815 40.00635
1202000809 116.53815 40.00635
1202001109 116.54618 39.99938
1202001409 116.54618 39.9994
1202001709 116.54618 39.99941
1202002009 116.54617 39.99941
1202002309 116.54619 39.99941
1202002609 116.54619 39.99941
1202002909 116.54621 39.99941
1202003209 116.5462 39.99941
1202003509 116.5462 39.99942
1202003809 116.54619 39.99942
1202005009 116.54615 39.99945
1202005309 116.54614 39.99945
1202006209 116.54613 39.99947
1202006509 116.54613 39.99947
1202006809 116.54613 39.99947
1202006809 116.54613 39.99947
1202007109 116.54613 39.99948
1202007409 116.54613 39.99948
1202007709 116.54613 39.99948
1202008009 116.54613 39.99948
1202008309 116.54613 39.99949
1202008609 116.54613 39.99949
1202008909 116.54601 39.9995
1202009209 116.54602 39.9995
1202009509 116.54602 39.9995
1202009809 116.54602 39.9995
1202011009 116.54603 39.99949
1202012209 116.54604 39.99949
1202012509 116.54605 39.99949
1202012809 116.54605 39.99949
1202013109 116.54605 39.99949
1202013409 116.54605 39.99949
1202013709 116.54605 39.99949
1202014009 116.54605 39.99949
1202014309 116.54606 39.99949
1202014609 116.54606 39.99949
1202014909 116.54606 39.99949
1202015209 116.54606 39.99949
1202015509 116.54606 39.99949
1202015809 116.54607 39.99949
1202016108 116.54607 39.9995
1202016408 116.54607 39.9995
1202016708 116.54608 39.9995
1202017008 116.54608 39.9995
1202017308 116.54608 39.9995
1202017608 116.54609 39.9995
1202017908 116.54609 39.9995
1202018208 116.54609 39.9995
1202018508 116.5461 39.9995
1202018808 116.5461 39.9995
1202019108 116.5461 39.9995
1202019408 116.5461 39.9995
1202019708 116.5461 39.9995
1202020008 116.5461 39.9995
1202020308 116.5461 39.9995
1202020908 116.5461 39.9995
1202021208 116.54578 39.99976
1202021508 116.54614 39.99948
1202021808 116.54617 39.99949
1202022108 116.54618 39.99949
1202022408 116.54618 39.99949
1202022708 116.54617 39.99948
1202023008 116.54617 39.99947
1202023308 116.54617 39.99947
1202023608 116.54617 39.99946
1202023908 116.54617 39.99946
1202024208 116.54618 39.99945
1202024508 116.54618 39.99945
1202024808 116.54618 39.99945
1202025408 116.54618 39.99945
1202025708 116.54618 39.99945
1202026008 116.54618 39.99945
1202026608 116.54617 39.99945
1202027208 116.54617 39.99945
1202028108 116.52401 40.00329
1202028408 116.5026 39.9871
1202028708 116.48837 39.97065
1202029308 116.4838 39.91966
1202029608 116.48176 39.86351
1202030208 116.44344 39.82557
1202030508 116.44346 39.82556
1202030808 116.44346 39.82553
1202031707 116.44348 39.82552
1202032007 116.44347 39.82552
1202032307 116.44347 39.82552
1202032607 116.44346 39.82552
1202033207 116.44344 39.82553
1202033507 116.44343 39.82554
1202033807 116.44342 39.82554
1202034107 116.44341 39.82555
1202034407 116.44341 39.82556
1202034707 116.4434 39.82556
1202035007 116.4434 39.82556
1202035307 116.4434 39.82556
1202035607 116.4434 39.82557
1202035907 116.4434 39.82558
1202036207 116.4434 39.82559
1202036507 116.4434 39.82559
1202036807 116.44327 39.82566
1202036837 116.30586 39.87567
1202037407 116.44496 39.82487
1202037707 116.44486 39.82482
1202038007 116.44523 39.82514
1202038907 116.43924 39.85531
1202039207 116.45374 39.86565
1202039725 116.47117 39.88223
1202040025 116.47142 39.89265
1202040325 116.47153 39.89698
1202040924 116.44843 39.9028
1202041258 116.4429 39.90331
1202041299 116.4429 39.90354
1202041599 116.42808 39.9072
1202041899 116.40898 39.9068
1202042199 116.38361 39.90613
1202042499 116.3632 39.9059
1202042799 116.35337 39.9138
1202043099 116.34997 39.92558
1202043399 116.34895 39.95698
1202043699 116.36392 39.96626
1202043946 116.36546 39.97604
1202044202 116.36348 39.9796
1202044502 116.34741 39.98762
1202044802 116.35855 39.99231
1202045102 116.38438 39.98651
1202045402 116.44473 39.98211
1202045702 116.48366 39.94376
1202046002 116.48069 39.90708
1202046302 116.4744 39.90689
1202046602 116.47159 39.90156
1202046902 116.47174 39.90041
1202047170 116.47163 39.90161
1202047470 116.47174 39.90277
1202047511 116.47165 39.90349
1202047811 116.45713 39.89209
1202048111 116.44936 39.88889
1202048291 116.44473 39.88888
1202048591 116.45145 39.89209
1202048891 116.45379 39.90403
1202049191 116.4534 39.91024
1202049491 116.45187 39.9139
1202049570 116.45178 39.91408
1202049871 116.44884 39.89801
1202050470 116.4828 39.88531
1202050514 116.48261 39.88529
1202050814 116.47146 39.89198
1202051113 116.45926 39.89941
1202051414 116.45638 39.90858
1202051713 116.45142 39.91255
1202052234 116.44048 39.92185
1202052323 116.43617 39.92196
1202052623 116.43407 39.92229
1202052923 116.42808 39.93097
1202053223 116.44434 39.94283
1202053362 116.45407 39.94766
1202053523 116.45492 39.95461
1202053823 116.46154 39.95738
1202054046 116.46191 39.95396
1202054346 116.46561 39.94352
1202054541 116.46252 39.94758
1202054841 116.44477 39.95886
1202055062 116.4304 39.97637
1202055362 116.42542 39.97001
1202055662 116.43234 39.96664
1202055962 116.43372 39.95997
1202056262 116.44775 39.95658
1202056562 116.45918 39.95742
1202056862 116.47165 39.97167
1202057162 116.4715 39.97168
1202057462 116.47145 39.97203
1202057762 116.47138 39.97185
1202058062 116.47149 39.97183
1202058362 116.47135 39.97186
1202058662 116.47133 39.97185
1202058753 116.47224 39.97121
1202059053 116.48231 39.95512
1202059653 116.51966 39.94028
1202059953 116.54557 39.94047
1202060253 116.58269 39.9386
1202060253 116.58269 39.9386
1202060553 116.58485 39.91912
1202060553 116.58485 39.91912
1202060603 116.58487 39.91869
1202060903 116.58322 39.91165
1202061203 116.55994 39.91491
1202061503 116.54156 39.91494
1202061803 116.52423 39.91584
1202062103 116.51489 39.92211
1202062403 116.50192 39.92203
1202062703 116.5011 39.93022
1202063003 116.50118 39.93021
1202063278 116.49955 39.93031
1202063578 116.48467 39.93259
1202063878 116.45628 39.93255
1202064178 116.45521 39.92396
1202064478 116.45601 39.93197
1202065061 116.4423 39.9607
1202065361 116.44553 39.95861
1202065661 116.44572 39.95866
1202065961 116.44548 39.9584
1202066227 116.44618 39.95762
1202066527 116.45291 39.94758
1202066620 116.45123 39.94799
1202066827 116.45526 39.94623
1202067127 116.43884 39.9399
1202067427 116.42792 39.94512
1202067698 116.41443 39.94808
1202067998 116.42729 39.94474
1202068088 116.42643 39.94093
1202068088 116.42643 39.94093
1202068388 116.44433 39.94458
1202068558 116.44513 39.94649
1202068858 116.46036 39.94939
1202069158 116.46668 39.96539
1202069458 116.47517 39.97238
1202069497 116.47658 39.97372
1202069797 116.47032 39.98017
1202070097 116.46176 39.99904
1202070199 116.45787 39.99992
1202070397 116.46145 40.00101
1202070697 116.47816 39.99009
1202070697 116.47816 39.99009
1202070735 116.47816 39.9901
1202071035 116.48114 39.98821
1202071335 116.50092 39.98677
1202071635 116.52416 40.00358
1202071935 116.5462 39.9994
1202072235 116.54619 39.99943
1202072535 116.54302 40.00169
1202072835 116.53835 40.00622
1202073135 116.54216 40.00215
1202073435 116.5422 40.00214
1202073735 116.54221 40.00214
1202074035 116.5422 40.00215
1202074335 116.5422 40.00215
1202074635 116.5422 40.00215
1202074935 116.5422 40.00215
1202075235 116.5422 40.00215
1202075535 116.54219 40.00215
1202075835 116.5422 40.00215
1202076135 116.54607 39.99953
1202076435 116.54608 39.99953
1202076735 116.54592 40.00781
1202077035 116.54074 40.00783
1202077335 116.5432 40.00775
1202077635 116.54319 40.0078
1202077935 116.54321 40.00774
1202078235 116.54322 40.00768
1202078235 116.54322 40.00768
1202078535 116.54322 40.00767
1202078835 116.54321 40.00766
1202079135 116.54314 40.00762
1202079435 116.54317 40.00758
1202079735 116.54317 40.00757
1202080035 116.54317 40.00757
1202080335 116.54318 40.00757
1202080935 116.54605 39.9995
1202081235 116.54608 39.99949
1202081535 116.54607 39.99949
1202082135 116.54607 39.99949
1202082435 116.54607 39.99949
1202082735 116.54608 39.99948
1202083035 116.54608 39.99948
1202083334 116.54608 39.99948
1202083634 116.54608 39.99948
1202083934 116.54609 39.99948
1202084234 116.54608 39.99947
1202084534 116.54608 39.99947
1202084834 116.54608 39.99948
1202085134 116.54608 39.99948
1202085434 116.54608 39.99948
1202085734 116.54608 39.99948
1202086034 116.54608 39.99948
1202086334 116.54608 39.99949
1202086634 116.5461 39.99948
1202086934 116.5461 39.99948
1202086934 116.5461 39.99948
1202087234 116.5461 39.99947
1202087534 116.5461 39.99947
1202087834 116.5461 39.99948
1202088134 116.5461 39.99948
1202088434 116.5461 39.99948
1202088734 116.54611 39.99948
1202089034 116.54611 39.99948
1202089334 116.54611 39.99948
1202089634 116.54612 39.99948
1202089934 116.54612 39.99948
1202090234 116.54611 39.99948
1202090534 116.54611 39.99948
1202091134 116.54611 39.99948
1202091434 116.54611 39.99948
1202091734 116.54611 39.99948
1202092034 116.54611 39.99948
1202092334 116.54611 39.99948
1202092634 116.54611 39.99948
1202092934 116.54611 39.99948
1202093234 116.54611 39.99948
1202093534 116.54611 39.99948
1202093834 116.54611 39.99949
1202094134 116.54611 39.99949
1202094434 116.54611 39.99949
1202094734 116.54611 39.99949
1202095034 116.5461 39.99949
1202095334 116.5461 39.99949
1202095634 116.5461 39.99949
1202095634 116.5461 39.99949
1202095934 116.5461 39.99949
1202096234 116.5461 39.99949
1202096534 116.5461 39.9995
1202096834 116.5461 39.9995
1202097134 116.5461 39.9995
1202097434 116.5461 39.9995
1202097734 116.5461 39.9995
1202098034 116.54611 39.77672
1202098034 116.54611 39.77672
1202098334 116.54611 39.9995
1202098934 116.54611 39.9995
1202099234 116.54611 39.9995
1202099533 116.54611 39.9995
1202099833 116.54611 39.9995
1202100133 116.54611 39.9995
1202100433 116.54611 39.9995
1202100733 116.54611 39.9995
1202101033 116.54612 39.9995
1202101333 116.54612 39.99949
1202101633 116.54612 39.99949
1202101933 116.54612 39.99949
1202102233 116.54613 39.99949
1202102533 116.54613 39.99949
1202102833 116.54613 39.99949
1202103133 116.54613 39.9995
1202103433 116.54613 39.9995
1202103733 116.54613 39.9995
1202104033 116.54613 39.9995
1202104333 116.54613 39.9995
1202104333 116.54613 39.9995
1202104633 116.54613 39.9995
1202104633 116.54613 39.9995
1202104933 116.54613 39.9995
1202105233 116.54613 39.9995
1202105533 116.54613 39.9995
1202105833 116.54613 39.9995
1202106133 116.54613 39.9995
1202106433 116.54614 39.9995
1202106733 116.54614 39.9995
1202107033 116.54614 39.9995
1202107333 116.54614 39.9995
1202107633 116.54614 39.9995
1202107933 116.54614 39.9995
1202108233 116.54614 39.9995
1202108533 116.54614 39.9995
1202108833 116.54614 39.9995
1202109433 116.54614 39.9995
1202109733 116.54614 39.9995
1202110033 116.54614 39.9995
1202110333 116.54614 39.9995
1202110633 116.54614 39.9995
1202110933 116.54614 39.9995
1202111233 116.54614 39.9995
1202111533 116.54614 39.9995
1202112133 116.54613 39.9995
1202112433 116.54613 39.9995
1202112733 116.54613 39.9995
1202113033 116.54613 39.9995
1202113033 116.54613 39.9995
1202113333 116.54613 39.9995
1202113333 116.54613 39.9995
1202113633 116.54613 39.9995
1202113933 116.54613 39.9995
1202114233 116.54613 39.9995
1202114533 116.54613 39.9995
1202114832 116.54613 39.9995
1202115132 116.54613 39.9995
1202115432 116.54613 39.9995
1202115732 116.54613 39.9995
1202116032 116.54613 39.9995
1202116332 116.54613 39.9995
1202116632 116.54613 39.9995
1202116932 116.54613 39.9995
1202117232 116.5462 39.99944
1202117532 116.54621 39.99944
1202117832 116.54619 39.99945
1202118132 116.54662 39.99962
1202118432 116.54605 39.99954
1202118732 116.54603 39.99954
1202119032 116.54603 39.99953
1202119332 116.54603 39.99953
1202119632 116.54604 39.99952
1202119932 116.54605 39.99952
1202120232 116.54604 39.99952
1202120532 116.54605 39.99952
1202120832 116.54604 39.99952
1202121132 116.54605 39.99951
1202121432 116.54606 39.99951
1202121732 116.54606 39.99951
1202122032 116.54606 39.99951
1202122032 116.54606 39.99951
1202122332 116.54404 40.0008
1202122632 116.51337 40.00023
1202122932 116.49775 39.98326
1202123240 116.44332 39.82576
1202123241 116.44332 39.82576
1202123503 116.48729 39.97068
1202123803 116.48554 39.95854
1202124103 116.4835 39.93722
1202124403 116.48367 39.91131
1202124587 116.49012 39.90637
1202124887 116.47213 39.91028
1202125187 116.4722 39.91015
1202125487 116.4715 39.91025
1202125776 116.47192 39.91051
1202126076 116.45602 39.91248
1202126376 116.45564 39.92286
1202126376 116.45564 39.92286
1202126676 116.44721 39.93253
1202126681 116.44721 39.93253
1202126976 116.44428 39.93946
1202127276 116.43206 39.93967
1202127447 116.42413 39.94108
1202128047 116.42746 39.94067
1202128119 116.42693 39.94008
1202128119 116.42693 39.94008
1202128401 116.41494 39.96809
1202128419 116.42851 39.94802
1202128718 116.45292 39.95516
1202129018 116.44654 39.95777
1202129318 116.44444 39.95893
1202129618 116.45239 39.95333
1202129918 116.46245 39.94694
1202129948 116.46253 39.94547
1202130248 116.46634 39.93288
1202130548 116.47219 39.92266
1202130848 116.47554 39.92274
1202131148 116.46844 39.93899
1202131448 116.46189 39.95486
1202131748 116.45699 39.96074
1202131757 116.45701 39.96075
1202132057 116.45498 39.95158
1202132357 116.45789 39.94858
1202132657 116.45829 39.94893
1202132957 116.45616 39.95221
1202133257 116.45638 39.95226
1202133557 116.45668 39.95175
1202133857 116.45641 39.95201
1202134157 116.4568 39.94767
1202134413 116.45802 39.94884
1202134713 116.44758 39.95715
1202134916 116.44251 39.95802
1202135013 116.43928 39.95501
1202135313 116.42884 39.95827
1202135613 116.4033 39.95551
1202135636 116.4033 39.95551
1202135936 116.40346 39.95573
1202136236 116.40345 39.95585
1202136236 116.40345 39.95585
1202136536 116.40363 39.95587
1202136836 116.40329 39.9556
1202137136 116.40309 39.95569
1202137736 116.43352 39.95946
1202138036 116.43973 39.96167
1202319511 117.04241 40.24349
1202319811 117.04239 40.24345
1202319811 117.04239 40.24345
1202320110 117.04239 40.24343
1202320410 117.04238 40.24341
1202320710 117.04237 40.2434
1202321010 117.04238 40.2434
1202321310 117.04237 40.24339
1202321610 117.04238 40.2434
1202321910 117.04238 40.24339
1202322210 117.04237 40.24339
1202322510 117.04237 40.24338
1202322810 117.04237 40.24338
1202323110 117.04237 40.24338
1202323410 117.04237 40.24338
1202323710 117.04237 40.24338
1202324010 117.04237 40.24338
1202324310 117.04237 40.24337
1202324610 117.04237 40.24337
1202324910 117.04238 40.24327
1202325210 117.04238 40.24327
1202325510 117.0424 40.24327
1202325810 117.04239 40.24328
1202326110 117.04238 40.24331
1202326410 117.04238 40.24331
1202326710 117.04238 40.24331
1202327010 117.04239 40.24331
1202327310 117.0424 40.24331
1202327610 117.0424 40.24331
1202327910 117.0424 40.24332
1202328210 117.04241 40.24333
1202328510 117.04242 40.24333
1202328510 117.04242 40.24333
1202328810 117.04241 40.24333
1202329110 117.04241 40.24333
1202329410 117.04241 40.24333
1202329710 117.04241 40.24333
1202330010 117.04241 40.24334
1202330310 117.04241 40.24334
1202330610 117.04241 40.24335
1202330910 117.04241 40.24335
1202331210 117.04241 40.24335
1202331510 117.04242 40.24335
1202331810 117.04242 40.24335
1202332110 117.04242 40.24335
1202332410 117.04242 40.24335
1202332710 117.04242 40.24335
1202333010 117.04242 40.24335
1202333310 117.04242 40.24335
1202333610 117.04243 40.24335
1202333909 117.04243 40.24334
1202334209 117.04243 40.24334
1202334509 117.04243 40.24334
1202334809 117.04243 40.24334
1202335109 117.04243 40.24334
1202335409 117.04243 40.24334
1202335709 117.04243 40.24334
1202336009 117.04243 40.24334
1202336309 117.04243 40.24334
1202336609 117.04252 40.24357
1202336909 117.04248 40.2435
1202337209 117.04248 40.24345
1202337509 117.04225 40.24316
1202337809 117.04256 40.24365
1202338109 117.04249 40.24357
1202338409 117.04246 40.24355
1202338709 117.04246 40.24354
1202339009 117.04246 40.24354
1202339309 117.04246 40.24354
1202339609 117.04247 40.24354
1202339909 117.04247 40.24353
1202340209 117.04246 40.24352
1202340509 117.04245 40.24351
1202340809 117.04245 40.24351
1202341109 117.04246 40.2435
1202341409 117.04246 40.2435
1202341709 117.04246 40.24349
1202342009 117.04246 40.24349
1202342309 117.04246 40.24349
1202342609 117.04246 40.24349
1202342909 117.04246 40.24348
1202343209 117.04246 40.24348
1202343509 117.04246 40.24347
1202343809 117.04246 40.24347
1202344109 117.04246 40.24346
1202344409 117.04245 40.24346
1202344709 117.04245 40.24345
1202345009 117.04246 40.24345
1202345309 117.04246 40.24345
1202345609 117.04246 40.24344
1202345909 117.04245 40.24344
1202345909 117.04245 40.24344
1202346209 117.04245 40.24344
1202346509 117.04245 40.24343
1202346809 117.04245 40.24343
1202347109 117.04245 40.24343
1202347409 117.04245 40.24343
1202347709 117.04245 40.24343
1202348009 117.04245 40.24343
1202348309 117.04244 40.24343
1202348609 117.04244 40.24343
1202348909 117.04244 40.24343
1202349208 117.04244 40.24342
1202349508 117.04244 40.24342
1202350408 117.04243 40.24342
1202350708 117.04242 40.24342
1202351008 117.04243 40.24343
1202351608 117.04243 40.24343
1202351908 117.04243 40.24343
1202352208 117.04243 40.24343
1202352508 117.04243 40.24343
1202352808 117.04243 40.24343
1202353108 117.04243 40.24343
1202353408 117.04243 40.24343
1202354008 117.04242 40.24344
1202354308 117.04242 40.24344
1202354608 117.04242 40.24344
1202354608 117.04242 40.24344
1202354908 117.04242 40.24344
1202355208 117.04242 40.24344
1202355508 117.04242 40.24343
1202355808 117.04242 40.24343
1202356108 117.04242 40.24343
1202356408 117.04242 40.24343
1202356708 117.04242 40.24343
1202357008 117.04242 40.24343
1202357308 117.04242 40.24343
1202357608 117.04243 40.24343
1202357608 117.04243 40.24343
1202357608 117.04243 40.24343
1202357608 117.04243 40.24343
1202357908 117.04243 40.24343
1202358208 117.04243 40.24342
1202358508 117.04243 40.24342
1202358808 117.04243 40.24343
1202359108 117.04243 40.24342
1202359408 117.04243 40.24342
1202359708 117.04243 40.24343
1202360008 117.04243 40.24343
1202360308 117.04243 40.24343
1202360908 117.04243 40.24343
1202361208 117.04243 40.24342
1202361508 117.04243 40.24342
1202361808 117.04243 40.24342
1202362108 117.04243 40.24342
1202362408 117.04243 40.24342
1202363008 117.04251 40.24364
1202363308 117.04238 40.24353
1202363308 117.04238 40.24353
1202363608 117.0423 40.24348
1202363908 117.04226 40.24346
1202364208 117.04259 40.24335
1202364508 117.04261 40.24334
1202364807 117.04229 40.24345
1202365407 117.04231 40.24345
1202365707 117.04231 40.24344
1202366007 117.04232 40.24344
1202366307 117.04234 40.24342
1202366607 117.04235 40.24341
1202366907 117.04236 40.24341
1202367207 117.04236 40.2434
1202367507 117.04236 40.2434
1202367807 117.04236 40.2434
1202368107 117.04236 40.24341
1202368407 117.04236 40.24341
1202368707 117.04236 40.24341
1202369007 117.04235 40.24342
1202369307 117.04235 40.24342
1202370207 117.0425 40.24329
1202370507 117.04249 40.24329
1202370807 117.04249 40.24351
1202371107 117.04246 40.24346
1202371407 117.04245 40.24346
1202371707 117.04243 40.24345
1202372007 117.04233 40.24348
1202372007 117.04233 40.24348
1202372307 117.04236 40.24339
1202372607 117.04236 40.2434
1202372907 117.04236 40.24341
1202373207 117.04237 40.2434
1202373507 117.04238 40.2434
1202373807 117.04238 40.24338
1202374107 117.04238 40.24338
1202374407 117.04238 40.24339
1202374707 117.04238 40.24339
1202375007 117.04239 40.24339
1202375307 117.04239 40.24338
1202375607 117.0424 40.24338
1202375907 117.0424 40.24337
1202376207 117.04241 40.24337
1202376507 117.04241 40.24337
1202376807 117.04242 40.24336
1202377107 117.04242 40.24336
1202377407 117.04242 40.24336
1202377707 117.04242 40.24336
1202378007 117.04242 40.24336
1202378307 117.04243 40.24336
1202378607 117.04243 40.24336
1202379207 117.04243 40.24336
1202379507 117.04243 40.24335
1202379807 117.04244 40.24335
1202380107 117.04245 40.24335
1202380407 117.04236 40.24331
1202380707 117.04242 40.24332
1202380707 117.04242 40.24332
1202381006 117.04264 40.24337
1202381306 117.0423 40.24326
1202381606 117.04235 40.24328
1202381906 117.04237 40.24329
1202382162 117.04207 40.2431
1202382162 117.04207 40.2431
1202382207 117.04247 40.24342
1202382507 117.04231 40.24322
1202382807 117.04233 40.24325
1202383106 117.04235 40.24328
1202383706 117.04237 40.24331
1202384006 117.04255 40.24359
1202384306 117.04254 40.24354
1202384606 117.04255 40.24352
1202384906 117.04255 40.2435
1202385206 117.04245 40.2434
1202385506 117.04584 40.24804
1202385806 117.04362 40.24243
1202386106 117.04241 40.24341
1202386406 117.0424 40.2434
1202386706 117.0424 40.24339
1202387006 117.04242 40.2434
1202387306 117.04242 40.24342
1202387606 117.04242 40.24342
1202387906 117.04241 40.24342
1202388206 117.0424 40.24342
1202388506 117.0424 40.24343
1202388806 117.0424 40.24343
1202389106 117.0424 40.24342
1202389406 117.04239 40.24342
1202389406 117.04239 40.24342
1202389706 117.04239 40.24342
1202390006 117.04239 40.24341
1202390306 117.04239 40.24341
1202390606 117.04239 40.24342
1202390906 117.04239 40.24342
1202391206 117.0424 40.24342
1202391806 117.0424 40.24342
1202392106 117.0424 40.24342
1202392406 117.0424 40.24342
1202393006 117.0424 40.24343
1202393306 117.0424 40.24342
1202393606 117.0424 40.24342
1202393906 117.0424 40.24342
1202394206 117.0424 40.24342
1202394506 117.0424 40.24342
1202394806 117.0424 40.24342
1202395106 117.0424 40.24341
1202395406 117.0424 40.24341
1202395706 117.0424 40.24341
1202396006 117.0424 40.24341
1202396305 117.0424 40.2434
1202396605 117.0424 40.2434
1202396905 117.0424 40.2434
1202397205 117.0424 40.2434
1202397505 117.0424 40.2434
1202397805 117.0424 40.2434
1202398105 117.0424 40.2434
1202398105 117.0424 40.2434
1202398405 117.0424 40.2434
1202398705 117.04232 40.2436
1202399005 117.04238 40.24351
1202399305 117.04242 40.24345
1202399605 117.04243 40.24342
1202399905 117.04244 40.24341
1202400205 117.04244 40.24342
1202400505 117.04245 40.24342
1202400805 117.04245 40.24343
1202401105 117.04245 40.24343
1202401405 117.04245 40.24344
1202401705 117.04245 40.24345
1202402005 117.04245 40.24346
1202402305 117.04245 40.24345
1202402605 117.04245 40.24345
1202402905 117.04245 40.24344
1202403205 117.04244 40.24343
1202403505 117.04244 40.24343
1202403805 117.04244 40.24342
1202404105 117.04244 40.24343
1202404405 117.04246 40.2435
1202404705 117.04246 40.24349
1202405005 117.04246 40.24348
1202405305 117.04249 40.24352
1202405605 117.04249 40.24351
1202405905 117.04249 40.2435
1202406205 117.04249 40.24349
1202406505 117.04249 40.24348
1202406805 117.04248 40.24347
1202406805 117.04248 40.24347
1202407105 117.04248 40.24346
1202407405 117.04248 40.24345
1202407705 117.04248 40.24345
1202408005 117.04248 40.24344
1202408305 117.04248 40.24344
1202408605 117.04247 40.24343
1202408905 117.04246 40.24343
1202409205 117.04246 40.24342
1202409505 117.04246 40.24342
1202409805 117.04246 40.24342
1202410105 117.04246 40.24341
1202410405 117.04246 40.24341
1202410705 117.04246 40.2434
1202411005 117.04246 40.24339
1202411304 117.04246 40.24339
1202411604 117.04246 40.24338
1202411905 117.04246 40.24338
1202412204 117.04246 40.24338
1202412504 117.04245 40.24338
1202412804 117.04245 40.24338
1202413104 117.04245 40.24337
1202413404 117.04245 40.24337
1202413704 117.04245 40.24337
1202414004 117.04245 40.24337
1202414304 117.04245 40.24337
1202414604 117.04245 40.24338
1202414904 117.04245 40.24338
1202415204 117.04241 40.24334
1202415504 117.04239 40.24336
1202415504 117.04239 40.24336
1202415804 117.0424 40.24339
1202416104 117.0424 40.24342
1202416404 117.04239 40.24343
1202416704 117.04239 40.24343
1202417004 117.04239 40.24343
1202417304 117.04239 40.24343
1202417604 117.04239 40.24343
1202417904 117.04231 40.24334
1202418204 117.04235 40.24336
1202418504 117.04237 40.24337
1202418804 117.04239 40.24338
1202419104 117.04239 40.24338
1202419404 117.04239 40.24337
1202419704 117.04239 40.24337
1202420004 117.04239 40.24337
1202420304 117.04239 40.24337
1202420604 117.0424 40.24337
1202420904 117.0424 40.24336
1202421204 117.04241 40.24336
1202421504 117.04241 40.24336
1202421804 117.04242 40.24336
1202422104 117.04243 40.24336
1202422404 117.04243 40.24336
1202422704 117.04243 40.24335
1202423004 117.04244 40.24335
1202423304 117.04244 40.24335
1202423604 117.04244 40.24335
1202423904 117.04244 40.24335
1202424204 117.04209 40.2431
1202424204 117.04209 40.2431
1202424504 117.0421 40.24312
1202424804 117.04213 40.24316
1202425104 117.04217 40.24321
1202425404 117.04245 40.24355
1202425704 117.04239 40.24351
1202426004 117.04238 40.2435
1202426304 117.04238 40.2435
1202426604 117.04238 40.24348
1202426904 117.04238 40.24348
1202427203 117.04238 40.24347
1202427503 117.04238 40.24347
1202427803 117.04239 40.24346
1202428103 117.04239 40.24346
1202428403 117.04239 40.24346
1202428703 117.0424 40.24346
1202429003 117.0424 40.24346
1202429303 117.0424 40.24346
1202429603 117.0424 40.24346
1202429903 117.04239 40.24345
1202430203 117.04239 40.24344
1202430503 117.04239 40.24344
1202430803 117.04239 40.24344
1202431103 117.04239 40.24344
1202431403 117.04239 40.24344
1202431703 117.04239 40.24344
1202432003 117.04239 40.24344
1202432303 117.04238 40.24344
1202432603 117.04238 40.24344
1202432903 117.04238 40.24344
1202432903 117.04238 40.24344
1202433203 117.04238 40.24343
1202433503 117.04238 40.24343
1202433803 117.04238 40.24343
1202434103 117.04238 40.24343
1202434403 117.04238 40.24342
1202434703 117.04238 40.24342
1202435003 117.04238 40.24342
1202435303 117.04238 40.24342
1202435603 117.04238 40.24342
1202435903 117.04239 40.24342
1202437403 117.04265 40.24346
1202438903 117.04253 40.24347
1202439203 117.04252 40.24347
1202439503 117.04252 40.24347
1202439803 117.04251 40.24347
1202440103 117.0425 40.24347
1202440403 117.04249 40.24347
1202440703 117.04248 40.24346
1202441003 117.04248 40.24346
1202441303 117.04248 40.24345
1202441603 117.04247 40.24344
1202441603 117.04247 40.24344
1202441903 117.04247 40.24344
1202442203 117.04247 40.24343
1202442502 117.04247 40.24343
1202442802 117.04246 40.24342
1202443102 117.04246 40.24342
1202443702 117.04246 40.24341
1202444002 117.04246 40.24341
1202444302 117.04246 40.2434
1202444602 117.04246 40.24341
1202444902 117.04246 40.24341
1202445202 117.04246 40.24341
1202445502 117.04246 40.24341
1202445802 117.04246 40.24341
1202446102 117.04247 40.24341
1202446402 117.04246 40.24341
1202446702 117.04246 40.24341
1202447002 117.04246 40.24341
1202447302 117.04246 40.24341
1202447602 117.04246 40.24341
1202447902 117.04245 40.24341
1202448202 117.04245 40.24341
1202448502 117.04245 40.24341
1202448802 117.04245 40.24341
1202449102 117.04245 40.24341
1202449402 117.04244 40.24341
1202449702 117.04244 40.24341
1202450002 117.04243 40.24341
1202450302 117.04242 40.24341
1202450302 117.04242 40.24341
1202450602 117.04206 40.24339
1202450902 117.0421 40.2434
1202451202 117.04214 40.24341
1202451502 117.04216 40.24341
1202451802 117.04218 40.24341
1202452102 117.04221 40.24341
1202452402 117.04242 40.2434
1202452702 117.0425 40.24338
1202453002 117.04251 40.24337
1202453302 117.04252 40.24336
1202453602 117.0425 40.24335
1202453902 117.04248 40.24335
1202454202 117.04248 40.24337
1202454502 117.04248 40.24338
1202454802 117.04247 40.24338
1202455102 117.04248 40.24339
1202455402 117.04248 40.24339
1202455702 117.04248 40.24338
1202456002 117.04248 40.24338
1202456302 117.04249 40.24337
1202456602 117.04237 40.24403
1202456902 117.04234 40.2439
1202457202 117.04239 40.24376
1202457502 117.04239 40.24368
1202457802 117.0424 40.24364
1202458102 117.04239 40.24362
1202458401 117.04239 40.2436
1202458701 117.04239 40.24359
1202459001 117.0424 40.24356
1202459001 117.0424 40.24356
1202459301 117.0424 40.24354
1202459601 117.04241 40.24353
1202459901 117.04241 40.24352
1202460201 117.04241 40.2435
1202460501 117.04241 40.2435
1202460801 117.04166 40.243
1202461101 117.04192 40.24314
1202461401 117.04209 40.24322
1202461701 117.04217 40.24323
1202462001 117.04221 40.24325
1202462301 117.04225 40.24326
1202462601 117.04228 40.24327
1202462901 117.04229 40.24328
1202463201 117.0423 40.24328
1202463501 117.04231 40.24329
1202463801 117.04231 40.24329
1202464101 117.04232 40.2433
1202464401 117.04233 40.2433
1202464701 117.04233 40.2433
1202465001 117.04234 40.2433
1202465301 117.04234 40.2433
1202465601 117.04235 40.24331
1202465901 117.04234 40.24331
1202465901 117.04234 40.24331
1202466201 117.04248 40.24334
1202466501 117.04245 40.24333
1202466801 117.04243 40.24332
1202467101 117.0424 40.24331
1202467401 117.04239 40.24331
1202467701 117.04237 40.2433
1202467701 117.04237 40.2433
1202468001 117.04236 40.2433
1202468301 117.04236 40.24329
1202468566 117.0425 40.24332
1202468602 117.04225 40.24339
1202468902 117.04231 40.24346
1202469201 117.04235 40.24345
1202469501 117.03397 40.23317
1202469801 117.01864 40.25186
1202470101 117.02541 40.26423
1202470401 117.02542 40.2642
1202470701 117.02541 40.26421
1202471001 117.02542 40.2642
1202471301 117.02544 40.26419
1202471601 117.02545 40.26418
1202471901 117.02545 40.26419
1202472201 117.02545 40.26419
1202472501 117.02555 40.26426
1202472801 117.0274 40.26271
1202473101 117.0274 40.2627
1202473401 117.0274 40.2627
1202473701 117.02741 40.26269
1202474000 117.02741 40.26268
1202474300 117.02739 40.26267
1202474600 117.02738 40.26267
1202474900 117.02737 40.26266
1202475501 117.04152 40.269
1202476100 117.04239 40.24341
1202476400 117.04237 40.24346
1202476400 117.04237 40.24346
1202476700 117.04239 40.24345
1202477000 117.0424 40.24344
1202477300 117.04241 40.24343
1202477600 117.04242 40.24343
1202477900 117.04242 40.24342
1202478200 117.04242 40.24342
1202478500 117.04242 40.24342
1202478800 117.04242 40.24341
1202479100 117.04242 40.2434
1202479400 117.04241 40.24339
1202479700 117.0424 40.24338
1202480000 117.0424 40.24338
1202480300 117.0424 40.24338
1202480600 117.0424 40.24337
1202480900 117.0424 40.24337
1202481200 117.0424 40.24337
1202481500 117.0424 40.24337
1202481800 117.0424 40.24337
1202482100 117.0424 40.24337
1202482400 117.0424 40.24337
1202482700 117.0424 40.24338
1202483000 117.0424 40.24338
1202483300 117.0424 40.24338
1202483600 117.0424 40.24338
1202483900 117.0424 40.24338
1202484200 117.0424 40.24338
1202484500 117.0424 40.24338
1202484800 117.0424 40.24339
1202485100 117.0424 40.24339
1202485100 117.0424 40.24339
1202485400 117.0424 40.24339
1202485700 117.0424 40.24339
1202486000 117.0424 40.24339
1202486300 117.0424 40.24339
1202486600 117.04241 40.24339
1202486900 117.04241 40.24339
1202487200 117.04241 40.24339
1202487500 117.04241 40.24339
1202487800 117.04241 40.2434
1202488100 117.04241 40.2434
1202488400 117.04241 40.2434
1202488700 117.04241 40.24339
1202489000 117.04241 40.24339
1202489300 117.04254 40.24345
1202489599 117.04253 40.24345
1202489900 117.04253 40.24345
1202490199 117.04253 40.24348
1202490499 117.04248 40.24344
1202490799 117.04244 40.2434
1202491099 117.04246 40.24343
1202491399 117.04247 40.24345
1202491699 117.04247 40.24346
1202491999 117.04249 40.24347
1202492299 117.04248 40.24346
