UTS Latitude Longitude
1201959507 116.65309 39.90102
1201959617 116.65235 39.9027
1201959812 116.6517 39.90745
1201959919 116.65026 39.91679
1201959919 116.65026 39.91679
1201960113 116.64987 39.92114
1201960221 116.63555 39.92114
1201960415 116.62965 39.91661
1201960522 116.61426 39.91264
1201960717 116.59478 39.91139
1201960824 116.58647 39.91093
1201961018 116.57143 39.91369
1201961126 116.56698 39.91424
1201961320 116.54743 39.91484
1201961427 116.5395 39.91501
1201961923 116.49698 39.90684
1201961923 116.49698 39.90684
1201962031 116.48154 39.90631
1201962225 116.44039 39.90226
1201962332 116.43773 39.89305
1201962527 116.43357 39.86927
1201962527 116.43357 39.86927
1201964135 116.30765 39.86772
1201964437 116.30553 39.87668
1201965040 116.35103 39.88799
1201965342 116.36773 39.87858
1201965426 116.36787 39.87467
1201965426 116.36787 39.87467
1201966247 116.37757 39.89865
1201966548 116.38562 39.90593
1201966850 116.38755 39.92242
1201966955 116.38816 39.92704
1201967453 116.40047 39.91141
1201967453 116.40047 39.91141
1201967524 116.40047 39.9092
1201967755 116.39694 39.91374
1201968057 116.3897 39.89916
1201968358 116.36872 39.89848
1201968660 116.34351 39.89667
1201968962 116.33565 39.86693
1201969084 116.32588 39.86705
1201969325 116.33594 39.86651
1201969505 116.33604 39.86629
1201969688 116.34795 39.86673
1201969807 116.3444 39.87424
1201969989 116.34403 39.88121
1201970109 116.34421 39.88717
1201970410 116.34057 39.86758
1201970585 116.34218 39.86035
1201970833 116.34269 39.85945
1201971139 116.34267 39.8595
1201971690 116.34644 39.86656
1201971801 116.34773 39.86658
1201971992 116.34443 39.87411
1201972103 116.34434 39.87543
1201972103 116.34434 39.87543
1201972293 116.34538 39.88784
1201972405 116.34695 39.88763
1201972595 116.34927 39.89664
1201972706 116.35659 39.89792
1201972897 116.35708 39.90398
1201973008 116.35721 39.9054
1201973310 116.35134 39.91288
1201973554 116.34762 39.9155
1201973611 116.34739 39.91597
1201973913 116.33972 39.91726
1201974516 116.3284 39.90997
1201974818 116.31562 39.9098
1201975120 116.3064 39.91123
1201975422 116.29926 39.91186
1201975723 116.29712 39.91181
1201976050 116.2835 39.90956
1201976085 116.28324 39.90971
1201976352 116.27802 39.92079
1201976387 116.2787 39.92179
1201976689 116.29873 39.9225
1201976990 116.30392 39.91795
1201977292 116.3039 39.91353
1201977498 116.30385 39.91087
1201977594 116.30392 39.90958
1201977800 116.30427 39.92442
1201977895 116.3042 39.93157
1201977895 116.3042 39.93157
1201978102 116.31344 39.93765
1201978377 116.31826 39.93738
1201978406 116.31932 39.93731
1201978679 116.34963 39.93976
1201978707 116.34974 39.94109
1201978981 116.36963 39.94735
1201979009 116.37258 39.94717
1201979223 116.3768 39.94826
1201979530 116.3768 39.94817
1201979530 116.3768 39.94817
1201979530 116.3768 39.94817
1201979530 116.3768 39.94817
1201979530 116.3768 39.94817
1201979530 116.3768 39.94817
1201979530 116.3768 39.94817
1201979530 116.3768 39.94817
1201979530 116.3768 39.94817
1201979530 116.3768 39.94817
1201979530 116.3768 39.94817
1201979530 116.3768 39.94817
1201979530 116.3768 39.94817
1201979530 116.3768 39.94817
1201979530 116.3768 39.94817
1201979530 116.3768 39.94817
1201979530 116.3768 39.94817
1201979530 116.3768 39.94817
1201979530 116.3768 39.94817
1201979530 116.3768 39.94817
1201979530 116.3768 39.94817
1201979530 116.3768 39.94817
1202038733 116.37682 39.94819
1202038907 116.37336 39.94915
1202039034 116.3724 39.94916
1202039336 116.37376 39.93247
1202039519 116.3738 39.93184
1202039638 116.38267 39.93187
1202039939 116.41002 39.9321
1202040241 116.42624 39.93188
1202040543 116.44424 39.9376
1202040543 116.44424 39.9376
1202040839 116.44977 39.94721
1202040844 116.45078 39.94731
1202041139 116.45536 39.9225
1202041146 116.45532 39.92193
1202041448 116.45507 39.88796
1202041749 116.45256 39.85797
1202042039 116.44217 39.83124
1202042232 116.44339 39.82562
1202042539 116.44342 39.82566
1202042539 116.44342 39.82566
1202042539 116.44342 39.82566
1202043624 116.44529 39.82413
1202044679 116.44346 39.82556
1202045085 116.44344 39.82558
1202045085 116.44344 39.82558
1202045085 116.44344 39.82558
1202045085 116.44344 39.82558
1202045085 116.44344 39.82558
1202045085 116.44344 39.82558
1202045085 116.44344 39.82558
1202045085 116.44344 39.82558
1202045085 116.44344 39.82558
1202045085 116.44344 39.82558
1202045085 116.44344 39.82558
1202045085 116.44344 39.82558
1202045085 116.44344 39.82558
1202045085 116.44344 39.82558
1202049549 116.44286 39.82725
1202049565 116.44311 39.82776
1202049977 116.44307 39.8277
1202050760 116.44065 39.83359
1202051062 116.46956 39.83344
1202051353 116.47564 39.81529
1202051658 116.47248 39.82691
1202051959 116.4515 39.83767
1202052088 116.44988 39.84439
1202052261 116.44733 39.85345
1202052335 116.44576 39.85647
1202052389 116.44279 39.85748
1202052637 116.42745 39.85739
1202052691 116.42285 39.85708
1202052939 116.41876 39.85553
1202053294 116.42245 39.85661
1202053294 116.42245 39.85661
1202053596 116.41529 39.86894
1202053898 116.41287 39.8887
1202054021 116.4123 39.89436
1202054200 116.41301 39.89943
1202054501 116.4301 39.903
1202054803 116.43188 39.92284
1202055186 116.44166 39.92146
1202055406 116.4534 39.91823
1202056010 116.5036 39.91464
1202056311 116.52747 39.9154
1202056439 116.53185 39.9152
1202056613 116.52024 39.91603
1202056915 116.49031 39.90692
1202057518 116.43786 39.90712
1202057820 116.41521 39.90699
1202058121 116.40421 39.90672
1202058423 116.40056 39.90651
1202058725 116.38927 39.90626
1202059025 116.37895 39.90598
1202059327 116.3591 39.90626
1202059438 116.35715 39.90774
1202059629 116.35306 39.90604
1202059930 116.34609 39.89713
1202061583 116.28417 39.90619
1202061658 116.2858 39.90616
1202061885 116.29649 39.90601
1202061959 116.3026 39.90481
1202062186 116.31859 39.90594
1202062488 116.33982 39.90583
1202062790 116.37329 39.90573
1202063091 116.39385 39.90624
1202063393 116.41118 39.90663
1202063588 116.42073 39.90489
1202063755 116.41842 39.90357
1202063890 116.41593 39.90181
1202064177 116.41223 39.90645
1202064195 116.41218 39.90646
1202064479 116.41017 39.91415
1202065764 116.39493 39.9321
1202065764 116.39493 39.9321
1202065930 116.38494 39.93199
1202066232 116.4019 39.93186
1202066534 116.41915 39.9322
1202066836 116.42766 39.93194
1202067136 116.43739 39.93238
1202067249 116.44003 39.93531
1202067740 116.42666 39.94843
1202067837 116.42614 39.9521
1202067925 116.42295 39.94855
1202068041 116.43453 39.94815
1202068227 116.44862 39.95637
1202068343 116.44341 39.96016
1202068528 116.44091 39.96165
1202068766 116.43877 39.96001
1202069068 116.42569 39.9581
1202069370 116.41887 39.9469
1202069518 116.41641 39.94602
1202069732 116.41926 39.94496
1202070033 116.41637 39.93233
1202070335 116.40373 39.9259
1202070500 116.40423 39.91724
1202070637 116.40047 39.91176
1202070938 116.39169 39.90639
1202071240 116.37249 39.90602
1202071541 116.35779 39.90619
1202071842 116.31875 39.90622
1202072144 116.30539 39.9063
1202072144 116.30539 39.9063
1202072144 116.30539 39.9063
1202072144 116.30539 39.9063
1202072144 116.30539 39.9063
1202072144 116.30539 39.9063
1202072144 116.30539 39.9063
1202072144 116.30539 39.9063
1202072446 116.30118 39.90635
1202072747 116.29618 39.9086
1202072785 116.29621 39.90856
1202073049 116.29158 39.91992
1202073351 116.32636 39.9218
1202073652 116.35021 39.92462
1202073954 116.36961 39.93129
1202074217 116.38745 39.93198
1202074256 116.3878 39.93196
1202074557 116.38776 39.9433
1202074859 116.38731 39.95386
1202075161 116.38412 39.95002
1202075277 116.3891 39.94829
1202075577 116.38891 39.94781
1202075704 116.38849 39.95007
1202075960 116.38958 39.96457
1202076005 116.39059 39.96395
1202076261 116.3748 39.96879
1202076307 116.37531 39.97387
1202076563 116.36795 39.99491
1202076609 116.36345 40.00075
1202076865 116.34608 40.02423
1202076910 116.34674 40.02616
1202077520 116.35763 40.03416
1202077520 116.35763 40.03416
1202077520 116.35763 40.03416
1202077520 116.35763 40.03416
1202078967 116.35986 40.03042
1202079274 116.35983 40.03038
1202079274 116.35983 40.03038
1202079274 116.35983 40.03038
1202079274 116.35983 40.03038
1202079274 116.35983 40.03038
1202079274 116.35983 40.03038
1202079274 116.35983 40.03038
1202079274 116.35983 40.03038
1202079274 116.35983 40.03038
1202079274 116.35983 40.03038
1202079274 116.35983 40.03038
1202079274 116.35983 40.03038
1202079274 116.35983 40.03038
1202079274 116.35983 40.03038
1202079274 116.35983 40.03038
1202079274 116.35983 40.03038
1202079274 116.35983 40.03038
1202079274 116.35983 40.03038
1202079274 116.35983 40.03038
1202079274 116.35983 40.03038
1202079274 116.35983 40.03038
1202079274 116.35983 40.03038
1202112716 116.36084 40.03053
1202112827 116.36045 40.03033
1202113129 116.3489 40.02901
1202113250 116.35103 40.02921
1202113557 116.35093 40.02924
1202114461 116.34667 39.99276
1202114763 116.30889 39.98429
1202115065 116.29768 39.97425
1202115065 116.29768 39.97425
1202115304 116.31101 39.97458
1202115366 116.31098 39.97472
1202115668 116.32696 39.96638
1202115969 116.30212 39.96116
1202116184 116.29017 39.95766
1202116271 116.28239 39.95627
1202116485 116.27788 39.95957
1202116572 116.27816 39.95631
1202116873 116.29321 39.95785
1202117175 116.30308 39.95117
1202117477 116.304 39.91587
1202117778 116.3042 39.88604
1202118063 116.30382 39.86537
1202118080 116.30385 39.86535
1202118363 116.30921 39.86556
1202118382 116.30944 39.8658
1202118665 116.30765 39.86769
1202118684 116.30661 39.86867
1202118966 116.30574 39.88366
1202118985 116.30697 39.88431
1202119268 116.31488 39.88627
1202119287 116.31497 39.88634
1202119570 116.31543 39.89195
1202119589 116.31457 39.89186
1202119951 116.32202 39.88858
1202120252 116.34257 39.88316
1202120554 116.3394 39.83501
1202120856 116.34025 39.82093
1202121157 116.35121 39.81741
1202121157 116.35121 39.81741
1202121263 116.35548 39.81451
1202121519 116.34115 39.82077
1202121813 116.33833 39.82122
1202121821 116.33836 39.82119
1202122115 116.34095 39.84709
1202122123 116.34169 39.8479
1202122417 116.32151 39.84836
1202122424 116.32075 39.84859
1202122718 116.30643 39.86692
1202124304 116.33672 39.90576
1202124530 116.35432 39.90578
1202124831 116.38755 39.90603
1202125133 116.42034 39.90684
1202125523 116.41211 39.90482
1202125796 116.41183 39.90854
1202125796 116.41183 39.90854
1202125824 116.41179 39.90896
1202126097 116.41185 39.91339
1202126126 116.41183 39.91258
1202126399 116.40581 39.90911
1202126701 116.40515 39.90733
1202127213 116.40063 39.90118
1202127364 116.40058 39.90226
1202127515 116.40061 39.90576
1202127666 116.40044 39.91496
1202127816 116.3969 39.9184
1202127968 116.39658 39.914
1202128270 116.40419 39.90645
1202128571 116.40481 39.90653
1202128873 116.41212 39.90239
1202129174 116.4121 39.89998
1202129476 116.41259 39.89226
1202129642 116.41942 39.89198
1202129778 116.42261 39.89123
1202129942 116.41284 39.89437
1202130080 116.41224 39.90234
1202130381 116.41175 39.91206
1202130683 116.40107 39.91404
1202130985 116.39038 39.92795
1202131286 116.38199 39.93198
1202131588 116.3561 39.93122
1202131890 116.34904 39.9556
1202131890 116.34904 39.9556
1202132192 116.3515 39.96359
1202132499 116.3515 39.96352
1202132499 116.3515 39.96352
1202133362 116.35492 39.95997
1202133523 116.36438 39.9566
1202133662 116.36964 39.94926
1202134263 116.36901 39.94967
1202134313 116.36593 39.94965
1202134563 116.34914 39.94023
1202134614 116.34922 39.93823
1202134865 116.34989 39.92426
1202134916 116.34999 39.92086
1202135167 116.35026 39.90648
1202135218 116.3504 39.90123
1202135468 116.32419 39.89583
1202135519 116.32381 39.89584
1202135769 116.32035 39.89584
1202135798 116.31896 39.89589
1202135820 116.31811 39.89595
1202136100 116.31036 39.89601
1202136182 116.30655 39.89518
1202136401 116.31798 39.89555
1202136484 116.32394 39.89543
1202136703 116.33614 39.89798
1202136785 116.33719 39.90418
1202137005 116.34653 39.90679
1202137087 116.34672 39.91168
1202137449 116.34999 39.91254
1202137751 116.34998 39.92785
1202138052 116.39034 39.94755
1202138354 116.42717 39.93917
1202138656 116.44109 39.939
1202139242 116.42788 39.94438
1202139259 116.42795 39.94607
1202139542 116.41897 39.95097
1202139561 116.41903 39.95093
1202139923 116.41952 39.93516
1202140224 116.41471 39.92308
1202140526 116.40423 39.9284
1202140826 116.40093 39.93212
1202140827 116.26847 39.90651
1202140828 116.4008 39.93212
1202141128 116.37409 39.93173
1202141129 116.37401 39.93173
1202141733 116.36767 39.93141
1202142002 116.36042 39.93702
1202142034 116.36188 39.93695
1202142034 116.36188 39.93695
1202142302 116.36792 39.93117
1202142336 116.36977 39.93128
1202142638 116.38969 39.93203
1202142939 116.39935 39.93941
1202142962 116.4009 39.93943
1202143241 116.40698 39.94763
1202143262 116.40865 39.94784
1202143543 116.38508 39.95007
1202143562 116.383 39.95002
1202143844 116.37263 39.94981
1202143862 116.37247 39.94889
1202144146 116.36663 39.94014
1202144448 116.36599 39.94673
1202144749 116.34918 39.95142
1202145051 116.33902 39.96642
1202145353 116.31397 39.96546
1202145654 116.29339 39.98865
1202145956 116.282 40.00637
1202146262 116.27258 40.01317
1202146562 116.28312 39.99927
1202146861 116.29389 39.98303
1202146990 116.29998 39.98098
1202147163 116.30716 39.98229
1202147465 116.321 39.98653
1202147762 116.33109 39.99152
1202147766 116.33108 39.99151
1202148062 116.34615 39.99953
1202148068 116.3461 39.99952
1202148186 116.34849 39.99966
1202148370 116.36744 40.00023
1202148487 116.37188 40.00839
1202148671 116.38876 40.00838
1202148789 116.40139 40.00805
1202148973 116.40153 40.01624
1202149091 116.40149 40.00453
1202149275 116.40129 39.9957
1202149392 116.40118 39.99335
1202149637 116.39699 39.99216
1202149938 116.39384 40.008
1202150240 116.36087 40.00858
1202150312 116.36029 40.00962
1202150602 116.35836 40.00693
1202150904 116.36927 40.00615
1202151062 116.36839 40.01562
1202151205 116.36936 40.00036
1202151362 116.37085 39.98838
1202151507 116.3748 39.97556
1202151628 116.37466 39.97353
1202151963 116.37279 39.9602
1202152050 116.36956 39.95671
1202152635 116.35156 39.97349
1202152653 116.35151 39.97346
1202152937 116.35843 39.9752
1202152955 116.35843 39.97518
1202153239 116.35931 39.97142
1202153256 116.35931 39.97112
1202153558 116.32682 39.9663
1202153887 116.32064 39.96573
1202154282 116.32876 39.95682
1202154570 116.31878 39.95038
1202154583 116.3188 39.95043
1202154871 116.31582 39.96449
1202154885 116.31568 39.96451
1202155173 116.32232 39.9658
1202155187 116.32329 39.96581
1202155488 116.3288 39.95668
1202155790 116.33778 39.93335
1202156092 116.34855 39.93093
1202156161 116.35019 39.93088
1202156393 116.35003 39.93396
1202156695 116.34597 39.95687
1202156709 116.34601 39.95693
1202156977 116.33588 39.96319
1202157057 116.33984 39.96613
1202157279 116.37185 39.96636
1202157359 116.37323 39.96061
1202157580 116.37588 39.94733
1202157660 116.39058 39.94758
1202157882 116.41928 39.94364
1202158184 116.41961 39.93257
1202158264 116.41963 39.92848
1202158485 116.42011 39.91982
1202158565 116.42042 39.91444
1202158565 116.42042 39.91444
1202158787 116.42071 39.90735
1202159089 116.41578 39.90169
1202159531 116.40465 39.91412
1202160001 116.39001 39.93495
1202160303 116.39684 39.9394
1202160303 116.39684 39.9394
1202160436 116.39167 39.93943
1202160737 116.38032 39.93192
1202160886 116.37072 39.93032
1202160886 116.37072 39.93032
1202161187 116.37351 39.94327
1202161341 116.37322 39.94983
1202161642 116.36498 39.95616
1202161801 116.36374 39.96661
1202161944 116.34836 39.97003
1202162101 116.34746 39.98497
1202162246 116.34797 39.99202
1202163030 116.38804 39.9755
1202163361 116.39311 39.96767
1202163633 116.37551 39.97459
1202163661 116.37554 39.97467
1202163935 116.36262 40.00193
1202163963 116.36103 40.00438
1202164237 116.34887 40.0265
1202164264 116.35146 40.02688
1202164540 116.35755 40.03423
1202164846 116.35756 40.0343
1202164846 116.35756 40.0343
1202164846 116.35756 40.0343
1202164846 116.35756 40.0343
1202166303 116.35804 40.0334
1202166720 116.35982 40.03039
1202166720 116.35982 40.03039
1202166720 116.35982 40.03039
1202166720 116.35982 40.03039
1202166720 116.35982 40.03039
1202166720 116.35982 40.03039
1202166720 116.35982 40.03039
1202166720 116.35982 40.03039
1202166720 116.35982 40.03039
1202166720 116.35982 40.03039
1202166720 116.35982 40.03039
1202166720 116.35982 40.03039
1202166720 116.35982 40.03039
1202166720 116.35982 40.03039
1202166720 116.35982 40.03039
1202166720 116.35982 40.03039
1202166720 116.35982 40.03039
1202166720 116.35982 40.03039
1202166720 116.35982 40.03039
1202166720 116.35982 40.03039
1202166720 116.35982 40.03039
1202166720 116.35982 40.03039
1202166720 116.35982 40.03039
1202166720 116.35982 40.03039
1202166720 116.35982 40.03039
1202199548 116.35991 40.0303
1202199670 116.36127 40.03091
1202199850 116.35043 40.03186
1202199972 116.35045 40.0312
1202200575 116.34621 40.00653
1202200877 116.34683 39.97404
1202201179 116.30453 39.96225
1202201186 116.30449 39.96225
1202201480 116.30835 39.9745
1202201488 116.30942 39.97455
1202201488 116.30942 39.97455
1202201577 116.31209 39.97273
1202201782 116.31978 39.96571
1202201782 116.31978 39.96571
1202201877 116.34148 39.96621
1202202084 116.34995 39.94237
1202202177 116.34966 39.92888
1202202385 116.35146 39.91695
1202202479 116.35942 39.91723
1202202687 116.36694 39.91321
1202202989 116.38003 39.92109
1202203290 116.39805 39.91375
1202203542 116.41145 39.91107
1202203592 116.4115 39.911
1202203844 116.40789 39.91375
1202203954 116.40133 39.91398
1202204557 116.38301 39.94204
1202204859 116.37352 39.95637
1202205028 116.36486 39.96077
1202205161 116.37057 39.96029
1202205244 116.37295 39.96002
1202205462 116.37251 39.9485
1202205546 116.37303 39.94185
1202205546 116.37303 39.94185
1202205764 116.37305 39.92637
1202205847 116.37089 39.92582
1202206066 116.37545 39.91298
1202206149 116.37617 39.90748
1202206367 116.37559 39.9127
1202206451 116.36826 39.91343
1202206729 116.36732 39.91091
1202207031 116.34967 39.90693
1202207333 116.3194 39.89597
1202207457 116.31527 39.89623
1202207695 116.30641 39.89512
1202207757 116.31162 39.89561
1202212294 116.34251 39.89029
1202212595 116.37915 39.86949
1202212897 116.39642 39.85138
1202212977 116.39675 39.85071
1202213259 116.40487 39.85537
1202213277 116.40555 39.85539
1202213560 116.3944 39.8585
1202213577 116.39435 39.86031
1202213862 116.39296 39.87904
1202213877 116.39295 39.87902
1202214164 116.40449 39.88681
1202214177 116.40501 39.88682
1202214477 116.40618 39.89084
1202214777 116.3872 39.89917
1202214784 116.38625 39.89918
1202215069 116.37685 39.90437
1202215085 116.37683 39.9044
1202215370 116.37682 39.90441
1202215387 116.37671 39.9051
1202215672 116.37564 39.91305
1202215689 116.37566 39.91319
1202215974 116.37363 39.92895
1202216275 116.38295 39.9319
1202216275 116.38295 39.9319
1202216577 116.38986 39.93202
1202216879 116.38925 39.94755
1202217482 116.41124 39.98149
1202217784 116.41089 40.00451
1202218387 116.40717 40.0633
1202218689 116.40787 40.07772
1202218990 116.41082 40.1061
1202219021 116.41079 40.10624
1202219336 116.40644 40.09533
1202219413 116.40705 40.08865
1202219637 116.40647 40.06856
1202219714 116.40663 40.06713
1202220016 116.40754 40.0553
1202220237 116.41155 40.02923
1202220318 116.41146 40.02605
1202220537 116.41129 40.00023
1202220619 116.41089 39.99657
1202220837 116.40562 39.98182
1202221137 116.41432 39.98709
1202221343 116.41587 39.98709
1202221440 116.40731 39.98731
1202221645 116.37095 39.99068
1202221742 116.36185 40.00301
1202221946 116.35042 40.02123
1202222043 116.3431 40.02793
1202222248 116.33409 40.03958
1202222345 116.32497 40.05156
1202222550 116.31936 40.06324
1202222647 116.3193 40.06324
1202222951 116.31352 40.07379
1202222951 116.31352 40.07379
1202223033 116.31725 40.07475
1202224503 116.31692 40.07569
1202224728 116.32106 40.07582
1202224804 116.32001 40.07392
1202225155 116.32008 40.07388
1202225697 116.31984 40.07388
1202225819 116.31908 40.0749
1202225998 116.30914 40.07282
1202226120 116.29663 40.08857
1202226299 116.28233 40.10605
1202226421 116.26257 40.12444
1202226600 116.24498 40.15508
1202226723 116.23289 40.17963
1202226723 116.23289 40.17963
1202226902 116.21429 40.21547
1202227024 116.18475 40.22499
1202227326 116.11189 40.25964
1202227505 116.07513 40.28126
1202227628 116.05804 40.29882
1202227807 116.04109 40.31649
1202227929 116.02953 40.33443
1202228231 115.98676 40.35924
1202228410 115.97503 40.36112
1202228533 115.95627 40.36367
1202228712 115.94891 40.38414
1202228834 115.96115 40.40539
1202229014 115.98005 40.43499
1202229136 115.97766 40.44657
1202229315 115.97573 40.4602
1202229438 115.98008 40.46288
1202229617 115.98315 40.46939
1202229617 115.98315 40.46939
1202229739 115.98317 40.46969
1202230046 115.98318 40.46955
1202230046 115.98318 40.46955
1202230046 115.98318 40.46955
1202230046 115.98318 40.46955
1202230046 115.98318 40.46955
1202230046 115.98318 40.46955
1202230046 115.98318 40.46955
1202230046 115.98318 40.46955
1202230046 115.98318 40.46955
1202230046 115.98318 40.46955
1202230046 115.98318 40.46955
1202233616 115.98966 40.46728
1202233666 115.99153 40.46481
1202233916 116.03246 40.47884
1202233968 116.04287 40.48043
1202233968 116.04287 40.48043
1202234218 116.08975 40.4985
1202234270 116.09658 40.50217
1202234519 116.12388 40.52136
1202234571 116.12394 40.52255
1202234571 116.12394 40.52255
1202235541 116.15405 40.52697
1202235842 116.15321 40.5366
1202235845 116.15271 40.53688
1202236147 116.14382 40.56166
1202236822 116.1476 40.55653
1202236933 116.15001 40.53902
1202237124 116.16494 40.52559
1202237235 116.17001 40.51312
1202237426 116.191 40.50528
1202237597 116.19078 40.50632
1202238152 116.18839 40.50526
1202238264 116.17587 40.50862
1202238454 116.16151 40.52818
1202238566 116.15504 40.52716
1202238755 116.15983 40.52791
1202238868 116.17049 40.54159
1202239057 116.19925 40.56305
1202239169 116.21983 40.56614
1202239359 116.24527 40.55566
1202239471 116.25399 40.55076
1202239592 116.2537 40.55076
1202239899 116.25368 40.55094
1202239899 116.25368 40.55094
1202239899 116.25368 40.55094
1202239899 116.25368 40.55094
1202239899 116.25368 40.55094
1202239899 116.25368 40.55094
1202239899 116.25368 40.55094
1202239899 116.25368 40.55094
1202239899 116.25368 40.55094
1202239899 116.25368 40.55094
1202239899 116.25368 40.55094
1202239899 116.25368 40.55094
1202239899 116.25368 40.55094
1202239899 116.25368 40.55094
1202239899 116.25368 40.55094
1202244372 116.24728 40.55438
1202244484 116.23494 40.56722
1202244674 116.20164 40.56361
1202244785 116.18363 40.5545
1202244976 116.16202 40.52864
1202245087 116.16609 40.51973
1202245277 116.16652 40.51624
1202245277 116.16652 40.51624
1202245389 116.16401 40.5288
1202245579 116.16565 40.52349
1202245690 116.17081 40.51245
1202245881 116.17598 40.51263
1202245992 116.17605 40.5126
1202246182 116.17596 40.51263
1202246294 116.17595 40.51264
1202246484 116.176 40.51262
1202246595 116.176 40.51263
1202246786 116.17601 40.51263
1202246897 116.17602 40.51263
1202247087 116.176 40.51261
1202247199 116.17599 40.51262
1202247389 116.17578 40.51226
1202247500 116.1704 40.51288
1202247691 116.16659 40.52737
1202247802 116.16494 40.52924
1202247992 116.16943 40.51004
1202248104 116.17436 40.49473
1202248294 116.15775 40.47774
1202248712 116.15731 40.47695
1202248712 116.15731 40.47695
1202248712 116.15731 40.47695
1202248712 116.15731 40.47695
1202248712 116.15731 40.47695
1202248712 116.15731 40.47695
1202248712 116.15731 40.47695
1202248712 116.15731 40.47695
1202248712 116.15731 40.47695
1202248712 116.15731 40.47695
1202248712 116.15731 40.47695
1202248712 116.15731 40.47695
1202248712 116.15731 40.47695
1202248712 116.15731 40.47695
1202248712 116.15731 40.47695
1202248712 116.15731 40.47695
1202248712 116.15731 40.47695
1202248712 116.15731 40.47695
1202248712 116.15731 40.47695
1202248712 116.15731 40.47695
1202248712 116.15731 40.47695
1202248712 116.15731 40.47695
1202248712 116.15731 40.47695
1202268271 116.31518 39.89201
1202298450 116.17303 40.49149
1202298501 116.17294 40.49945
1202298751 116.15884 40.52782
1202298802 116.16341 40.52839
1202299052 116.17265 40.50028
1202299103 116.17411 40.4932
1202299354 116.15734 40.47699
1202299712 116.15728 40.47702
1202299712 116.15728 40.47702
1202299712 116.15728 40.47702
1202299712 116.15728 40.47702
1202299712 116.15728 40.47702
1202299712 116.15728 40.47702
1202299712 116.15728 40.47702
1202302431 116.16146 40.4815
1202302547 116.17301 40.49931
1202302731 116.1651 40.52521
1202302849 116.15713 40.52758
1202303031 116.1585 40.52764
1202303151 116.16435 40.52733
1202303331 116.17229 40.50245
1202303452 116.16482 40.48672
1202303633 116.16018 40.47806
1202303934 116.15865 40.47446
1202303937 116.15862 40.47411
1202304237 116.15899 40.47212
1202304794 116.1574 40.47222
1202304965 116.1573 40.47692
1202306217 116.16496 40.48682
1202306358 116.16842 40.51331
1202306519 116.16428 40.52787
1202306820 116.18864 40.55942
1202307122 116.23869 40.55937
1202307263 116.2538 40.55083
1202307384 116.2538 40.55085
1202307728 116.24293 40.5568
1202307866 116.22403 40.5674
1202308030 116.19218 40.5612
1202308167 116.17181 40.54301
1202308332 116.1539 40.52705
1202308469 116.12816 40.5189
1202308633 116.10283 40.50859
1202309237 115.99207 40.46477
1202309374 115.99661 40.4563
1202309538 115.97819 40.45032
1202309676 115.9731 40.45937
1202309840 115.98 40.46476
1202310038 115.98276 40.46929
1202310344 115.98284 40.46937
1202310344 115.98284 40.46937
1202310344 115.98284 40.46937
1202310344 115.98284 40.46937
1202310344 115.98284 40.46937
1202310344 115.98284 40.46937
1202312399 115.97923 40.46466
1202312455 115.98032 40.46198
1202312576 115.98038 40.46206
1202313132 115.98047 40.46168
1202313364 115.99977 40.47085
1202313434 116.01343 40.47623
1202313666 116.06623 40.48672
1202313736 116.07977 40.49492
1202313968 116.11817 40.51722
1202314037 116.12868 40.51902
1202314269 116.16566 40.5236
1202314339 116.16819 40.5141
1202314571 116.16191 40.48234
1202314641 116.15732 40.47766
1202315059 116.15739 40.47694
1202315059 116.15739 40.47694
1202315059 116.15739 40.47694
1202315059 116.15739 40.47694
1202315059 116.15739 40.47694
1202315059 116.15739 40.47694
1202315059 116.15739 40.47694
1202315059 116.15739 40.47694
1202315059 116.15739 40.47694
1202315059 116.15739 40.47694
1202315059 116.15739 40.47694
1202315059 116.15739 40.47694
1202315059 116.15739 40.47694
1202315059 116.15739 40.47694
1202315059 116.15739 40.47694
1202315059 116.15739 40.47694
1202315059 116.15739 40.47694
1202315059 116.15739 40.47694
1202315059 116.15739 40.47694
1202315059 116.15739 40.47694
1202315059 116.15739 40.47694
1202315059 116.15739 40.47694
1202315059 116.15739 40.47694
1202337327 116.17231 40.50167
1202337336 116.17236 40.50299
1202337628 116.14707 40.52486
1202337649 116.14295 40.52325
1202337930 116.09643 40.49971
1202337948 116.09417 40.49818
1202338232 116.03585 40.47937
1202338250 116.03185 40.47881
1202338533 115.99456 40.4607
1202338548 115.99576 40.45898
1202338835 115.97254 40.44566
1202338853 115.97173 40.44669
1202339148 115.98398 40.46637
1202339448 115.965 40.47879
1202339740 115.93636 40.48179
1202339749 115.936 40.48264
1202340042 115.92848 40.50508
1202340051 115.92849 40.50508
1202340343 115.92846 40.50511
1202340353 115.92846 40.5051
1202340645 115.9341 40.48985
1202340654 115.93431 40.48913
1202340947 115.96165 40.48535
1202340956 115.96286 40.4855
1202341248 115.9826 40.47123
1202341258 115.98288 40.47014
1202341550 115.9781 40.45145
1202341559 115.9782 40.45113
1202341559 115.9782 40.45113
1202341731 115.97952 40.45122
1202342093 115.97975 40.46432
1202342166 115.98228 40.46849
1202342336 115.98302 40.46891
1202342642 115.98298 40.46899
1202342642 115.98298 40.46899
1202342642 115.98298 40.46899
1202342642 115.98298 40.46899
1202342642 115.98298 40.46899
1202342642 115.98298 40.46899
1202342642 115.98298 40.46899
1202342642 115.98298 40.46899
1202342642 115.98298 40.46899
1202342642 115.98298 40.46899
1202342642 115.98298 40.46899
1202342642 115.98298 40.46899
1202342642 115.98298 40.46899
1202342642 115.98298 40.46899
1202342642 115.98298 40.46899
1202342642 115.98298 40.46899
1202342642 115.98298 40.46899
1202342642 115.98298 40.46899
1202342642 115.98298 40.46899
1202342642 115.98298 40.46899
1202342642 115.98298 40.46899
1202342642 115.98298 40.46899
1202342642 115.98298 40.46899
1202373066 115.98118 40.4681
1202373177 115.97587 40.4644
1202373368 115.96312 40.45508
1202373479 115.96241 40.45034
1202373669 115.97311 40.44421
1202373781 115.97312 40.44419
1202373971 115.967 40.44478
1202374082 115.96481 40.45423
1202374273 115.96735 40.4652
1202374384 115.96589 40.47411
1202374575 115.94956 40.48413
1202374686 115.94551 40.49659
1202374876 115.93614 40.50707
1202375178 115.94974 40.48398
1202375289 115.95565 40.47403
1202375479 115.96769 40.4697
1202375591 115.97772 40.47127
1202376079 115.98304 40.46925
1202376079 115.98304 40.46925
1202376079 115.98304 40.46925
1202376079 115.98304 40.46925
1202376079 115.98304 40.46925
1202376079 115.98304 40.46925
1202376079 115.98304 40.46925
1202376079 115.98304 40.46925
1202376079 115.98304 40.46925
1202376079 115.98304 40.46925
1202376079 115.98304 40.46925
1202376079 115.98304 40.46925
1202376079 115.98304 40.46925
1202380257 115.97508 40.46023
1202380559 115.97521 40.45875
1202380845 115.98817 40.46365
1202380863 115.99089 40.46438
1202381146 116.03656 40.47944
1202381165 116.04009 40.48001
1202381448 116.09849 40.50459
1202381467 116.10176 40.50751
1202381750 116.15425 40.52708
1202381768 116.15735 40.52751
1202382052 116.17441 40.49443
1202382070 116.17317 40.49161
1202382354 116.15745 40.47689
1202382661 116.15734 40.47689
1202382661 116.15734 40.47689
1202398604 116.16529 40.48707
1202398652 116.17306 40.49145
1202398904 116.1655 40.52411
1202398954 116.16273 40.52838
1202399205 116.14749 40.55496
1202399256 116.14718 40.56063
1202399437 116.14386 40.56105
1202400167 116.14394 40.56043
1202400346 116.14876 40.56763
1202400469 116.16579 40.57051
1202400647 116.19177 40.56145
1202400770 116.213 40.56481
1202400949 116.23835 40.56052
1202401072 116.25477 40.55131
1202401498 116.25371 40.55083
1202401498 116.25371 40.55083
1202401498 116.25371 40.55083
1202401498 116.25371 40.55083
1202401498 116.25371 40.55083
1202401498 116.25371 40.55083
1202401498 116.25371 40.55083
1202401498 116.25371 40.55083
1202401498 116.25371 40.55083
1202401498 116.25371 40.55083
1202401498 116.25371 40.55083
1202401498 116.25371 40.55083
1202401498 116.25371 40.55083
1202401498 116.25371 40.55083
1202401498 116.25371 40.55083
1202401498 116.25371 40.55083
1202401498 116.25371 40.55083
1202401498 116.25371 40.55083
1202401498 116.25371 40.55083
1202401498 116.25371 40.55083
1202401498 116.25371 40.55083
1202401498 116.25371 40.55083
1202401498 116.25371 40.55083
1202409594 116.23875 40.55939
1202409645 116.23548 40.56682
1202409895 116.18131 40.5523
1202409946 116.17109 40.54228
1202410197 116.15889 40.52771
1202410308 116.15894 40.52768
1202410499 116.15889 40.52769
1202410610 116.15893 40.52773
1202410800 116.15891 40.52769
1202410911 116.15885 40.52779
1202411101 116.16847 40.53953
1202411212 116.16491 40.53589
1202411393 116.14888 40.526
1202411635 116.17336 40.54438
1202411707 116.18812 40.5589
1202411936 116.23839 40.56067
1202412009 116.25266 40.55308
1202412179 116.25376 40.55084
1202412486 116.25373 40.55073
1202412486 116.25373 40.55073
1202412486 116.25373 40.55073
1202412486 116.25373 40.55073
1202412486 116.25373 40.55073
1202412486 116.25373 40.55073
1202412486 116.25373 40.55073
1202412486 116.25373 40.55073
1202412486 116.25373 40.55073
1202412486 116.25373 40.55073
1202412486 116.25373 40.55073
1202412486 116.25373 40.55073
1202412486 116.25373 40.55073
1202412486 116.25373 40.55073
1202412486 116.25373 40.55073
1202412486 116.25373 40.55073
1202412486 116.25373 40.55073
1202412486 116.25373 40.55073
1202412486 116.25373 40.55073
1202412486 116.25373 40.55073
1202412486 116.25373 40.55073
1202412486 116.25373 40.55073
1202412486 116.25373 40.55073
1202466714 116.25051 40.5536
1202466766 116.24472 40.55599
1202467014 116.20582 40.56446
1202467067 116.19394 40.56154
1202467315 116.16036 40.52798
1202467369 116.15087 40.52637
1202467617 116.10101 40.50697
1202467671 116.09527 40.49835
1202467918 116.04142 40.48028
1202467972 116.02897 40.4785
1202468220 115.98081 40.46175
1202468274 115.97833 40.46109
1202468522 115.98271 40.46947
1202468944 115.98274 40.46944
1202468944 115.98274 40.46944
1202468944 115.98274 40.46944
1202468944 115.98274 40.46944
1202468944 115.98274 40.46944
1202468944 115.98274 40.46944
1202468944 115.98274 40.46944
1202468944 115.98274 40.46944
1202468944 115.98274 40.46944
1202468944 115.98274 40.46944
1202468944 115.98274 40.46944
1202468944 115.98274 40.46944
1202468944 115.98274 40.46944
1202468944 115.98274 40.46944
1202468944 115.98274 40.46944
1202468944 115.98274 40.46944
1202468944 115.98274 40.46944
1202468944 115.98274 40.46944
1202468944 115.98274 40.46944
1202468944 115.98274 40.46944
1202468944 115.98274 40.46944
1202468944 115.98274 40.46944
1202478532 115.98189 40.4657
1202478658 115.98962 40.46406
1202478832 115.99557 40.45931
1202478960 115.99693 40.45304
1202479132 115.9965 40.45284
1202479262 116.01644 40.45284
1202479432 116.04636 40.4581
1202479563 116.05936 40.47368
1202479732 116.08858 40.48624
1202479865 116.10687 40.49877
1202480033 116.132 40.51389
1202480167 116.15482 40.51459
1202480335 116.17237 40.50287
1202480468 116.16489 40.48681
1202480468 116.16489 40.48681
1202480637 116.15739 40.47699
1202480956 116.15743 40.47699
1202480956 116.15743 40.47699
1202480956 116.15743 40.47699
1202480956 116.15743 40.47699
1202480956 116.15743 40.47699
1202480956 116.15743 40.47699
1202480956 116.15743 40.47699
1202480956 116.15743 40.47699
1202480956 116.15743 40.47699
1202480956 116.15743 40.47699
1202480956 116.15743 40.47699
1202480956 116.15743 40.47699
1202480956 116.15743 40.47699
1202480956 116.15743 40.47699
1202480956 116.15743 40.47699
1202480956 116.15743 40.47699
1202480956 116.15743 40.47699
1202480956 116.15743 40.47699
1202480956 116.15743 40.47699
1202480956 116.15743 40.47699
1202480956 116.15743 40.47699
1202480956 116.15743 40.47699
1202480956 116.15743 40.47699
