UTS Latitude Longitude
1201959328 116.24699 39.88338
1201959370 116.24684 39.88803
1201959551 116.24637 39.88336
1201960400 116.247 39.88885
1201960491 116.247 39.89531
1201960702 116.23447 39.90269
1201960793 116.23032 39.9027
1201960793 116.23032 39.9027
1201961563 116.21865 39.90271
1201961792 116.21742 39.90159
1201979364 116.21742 39.90162
1201979533 116.21742 39.90162
1201979666 116.21742 39.90162
1201979834 116.21651 39.90189
1201979967 116.2286 39.9026
1201980136 116.23632 39.90614
1201980438 116.24695 39.90752
1201980473 116.24699 39.90848
1201980740 116.25391 39.91241
1201980775 116.25536 39.91161
1201981041 116.25865 39.90853
1201981343 116.27629 39.90613
1201981645 116.28744 39.90603
1201982249 116.30868 39.89559
1201982249 116.30868 39.89559
1201982362 116.31445 39.89499
1201982550 116.31466 39.89507
1201982663 116.31638 39.89513
1201982852 116.33829 39.89636
1201982965 116.34324 39.89498
1201983154 116.34397 39.89648
1201983455 116.34963 39.89742
1201983568 116.35065 39.90161
1201983757 116.35085 39.91037
1201983870 116.35369 39.90889
1201984058 116.35655 39.90724
1201984360 116.3573 39.9056
1201984662 116.36866 39.90577
1201984964 116.37554 39.90581
1201985266 116.39247 39.90623
1201985567 116.41873 39.90689
1201985567 116.41873 39.90689
1201985869 116.45661 39.90308
1201986171 116.4759 39.89922
1201986473 116.49388 39.89956
1201986615 116.50457 39.89722
1201986775 116.50189 39.89958
1201987076 116.48543 39.89187
1201987378 116.48626 39.86953
1201987637 116.50972 39.86449
1201987680 116.50998 39.86447
1201987939 116.49474 39.87038
1201987982 116.49113 39.86995
1201988241 116.4724 39.86983
1201988284 116.47237 39.87004
1201988542 116.47237 39.87004
1201988585 116.47237 39.87004
1201988844 116.47305 39.87016
1201988887 116.46927 39.87008
1201989146 116.44712 39.8701
1201989189 116.44107 39.87046
1201989448 116.43341 39.88309
1201989491 116.4304 39.88304
1201989750 116.42149 39.89216
1201989793 116.41386 39.89183
1201989793 116.41386 39.89183
1201990051 116.3947 39.89141
1201990069 116.39471 39.8926
1201990094 116.39488 39.89521
1201990370 116.38415 39.90611
1201990370 116.38415 39.90611
1201990396 116.38415 39.90611
1201990672 116.37563 39.91543
1201990698 116.37573 39.91755
1201990974 116.37536 39.91414
1201991000 116.37553 39.91174
1201991302 116.37608 39.90821
1201991603 116.37644 39.90686
1201991905 116.37657 39.90624
1201992207 116.40393 39.90666
1201992509 116.43576 39.90202
1201992811 116.45466 39.89149
1201992888 116.45486 39.88819
1201993112 116.43953 39.88332
1201993190 116.43001 39.88307
1201993414 116.41659 39.88557
1201993492 116.41274 39.89028
1201993716 116.3992 39.89141
1201993748 116.39659 39.89112
1201994018 116.36962 39.88801
1201994320 116.36798 39.87742
1201994352 116.36799 39.87742
1201994621 116.36781 39.86481
1201994654 116.36776 39.8645
1201994923 116.36481 39.85931
1201995225 116.3651 39.84475
1201995527 116.35871 39.81484
1201995548 116.35909 39.81279
1201995829 116.36025 39.80408
1201995850 116.36059 39.80136
1201996130 116.35532 39.79177
1201996251 116.35047 39.79155
1201996456 116.34039 39.80093
1201996456 116.34039 39.80093
1201996552 116.33919 39.80742
1201996758 116.33913 39.81978
1201996854 116.33813 39.81938
1201997365 116.3361 39.816
1201997398 116.3364 39.81821
1201997667 116.34002 39.839
1201997699 116.34005 39.84274
1201997959 116.34171 39.85844
1201998061 116.34194 39.85968
1201998273 116.34778 39.87258
1201998665 116.34457 39.89671
1201998967 116.35152 39.91701
1201998980 116.35152 39.91701
1201999269 116.34979 39.90788
1201999570 116.34421 39.89676
1201999872 116.36522 39.86862
1202000174 116.41535 39.86475
1202000476 116.44369 39.85719
1202000751 116.44995 39.84983
1202000778 116.44995 39.84983
1202000778 116.44995 39.84983
1202001079 116.44641 39.85996
1202001353 116.41981 39.86431
1202001380 116.41586 39.86424
1202001682 116.41558 39.86863
1202001682 116.41558 39.86863
1202001839 116.4174 39.86933
1202001984 116.42414 39.86906
1202002141 116.41326 39.86404
1202002286 116.39775 39.8639
1202002443 116.39074 39.87028
1202002587 116.36789 39.86955
1202002745 116.34401 39.86684
1202002889 116.32588 39.86692
1202003046 116.31586 39.86675
1202003191 116.28582 39.86481
1202003348 116.27009 39.8799
1202003493 116.26536 39.89594
1202003650 116.23208 39.89595
1202003795 116.22388 39.90265
1202031564 116.21711 39.90187
1202031865 116.21711 39.90187
1202032095 116.21713 39.90185
1202032167 116.21713 39.90185
1202032396 116.21906 39.90254
1202032469 116.22303 39.90068
1202032698 116.22399 39.89346
1202033000 116.21972 39.90679
1202033000 116.21972 39.90679
1202033302 116.21501 39.9037
1202033604 116.24905 39.90255
1202033905 116.25795 39.90262
1202034204 116.25858 39.91455
1202034207 116.2586 39.91481
1202034508 116.26931 39.92758
1202034810 116.28024 39.97468
1202035027 116.29827 39.98283
1202035027 116.29827 39.98283
1202035329 116.30041 39.96722
1202035631 116.29292 39.9604
1202035715 116.29102 39.96638
1202036017 116.29445 39.97314
1202036319 116.30255 39.97773
1202036508 116.30913 39.97769
1202036620 116.31115 39.97054
1202036810 116.30036 39.97447
1202036922 116.29579 39.97351
1202037112 116.2912 39.96704
1202037224 116.28843 39.96667
1202037414 116.29323 39.9583
1202037526 116.28235 39.95505
1202037715 116.28239 39.94818
1202037828 116.28213 39.94525
1202038129 116.30829 39.93923
1202038431 116.35196 39.94291
1202039035 116.39843 39.9869
1202039337 116.44283 39.99543
1202039337 116.44283 39.99543
1202039639 116.45866 40.00362
1202039728 116.45665 40.00041
1202039940 116.44454 39.99465
1202040030 116.44167 39.99327
1202040242 116.42296 39.98781
1202040332 116.40521 39.98732
1202040544 116.38727 39.97869
1202040846 116.38864 39.95812
1202040936 116.38717 39.95509
1202041268 116.37779 39.95006
1202041844 116.37377 39.93218
1202041872 116.37377 39.93218
1202042146 116.37144 39.92124
1202042174 116.37106 39.92241
1202042448 116.35714 39.92252
1202042476 116.35545 39.9225
1202042526 116.3543 39.92244
1202042777 116.34948 39.93568
1202042828 116.35049 39.94245
1202043079 116.37334 39.95956
1202043130 116.37433 39.9676
1202043381 116.36008 40.00534
1202043432 116.35594 40.0114
1202043683 116.33174 40.04231
1202043716 116.32721 40.0483
1202043733 116.32485 40.05137
1202043733 116.32485 40.05137
1202043985 116.3131 40.07383
1202044035 116.31268 40.07378
1202044286 116.31389 40.06511
1202044337 116.31713 40.0605
1202044588 116.3065 40.05046
1202044639 116.30812 40.04831
1202044770 116.30812 40.04831
1202046060 116.30772 40.04893
1202046362 116.28784 40.04191
1202046885 116.30382 40.03488
1202047076 116.31309 40.03179
1202047187 116.30898 40.03585
1202047489 116.29589 40.05674
1202047791 116.31519 40.05922
1202047791 116.31519 40.05922
1202047896 116.31286 40.06151
1202048093 116.30219 40.05635
1202048197 116.29197 40.05087
1202048394 116.2999 40.03395
1202048696 116.27116 40.03085
1202048805 116.27114 40.02754
1202048998 116.27572 40.02044
1202049300 116.29347 39.98697
1202049602 116.3119 39.96435
1202049865 116.31358 39.96491
1202049903 116.3142 39.96516
1202050167 116.30337 39.95564
1202050205 116.30297 39.95257
1202050469 116.28914 39.94634
1202050507 116.28243 39.94581
1202050771 116.26851 39.94559
1202050809 116.2679 39.94242
1202051073 116.26616 39.90626
1202051111 116.25945 39.90634
1202051374 116.22992 39.9062
1202051412 116.22942 39.90269
1202068381 116.21723 39.90211
1202068381 116.21723 39.90211
1202068490 116.2166 39.90216
1202068683 116.21662 39.90215
1202068792 116.21662 39.90215
1202068985 116.22464 39.90257
1202069093 116.23834 39.90261
1202069287 116.25372 39.90266
1202069394 116.25862 39.90322
1202069588 116.26742 39.90626
1202069696 116.26786 39.90626
1202069889 116.26928 39.92895
1202069998 116.27848 39.93096
1202070191 116.28669 39.93086
1202070300 116.29511 39.93096
1202070601 116.30409 39.91906
1202070903 116.30412 39.90786
1202071205 116.30423 39.89075
1202072670 116.34759 39.86662
1202072839 116.34492 39.86944
1202072972 116.34429 39.87626
1202073141 116.34266 39.89128
1202073274 116.35048 39.90551
1202073442 116.35389 39.91199
1202073564 116.35567 39.91559
1202073607 116.35663 39.91499
1202073744 116.35756 39.91284
1202073908 116.36175 39.90772
1202074046 116.36789 39.9063
1202074210 116.37217 39.90569
1202074348 116.37433 39.90574
1202074512 116.38195 39.90571
1202074650 116.37661 39.90471
1202074814 116.37661 39.90559
1202074951 116.37556 39.91276
1202075253 116.36748 39.9121
1202075555 116.36767 39.9087
1202075857 116.36262 39.90256
1202075983 116.36231 39.90065
1202076159 116.35716 39.90143
1202076460 116.36657 39.9076
1202076585 116.36657 39.90762
1202076761 116.367 39.91326
1202076999 116.37337 39.91101
1202077063 116.37089 39.91103
1202077301 116.37007 39.90867
1202077365 116.37 39.90652
1202077365 116.37 39.90652
1202077667 116.34824 39.90596
1202077968 116.34715 39.91795
1202078021 116.34708 39.91934
1202078270 116.34912 39.92192
1202078572 116.34996 39.91308
1202079176 116.34264 39.88251
1202079477 116.36495 39.86841
1202079506 116.36495 39.86841
1202079779 116.36828 39.882
1202079808 116.36828 39.88524
1202080081 116.36802 39.90226
1202080109 116.36806 39.90347
1202080383 116.36767 39.91311
1202080685 116.37089 39.92801
1202080986 116.37377 39.94602
1202081288 116.42598 39.94788
1202081590 116.44225 39.9631
1202081676 116.44518 39.96569
1202081892 116.44095 39.96177
1202082194 116.41207 39.95791
1202082279 116.40298 39.95781
1202082495 116.40941 39.94781
1202082797 116.45258 39.95318
1202083099 116.45545 39.91528
1202083401 116.4549 39.88428
1202083703 116.46868 39.88324
1202083826 116.46842 39.88445
1202084004 116.46751 39.88316
1202084608 116.42985 39.90404
1202084771 116.43488 39.91349
1202084910 116.42881 39.91526
1202084910 116.42881 39.91526
1202085212 116.41274 39.94801
1202085513 116.37401 39.96471
1202085815 116.36885 39.9872
1202085827 116.36885 39.9872
1202086117 116.37336 39.96091
1202086129 116.37309 39.95925
1202086419 116.35148 39.95665
1202086431 116.34956 39.95664
1202087022 116.37544 39.94717
1202087212 116.3876 39.94496
1202087324 116.38761 39.94693
1202087513 116.36041 39.94562
1202087513 116.36041 39.94562
1202087626 116.34321 39.93853
1202087815 116.30627 39.94023
1202087928 116.28463 39.9463
1202088117 116.27005 39.9455
1202088229 116.26827 39.93284
1202088419 116.26566 39.90632
1202088531 116.24907 39.90623
1202088721 116.23387 39.9062
1202088833 116.22187 39.90266
1202089022 116.20871 39.90163
1202089135 116.21117 39.90256
1202089324 116.21742 39.90176
1202119303 116.21751 39.90157
1202119315 116.21751 39.90157
1202119604 116.21656 39.90193
1202119617 116.21662 39.90194
1202119906 116.21701 39.90198
1202119919 116.21701 39.90198
1202120208 116.21679 39.90196
1202120220 116.21679 39.90196
1202120510 116.23183 39.89553
1202120522 116.23383 39.89556
1202120812 116.26925 39.88121
1202120824 116.26994 39.87937
1202121113 116.28007 39.83793
1202121126 116.28021 39.83681
1202121415 116.27817 39.83602
1202121428 116.27817 39.83602
1202121717 116.27817 39.83602
1202121729 116.27823 39.83589
1202122019 116.31632 39.82922
1202122031 116.31922 39.8292
1202122031 116.31922 39.8292
1202122321 116.37318 39.82991
1202122321 116.37318 39.82991
1202122333 116.37509 39.82995
1202122536 116.37805 39.83236
1202128973 116.37346 39.84645
1202129081 116.37108 39.84919
1202129275 116.36642 39.84931
1202129275 116.36642 39.84931
1202129383 116.36547 39.85329
1202129577 116.36825 39.86623
1202129685 116.36828 39.86834
1202129878 116.36822 39.87609
1202129987 116.36832 39.88127
1202130180 116.36834 39.88613
1202130289 116.36835 39.88612
1202130482 116.36832 39.889
1202130590 116.36837 39.89548
1202130784 116.36801 39.90292
1202130892 116.36774 39.90958
1202131086 116.36506 39.91039
1202131194 116.36399 39.91133
1202131387 116.36394 39.91129
1202145677 116.35799 39.91397
1202145690 116.35841 39.91545
1202145979 116.35011 39.92424
1202145992 116.35002 39.92512
1202146280 116.34887 39.95659
1202146294 116.34878 39.95907
1202146582 116.33452 39.98522
1202146596 116.33148 39.98508
1202146884 116.28894 39.99582
1202146897 116.28767 39.99714
1202147186 116.27445 40.02234
1202147199 116.27303 40.02393
1202147488 116.25658 40.04064
1202147501 116.25512 40.04174
1202147789 116.24129 40.06648
1202147803 116.24063 40.0664
1202148104 116.23099 40.06362
1202148272 116.23099 40.06362
1202149151 116.25908 40.03081
1202149423 116.27253 40.02401
1202149453 116.27383 40.02253
1202149725 116.27442 40.01985
1202149754 116.2768 40.01918
1202150027 116.27303 40.01103
1202150056 116.27636 40.01138
1202150328 116.29053 39.99148
1202150358 116.29299 39.98903
1202150630 116.29969 39.98137
1202150932 116.28738 39.98182
1202151094 116.27393 39.97165
1202151233 116.26874 39.96948
1202151243 116.26891 39.96964
1202151535 116.30852 39.98397
1202151545 116.31074 39.98403
1202151836 116.36719 39.98599
1202151847 116.36953 39.98606
1202152138 116.418 39.98741
1202152440 116.47106 39.96484
1202152450 116.47279 39.9637
1202152742 116.48362 39.93564
1202152752 116.48359 39.93383
1202153044 116.47206 39.90697
1202153054 116.4716 39.90663
1202153054 116.4716 39.90663
1202153345 116.45656 39.90339
1202153345 116.45656 39.90339
1202153356 116.45656 39.90339
1202153647 116.44966 39.89257
1202153658 116.44966 39.89257
1202153959 116.43 39.89244
1202154251 116.41623 39.89193
1202154261 116.41623 39.89193
1202154553 116.41054 39.89183
1202154553 116.41054 39.89183
1202154553 116.41054 39.89183
1202154563 116.40992 39.89182
1202154854 116.39451 39.89652
1202154865 116.39451 39.89652
1202155458 116.39326 39.89013
1202155760 116.41275 39.88722
1202156062 116.415 39.87158
1202156665 116.42018 39.86763
1202156773 116.42029 39.86586
1202156967 116.42033 39.86457
1202157075 116.41578 39.86101
1202157269 116.41695 39.93935
1202157545 116.4072 39.87098
1202157872 116.42628 39.86936
1202158148 116.41324 39.86983
1202158174 116.40954 39.87066
1202158450 116.39404 39.87702
1202158476 116.39296 39.87916
1202158778 116.37915 39.88196
1202159080 116.36844 39.87828
1202159257 116.36832 39.88757
1202159381 116.36835 39.89341
1202159559 116.3679 39.90253
1202159985 116.36793 39.89875
1202160287 116.36668 39.8881
1202160541 116.35721 39.88967
1202161192 116.32262 39.8887
1202161494 116.32087 39.88867
1202161796 116.32037 39.88529
1202161929 116.3204 39.88476
1202162098 116.31663 39.88847
1202162533 116.30417 39.92727
1202162701 116.30336 39.95337
1202162834 116.29721 39.97105
1202163136 116.28132 40.01239
1202163305 116.27221 40.02486
1202163438 116.26672 40.03108
1202163606 116.2541 40.04255
1202163740 116.2502 40.05096
1202163908 116.23995 40.06623
1202164041 116.23068 40.06477
1202164210 116.23068 40.06477
1202164343 116.23068 40.06477
1202164512 116.23515 40.05549
1202164645 116.23815 40.04453
1202164814 116.25324 40.04039
1202164947 116.25903 40.02963
1202164947 116.25903 40.02963
1202165115 116.26102 40.01561
1202165249 116.26414 40.00605
1202165538 116.25438 40.00479
1202165553 116.25282 40.00476
1202165839 116.22956 39.99755
1202165855 116.22762 39.99706
1202166141 116.21449 39.9769
1202166157 116.21404 39.97425
1202166443 116.20577 39.93365
1202166458 116.20582 39.93147
1202166745 116.21295 39.90616
1202166760 116.21427 39.90597
1202166986 116.2168 39.9022
1202169222 116.21057 39.90621
1202169825 116.25278 39.90614
1202205557 116.21737 39.90184
1202205859 116.21737 39.90184
1202206161 116.21737 39.90184
1202206329 116.21737 39.90184
1202206463 116.21661 39.90172
1202206631 116.22906 39.90259
1202206764 116.23272 39.89551
1202206933 116.2658 39.89567
1202207066 116.29422 39.89573
1202207235 116.30402 39.88203
1202207368 116.31071 39.88464
1202207537 116.3082 39.88534
1202207670 116.3082 39.88534
1202207838 116.30023 39.88171
1202207971 116.29575 39.88347
1202208580 116.29322 39.88528
1202208622 116.29322 39.88528
1202208882 116.2933 39.88528
1202208924 116.2933 39.88528
1202209226 116.29481 39.8903
1202209635 116.28976 39.90595
1202209830 116.29604 39.90368
1202209937 116.29608 39.89726
1202210131 116.30398 39.89486
1202210238 116.29685 39.89078
1202210540 116.30884 39.88534
1202210735 116.32023 39.88796
1202211037 116.3286 39.88731
1202211274 116.34236 39.8842
1202211339 116.34274 39.87738
1202211570 116.34076 39.87286
1202211640 116.34225 39.87622
1202211872 116.34388 39.88241
1202211942 116.34411 39.88591
1202212174 116.35061 39.9029
1202212244 116.35065 39.90906
1202212476 116.35531 39.91252
1202212546 116.35578 39.91252
1202212777 116.36866 39.91328
1202212848 116.37148 39.9144
1202213079 116.37147 39.91479
1202213381 116.36748 39.91511
1202213381 116.36748 39.91511
1202213451 116.36753 39.91424
1202213683 116.36794 39.89975
1202213753 116.36794 39.89975
1202213985 116.36796 39.89876
1202214055 116.36814 39.89417
1202214299 116.36076 39.89234
1202214357 116.35852 39.89189
1202214588 116.35233 39.88815
1202214658 116.33967 39.88839
1202214890 116.33681 39.88325
1202214960 116.33572 39.87903
1202215192 116.32064 39.87672
1202215262 116.3206 39.87995
1202215493 116.32059 39.88143
1202215563 116.32063 39.88172
1202215672 116.32049 39.88275
1202215865 116.31676 39.88311
1202215973 116.31501 39.88745
1202216166 116.30468 39.88042
1202216275 116.3052 39.87411
1202216275 116.3052 39.87411
1202216468 116.29514 39.86556
1202216577 116.2888 39.86512
1202216770 116.272 39.87474
1202216879 116.2681 39.88926
1202217072 116.26581 39.90177
1202217181 116.26097 39.90299
1202217486 116.25947 39.90272
1202217555 116.25676 39.90269
1202217857 116.26826 39.90658
1202217917 116.26835 39.91142
1202218158 116.26864 39.9348
1202218219 116.26851 39.93914
1202218460 116.26949 39.94617
1202218640 116.27842 39.95591
1202218762 116.28229 39.95226
1202218941 116.28044 39.94543
1202219064 116.27025 39.94556
1202219243 116.26892 39.92795
1202219366 116.26786 39.91239
1202219545 116.25914 39.9063
1202219667 116.2459 39.90628
1202219847 116.23032 39.90622
1202219969 116.22252 39.90266
1202220149 116.21637 39.90251
1202220271 116.21669 39.90255
1202220450 116.22021 39.89725
1202220573 116.2104 39.89719
1202220752 116.21217 39.89878
1202220875 116.21238 39.89919
1202221047 116.2135 39.89967
1202227142 116.21745 39.90154
1202238095 116.21735 39.90166
1202238198 116.21729 39.90163
1202238397 116.21978 39.90255
1202238499 116.22338 39.89671
1202238699 116.20783 39.89354
1202238866 116.21023 39.89746
1202239103 116.22234 39.90006
1202239168 116.22044 39.90004
1202239405 116.2232 39.89945
1202239469 116.22496 39.90262
1202239775 116.2303 39.90258
1202239828 116.23719 39.90258
1202241428 116.34812 39.89695
1202241702 116.35305 39.90767
1202241730 116.35337 39.909
1202242004 116.3572 39.89881
1202242306 116.35732 39.89024
1202242597 116.34966 39.88801
1202242608 116.35094 39.88808
1202243815 116.36782 39.90759
1202244117 116.3703 39.90907
1202244117 116.3703 39.90907
1202244720 116.33933 39.89656
1202245022 116.31071 39.90355
1202245323 116.32582 39.90955
1202245746 116.33608 39.917
1202246047 116.35723 39.91265
1202246172 116.36686 39.91348
1202246349 116.37158 39.91184
1202246474 116.37029 39.90969
1202247556 116.40007 39.92286
1202248462 116.42002 39.92369
1202248653 116.41827 39.91415
1202248955 116.40114 39.91402
1202249257 116.3856 39.9062
1202250272 116.35387 39.88201
1202250398 116.34744 39.8778
1202250699 116.34059 39.85171
1202251001 116.33628 39.82019
1202252522 116.33639 39.81651
1202252751 116.34782 39.82951
1202252824 116.35927 39.82961
1202253053 116.39549 39.8317
1202253125 116.39488 39.83858
1202253354 116.39577 39.85308
1202253427 116.39519 39.85406
1202253656 116.39905 39.85699
1202253729 116.39899 39.85732
1202253958 116.3964 39.85597
1202254031 116.39397 39.85983
1202254333 116.3695 39.86975
1202254562 116.36839 39.88743
1202254562 116.36839 39.88743
1202254634 116.36839 39.88744
1202254863 116.36836 39.89797
1202254936 116.36815 39.89986
1202255164 116.36504 39.91192
1202255237 116.36477 39.91126
1202255466 116.36715 39.91038
1202255539 116.36781 39.90869
1202255768 116.36792 39.89938
1202256070 116.3681 39.88866
1202256371 116.36805 39.87609
1202256673 116.36522 39.85643
1202256975 116.37011 39.84581
1202257277 116.35373 39.82988
1202257579 116.28776 39.82946
1202257880 116.2731 39.83811
1202257880 116.2731 39.83811
1202258181 116.27784 39.84913
1202258182 116.27783 39.84925
1202258484 116.26112 39.85099
1202258601 116.25937 39.85906
1202258786 116.25851 39.87068
1202259088 116.23769 39.88844
1202259389 116.21041 39.89557
1202259623 116.19947 39.88733
1202259691 116.20267 39.88992
1202259925 116.2148 39.90259
1202259993 116.21671 39.90201
1202260227 116.21723 39.90158
1202295856 116.21729 39.90152
1202296049 116.21717 39.90167
1202296158 116.21695 39.90174
1202296351 116.21666 39.9022
1202296653 116.21666 39.9022
1202296761 116.21919 39.9026
1202297063 116.25046 39.89565
1202298642 116.33861 39.91682
1202298642 116.33861 39.91682
1202298817 116.33872 39.91431
1202298944 116.33868 39.91614
1202302516 116.3388 39.91363
1202302563 116.33878 39.91363
1202302817 116.34261 39.91268
1202302864 116.34659 39.9126
1202303119 116.35795 39.91266
1202303166 116.35943 39.91287
1202303421 116.36467 39.9113
1202303695 116.36463 39.91167
1202316141 116.36457 39.91174
1202316442 116.36506 39.91216
1202316455 116.36509 39.91232
1202316744 116.37019 39.91031
1202316757 116.37023 39.90994
1202316757 116.37023 39.90994
1202317046 116.36077 39.90591
1202317348 116.34528 39.90179
1202317358 116.34447 39.90179
1202317650 116.35046 39.91315
1202317951 116.35627 39.93696
1202318253 116.36178 39.9314
1202318278 116.36178 39.9314
1202318857 116.37322 39.9372
1202318978 116.37345 39.94337
1202319159 116.38207 39.95011
1202319300 116.38731 39.95416
1202319460 116.38163 39.95547
1202319534 116.38112 39.95382
1202321677 116.39658 39.90633
1202322250 116.45037 39.89231
1202322387 116.44644 39.89242
1202322552 116.4406 39.89239
1202323156 116.40231 39.89136
1202323457 116.36704 39.88794
1202323759 116.34067 39.88835
1202324061 116.31058 39.88621
1202324452 116.30545 39.87764
1202324452 116.30545 39.87764
1202324966 116.29034 39.87778
1202325049 116.29027 39.87621
1202326734 116.31227 39.8867
1202326903 116.31937 39.88312
1202327036 116.32101 39.8832
1202327205 116.33009 39.88724
1202327471 116.31909 39.88923
1202327506 116.31652 39.88862
1202327808 116.33577 39.89622
1202328110 116.36766 39.89831
1202328311 116.37831 39.89812
1202328412 116.37783 39.90233
1202328613 116.36768 39.9098
1202328714 116.36512 39.91175
1202328895 116.36473 39.91167
1202353404 116.36395 39.91221
1202353452 116.3631 39.91249
1202353753 116.36802 39.89878
1202354055 116.36403 39.88186
1202354181 116.36458 39.88187
1202354357 116.36999 39.88785
1202354604 116.38109 39.88259
1202354604 116.38109 39.88259
1202354659 116.37882 39.883
1202354906 116.36759 39.88808
1202354961 116.36214 39.88799
1202355250 116.33659 39.89002
1202355262 116.33657 39.89012
1202355551 116.32303 39.89591
1202355564 116.32019 39.89588
1202355866 116.25094 39.89586
1202356155 116.21661 39.90164
1202356168 116.21726 39.90158
1202356409 116.21733 39.90167
1202386047 116.21745 39.9016
1202386216 116.21657 39.90163
1202386216 116.21657 39.90163
1202386349 116.22421 39.90259
1202386517 116.22995 39.90313
1202386651 116.22995 39.90313
1202386819 116.22995 39.90313
1202386952 116.22995 39.90313
1202387121 116.22995 39.90313
1202387254 116.22964 39.89971
1202387423 116.24835 39.89564
1202387556 116.2752 39.8957
1202387725 116.30567 39.89571
1202387858 116.33596 39.89623
1202392435 116.36169 39.90587
1202392447 116.3595 39.90592
1202392737 116.34244 39.89084
1202392749 116.34246 39.88911
1202393340 116.34496 39.86611
1202393353 116.34523 39.86621
1202393642 116.34825 39.86516
1202393654 116.34818 39.8661
1202393853 116.35031 39.86651
1202398675 116.34376 39.86782
1202398977 116.35045 39.9062
1202398977 116.35045 39.9062
1202399256 116.36168 39.91275
1202399279 116.36411 39.9129
1202399554 116.36475 39.91171
1202399554 116.36475 39.91171
1202408069 116.365 39.9101
1202408081 116.36496 39.90916
1202408371 116.35012 39.90678
1202408383 116.35014 39.90555
1202408672 116.34676 39.89468
1202408685 116.34681 39.89376
1202408974 116.34284 39.8778
1202408987 116.34298 39.87591
1202409276 116.38136 39.86927
1202409288 116.38161 39.86829
1202409578 116.38775 39.85966
1202409892 116.38828 39.85923
1202462121 116.38415 39.8594
1202462175 116.38102 39.8595
1202462423 116.3806 39.86981
1202462494 116.37074 39.86916
1202462724 116.36827 39.88219
1202462779 116.36825 39.88748
1202462779 116.36825 39.88748
1202463026 116.36821 39.89877
1202463081 116.36812 39.90253
1202463328 116.36508 39.91182
1202463383 116.36511 39.9108
1202463630 116.35014 39.9035
1202463684 116.34915 39.89734
1202463932 116.29362 39.89577
1202463932 116.29362 39.89577
1202463986 116.28129 39.89577
1202464233 116.22363 39.89578
1202464288 116.21763 39.89788
1202464583 116.21738 39.90163
1202473468 116.21665 39.90203
1202473468 116.21665 39.90203
1202473501 116.21664 39.90206
1202473501 116.21664 39.90206
1202473769 116.22299 39.90056
1202473803 116.22299 39.90056
1202474071 116.23603 39.8956
1202474105 116.24322 39.89567
1202474373 116.29913 39.8957
1202474373 116.29913 39.8957
1202474406 116.3059 39.8957
1202474675 116.34048 39.89637
1202474708 116.34223 39.89525
1202474977 116.34909 39.86696
1202475010 116.35366 39.86677
1202475278 116.36341 39.86844
1202475312 116.36555 39.86859
1202475580 116.39247 39.86931
1202475614 116.39317 39.8651
1202475882 116.39856 39.85271
1202475915 116.39856 39.85271
