UTS Latitude Longitude
1201959623 116.41029 39.96697
1201959623 116.41029 39.96697
1201959922 116.41887 39.95891
1201959922 116.41887 39.95891
1201960222 116.42625 39.95068
1201960522 116.44369 39.95204
1201960822 116.45296 39.95266
1201961122 116.45691 39.96046
1201961125 116.45691 39.96046
1201961422 116.45975 39.95872
1201962022 116.46079 39.9959
1201962322 116.46274 39.99601
1201962622 116.44234 39.99415
1201962922 116.42413 39.9929
1201963222 116.41774 39.98791
1201963522 116.4184 39.97399
1201963822 116.41889 39.95838
1201964122 116.42159 39.94803
1201964422 116.42843 39.91977
1201964722 116.43195 39.89835
1201965022 116.42794 39.8801
1201965322 116.42478 39.88738
1201965922 116.42427 39.90691
1201966222 116.43482 39.90647
1201966822 116.45173 39.91052
1201967422 116.42093 39.90745
1201967722 116.41218 39.91432
1201968022 116.40373 39.91404
1201968322 116.39963 39.93061
1201968622 116.3898 39.93813
1201968622 116.3898 39.93813
1201968922 116.3875 39.94839
1201969222 116.38284 39.95535
1201969522 116.38111 39.95497
1201969822 116.37442 39.96666
1201970122 116.35351 39.96651
1201970422 116.33423 39.96641
1201970722 116.3134 39.97021
1201971022 116.3106 39.98174
1201971322 116.3099 39.99089
1201971622 116.31096 40.01607
1201971622 116.31096 40.01607
1201971922 116.3104 40.02833
1201972222 116.30861 40.02808
1201972521 116.31072 40.01598
1201972821 116.33084 40.00307
1201973121 116.35848 39.99972
1201973421 116.36255 39.99245
1201973721 116.37401 39.98587
1201974021 116.38718 39.98171
1201974321 116.38836 39.9675
1201974621 116.39096 39.94742
1201974921 116.40211 39.94437
1201975221 116.40235 39.93735
1201975521 116.40246 39.93402
1201975821 116.40251 39.93276
1201976121 116.41132 39.92114
1201976721 116.41228 39.8958
1201977021 116.40216 39.89945
1201977321 116.39377 39.89884
1201977321 116.39377 39.89884
1201977621 116.38944 39.89796
1201977921 116.38759 39.88885
1201978221 116.38012 39.88828
1201978561 116.37078 39.88802
1201978821 116.36205 39.88787
1201979121 116.36127 39.8848
1201979421 116.36089 39.88283
1201979721 116.35303 39.882
1201980021 116.34722 39.88723
1201980321 116.34886 39.89477
1201980621 116.35 39.89477
1201980921 116.35065 39.89776
1201981221 116.35079 39.9023
1201981521 116.35046 39.90673
1201981821 116.34778 39.90594
1201982121 116.33884 39.90606
1201982421 116.33073 39.90628
1201983021 116.31619 39.90647
1201983621 116.30623 39.91047
1201983921 116.29988 39.9118
1201984221 116.2913 39.91972
1201984821 116.29558 39.92251
1201985121 116.3102 39.92684
1201985421 116.32605 39.92685
1201985721 116.34525 39.92684
1201986020 116.34719 39.92408
1201986320 116.34733 39.93039
1201986620 116.34974 39.93364
1201986920 116.3732 39.9507
1201987293 116.37443 39.96625
1201987520 116.39482 39.9671
1201987820 116.40862 39.96749
1201988120 116.41189 39.96153
1201988420 116.40207 39.9607
1201989020 116.40167 40.003
1201989320 116.36966 40.00863
1201989620 116.34154 40.00665
1201989920 116.34902 40.01124
1201990220 116.34602 40.0062
1201990520 116.33377 39.99714
1201990820 116.32663 39.99058
1201991120 116.32125 39.98167
1201991420 116.30935 39.99468
1201991720 116.31224 40.01248
1201992020 116.30515 40.03372
1201992320 116.30147 40.03931
1201992620 116.30632 40.05634
1201992920 116.31562 40.06489
1201993220 116.33659 40.07427
1201993520 116.33858 40.07477
1201993820 116.33096 40.06234
1201994120 116.3237 40.05198
1201994420 116.34057 40.02983
1201994720 116.3358 40.02876
1201994720 116.3358 40.02876
1201995320 116.33575 40.02866
1201995620 116.33575 40.02867
1201995920 116.33575 40.02867
1201996220 116.33577 40.02875
1201996520 116.33581 40.02885
1201996820 116.33575 40.02861
1201997120 116.33581 40.02872
1201997420 116.33575 40.02868
1201997720 116.33569 40.0286
1201998020 116.33571 40.02862
1201998320 116.33563 40.0286
1201998620 116.3357 40.02859
1201998920 116.33571 40.02871
1201999219 116.33571 40.02857
1201999520 116.33572 40.02857
1201999819 116.33576 40.02861
1202000119 116.33574 40.02858
1202000419 116.33576 40.02858
1202000719 116.33576 40.02866
1202001019 116.33574 40.02855
1202001319 116.3358 40.02862
1202001619 116.33578 40.02858
1202001919 116.33582 40.02864
1202002219 116.33578 40.02867
1202002519 116.33575 40.02865
1202002819 116.33581 40.02867
1202003119 116.33578 40.02856
1202003419 116.33582 40.02862
1202003419 116.33582 40.02862
1202003719 116.33582 40.02851
1202004019 116.33589 40.0287
1202004919 116.33582 40.02858
1202005219 116.33585 40.02868
1202005819 116.33599 40.02875
1202006419 116.33586 40.02867
1202007019 116.33597 40.02872
1202007319 116.33595 40.02859
1202007919 116.33583 40.02872
1202008219 116.3358 40.02877
1202008519 116.33575 40.02871
1202008819 116.3357 40.02874
1202009119 116.33568 40.02871
1202009419 116.33577 40.02875
1202009719 116.33566 40.02862
1202010019 116.33557 40.02865
1202010319 116.33575 40.02865
1202010919 116.33572 40.02863
1202011219 116.3357 40.02869
1202011519 116.33574 40.02863
1202011819 116.33568 40.02874
1202011819 116.33568 40.02874
1202011819 116.33568 40.02874
1202011819 116.33568 40.02874
1202012119 116.33569 40.02879
1202012119 116.33569 40.02879
1202012718 116.33568 40.02869
1202013018 116.33562 40.02872
1202013318 116.33565 40.02882
1202013618 116.33569 40.02879
1202013918 116.33575 40.02875
1202014218 116.33574 40.02876
1202014518 116.33557 40.02876
1202014818 116.33568 40.02872
1202015118 116.33568 40.02874
1202015418 116.33583 40.02853
1202015718 116.3359 40.02868
1202016018 116.3358 40.02866
1202016318 116.3358 40.02868
1202016618 116.33591 40.02866
1202016918 116.33581 40.02873
1202017218 116.33583 40.02877
1202017518 116.33582 40.02871
1202018118 116.33571 40.0287
1202018418 116.33555 40.02873
1202018718 116.33565 40.02874
1202019018 116.33553 40.02873
1202019318 116.33574 40.02874
1202019618 116.33562 40.02882
1202019918 116.3357 40.02887
1202020218 116.33564 40.02882
1202020518 116.3357 40.02881
1202020818 116.33572 40.02877
1202020818 116.33572 40.02877
1202021118 116.33574 40.02871
1202021418 116.33575 40.0287
1202021718 116.33556 40.02867
1202022018 116.33559 40.02864
1202022318 116.33559 40.02874
1202022918 116.33563 40.02868
1202023218 116.33563 40.02865
1202023518 116.33576 40.02862
1202023818 116.33575 40.02868
1202024118 116.33572 40.02869
1202024718 116.33571 40.02877
1202025018 116.33569 40.02879
1202025318 116.33573 40.02872
1202025617 116.33575 40.02866
1202025917 116.33571 40.02879
1202026217 116.33579 40.02869
1202026517 116.33577 40.02875
1202026817 116.33579 40.02877
1202027417 116.33569 40.02877
1202028017 116.33582 40.02868
1202028617 116.33576 40.0288
1202029217 116.33577 40.02868
1202029817 116.33575 40.02865
1202030417 116.33577 40.02863
1202031017 116.33576 40.02866
1202031317 116.33575 40.02862
1202031617 116.3358 40.02882
1202031917 116.33574 40.02883
1202032217 116.3358 40.02881
1202032517 116.33575 40.02871
1202033117 116.3357 40.02881
1202033117 116.3357 40.02881
1202033417 116.33576 40.02871
1202033717 116.33561 40.02877
1202034017 116.33561 40.0288
1202034317 116.33564 40.02871
1202034617 116.3358 40.02875
1202034917 116.33561 40.02882
1202035517 116.336 40.0291
1202035817 116.33579 40.02889
1202036117 116.33698 40.02945
1202036417 116.33629 40.03465
1202036717 116.33625 40.03443
1202037017 116.33626 40.03473
1202037317 116.33625 40.03467
1202037617 116.33622 40.03436
1202037917 116.33617 40.03447
1202038516 116.33634 40.03432
1202038817 116.33691 40.03319
1202039116 116.3358 40.02873
1202039416 116.33584 40.02871
1202039716 116.33584 40.02872
1202040016 116.33591 40.0287
1202040316 116.33586 40.02877
1202040616 116.3359 40.02876
1202041216 116.33531 40.02868
1202041516 116.34102 40.02972
1202042416 116.37348 39.98162
1202043016 116.397 39.96736
1202043316 116.4375 39.96349
1202043616 116.45539 39.92776
1202043916 116.45466 39.91328
1202044216 116.45153 39.91514
1202044516 116.44132 39.9218
1202045136 116.4285 39.92519
1202045422 116.43684 39.9223
1202045722 116.44438 39.91778
1202045722 116.44438 39.91778
1202045722 116.44438 39.91778
1202046022 116.44645 39.92043
1202046322 116.44459 39.92156
1202046622 116.4316 39.92559
1202046922 116.42791 39.94535
1202046922 116.42791 39.94535
1202047501 116.43332 39.95591
1202047501 116.43332 39.95591
1202047513 116.43332 39.95591
1202047822 116.41861 39.96648
1202048122 116.41813 39.9806
1202048422 116.44564 39.98133
1202048722 116.45848 39.98394
1202049022 116.44935 39.97944
1202049322 116.43549 39.98799
1202049622 116.41515 39.99749
1202049922 116.39777 40.00153
1202050222 116.39775 40.00162
1202050522 116.40169 40.00028
1202050822 116.39949 39.99086
1202051122 116.39178 39.98707
1202051422 116.38188 39.98107
1202051722 116.39888 39.9868
1202052022 116.40534 39.99758
1202052322 116.40193 39.99741
1202052622 116.40345 39.98697
1202052922 116.45987 39.97216
1202053222 116.50035 40.00342
1202053522 116.56616 40.03484
1202053822 116.58245 40.04985
1202054121 116.58664 40.0788
1202054421 116.58256 40.07472
1202054721 116.58028 40.05963
1202055021 116.56241 40.0695
1202055321 116.56608 40.07194
1202055621 116.56609 40.07195
1202055621 116.56609 40.07195
1202055921 116.56609 40.07197
1202056221 116.56607 40.07197
1202056821 116.56607 40.07195
1202057121 116.56608 40.07197
1202057421 116.56608 40.07194
1202057721 116.56609 40.07194
1202058021 116.56609 40.07193
1202058321 116.56605 40.07193
1202058621 116.56608 40.07193
1202058921 116.56608 40.07192
1202059221 116.56606 40.07191
1202059521 116.56608 40.07192
1202059821 116.56607 40.07192
1202060121 116.56607 40.07192
1202060421 116.56608 40.07191
1202060721 116.56608 40.07192
1202061021 116.56609 40.07191
1202061321 116.56606 40.07193
1202061621 116.56606 40.07192
1202061921 116.56608 40.07193
1202062221 116.56611 40.07192
1202062521 116.56609 40.07192
1202062821 116.56608 40.0719
1202063121 116.56606 40.0719
1202063421 116.56606 40.07189
1202063721 116.56606 40.07188
1202064021 116.56607 40.07188
1202064321 116.56606 40.07189
1202064321 116.56606 40.07189
1202064621 116.56414 40.07133
1202064921 116.5669 40.0638
1202065221 116.58165 40.06876
1202065521 116.5813 40.07097
1202065821 116.58103 40.07203
1202066121 116.5835 40.07623
1202066419 116.58634 40.0776
1202066721 116.58695 40.07918
1202067020 116.57935 40.04754
1202067320 116.52469 40.01936
1202067620 116.46924 40.01389
1202067920 116.43559 40.02503
1202068220 116.43039 40.03582
1202068520 116.40919 40.03958
1202068820 116.41054 40.05655
1202069120 116.42198 40.06341
1202069420 116.43226 40.06969
1202069720 116.42533 40.07279
1202070020 116.40701 40.07474
1202070320 116.40756 40.05564
1202070620 116.41124 40.0325
1202070920 116.41026 40.01318
1202071220 116.41101 39.99795
1202071522 116.41116 39.97736
1202071820 116.41177 39.96512
1202072120 116.41239 39.95354
1202072420 116.41929 39.94323
1202072720 116.41956 39.92944
1202073020 116.40243 39.92299
1202073020 116.40243 39.92299
1202073320 116.39979 39.90661
1202073620 116.39474 39.90643
1202073920 116.38708 39.89904
1202074220 116.37839 39.89028
1202074520 116.37838 39.88913
1202074820 116.37844 39.88573
1202075120 116.38126 39.87536
1202075420 116.38046 39.85595
1202075720 116.37697 39.84417
1202076020 116.36715 39.84306
1202076320 116.38 39.84794
1202076620 116.38061 39.8553
1202076920 116.38071 39.8588
1202077220 116.38117 39.88119
1202077820 116.3679 39.90419
1202078120 116.36755 39.90954
1202078420 116.37558 39.91143
1202078720 116.37658 39.90626
1202079020 116.39621 39.90631
1202079320 116.42585 39.90701
1202079620 116.45495 39.90292
1202079920 116.45556 39.90731
1202080219 116.44419 39.9141
1202080519 116.43488 39.92284
1202080819 116.4279 39.93656
1202081119 116.41015 39.94917
1202081419 116.40327 39.95778
1202081719 116.39067 39.9619
1202081719 116.39067 39.9619
1202082019 116.39 39.96745
1202082319 116.36433 39.96684
1202082919 116.34682 39.99103
1202083219 116.3467 39.99883
1202083519 116.34598 40.01339
1202083819 116.34024 40.0271
1202084119 116.33575 40.02871
1202084419 116.33566 40.02862
1202084719 116.33568 40.02864
1202085019 116.33572 40.02862
1202085319 116.33568 40.02859
1202085619 116.3357 40.0286
1202086219 116.33571 40.02859
1202086519 116.33572 40.02862
1202086819 116.33574 40.02861
1202087119 116.33572 40.0286
1202087419 116.33571 40.02859
1202087719 116.33571 40.02857
1202088019 116.3357 40.02874
1202088319 116.33569 40.02868
1202088619 116.33572 40.02873
1202088919 116.3357 40.02861
1202089219 116.33573 40.02855
1202089519 116.33576 40.02877
1202089819 116.33574 40.02869
1202090119 116.33578 40.02857
1202090419 116.33586 40.02866
1202090419 116.33586 40.02866
1202091019 116.33585 40.02864
1202091319 116.33586 40.02872
1202091619 116.3359 40.02873
1202091919 116.33591 40.02871
1202092219 116.33578 40.02877
1202092519 116.33597 40.02869
1202092819 116.33589 40.02864
1202093119 116.33586 40.0287
1202093418 116.33589 40.02866
1202093718 116.33578 40.0287
1202094018 116.33586 40.02879
1202094318 116.33581 40.02875
1202094618 116.33577 40.02875
1202094918 116.33574 40.02876
1202095218 116.33567 40.02875
1202095518 116.33564 40.02874
1202095818 116.33566 40.02868
1202096118 116.33569 40.02864
1202096418 116.33573 40.02862
1202096718 116.33576 40.02856
1202097018 116.33572 40.02864
1202097318 116.33568 40.02869
1202097618 116.33569 40.02866
1202098518 116.33569 40.02871
1202098818 116.33568 40.02874
1202099118 116.33567 40.0288
1202099118 116.33567 40.0288
1202099418 116.33567 40.0287
1202099718 116.33563 40.02884
1202100018 116.33575 40.02884
1202100318 116.33571 40.02889
1202100618 116.33579 40.0288
1202100918 116.33578 40.02872
1202101218 116.33576 40.02874
1202101518 116.33578 40.02863
1202102118 116.33583 40.02868
1202102418 116.33579 40.0287
1202102718 116.33581 40.02875
1202103018 116.33585 40.02876
1202103318 116.33557 40.02876
1202103618 116.33567 40.02877
1202103918 116.33556 40.02877
1202104218 116.33563 40.02869
1202104518 116.33553 40.02876
1202104818 116.33551 40.02876
1202105118 116.33548 40.02878
1202105418 116.33554 40.02878
1202105718 116.33557 40.0289
1202106018 116.33569 40.02887
1202106318 116.33565 40.02886
1202106617 116.33565 40.02884
1202106917 116.33565 40.02881
1202107217 116.33565 40.02881
1202107517 116.33568 40.02874
1202107817 116.33567 40.02869
1202107817 116.33567 40.02869
1202108117 116.33547 40.02868
1202108417 116.3355 40.02869
1202108717 116.33546 40.02875
1202109017 116.33547 40.02877
1202109317 116.33555 40.02872
1202109617 116.33563 40.02864
1202109917 116.33563 40.02865
1202110217 116.33566 40.02862
1202110517 116.3357 40.02861
1202110817 116.33569 40.02867
1202111117 116.33574 40.02871
1202111417 116.3358 40.02875
1202111717 116.33572 40.02873
1202112017 116.33569 40.02878
1202112317 116.33577 40.02874
1202112617 116.33566 40.02877
1202112917 116.33572 40.02874
1202113217 116.3357 40.0287
1202113517 116.33569 40.02877
1202113817 116.33562 40.02882
1202114117 116.33572 40.02876
1202114417 116.33572 40.0288
1202114717 116.33578 40.02866
1202115017 116.33569 40.02881
1202115317 116.33574 40.02869
1202115617 116.33577 40.0287
1202115917 116.33562 40.02879
1202116217 116.33571 40.02876
1202116517 116.33567 40.02874
1202116517 116.33567 40.02874
1202116817 116.33572 40.02876
1202117117 116.33571 40.02867
1202117417 116.33573 40.02874
1202117717 116.33574 40.02875
1202118017 116.33574 40.02882
1202118617 116.33574 40.0287
1202118917 116.33574 40.02868
1202119217 116.33568 40.02879
1202119517 116.33573 40.02868
1202119816 116.3356 40.02884
1202120116 116.33556 40.02878
1202120419 116.33548 40.0288
1202120716 116.33548 40.02868
1202121016 116.33568 40.02877
1202121316 116.33576 40.02887
1202121616 116.3359 40.02895
1202121916 116.34037 40.02975
1202122216 116.34585 40.012
1202122516 116.34663 39.99535
1202122816 116.35856 39.98568
1202123116 116.35385 39.97527
1202123416 116.34717 39.99191
1202124016 116.34646 40.00577
1202124316 116.34911 40.01385
1202124616 116.35599 40.00837
1202125216 116.34624 40.0093
1202125216 116.34624 40.0093
1202125516 116.34406 40.02661
1202125816 116.34176 40.03424
1202126116 116.34484 40.02243
1202126749 116.373 39.9568
1202127016 116.37311 39.9513
1202127316 116.39139 39.94755
1202127617 116.41749 39.85288
1202127617 116.41749 39.85288
1202127916 116.4195 39.93596
1202128216 116.41997 39.92394
1202128516 116.42061 39.90904
1202129116 116.42119 39.90336
1202129416 116.4212 39.90336
1202129716 116.42123 39.90336
1202130016 116.42205 39.90346
1202130316 116.44003 39.87771
1202130616 116.43882 39.86536
1202130916 116.43329 39.87076
1202131216 116.41761 39.88262
1202131516 116.41059 39.89979
1202131816 116.40786 39.89985
1202132116 116.40635 39.89966
1202132416 116.40543 39.90278
1202132716 116.40697 39.90904
1202133315 116.4001 39.9226
1202133615 116.39541 39.93214
1202133904 116.38354 39.94165
1202133907 116.38354 39.94165
1202134215 116.36912 39.95889
1202134515 116.37202 39.96299
1202134815 116.37107 39.96017
1202135115 116.36475 39.95665
1202135415 116.34508 39.9568
1202135715 116.34219 39.95687
1202136015 116.3372 39.96083
1202136315 116.32815 39.96575
1202136615 116.30272 39.96153
1202136915 116.29119 39.96702
1202137215 116.28988 39.96668
1202137515 116.2914 39.96484
1202137815 116.29683 39.97109
1202138115 116.3 39.9779
1202138415 116.31026 39.98488
1202138715 116.31496 39.9921
1202139315 116.32662 39.9917
1202139615 116.33039 39.98465
1202139915 116.34713 39.96371
1202140215 116.3492 39.94086
1202140515 116.3498 39.92676
1202141115 116.35706 39.90037
1202141415 116.35712 39.89854
1202141715 116.35727 39.88908
1202142015 116.36118 39.88329
1202142315 116.35764 39.87697
1202142615 116.34311 39.8763
1202142615 116.34311 39.8763
1202142915 116.33878 39.8554
1202143215 116.33199 39.86294
1202143515 116.31433 39.86683
1202144115 116.30577 39.87482
1202144415 116.31477 39.8739
1202144715 116.31625 39.87429
1202145015 116.32058 39.87906
1202145315 116.32048 39.88297
1202145914 116.34821 39.89642
1202146214 116.35572 39.90403
1202146514 116.35098 39.90398
1202147114 116.35 39.92851
1202147414 116.34163 39.93109
1202148914 116.3229 39.97964
1202149214 116.31899 39.9798
1202149514 116.31096 39.97599
1202150414 116.304 39.92727
1202150714 116.30386 39.92081
1202151014 116.30391 39.91486
1202151314 116.30388 39.90813
1202151314 116.30388 39.90813
1202151614 116.30458 39.90463
1202151914 116.31332 39.89593
1202152214 116.30413 39.89093
1202152814 116.28643 39.85797
1202153114 116.28027 39.85435
1202153414 116.27727 39.85236
1202154014 116.28453 39.83537
1202154314 116.27782 39.84693
1202154614 116.28643 39.85798
1202154914 116.28865 39.87076
1202155214 116.28903 39.88811
1202156114 116.34242 39.89224
1202156414 116.34303 39.86822
1202156714 116.38166 39.86536
1202157014 116.37523 39.86087
1202157314 116.37878 39.86236
1202157614 116.38119 39.88149
1202157914 116.37864 39.8874
1202158214 116.37819 39.89662
1202158514 116.39935 39.89937
1202158814 116.40072 39.90453
1202159113 116.38805 39.90628
1202159413 116.37014 39.9076
1202159713 116.3695 39.90982
1202160013 116.36934 39.90959
1202160013 116.36934 39.90959
1202160313 116.36756 39.91283
1202160313 116.36756 39.91283
1202160913 116.35249 39.90743
1202161213 116.34504 39.91264
1202161513 116.33185 39.92187
1202161813 116.3363 39.9373
1202162113 116.32582 39.93733
1202163013 116.32741 39.93308
1202163313 116.3284 39.91783
1202163613 116.31523 39.90981
1202163913 116.31495 39.8962
1202164213 116.31519 39.90585
1202164513 116.33177 39.91269
1202164813 116.3331 39.91662
1202165113 116.34661 39.9222
1202165413 116.34959 39.93602
1202166013 116.34672 39.99925
1202166313 116.33971 40.01484
1202166613 116.33626 40.0281
1202166913 116.3357 40.02867
1202167213 116.33565 40.0286
1202167513 116.33568 40.02859
1202167813 116.33565 40.0287
1202168113 116.33568 40.02865
1202168413 116.33569 40.02868
1202168713 116.33575 40.02868
1202168713 116.33575 40.02868
1202169013 116.3357 40.02862
1202169013 116.3357 40.02862
1202169313 116.33577 40.02876
1202169613 116.33562 40.02864
1202170213 116.33566 40.02865
1202170513 116.33566 40.02867
1202170813 116.33562 40.02859
1202171113 116.33565 40.02861
1202171413 116.33565 40.0286
1202171713 116.33563 40.02859
1202172013 116.33567 40.02857
1202172612 116.33575 40.02863
1202172912 116.33569 40.02859
1202173212 116.33571 40.0286
1202173512 116.33572 40.0286
1202174112 116.33571 40.02866
1202174412 116.33569 40.0288
1202174712 116.3357 40.02876
1202175012 116.33571 40.02884
1202175312 116.33568 40.02878
1202175612 116.33574 40.02874
1202176212 116.33574 40.02863
1202176512 116.33574 40.02862
1202177112 116.33587 40.02868
1202178612 116.33591 40.02866
1202178912 116.33574 40.02868
1202179812 116.33577 40.02867
1202180112 116.33582 40.02873
1202180412 116.33571 40.02866
1202180712 116.33572 40.02868
1202181012 116.33567 40.02866
1202181312 116.33561 40.02871
1202181612 116.33562 40.02872
1202181912 116.33563 40.02867
1202182212 116.33565 40.0287
1202182512 116.3357 40.02867
1202182812 116.3357 40.02865
1202183112 116.33566 40.02865
1202183412 116.33557 40.02882
1202184012 116.33562 40.02881
1202184312 116.33564 40.02879
1202184912 116.33563 40.02867
1202185212 116.33563 40.02872
1202185811 116.33565 40.02884
1202186110 116.33581 40.02882
1202186110 116.33581 40.02882
1202186411 116.33571 40.02881
1202187011 116.33568 40.02878
1202187311 116.33574 40.0288
1202187611 116.33558 40.02883
1202187911 116.33573 40.0287
1202188511 116.33574 40.02872
1202188811 116.33568 40.02878
1202189111 116.33563 40.02862
1202189411 116.33563 40.02857
1202189711 116.33565 40.02873
1202190011 116.33556 40.02869
1202190311 116.33554 40.02872
1202190611 116.33547 40.02876
1202190911 116.33553 40.02877
1202191211 116.33556 40.02875
1202191511 116.33554 40.02871
1202191811 116.33557 40.0288
1202192111 116.33567 40.02883
1202192411 116.33567 40.02878
1202192711 116.33559 40.0289
1202193011 116.33564 40.0288
1202193311 116.33567 40.02876
1202193611 116.33565 40.02871
1202193911 116.33566 40.02876
1202194211 116.33572 40.02873
1202194511 116.33559 40.02871
1202195111 116.33554 40.02864
1202195111 116.33554 40.02864
1202195411 116.33547 40.02868
1202195712 116.33561 40.02867
1202196011 116.3357 40.02863
1202196311 116.33564 40.02863
1202196611 116.33565 40.02877
1202196911 116.33564 40.02881
1202197211 116.33564 40.02874
1202197511 116.33565 40.02879
1202197811 116.33565 40.02871
1202198411 116.33568 40.02883
1202199010 116.33563 40.02881
1202199610 116.33567 40.02876
1202199910 116.33566 40.02879
1202200210 116.33567 40.02879
1202200510 116.3357 40.02879
1202201110 116.33563 40.02876
1202201710 116.33567 40.02878
1202202010 116.33569 40.0288
1202202310 116.33566 40.0287
1202202910 116.3357 40.02873
1202203210 116.3357 40.02865
1202203510 116.33573 40.02875
1202203810 116.33568 40.02868
1202203810 116.33568 40.02868
1202204110 116.33568 40.02881
1202204410 116.33572 40.02885
1202204710 116.3356 40.0288
1202205010 116.33571 40.02868
1202205310 116.33572 40.0287
1202205610 116.33564 40.02884
1202205910 116.3357 40.02873
1202206210 116.33565 40.02875
1202206510 116.33544 40.02945
1202206810 116.34562 40.01808
1202207110 116.34643 40.00013
1202207404 116.34926 39.99177
1202207710 116.37061 39.99076
1202208310 116.38915 39.949
1202208610 116.40459 39.93939
1202208910 116.40679 39.93788
1202209210 116.40264 39.9302
1202209510 116.40039 39.91427
1202209810 116.41157 39.91073
1202210110 116.40546 39.90138
1202210410 116.40622 39.88871
1202210710 116.39295 39.88517
1202211010 116.39335 39.86146
1202211310 116.39454 39.83623
1202211610 116.39447 39.81538
1202211910 116.39448 39.81535
1202212209 116.39434 39.81462
1202212509 116.39417 39.81507
1202212509 116.39417 39.81507
1202212809 116.39425 39.815
1202213109 116.39441 39.81503
1202213709 116.39451 39.8154
1202214009 116.39485 39.81592
1202214309 116.39486 39.83941
1202214609 116.39412 39.8522
1202214909 116.39525 39.82233
1202215209 116.39511 39.81594
1202215509 116.39482 39.84195
1202215809 116.39369 39.8633
1202216109 116.41505 39.87419
1202216409 116.4278 39.88286
1202216710 116.34863 39.95492
1202216710 116.34863 39.95492
1202217009 116.42505 39.88497
1202217309 116.42125 39.89856
1202217609 116.42145 39.90331
1202217909 116.42162 39.90337
1202218209 116.42175 39.90342
1202218509 116.43009 39.90135
1202219109 116.41214 39.85592
1202219409 116.39431 39.85703
1202219709 116.40948 39.87056
1202220009 116.43983 39.88021
1202220307 116.44466 39.87821
1202220310 116.44466 39.87821
1202220609 116.45535 39.89339
1202220909 116.4556 39.93767
1202221209 116.45189 39.95184
1202221209 116.45189 39.95184
1202221509 116.44879 39.95203
1202221809 116.44873 39.95201
1202222109 116.44881 39.95203
1202222409 116.44881 39.95202
1202222709 116.44883 39.952
1202223009 116.4488 39.952
1202223309 116.44885 39.95201
1202223609 116.4488 39.95203
1202223909 116.44876 39.952
1202224209 116.4488 39.95206
1202224509 116.4488 39.95202
1202224808 116.44879 39.95201
1202225108 116.44879 39.95202
1202225408 116.44878 39.95203
1202225708 116.44928 39.9517
1202226308 116.43724 39.942
1202226608 116.41791 39.9397
1202226908 116.40734 39.93894
1202227208 116.40682 39.93798
1202227508 116.40677 39.93802
1202227808 116.40681 39.93795
1202228108 116.40685 39.93795
1202228408 116.40688 39.93795
1202228708 116.40693 39.93787
1202229008 116.40687 39.93807
1202229308 116.40687 39.93788
1202229608 116.40694 39.93792
1202229908 116.40695 39.93796
1202229908 116.40695 39.93796
1202230208 116.40689 39.93794
1202230508 116.40691 39.93808
1202230808 116.40695 39.93803
1202231108 116.407 39.93807
1202231408 116.40699 39.93809
1202231708 116.40698 39.93806
1202232308 116.40695 39.93802
1202232608 116.40691 39.93789
1202232908 116.40692 39.93798
1202233208 116.40693 39.93794
1202233508 116.40684 39.9379
1202233808 116.40688 39.93792
1202234108 116.40687 39.93785
1202234408 116.40687 39.93787
1202234708 116.40686 39.93784
1202235308 116.40683 39.93783
1202235608 116.40685 39.93783
1202235908 116.40683 39.93784
1202236208 116.40682 39.93782
1202236508 116.40684 39.9378
1202236808 116.40683 39.93783
1202237108 116.40685 39.93783
1202237408 116.40684 39.93787
1202237708 116.40683 39.93787
1202238007 116.40679 39.93793
1202238307 116.40676 39.93799
1202238607 116.40682 39.93786
1202238607 116.40682 39.93786
1202238907 116.40686 39.9379
1202239207 116.40684 39.93788
1202239807 116.40682 39.9379
1202240107 116.40683 39.93793
1202240407 116.40684 39.93789
1202240707 116.40683 39.93795
1202241007 116.40684 39.93797
1202241307 116.40687 39.93799
1202241607 116.40683 39.93803
1202242207 116.40681 39.93794
1202242507 116.4067 39.93795
1202242807 116.40688 39.93799
1202243107 116.40681 39.93794
1202243407 116.40686 39.93793
1202243707 116.40684 39.93791
1202244007 116.40684 39.93795
1202244308 116.4069 39.93796
1202244607 116.40686 39.938
1202244907 116.40683 39.93798
1202245207 116.40685 39.93797
1202245507 116.40687 39.93792
1202245807 116.40692 39.93796
1202246107 116.40699 39.9379
1202246707 116.40686 39.93787
1202247007 116.40687 39.93789
1202247307 116.40687 39.9379
1202247307 116.40687 39.9379
1202247607 116.40686 39.93792
1202247907 116.40686 39.9379
1202248207 116.4068 39.93796
1202248507 116.40683 39.93784
1202248807 116.40679 39.93797
1202249107 116.40681 39.93793
1202249407 116.40684 39.93789
1202249707 116.40681 39.93792
1202250007 116.40677 39.93794
1202250307 116.40684 39.93792
1202250607 116.40686 39.93793
1202250906 116.40224 39.93213
1202251206 116.3707 39.93153
1202251806 116.33596 39.88854
1202252106 116.33328 39.8868
1202252406 116.34393 39.88699
1202253006 116.34549 39.94108
1202253906 116.36368 39.9777
1202254206 116.36355 39.98269
1202254506 116.36333 39.98244
1202254806 116.3636 39.98264
1202255106 116.36358 39.98269
1202255406 116.3636 39.98268
1202255706 116.36365 39.9827
1202256006 116.36361 39.98268
1202256006 116.36361 39.98268
1202256306 116.36357 39.98264
1202256606 116.36357 39.98269
1202256906 116.36351 39.98269
1202257206 116.36352 39.98271
1202257506 116.36352 39.98266
1202257806 116.36352 39.98267
1202258106 116.36353 39.9826
1202258406 116.36355 39.98261
1202258706 116.36328 39.98596
1202259006 116.35853 39.99968
1202259306 116.34597 40.01367
1202259606 116.33982 40.02775
1202259906 116.33581 40.02873
1202260206 116.33586 40.02862
1202260506 116.33583 40.02868
1202260806 116.33581 40.02884
1202261706 116.33586 40.02857
1202262006 116.33596 40.02863
1202262306 116.33591 40.02867
1202262606 116.336 40.02863
1202263206 116.33611 40.0286
1202263506 116.33594 40.02865
1202264105 116.336 40.02872
1202264405 116.33611 40.02868
1202264705 116.33611 40.02866
1202264705 116.33611 40.02866
1202265005 116.33614 40.02868
1202265305 116.33612 40.02866
1202265605 116.33599 40.02871
1202265905 116.33611 40.02866
1202266205 116.33626 40.02873
1202266505 116.33614 40.02865
1202266805 116.33598 40.0287
1202267105 116.3358 40.02871
1202267405 116.33587 40.0287
1202267705 116.33612 40.02869
1202268005 116.33584 40.02871
1202268305 116.33567 40.02866
1202268905 116.33587 40.02858
1202269205 116.33587 40.02858
1202269505 116.33579 40.02864
1202269805 116.33588 40.02862
1202270105 116.33583 40.0287
1202270405 116.33577 40.02869
1202270705 116.33573 40.0288
1202271005 116.33567 40.02872
1202271305 116.33569 40.02875
1202271605 116.33571 40.0288
1202271905 116.33601 40.02875
1202272205 116.33601 40.02875
1202272505 116.33612 40.02877
1202273105 116.33585 40.02883
1202273405 116.33594 40.02881
1202273405 116.33594 40.02881
1202273705 116.33598 40.02881
1202274005 116.33604 40.02881
1202274305 116.33605 40.0288
1202274605 116.33599 40.02866
1202274905 116.33598 40.02865
1202275205 116.33615 40.02868
1202275505 116.33592 40.02873
1202275805 116.33599 40.02875
1202276105 116.33588 40.02867
1202276405 116.33591 40.02861
1202276705 116.33581 40.02865
1202277005 116.33586 40.02863
1202277305 116.33586 40.02872
1202277604 116.33564 40.02872
1202277904 116.33576 40.02873
1202278204 116.33587 40.02869
1202278504 116.33587 40.0287
1202278804 116.33583 40.02876
1202279104 116.33579 40.02876
1202279404 116.33588 40.02871
1202279704 116.33565 40.02865
1202280304 116.33546 40.02863
1202280604 116.3357 40.02865
1202280904 116.33547 40.02867
1202281204 116.33557 40.02868
1202281504 116.33581 40.02871
1202281804 116.33583 40.02859
1202282104 116.33595 40.02859
1202282104 116.33595 40.02859
1202282404 116.33589 40.02864
1202282704 116.33587 40.02878
1202283004 116.33579 40.02887
1202283304 116.33587 40.02873
1202283604 116.33582 40.02882
1202283904 116.33583 40.02874
1202284204 116.3359 40.02874
1202284504 116.33586 40.0287
1202284804 116.3359 40.02867
1202285104 116.3359 40.02876
1202285404 116.33584 40.0288
1202285704 116.33585 40.02871
1202286004 116.33583 40.02876
1202286304 116.33589 40.02877
1202286604 116.33594 40.02874
1202286904 116.33592 40.02884
1202287204 116.33598 40.0287
1202287504 116.33583 40.02875
1202287804 116.33584 40.02875
1202288104 116.33586 40.02882
1202288404 116.3359 40.02884
1202288704 116.33604 40.02869
1202289004 116.33605 40.02857
1202289304 116.33616 40.02863
1202289604 116.33594 40.02871
1202290204 116.33586 40.02872
1202290504 116.33598 40.02882
1202290803 116.3359 40.02874
1202291103 116.33585 40.02865
1202291103 116.33585 40.02865
1202291403 116.33592 40.02869
1202291703 116.33578 40.02882
1202292003 116.33567 40.02866
1202292303 116.33587 40.02871
1202292603 116.33563 40.02872
1202292903 116.33581 40.02874
1202293203 116.33578 40.02868
1202293503 116.33595 40.02886
1202293803 116.33596 40.029
1202294103 116.33603 40.02903
1202294403 116.33611 40.02911
1202294703 116.3359 40.02913
1202295003 116.33581 40.02903
1202295303 116.3358 40.02883
1202295603 116.33585 40.02888
1202295903 116.33581 40.02883
1202296205 116.33588 40.02893
1202296803 116.33593 40.02872
1202297103 116.33599 40.02873
1202297403 116.33591 40.0287
1202297703 116.33591 40.02865
1202298003 116.33586 40.02871
1202298303 116.33591 40.02874
1202298603 116.33609 40.02887
1202298903 116.33599 40.02871
1202299203 116.33602 40.02884
1202299503 116.33602 40.02881
1202299503 116.33602 40.02881
1202299803 116.33607 40.02876
1202300103 116.33609 40.02864
1202300403 116.33593 40.02852
1202300703 116.33598 40.02853
1202301003 116.3356 40.02847
1202301303 116.33559 40.0285
1202301603 116.33552 40.02854
1202301903 116.33555 40.02857
1202302203 116.33565 40.02842
1202302503 116.33569 40.02855
1202302803 116.33584 40.02857
1202303103 116.33583 40.02877
1202303403 116.33597 40.02872
1202303703 116.33583 40.02862
1202304003 116.3358 40.02867
1202304302 116.33582 40.0287
1202304602 116.33578 40.02877
1202304902 116.33591 40.02855
1202305202 116.3359 40.02851
1202305502 116.33581 40.02862
1202305802 116.33581 40.02846
1202306102 116.33579 40.02842
1202306402 116.33573 40.02828
1202307002 116.33572 40.02828
1202307302 116.3358 40.02841
1202307602 116.33582 40.02845
1202307902 116.3358 40.02847
1202308202 116.33569 40.02835
1202308502 116.33595 40.0285
1202308502 116.33595 40.0285
1202308802 116.33614 40.0287
1202309102 116.33618 40.02868
1202309402 116.33605 40.02875
1202309702 116.33592 40.02884
1202310002 116.33588 40.02877
1202310302 116.33586 40.02875
1202310602 116.33582 40.0287
1202310902 116.33569 40.02875
1202311202 116.33564 40.02837
1202311502 116.33586 40.02861
1202311802 116.33649 40.02945
1202312102 116.34565 40.01759
1202312402 116.33561 39.99948
1202312702 116.32603 39.99369
1202313002 116.32602 39.99369
1202313302 116.31513 39.98463
1202313602 116.31203 39.97265
1202313902 116.30224 39.97431
1202314202 116.30221 39.97428
1202314502 116.30226 39.97429
1202314802 116.30226 39.97425
1202315102 116.30228 39.97422
1202315702 116.30225 39.97425
1202316002 116.30229 39.97428
1202316002 116.30229 39.97428
1202316302 116.3023 39.97429
1202316602 116.30225 39.97423
1202316902 116.30224 39.97424
1202317201 116.30224 39.97425
1202317201 116.30224 39.97425
1202317501 116.30225 39.9742
1202317801 116.30226 39.97413
1202318101 116.30229 39.97425
1202318701 116.30226 39.97421
1202319001 116.3023 39.97426
1202319301 116.30232 39.97428
1202319601 116.3023 39.97428
1202319901 116.30228 39.97427
1202320501 116.30226 39.97423
1202320801 116.30221 39.97423
1202321101 116.30225 39.97423
1202321401 116.30225 39.97416
1202321701 116.30227 39.97423
1202322001 116.30226 39.97421
1202322301 116.30221 39.97431
1202322601 116.30223 39.97424
1202322901 116.30224 39.97424
1202323201 116.30224 39.97424
1202323501 116.30221 39.97428
1202323801 116.30228 39.97421
1202324101 116.30224 39.97425
1202324401 116.30224 39.97424
1202324701 116.30222 39.97427
1202324701 116.30222 39.97427
1202325001 116.30223 39.97424
1202325301 116.30225 39.97421
1202325601 116.30227 39.97417
1202325901 116.30227 39.97418
1202325901 116.30227 39.97418
1202326201 116.30224 39.97426
1202326501 116.30224 39.97426
1202326801 116.30227 39.97429
1202327101 116.30225 39.97429
1202327401 116.30227 39.97428
1202327701 116.30226 39.97427
1202328001 116.30227 39.97432
1202328301 116.30226 39.97431
1202328601 116.30227 39.97425
1202328901 116.30218 39.97441
1202329201 116.30219 39.97448
1202329501 116.302 39.97467
1202329801 116.30208 39.97465
1202330101 116.30213 39.97453
1202330400 116.30217 39.97444
1202330700 116.30221 39.97438
1202331000 116.30223 39.97434
1202331300 116.30222 39.9743
1202331600 116.30218 39.97429
1202331900 116.3022 39.97427
1202332200 116.30223 39.97431
1202332500 116.30226 39.97423
1202332800 116.30231 39.97423
1202333100 116.30225 39.97422
1202333400 116.30222 39.97426
1202333700 116.30226 39.9742
1202334000 116.30225 39.97432
1202334300 116.30221 39.97442
1202334600 116.30224 39.97434
1202334600 116.30224 39.97434
1202335200 116.30223 39.97434
1202335500 116.30223 39.9744
1202336100 116.30223 39.97439
1202336400 116.30225 39.97438
1202336700 116.30227 39.97433
1202337000 116.30224 39.97436
1202337300 116.30226 39.97425
1202337600 116.30226 39.97428
1202337900 116.30226 39.97431
1202338200 116.30225 39.97429
1202338500 116.30227 39.97427
1202338800 116.30224 39.97424
1202339100 116.30227 39.97429
1202339400 116.30229 39.97428
1202339700 116.30225 39.97421
1202340000 116.30225 39.97426
1202340300 116.30226 39.97428
1202340600 116.30229 39.97425
1202340900 116.3023 39.9743
1202341200 116.30228 39.97424
1202341500 116.3023 39.97424
1202341800 116.30234 39.97434
1202342100 116.30228 39.97427
1202342400 116.30236 39.97426
1202342700 116.30227 39.97429
1202343000 116.30229 39.97422
1202343300 116.30226 39.97419
1202343300 116.30226 39.97419
1202343599 116.3023 39.97426
1202343899 116.30223 39.97423
1202344199 116.30228 39.97423
1202344499 116.30229 39.97427
1202344799 116.30228 39.97424
1202345099 116.30225 39.9743
1202345399 116.30226 39.97418
1202345699 116.30226 39.97419
1202345999 116.30222 39.97421
1202346299 116.30225 39.97417
1202346599 116.30226 39.97415
1202346899 116.30221 39.9742
1202347199 116.30225 39.97411
1202347499 116.30224 39.97412
1202347799 116.31137 39.97498
1202348099 116.32811 39.98446
1202348399 116.3467 40.00011
1202349299 116.34179 40.02472
1202349599 116.34178 40.02473
1202350499 116.34177 40.02472
1202350799 116.34178 40.02471
1202351099 116.3418 40.02471
1202351399 116.34181 40.02473
1202351699 116.34183 40.02477
1202351999 116.34182 40.02473
1202351999 116.34182 40.02473
1202352299 116.3418 40.02472
1202352599 116.34181 40.02474
1202352899 116.3418 40.02475
1202353199 116.34181 40.02472
1202353499 116.34181 40.02473
1202353799 116.34179 40.02475
1202354099 116.34183 40.02474
1202354399 116.3418 40.02474
1202354699 116.34179 40.02475
1202354999 116.34179 40.02479
1202355299 116.34181 40.02477
1202355599 116.34177 40.02478
1202355899 116.34179 40.02475
1202356199 116.3418 40.02475
1202356498 116.34179 40.02473
1202356798 116.34178 40.02473
1202357698 116.34178 40.02475
1202357998 116.34177 40.02475
1202358298 116.34176 40.02475
1202358898 116.34177 40.02473
1202359198 116.3418 40.02474
1202359798 116.34177 40.02473
1202360098 116.34177 40.02472
1202360398 116.34179 40.02473
1202360698 116.34181 40.02471
1202360698 116.34181 40.02471
1202360998 116.3418 40.02471
1202361298 116.34178 40.02471
1202361598 116.34179 40.0247
1202361898 116.34177 40.0247
1202362198 116.34179 40.02469
1202362498 116.34179 40.02471
1202362798 116.34179 40.02473
1202362798 116.34179 40.02473
1202363098 116.3418 40.02471
1202363398 116.3418 40.02472
1202363698 116.34178 40.02473
1202363998 116.34178 40.02472
1202364298 116.34177 40.02473
1202364598 116.34178 40.02472
1202364898 116.34179 40.02471
1202365198 116.34181 40.02468
1202365498 116.34031 40.03142
1202365798 116.3272 40.04904
1202366098 116.33481 40.02947
1202366398 116.33557 40.02865
1202366698 116.33554 40.02869
1202366998 116.33554 40.02864
1202367298 116.33554 40.02875
1202367598 116.33544 40.02865
1202367898 116.3354 40.02863
1202368198 116.33546 40.02866
1202368498 116.33543 40.02865
1202368798 116.33535 40.02876
1202369098 116.33546 40.02868
1202369398 116.33546 40.02876
1202369398 116.33546 40.02876
1202369698 116.33548 40.0287
1202369998 116.3355 40.0288
1202370297 116.33547 40.02884
1202370597 116.33551 40.02871
1202370897 116.33555 40.02877
1202371197 116.33555 40.02875
1202371497 116.33552 40.02872
1202371797 116.33553 40.02877
1202372097 116.33551 40.02875
1202372397 116.33558 40.02873
1202372697 116.33561 40.02862
1202372997 116.33558 40.02871
1202373297 116.3356 40.02863
1202373597 116.33552 40.02868
1202373897 116.33551 40.0287
1202374197 116.33549 40.02872
1202374497 116.33555 40.02875
1202374797 116.33557 40.02867
1202375097 116.33558 40.02864
1202375397 116.33557 40.02858
1202375697 116.3356 40.02865
1202376297 116.33557 40.02866
1202376597 116.33558 40.02881
1202376897 116.33557 40.02881
1202377497 116.33554 40.02867
1202377797 116.3355 40.02873
1202378097 116.33554 40.02877
1202378097 116.33554 40.02877
1202378397 116.33555 40.02873
1202378697 116.33555 40.02871
1202378997 116.33552 40.02878
1202379297 116.3354 40.02876
1202379597 116.33541 40.0288
1202379897 116.33571 40.02892
1202380197 116.33575 40.02898
1202380497 116.33567 40.02898
1202380797 116.33561 40.02894
1202381097 116.33559 40.02898
1202381397 116.33556 40.0289
1202381697 116.33559 40.02892
1202381997 116.33555 40.0289
1202382297 116.33556 40.0288
1202382897 116.33557 40.02877
1202383197 116.33567 40.02883
1202383496 116.33562 40.02871
1202383796 116.33556 40.02868
1202384096 116.3356 40.0287
1202384396 116.33565 40.02869
1202384696 116.33565 40.02871
1202384996 116.33567 40.02869
1202385296 116.33572 40.02871
1202385896 116.33568 40.0287
1202386796 116.33564 40.0286
1202386796 116.33564 40.0286
1202387096 116.33562 40.02857
1202387696 116.33579 40.02841
1202387996 116.3357 40.02842
1202388296 116.33589 40.02808
1202388596 116.33575 40.02838
1202388896 116.33571 40.02846
1202389196 116.3356 40.02876
1202389496 116.33549 40.0288
1202389796 116.33542 40.02886
1202390096 116.33546 40.0287
1202390396 116.33544 40.02882
1202390696 116.33546 40.02869
1202390996 116.33543 40.02877
1202391296 116.33549 40.02868
1202391596 116.33556 40.02844
1202391896 116.33465 40.02861
1202392196 116.33783 40.02922
1202392496 116.34362 40.02819
1202392796 116.3601 40.03335
1202393096 116.3601 40.03336
1202393114 116.36009 40.03337
1202393396 116.36005 40.03337
1202393696 116.36003 40.03329
1202393996 116.36015 40.03341
1202394296 116.3601 40.03333
1202394596 116.36005 40.03332
1202394896 116.35983 40.03326
1202395196 116.34385 40.02833
1202395496 116.34162 40.02501
1202395496 116.34162 40.02501
1202395796 116.34161 40.025
1202396095 116.34161 40.02498
1202396395 116.34161 40.02501
1202396695 116.34161 40.02501
1202396995 116.34162 40.025
1202397295 116.34162 40.025
1202397595 116.34158 40.02505
1202397895 116.34159 40.02503
1202398195 116.34159 40.02502
1202398495 116.34159 40.02502
1202398795 116.33626 40.02879
1202399095 116.33919 40.0262
1202399395 116.34162 40.02502
1202399695 116.34099 40.02536
1202399995 116.33455 40.02848
1202400295 116.33549 40.02864
1202400595 116.33551 40.02853
1202400895 116.3355 40.02852
1202401195 116.33548 40.02853
1202401495 116.33538 40.02886
1202401795 116.33538 40.02899
1202402095 116.33538 40.02884
1202402395 116.33544 40.02871
1202402695 116.33548 40.02868
1202402995 116.33554 40.02881
1202403295 116.33549 40.02875
1202403595 116.3356 40.02889
1202403895 116.33554 40.02882
1202404195 116.33558 40.02882
1202404195 116.33558 40.02882
1202404495 116.33564 40.02892
1202404795 116.33563 40.02891
1202405095 116.33549 40.02869
1202405398 116.33554 40.02885
1202405695 116.33563 40.02886
1202405995 116.33553 40.02875
1202406295 116.33542 40.02856
1202406595 116.33544 40.02863
1202406895 116.33557 40.02884
1202407195 116.33549 40.02878
1202407495 116.33543 40.02869
1202407795 116.33545 40.02874
1202408095 116.3354 40.02864
1202408395 116.3354 40.02868
1202408695 116.33541 40.02865
1202408995 116.33546 40.02861
1202409295 116.33544 40.02865
1202409594 116.33549 40.02863
1202409894 116.3355 40.02862
1202409894 116.3355 40.02862
1202410194 116.33545 40.02866
1202410494 116.33539 40.02869
1202410794 116.33543 40.02869
1202411094 116.33543 40.02867
1202411394 116.33549 40.02871
1202411694 116.33545 40.02871
1202411994 116.33545 40.02873
1202412294 116.33534 40.02873
1202412594 116.33625 40.02948
1202412894 116.34165 40.02476
1202412894 116.34165 40.02476
1202413194 116.34167 40.02478
1202413494 116.34166 40.02481
1202413794 116.34167 40.0248
1202414094 116.34167 40.02479
1202414394 116.34164 40.02479
1202414694 116.34167 40.02481
1202414994 116.34168 40.02479
1202415294 116.34168 40.02478
1202415594 116.34166 40.02479
1202415894 116.34165 40.0248
1202416194 116.34166 40.0248
1202416494 116.34165 40.02479
1202416794 116.34166 40.02478
1202417094 116.34164 40.02479
1202417394 116.34165 40.02479
1202417694 116.34164 40.02478
1202417994 116.34163 40.02481
1202418294 116.34165 40.02479
1202418594 116.34167 40.02477
1202418894 116.34165 40.0248
1202419194 116.34167 40.0248
1202419494 116.34167 40.0248
1202419794 116.34167 40.02479
1202420094 116.34165 40.02479
1202420394 116.34166 40.02477
1202420694 116.34166 40.02477
1202420994 116.34166 40.0248
1202421294 116.34166 40.02479
1202421594 116.34165 40.02478
1202421594 116.34165 40.02478
1202421894 116.34168 40.0248
1202422194 116.34167 40.02479
1202422493 116.34167 40.02479
1202422793 116.34167 40.02482
1202423093 116.34167 40.02477
1202423393 116.34166 40.02479
1202423693 116.34168 40.02479
1202423993 116.34168 40.02482
1202424293 116.34168 40.02481
1202424593 116.34167 40.02479
1202424893 116.34166 40.02477
1202425193 116.34167 40.02476
1202425493 116.34166 40.02475
1202425793 116.34166 40.02476
1202426093 116.34166 40.02478
1202426393 116.34165 40.02475
1202426693 116.34166 40.02473
1202426993 116.34164 40.02475
1202427293 116.34164 40.02477
1202427593 116.34164 40.02475
1202427893 116.34165 40.02475
1202428193 116.34164 40.02477
1202428493 116.34164 40.02477
1202428793 116.34165 40.02477
1202429093 116.34166 40.02475
1202429393 116.34165 40.02476
1202429693 116.34166 40.02476
1202429993 116.34166 40.02475
1202430293 116.34165 40.02475
1202430293 116.34165 40.02475
1202430593 116.34166 40.02474
1202430893 116.34167 40.02474
1202431193 116.34166 40.02477
1202431493 116.34164 40.02479
1202431793 116.34165 40.02477
1202432093 116.34165 40.02477
1202432393 116.34164 40.02477
1202432693 116.34161 40.02477
1202432993 116.34164 40.02476
1202433293 116.34162 40.02477
1202433593 116.34162 40.02478
1202433893 116.34161 40.02476
1202434193 116.34164 40.02477
1202434493 116.34161 40.02479
1202434793 116.34163 40.0248
1202435093 116.34163 40.02479
1202435393 116.34166 40.02477
1202435692 116.34168 40.02475
1202435992 116.34166 40.02477
1202437492 116.34167 40.02476
1202438992 116.34167 40.02477
1202438992 116.34167 40.02477
1202439292 116.34166 40.02479
1202439592 116.34168 40.02478
1202439892 116.34168 40.02478
1202440192 116.34168 40.02479
1202440492 116.34168 40.02479
1202440792 116.34196 40.0244
1202441092 116.33552 40.02872
1202441392 116.3355 40.02868
1202441692 116.33546 40.02869
1202441992 116.3355 40.02871
1202442292 116.33549 40.0287
1202442592 116.33549 40.02873
1202442892 116.33548 40.02874
1202443192 116.33548 40.02868
1202443792 116.33547 40.02882
1202444092 116.33555 40.02883
1202444392 116.33559 40.02883
1202444692 116.33563 40.02883
1202444992 116.33556 40.02874
1202445292 116.33551 40.02884
1202445592 116.33556 40.0289
1202445892 116.33544 40.02883
1202446192 116.33552 40.02875
1202446492 116.33552 40.02869
1202446792 116.33546 40.02861
1202447092 116.33553 40.0287
1202447392 116.33557 40.02873
1202447692 116.33558 40.02871
1202447692 116.33558 40.02871
1202447992 116.33536 40.02876
1202448292 116.33531 40.02876
1202448592 116.33534 40.02878
1202448892 116.33535 40.02871
1202449191 116.33535 40.02874
1202449491 116.33535 40.02873
1202449791 116.3354 40.02866
1202450091 116.33546 40.02879
1202450391 116.33548 40.02871
1202450691 116.3355 40.02877
1202450991 116.33545 40.02879
1202451291 116.33547 40.02878
1202451591 116.33549 40.02873
1202451891 116.33544 40.02875
1202452191 116.33548 40.02877
1202452491 116.33547 40.02877
1202452791 116.33548 40.02867
1202453091 116.33551 40.02876
1202453391 116.3355 40.02876
1202453691 116.33538 40.02878
1202453991 116.33536 40.02874
1202454291 116.33541 40.02868
1202454591 116.33543 40.02873
1202454891 116.33549 40.02862
1202455191 116.33548 40.02882
1202455491 116.33546 40.0287
1202455791 116.33544 40.02886
1202456091 116.33548 40.02881
1202456391 116.33554 40.02863
1202456391 116.33554 40.02863
1202456691 116.33548 40.02872
1202456991 116.33548 40.02879
1202457291 116.33548 40.02871
1202457591 116.33553 40.02885
1202457891 116.33548 40.02874
1202458191 116.33549 40.0287
1202458491 116.33556 40.02865
1202458791 116.3356 40.02861
1202459091 116.33556 40.0287
1202459391 116.33548 40.02871
1202459691 116.33554 40.02872
1202459991 116.33557 40.02871
1202460294 116.33548 40.02882
1202460591 116.33548 40.02873
1202460891 116.33548 40.02881
1202461191 116.33551 40.02872
1202461491 116.33549 40.02867
1202461791 116.33548 40.02871
1202462091 116.3355 40.02865
1202462391 116.33553 40.02873
1202462690 116.33549 40.02882
1202462690 116.33549 40.02882
1202462990 116.33553 40.02884
1202463290 116.33556 40.02878
1202463590 116.33552 40.02882
1202463890 116.33554 40.02866
1202464190 116.3355 40.02871
1202464490 116.33549 40.02868
1202464790 116.33551 40.02868
1202465090 116.33546 40.0287
1202465090 116.33546 40.0287
1202465390 116.33539 40.02888
1202465390 116.33539 40.02888
1202465690 116.33536 40.0288
1202465990 116.33536 40.0288
1202466290 116.3355 40.02894
1202466590 116.33574 40.02904
1202466890 116.33565 40.02897
1202467190 116.33563 40.02904
1202467490 116.3355 40.02893
1202467790 116.33551 40.02896
1202468090 116.3355 40.02901
1202468390 116.33553 40.02894
1202468690 116.33552 40.02891
1202468990 116.3355 40.02881
1202469290 116.33551 40.02874
1202469590 116.33566 40.02874
1202469890 116.33565 40.02871
1202470190 116.33557 40.02865
1202470490 116.33563 40.02873
1202470790 116.33558 40.02873
1202471090 116.33562 40.0287
1202471390 116.33556 40.02874
1202471690 116.33564 40.02873
1202471990 116.33564 40.02878
1202472290 116.3356 40.02867
1202472590 116.33549 40.02868
1202472890 116.33556 40.02863
1202473190 116.33555 40.02867
1202473190 116.33555 40.02867
1202473190 116.33555 40.02867
1202473490 116.33553 40.02867
1202473790 116.33557 40.02861
1202473790 116.33557 40.02861
1202474090 116.33565 40.02865
1202474390 116.33596 40.028
1202474690 116.33565 40.02857
1202474990 116.33564 40.02868
1202475290 116.33565 40.02869
1202475590 116.33557 40.02867
1202475889 116.33546 40.02869
1202476189 116.33547 40.02869
1202476489 116.33706 40.02942
1202476789 116.34599 40.0115
1202477089 116.34727 39.98448
1202477389 116.32632 39.97523
1202477689 116.31936 39.96662
1202477989 116.3195 39.96695
1202478289 116.31959 39.967
1202478589 116.31956 39.96697
1202478889 116.31947 39.96692
1202479189 116.31947 39.96692
1202479489 116.31954 39.96697
1202479517 116.31953 39.96696
1202479789 116.31941 39.96696
1202480089 116.3194 39.96698
1202480389 116.31949 39.9669
1202480689 116.31952 39.96696
1202480989 116.31957 39.96703
1202481289 116.31957 39.96698
1202481589 116.31955 39.96696
1202481889 116.31956 39.96695
1202482189 116.31953 39.96696
1202482489 116.31949 39.96695
1202482489 116.31949 39.96695
1202482789 116.31907 39.97471
1202482789 116.31907 39.97471
1202483089 116.30212 39.97434
1202483389 116.30222 39.97431
1202483689 116.30221 39.97431
1202483989 116.30223 39.97425
1202484289 116.30219 39.97425
1202484589 116.30224 39.97424
1202484889 116.30223 39.97428
1202485189 116.3022 39.97422
1202485489 116.3022 39.97429
1202485789 116.30223 39.97429
1202486089 116.30222 39.97439
1202486389 116.30223 39.97431
1202486689 116.30223 39.97424
1202486989 116.30226 39.97431
1202487289 116.31152 39.97468
1202487589 116.33918 39.97509
1202487889 116.34703 39.99273
1202488189 116.346 40.01382
1202488488 116.34079 40.02645
1202488788 116.33538 40.03518
1202489088 116.33552 40.02865
1202489442 116.33564 40.02869
1202489742 116.33572 40.02886
1202489742 116.33572 40.02886
1202490042 116.33581 40.02897
1202490342 116.33571 40.02887
1202490642 116.3357 40.02885
1202490942 116.33574 40.0289
1202491242 116.33568 40.02884
1202491542 116.33576 40.02884
1202491842 116.33581 40.0289
1202492142 116.33564 40.02866
