UTS Latitude Longitude
1201959438 116.41782 39.98707
1201959738 116.40009 39.987
1201960038 116.41536 39.98688
1201960338 116.40452 39.98193
1201960638 116.40484 39.97657
1201960937 116.41103 39.98399
1201961237 116.4119 39.98211
1201961537 116.39708 39.96758
1201961837 116.37312 39.96064
1201962137 116.36864 39.9555
1201962437 116.37332 39.95892
1201962737 116.3768 39.95554
1201963037 116.37975 39.96276
1201963337 116.36796 39.96699
1201963637 116.36475 39.95685
1201963937 116.35148 39.94306
1201964237 116.34976 39.9284
1201964537 116.33827 39.92466
1201964837 116.33796 39.9305
1201965437 116.35563 39.93693
1201965737 116.36175 39.93166
1201966037 116.38594 39.93202
1201966337 116.39646 39.92044
1201966637 116.4047 39.92028
1201966937 116.4028 39.93088
1201967237 116.4022 39.94477
1201967537 116.41918 39.94938
1201967837 116.4187 39.9635
1201968437 116.41432 39.98234
1201968737 116.4162 39.98729
1201969337 116.43381 39.96566
1201969637 116.42995 39.96033
1201969937 116.41874 39.96722
1201970241 116.42621 39.97545
1201970537 116.43162 39.96692
1201970837 116.45159 39.95151
1201971137 116.45067 39.95431
1201971737 116.44307 39.96333
1201972037 116.4394 39.96764
1201972322 116.45754 39.95664
1201972338 116.45754 39.95664
1201972638 116.41874 39.96057
1201972938 116.41879 39.95525
1201973237 116.41891 39.95205
1201973537 116.41874 39.94954
1201973837 116.42308 39.94804
1201973837 116.42308 39.94804
1201974137 116.42783 39.92432
1201974737 116.4288 39.91185
1201975337 116.40114 39.89948
1201975637 116.39172 39.89884
1201975937 116.37908 39.89878
1201976237 116.38444 39.89884
1201976537 116.39983 39.89929
1201977137 116.41495 39.873
1201977437 116.41537 39.86459
1201977736 116.42704 39.86442
1201978036 116.4211 39.85703
1201978336 116.41134 39.85581
1201978636 116.39384 39.85312
1201978936 116.39453 39.85774
1201979236 116.39446 39.86021
1201979536 116.39447 39.86022
1201979836 116.39365 39.86835
1201980136 116.39592 39.8857
1201980436 116.40631 39.89153
1201980736 116.40592 39.89906
1201981036 116.40535 39.90592
1201981336 116.40656 39.90735
1201981636 116.41861 39.90596
1201981636 116.41861 39.90596
1201981636 116.41861 39.90596
1201981936 116.43422 39.90702
1201982236 116.45884 39.90696
1201993698 116.44853 39.97948
1201993998 116.42476 39.98004
1201994297 116.42851 39.98373
1201994597 116.41831 39.98226
1201994897 116.41806 39.97935
1201995197 116.43928 39.98498
1201995497 116.45423 39.98844
1201995796 116.43922 39.98578
1201996696 116.4189 39.95835
1201996996 116.42634 39.94758
1201997296 116.42868 39.90834
1201997596 116.43436 39.9035
1201997896 116.43447 39.91198
1201998196 116.43469 39.91202
1201998196 116.43469 39.91202
1201998496 116.42103 39.90479
1201998796 116.41472 39.90072
1201999096 116.41084 39.89998
1201999396 116.39396 39.89898
1201999696 116.37043 39.89849
1201999996 116.36001 39.8983
1202000296 116.31027 39.89586
1202000596 116.26724 39.89733
1202001196 116.2816 39.92276
1202001496 116.30818 39.92672
1202001796 116.32692 39.93486
1202002096 116.34488 39.93842
1202002396 116.33743 39.96072
1202002696 116.34224 39.9543
1202002996 116.3472 39.95658
1202003296 116.35042 39.9097
1202003596 116.3168 39.89601
1202003896 116.33034 39.91253
1202004196 116.34987 39.92205
1202005096 116.36814 39.96646
1202005396 116.39635 39.96212
1202006296 116.4367 39.94644
1202006896 116.43653 39.94635
1202006896 116.43653 39.94635
1202007196 116.43657 39.94637
1202007496 116.43659 39.94639
1202007796 116.43661 39.9464
1202008096 116.42473 39.95822
1202008396 116.40638 39.9597
1202008696 116.4077 39.96058
1202008996 116.44535 39.95824
1202009296 116.45477 39.91227
1202010796 116.43998 39.94508
1202011096 116.44001 39.94509
1202011396 116.44001 39.9451
1202011696 116.44 39.9451
1202011996 116.44 39.94511
1202012296 116.44 39.94514
1202012596 116.44004 39.94516
1202012895 116.44002 39.94521
1202013195 116.44002 39.94522
1202013495 116.44 39.94546
1202013795 116.43999 39.94539
1202014095 116.43999 39.94531
1202014395 116.43999 39.94533
1202014695 116.43998 39.94534
1202014995 116.43998 39.94533
1202015295 116.43999 39.94532
1202015595 116.43994 39.94514
1202015595 116.43994 39.94514
1202015895 116.44 39.9452
1202016195 116.44035 39.94527
1202016495 116.43988 39.94538
1202016795 116.43987 39.94511
1202017095 116.43939 39.9456
1202017395 116.44048 39.94465
1202017695 116.44005 39.945
1202018295 116.44004 39.94526
1202018595 116.4397 39.94534
1202018895 116.43995 39.94531
1202019495 116.43999 39.94474
1202019795 116.43985 39.94505
1202020095 116.4398 39.94479
1202020395 116.43995 39.94534
1202020695 116.44015 39.94524
1202020995 116.44004 39.94541
1202021295 116.44001 39.94537
1202021595 116.44001 39.94534
1202021895 116.43997 39.94526
1202022195 116.43998 39.94529
1202022495 116.43996 39.94527
1202023095 116.43997 39.9453
1202023395 116.43996 39.9453
1202023695 116.43987 39.94565
1202023995 116.43985 39.94577
1202024895 116.41057 39.94125
1202025195 116.41039 39.94714
1202025795 116.41267 39.95032
1202026095 116.41269 39.95031
1202026395 116.419 39.95551
1202026695 116.41779 39.94844
1202027295 116.32002 39.93769
1202027895 116.31825 39.96572
1202028195 116.33089 39.9665
1202028495 116.36234 39.96623
1202028795 116.37468 39.9754
1202029394 116.38039 39.9618
1202029994 116.40557 39.96685
1202031194 116.41839 39.97926
1202031494 116.40119 39.97772
1202032094 116.35256 39.96632
1202032694 116.29072 39.94578
1202032994 116.25922 39.94572
1202032994 116.25922 39.94572
1202033294 116.22153 39.95368
1202033894 116.19931 39.94294
1202034194 116.22768 39.95372
1202034494 116.25632 39.94557
1202034794 116.26924 39.95253
1202035094 116.27461 39.97147
1202035394 116.30885 39.98353
1202035694 116.32547 39.99163
1202035994 116.34588 39.99211
1202036294 116.36292 40.00006
1202036594 116.37681 40.00183
1202037194 116.42754 40.00732
1202037494 116.46093 40.00727
1202037794 116.48614 40.00724
1202038094 116.48786 40.00867
1202038394 116.50069 40.02246
1202038694 116.50017 40.02307
1202038994 116.51566 40.03329
1202039294 116.5157 40.03326
1202039594 116.52214 40.0336
1202039894 116.52222 40.03355
1202040194 116.52221 40.03358
1202040494 116.51565 40.03324
1202040794 116.51562 40.03326
1202041094 116.51577 40.03352
1202041994 116.51582 40.03335
1202042294 116.51583 40.03335
1202042594 116.51583 40.03335
1202042894 116.51582 40.03334
1202043194 116.51581 40.03334
1202043494 116.51581 40.03334
1202043794 116.51617 40.03334
1202044094 116.51619 40.03331
1202044394 116.51619 40.03334
1202044694 116.51618 40.03332
1202044994 116.5146 40.03242
1202045293 116.51676 40.03187
1202045593 116.51672 40.03187
1202045893 116.51671 40.03186
1202046193 116.51417 40.03148
1202046493 116.51042 40.03209
1202046793 116.51485 40.02337
1202047093 116.57323 40.04123
1202047393 116.58671 40.07762
1202047693 116.58044 40.0766
1202047993 116.57161 40.06328
1202048293 116.54744 40.0622
1202048593 116.52169 40.03379
1202048893 116.50542 40.02373
1202049193 116.4895 40.0087
1202049493 116.47236 40.00402
1202050093 116.4669 39.99742
1202050393 116.46722 39.99704
1202050393 116.46722 39.99704
1202050693 116.46641 39.9969
1202050693 116.46641 39.9969
1202050993 116.46651 39.99382
1202051293 116.46168 39.97834
1202051593 116.46022 39.95834
1202051893 116.46212 39.95375
1202052193 116.45523 39.94411
1202052493 116.45495 39.91004
1202052793 116.42779 39.90721
1202053093 116.41234 39.90705
1202053393 116.40685 39.90835
1202053693 116.41144 39.90909
1202053993 116.42992 39.90712
1202054293 116.45586 39.91243
1202054593 116.45575 39.93429
1202054893 116.45637 39.95519
1202055492 116.45563 39.95488
1202055793 116.45484 39.95364
1202056093 116.45553 39.93735
1202056393 116.45577 39.92188
1202056693 116.44932 39.9059
1202056993 116.43036 39.90726
1202057593 116.40756 39.90984
1202057891 116.46413 39.89208
1202058139 116.46031 39.97919
1202058194 116.40075 39.9067
1202058494 116.39072 39.90638
1202058794 116.37668 39.90584
1202059093 116.35371 39.91008
1202059093 116.35371 39.91008
1202059393 116.35468 39.91032
1202059393 116.35468 39.91032
1202059693 116.35016 39.92182
1202060293 116.36469 39.95912
1202060593 116.36225 39.96546
1202060893 116.36489 39.9551
1202061193 116.36509 39.9513
1202061493 116.36272 39.94671
1202061793 116.35079 39.94289
1202062093 116.34337 39.93567
1202062393 116.34662 39.93668
1202062692 116.35599 39.93097
1202062992 116.37256 39.93148
1202063292 116.39799 39.93207
1202063592 116.41049 39.93216
1202063892 116.42677 39.93209
1202064192 116.4441 39.93096
1202064492 116.44416 39.92252
1202065092 116.48746 39.91428
1202065392 116.51195 39.91524
1202065692 116.51788 39.91602
1202065992 116.52146 39.91586
1202066292 116.54358 39.91486
1202066592 116.53733 39.90982
1202066892 116.50036 39.90675
1202067192 116.45523 39.9059
1202067492 116.45509 39.89786
1202067792 116.46957 39.89181
1202068092 116.47552 39.8781
1202068092 116.47552 39.8781
1202068392 116.48474 39.89166
1202068692 116.52125 39.89178
1202068992 116.52141 39.89176
1202069292 116.52141 39.89175
1202069592 116.52106 39.89258
1202069892 116.52106 39.89259
1202070192 116.52105 39.89261
1202070492 116.52139 39.8918
1202070792 116.52487 39.89252
1202071092 116.52487 39.89253
1202071392 116.52488 39.89254
1202071692 116.52489 39.89254
1202071992 116.52488 39.89253
1202072292 116.52488 39.89252
1202072592 116.52489 39.89252
1202073192 116.52489 39.89251
1202073492 116.52489 39.8925
1202073792 116.5249 39.8925
1202074392 116.52489 39.8925
1202074692 116.52488 39.8925
1202074992 116.52488 39.89249
1202075592 116.52488 39.89249
1202075892 116.52488 39.89249
1202076192 116.52484 39.89207
1202076492 116.52494 39.8924
1202076792 116.52492 39.89239
1202076792 116.52492 39.89239
1202077092 116.5249 39.8924
1202077392 116.52489 39.89241
1202077692 116.52489 39.89241
1202077992 116.52489 39.89241
1202078292 116.52488 39.89241
1202078592 116.52488 39.89241
1202078892 116.52488 39.89241
1202079192 116.52491 39.89235
1202079491 116.52492 39.89255
1202079791 116.52491 39.89257
1202080091 116.5249 39.89256
1202080391 116.52488 39.89255
1202080991 116.52486 39.89253
1202081291 116.52485 39.89252
1202081591 116.52485 39.89252
1202081891 116.52485 39.89251
1202082191 116.52485 39.89252
1202082491 116.52485 39.89252
1202082791 116.52484 39.89252
1202083091 116.52484 39.89252
1202083391 116.52484 39.89252
1202083691 116.52484 39.89252
1202083991 116.52484 39.89251
1202084291 116.52484 39.89251
1202084591 116.52484 39.89251
1202084891 116.52484 39.89251
1202085191 116.52484 39.89251
1202085491 116.52484 39.8925
1202085491 116.52484 39.8925
1202086091 116.52484 39.8925
1202086391 116.52484 39.8925
1202086691 116.52484 39.8925
1202086991 116.52485 39.8925
1202087291 116.52485 39.8925
1202087591 116.52485 39.8925
1202087891 116.52485 39.8925
1202088191 116.52485 39.8925
1202088491 116.52485 39.8925
1202088791 116.52485 39.8925
1202089091 116.52485 39.8925
1202089391 116.52485 39.89249
1202089691 116.52485 39.89249
1202089991 116.52485 39.89249
1202090291 116.52485 39.89249
1202090591 116.52485 39.89249
1202091191 116.52485 39.89249
1202091491 116.52485 39.89249
1202091791 116.52485 39.89249
1202092091 116.52485 39.89249
1202092391 116.52485 39.89249
1202092691 116.52484 39.89249
1202092991 116.52484 39.89249
1202093291 116.52484 39.89249
1202093591 116.52484 39.89249
1202093891 116.52484 39.89249
1202094191 116.52484 39.89248
1202094191 116.52484 39.89248
1202094491 116.52484 39.89248
1202094791 116.52484 39.89248
1202095091 116.52484 39.89248
1202095391 116.52484 39.89248
1202095690 116.52484 39.89248
1202095990 116.52484 39.89248
1202096290 116.52484 39.89248
1202096590 116.52484 39.89248
1202096890 116.52484 39.89248
1202097190 116.52484 39.89248
1202097490 116.52484 39.89248
1202097790 116.52484 39.89248
1202098090 116.52484 39.89248
1202098390 116.52484 39.89248
1202098690 116.52484 39.89248
1202098990 116.52484 39.89248
1202099290 116.52484 39.89248
1202099590 116.52484 39.89248
1202099890 116.52484 39.89248
1202100490 116.52484 39.89248
1202100790 116.52484 39.89248
1202101090 116.52484 39.89248
1202101390 116.52484 39.89248
1202101690 116.52484 39.89248
1202101990 116.52485 39.89248
1202102290 116.52485 39.89248
1202102590 116.52485 39.89249
1202102890 116.52484 39.89249
1202102890 116.52484 39.89249
1202103190 116.52484 39.89249
1202103790 116.52484 39.89249
1202104090 116.52485 39.89249
1202104390 116.52485 39.89249
1202104690 116.52485 39.89249
1202105290 116.5248 39.89251
1202105590 116.5248 39.89251
1202105890 116.52481 39.89251
1202106190 116.52481 39.89251
1202106490 116.52483 39.8925
1202106790 116.52483 39.89249
1202107390 116.52485 39.89248
1202107690 116.52486 39.89248
1202107990 116.52486 39.89248
1202108290 116.52486 39.89248
1202108890 116.52487 39.89248
1202109190 116.52487 39.89248
1202109490 116.52487 39.89248
1202109790 116.52487 39.89248
1202110090 116.52486 39.89248
1202110390 116.52486 39.89248
1202110690 116.52486 39.89248
1202110990 116.52486 39.89248
1202111290 116.52486 39.89248
1202111590 116.52486 39.89248
1202111590 116.52486 39.89248
1202111890 116.52486 39.89249
1202112190 116.52486 39.89249
1202112489 116.52486 39.89249
1202112789 116.52486 39.89249
1202113089 116.52486 39.89249
1202113389 116.52486 39.89249
1202113689 116.52486 39.89249
1202113989 116.52486 39.89249
1202114289 116.52486 39.89249
1202114589 116.52486 39.89249
1202114889 116.52486 39.89249
1202115189 116.52486 39.89249
1202115489 116.52485 39.89249
1202115789 116.52485 39.89249
1202116089 116.52485 39.89249
1202116389 116.52485 39.89249
1202116689 116.52485 39.89249
1202116989 116.52486 39.89249
1202117289 116.52486 39.89249
1202117589 116.52486 39.89249
1202117889 116.52486 39.89248
1202118189 116.52486 39.89248
1202118489 116.52486 39.89248
1202118789 116.52486 39.89248
1202119089 116.51464 39.89194
1202119389 116.49042 39.89946
1202119689 116.47133 39.89045
1202119989 116.45552 39.88412
1202120289 116.43042 39.89988
1202120289 116.43042 39.89988
1202120589 116.43441 39.90468
1202120889 116.43773 39.90369
1202121189 116.44404 39.90475
1202121489 116.45625 39.90753
1202121789 116.45618 39.90764
1202122089 116.46371 39.9122
1202122389 116.4836 39.91425
1202122689 116.4956 39.92185
1202122989 116.496 39.93246
1202123289 116.4786 39.93233
1202123589 116.4559 39.93925
1202123889 116.43392 39.93971
1202125089 116.47304 39.97852
1202125389 116.51385 40.01815
1202125689 116.52252 40.02991
1202125989 116.52226 40.0304
1202126289 116.52226 40.03039
1202126589 116.52564 40.03793
1202126889 116.52564 40.03794
1202127189 116.52564 40.03793
1202127489 116.52564 40.03794
1202128089 116.4887 40.01705
1202128389 116.4816 40.00423
1202128689 116.4566 40.00086
1202128989 116.43727 39.98748
1202128989 116.43727 39.98748
1202129289 116.42174 39.99718
1202129589 116.41721 39.98871
1202129888 116.41847 39.97918
1202130188 116.41832 39.9792
1202130488 116.41813 39.97988
1202130788 116.40108 39.97584
1202131088 116.40121 39.96521
1202131388 116.4012 39.96211
1202131688 116.39584 39.96595
1202131988 116.40536 39.96741
1202132288 116.40088 39.96781
1202132588 116.39117 39.96778
1202132888 116.35856 39.96649
1202133188 116.32023 39.96635
1202133488 116.31917 39.97474
1202133788 116.33626 39.97499
1202134088 116.35569 39.98564
1202134388 116.41424 39.98732
1202134688 116.47295 39.9636
1202134988 116.48351 39.93266
1202135288 116.51119 39.93685
1202135588 116.5064 39.93086
1202135888 116.51109 39.92744
1202136188 116.48614 39.92189
1202136488 116.47156 39.92973
1202136788 116.45592 39.92804
1202137088 116.44471 39.93245
1202137388 116.43497 39.92871
1202137688 116.43843 39.93926
1202137688 116.43843 39.93926
1202137988 116.42425 39.94326
1202138588 116.40253 39.93298
1202139188 116.37727 39.94536
1202139488 116.37622 39.95001
1202139788 116.38897 39.95928
1202140088 116.42487 39.96773
1202140688 116.47227 40.00498
1202140988 116.47259 40.00146
1202141288 116.46111 39.98968
1202141588 116.45277 39.98367
1202141888 116.43419 39.96595
1202142188 116.38373 39.96688
1202142488 116.34578 39.96637
1202142788 116.32471 39.96612
1202143088 116.30361 39.94758
1202143388 116.30405 39.91141
1202143688 116.31298 39.90606
1202143988 116.31529 39.90532
1202144288 116.32876 39.90894
1202144545 116.40083 39.90678
1202144589 116.33779 39.91704
1202144889 116.33873 39.91349
1202145187 116.33951 39.91255
1202145187 116.33951 39.91255
1202145487 116.35031 39.91132
1202145787 116.34959 39.90737
1202146087 116.34842 39.89728
1202146387 116.34251 39.88471
1202146387 116.34251 39.88471
1202146687 116.34053 39.85219
1202146987 116.35376 39.84804
1202147287 116.38036 39.85534
1202147587 116.38049 39.83792
1202147887 116.3804 39.83899
1202148187 116.38083 39.85481
1202148487 116.38173 39.86796
1202148787 116.38695 39.87974
1202149087 116.39188 39.88494
1202149387 116.41253 39.88593
1202149687 116.41234 39.89469
1202149987 116.40784 39.89966
1202150287 116.39643 39.89926
1202150587 116.37923 39.89882
1202150887 116.36907 39.89847
1202151487 116.31098 39.8958
1202152087 116.27702 39.85353
1202152387 116.28053 39.83948
1202152687 116.27283 39.84539
1202152987 116.25951 39.8583
1202153287 116.27911 39.86421
1202153587 116.30445 39.86536
1202153887 116.30542 39.87779
1202154187 116.30467 39.88754
1202154487 116.32541 39.89564
1202154787 116.33589 39.89602
1202155087 116.33696 39.90332
1202155687 116.33918 39.91683
1202155987 116.34585 39.91728
1202156287 116.35107 39.91989
1202156587 116.35846 39.92246
1202156887 116.37059 39.92272
1202157187 116.38388 39.92083
1202157487 116.39664 39.9171
1202157787 116.40756 39.90976
1202158087 116.41298 39.90884
1202158387 116.41139 39.92195
1202158687 116.41107 39.93093
1202158987 116.41082 39.93693
1202159287 116.41036 39.9476
1202160187 116.33595 39.96224
1202160787 116.3393 39.97502
1202161387 116.33414 39.98702
1202161986 116.33415 39.98703
1202162286 116.33415 39.98702
1202162586 116.33415 39.98702
1202162886 116.33192 39.97514
1202163186 116.3234 39.96637
1202163486 116.31842 39.96557
1202163786 116.31878 39.96553
1202163786 116.31878 39.96553
1202164086 116.34431 39.96629
1202164386 116.35555 39.95093
1202164686 116.36492 39.95739
1202165886 116.36877 40.01088
1202166186 116.3697 40.00126
1202166486 116.38078 39.98698
1202166786 116.39575 39.96892
1202167086 116.39583 39.96863
1202167386 116.38805 39.96184
1202167686 116.37375 39.96164
1202167986 116.3639 39.96476
1202168286 116.36185 39.95272
1202168586 116.3566 39.95111
1202169218 116.36414 39.94417
1202169486 116.37358 39.94734
1202169786 116.41939 39.944
1202170086 116.42779 39.93163
1202170686 116.40624 39.88731
1202170986 116.4064 39.89111
1202171286 116.40538 39.90723
1202171586 116.40499 39.91398
1202171886 116.40515 39.91401
1202172186 116.39527 39.9065
1202172486 116.3701 39.90647
1202172486 116.3701 39.90647
1202173086 116.36786 39.9472
1202173386 116.38904 39.94782
1202173986 116.36822 39.99552
1202174886 116.35546 39.9566
1202175186 116.35523 39.95101
1202175486 116.38548 39.95001
1202175786 116.39156 39.96704
1202176086 116.42088 39.982
1202176386 116.4189 39.96102
1202176986 116.43014 39.93893
1202178785 116.45752 39.9507
1202179085 116.45479 39.95068
1202179685 116.45552 39.93153
1202179985 116.45599 39.92774
1202180285 116.4489 39.92452
1202180585 116.44437 39.93951
1202180885 116.44109 39.94495
1202181185 116.44006 39.94525
1202181185 116.44006 39.94525
1202181485 116.44019 39.94523
1202181785 116.44022 39.94519
1202182085 116.44022 39.94518
1202182385 116.44022 39.94518
1202182685 116.44022 39.94518
1202182985 116.44023 39.94519
1202183285 116.44022 39.94519
1202183885 116.44022 39.9452
1202184185 116.44022 39.9452
1202184485 116.44021 39.9452
1202185085 116.4402 39.94521
1202185385 116.4402 39.94521
1202185685 116.4402 39.88517
1202185685 116.4402 39.94521
1202185985 116.44019 39.94536
1202185985 116.44019 39.94536
1202185985 116.44019 39.94536
1202186285 116.4403 39.94519
1202186585 116.44019 39.94536
1202186885 116.44015 39.94523
1202187185 116.44016 39.94536
1202187485 116.44023 39.94518
1202187785 116.4402 39.94519
1202188085 116.44021 39.94519
1202188385 116.43991 39.94531
1202188685 116.44007 39.94534
1202188985 116.44031 39.94518
1202189285 116.4398 39.94562
1202189585 116.44013 39.94512
1202189885 116.44011 39.94497
1202190185 116.44025 39.94515
1202195719 116.43834 39.9454
1202195884 116.43839 39.94526
1202196184 116.42625 39.93982
1202196784 116.41054 39.94318
1202197084 116.41053 39.94318
1202197384 116.41053 39.94318
1202197684 116.41106 39.92347
1202197984 116.41089 39.93195
1202198284 116.40735 39.94783
1202198584 116.34785 39.93918
1202198584 116.34785 39.93918
1202198884 116.28869 39.9466
1202199184 116.27801 39.9593
1202199484 116.29322 39.9607
1202199784 116.29486 39.96328
1202200084 116.29498 39.96305
1202200384 116.29513 39.96322
1202200684 116.29661 39.96219
1202200984 116.30614 39.96219
1202201284 116.32564 39.96597
1202201584 116.31156 39.97442
1202201884 116.31137 39.97475
1202202184 116.32739 39.98313
1202202784 116.34922 39.92355
1202203084 116.34892 39.93101
1202203384 116.34342 39.94449
1202203684 116.34364 39.94419
1202203984 116.34921 39.93195
1202204284 116.33806 39.92197
1202204584 116.31614 39.92148
1202204884 116.33075 39.93667
1202205484 116.36577 39.94804
1202205784 116.34942 39.95673
1202206384 116.34278 39.96618
1202206684 116.37998 39.96671
1202206984 116.39865 39.97565
1202207284 116.41752 39.98208
1202207284 116.41752 39.98208
1202207584 116.43299 39.98253
1202207884 116.38876 39.9673
1202208513 116.34988 39.92163
1202208783 116.35249 39.91317
1202209084 116.36464 39.90646
1202209384 116.37347 39.91468
1202209684 116.37671 39.90613
1202209984 116.39918 39.90649
1202210284 116.42874 39.90708
1202210584 116.47614 39.90412
1202210884 116.49922 39.89967
1202211184 116.48969 39.89958
1202211484 116.48388 39.91974
1202211784 116.4642 39.96966
1202212083 116.48134 39.98728
1202212383 116.50577 40.01046
1202212683 116.506 40.01048
1202212983 116.5061 40.01022
1202213283 116.50609 40.01021
1202213583 116.48489 40.00611
1202213883 116.48293 40.01027
1202214183 116.47254 40.00489
1202214483 116.4621 39.99406
1202214783 116.46684 39.99636
1202215083 116.46184 40.0008
1202215383 116.45755 40.01412
1202215983 116.32526 40.05086
1202215983 116.32526 40.05086
1202216283 116.31721 40.07492
1202216283 116.31721 40.07492
1202216583 116.31827 40.07758
1202216883 116.30671 40.07427
1202217183 116.32222 40.05415
1202217483 116.33983 40.03124
1202217783 116.34601 40.00764
1202218083 116.33371 39.99683
1202218383 116.3269 39.99178
1202218683 116.30928 40.00334
1202218983 116.33088 40.00168
1202219283 116.32641 39.99258
1202219583 116.3127 39.9909
1202219883 116.3106 39.97859
1202220183 116.31466 39.9662
1202220483 116.3102 39.95561
1202220783 116.31867 39.96575
1202221083 116.35006 39.96632
1202221383 116.36373 39.97455
1202221683 116.35436 39.97538
1202221983 116.34416 39.9721
1202222283 116.34715 39.96188
1202223049 116.35035 39.8984
1202223183 116.34257 39.889
1202223483 116.33993 39.84624
1202223783 116.38368 39.83037
1202224083 116.39562 39.81576
1202224383 116.38931 39.79694
1202224683 116.38904 39.80053
1202224683 116.38904 39.80053
1202224983 116.39614 39.81417
1202224983 116.39614 39.81417
1202225283 116.39515 39.83242
1202225583 116.4071 39.84095
1202225883 116.40887 39.84032
1202226183 116.40861 39.84509
1202226483 116.41417 39.85563
1202226783 116.41571 39.86316
1202227083 116.41846 39.86442
1202227383 116.40148 39.86376
1202227683 116.38896 39.85762
1202227983 116.38289 39.85915
1202228283 116.38273 39.85923
1202228582 116.38182 39.8675
1202228882 116.34304 39.87129
1202229182 116.32155 39.89585
1202229482 116.25375 39.89582
1202229782 116.23822 39.90258
1202230082 116.22299 39.90064
1202230382 116.22786 39.90262
1202230682 116.23148 39.90252
1202230975 116.33731 39.9171
1202230983 116.23137 39.90257
1202231283 116.23149 39.90254
1202231582 116.23945 39.90268
1202231882 116.24696 39.91343
1202232182 116.24696 39.92397
1202232482 116.25442 39.93213
1202232782 116.26159 39.92771
1202233082 116.28928 39.93102
1202233382 116.29876 39.9374
1202233682 116.32302 39.93728
1202233682 116.32302 39.93728
1202233982 116.32312 39.93708
1202234282 116.32841 39.91783
1202234582 116.32443 39.90835
1202235182 116.33607 39.90587
1202235482 116.35017 39.90051
1202235782 116.36977 39.90559
1202236082 116.38389 39.90595
1202236382 116.40756 39.90665
1202236682 116.41237 39.89764
1202236982 116.41364 39.88554
1202237282 116.42466 39.8827
1202237582 116.438 39.89334
1202237882 116.43673 39.90561
1202238182 116.45568 39.90594
1202238482 116.45606 39.93609
1202238782 116.44146 39.94003
1202239082 116.42745 39.93716
1202239382 116.41676 39.92285
1202239982 116.38682 39.93208
1202240282 116.36671 39.93881
1202240582 116.38476 39.94736
1202240882 116.38913 39.95911
1202241182 116.39248 39.96865
1202241482 116.39213 39.96855
1202241782 116.40132 39.96438
1202242082 116.40779 39.94773
1202242382 116.42843 39.91548
1202242382 116.42843 39.91548
1202242682 116.42323 39.90524
1202242982 116.43274 39.9229
1202243282 116.44653 39.92039
1202243582 116.45565 39.93179
1202243882 116.4636 39.97083
1202245003 116.54841 40.06327
1202245082 116.55124 40.07601
1202245382 116.5683 40.1221
1202245681 116.61643 40.15632
1202245981 116.63624 40.208
1202246581 116.72969 40.27576
1202246881 116.77312 40.28925
1202247181 116.77034 40.28514
1202247481 116.77038 40.28512
1202247781 116.7704 40.28511
1202248081 116.77041 40.28511
1202248381 116.77042 40.28512
1202248681 116.77041 40.28513
1202248981 116.77041 40.28513
1202249281 116.77041 40.28514
1202249581 116.77041 40.28514
1202249881 116.77042 40.28515
1202250181 116.77042 40.28515
1202250481 116.77042 40.28515
1202250781 116.77043 40.28516
1202251081 116.77042 40.28516
1202251081 116.77042 40.28516
1202251381 116.77042 40.28516
1202251681 116.77042 40.28516
1202251981 116.77042 40.28516
1202252281 116.77042 40.28516
1202252581 116.77042 40.28516
1202252881 116.77041 40.28515
1202253181 116.77041 40.28515
1202253481 116.77041 40.28515
1202253781 116.77041 40.28515
1202254081 116.77041 40.28515
1202254381 116.7703 40.28527
1202254681 116.77031 40.28523
1202254981 116.77033 40.28522
1202255281 116.77034 40.2852
1202255581 116.77035 40.28519
1202255881 116.77035 40.28519
1202256181 116.77035 40.28518
1202256481 116.77035 40.28518
1202256781 116.77036 40.28506
1202257081 116.77037 40.28508
1202257381 116.77037 40.28509
1202257681 116.77038 40.2851
1202257981 116.77038 40.2851
1202258281 116.77038 40.2851
1202258581 116.77038 40.28511
1202258881 116.77037 40.28512
1202259181 116.77037 40.28513
1202259481 116.77038 40.28513
1202259781 116.77037 40.28514
1202259781 116.77037 40.28514
1202260081 116.77037 40.28514
1202260381 116.77036 40.28515
1202260681 116.77036 40.28514
1202260981 116.77035 40.28515
1202261281 116.77035 40.28515
1202261581 116.77035 40.28515
1202261881 116.77035 40.28515
1202262180 116.77034 40.28515
1202262480 116.77035 40.28515
1202263080 116.77034 40.28516
1202263380 116.77034 40.28516
1202263980 116.77035 40.28516
1202264280 116.77035 40.28515
1202264580 116.77035 40.28515
1202264880 116.77035 40.28515
1202265180 116.77035 40.28515
1202265480 116.77035 40.28515
1202265780 116.77035 40.28515
1202266080 116.77035 40.28515
1202266680 116.77035 40.28515
1202266980 116.77035 40.28515
1202267280 116.77035 40.28515
1202267580 116.77036 40.28515
1202267880 116.77035 40.28514
1202268180 116.77036 40.28514
1202268480 116.77036 40.28514
1202268480 116.77036 40.28514
1202268780 116.77036 40.28514
1202269080 116.77036 40.28514
1202269380 116.77036 40.28514
1202269680 116.77036 40.28515
1202269980 116.77036 40.28515
1202270280 116.77036 40.28515
1202270580 116.77036 40.28515
1202270880 116.77036 40.28515
1202271180 116.77036 40.28515
1202271480 116.77036 40.28515
1202271780 116.77036 40.28515
1202272080 116.77037 40.28515
1202272380 116.77037 40.28514
1202272680 116.77037 40.28514
1202272980 116.77037 40.28514
1202273280 116.77037 40.28514
1202273580 116.77037 40.28514
1202273880 116.77037 40.28514
1202274180 116.77037 40.28514
1202274480 116.77037 40.28514
1202274780 116.77037 40.28514
1202275080 116.77037 40.28514
1202275380 116.77037 40.28514
1202275680 116.77037 40.28514
1202275980 116.77037 40.28515
1202276580 116.77037 40.28515
1202276880 116.77037 40.28514
1202277180 116.77037 40.28515
1202277480 116.77037 40.28515
1202277780 116.77063 40.28518
1202278079 116.77045 40.28518
1202278379 116.77042 40.28518
1202278679 116.77043 40.28518
1202278979 116.77044 40.28518
1202279279 116.77045 40.28518
1202279579 116.77045 40.28518
1202279879 116.77045 40.28519
1202280179 116.77045 40.28519
1202280479 116.77044 40.28519
1202280779 116.77044 40.2852
1202281079 116.77043 40.2852
1202281379 116.77043 40.2852
1202281679 116.77043 40.2852
1202281979 116.77043 40.28521
1202282279 116.77042 40.28521
1202282579 116.77042 40.28521
1202282879 116.77041 40.28521
1202283479 116.77041 40.28521
1202283779 116.7704 40.28521
1202284079 116.7704 40.28522
1202284379 116.77039 40.28521
1202284979 116.77038 40.28521
1202285279 116.77038 40.28521
1202285579 116.77038 40.2852
1202285879 116.77039 40.2852
1202285879 116.77039 40.2852
1202286179 116.77039 40.28519
1202286479 116.77039 40.28519
1202286779 116.77039 40.28519
1202287079 116.77039 40.28519
1202287379 116.7704 40.28518
1202287679 116.7704 40.28518
1202287979 116.7704 40.28518
1202288279 116.7704 40.28518
1202288579 116.7704 40.28517
1202288879 116.7704 40.28517
1202289179 116.7704 40.28517
1202289479 116.7704 40.28517
1202289779 116.7704 40.28517
1202290079 116.7704 40.28517
1202290379 116.7704 40.28517
1202290679 116.7704 40.28517
1202290979 116.7704 40.28517
1202291279 116.7704 40.28517
1202291579 116.7704 40.28517
1202291879 116.7704 40.28517
1202292179 116.77039 40.28517
1202292779 116.77039 40.28517
1202293379 116.79636 40.29876
1202293679 116.79637 40.29877
1202293979 116.79637 40.29878
1202294279 116.79638 40.29878
1202294578 116.79638 40.29877
1202294578 116.79638 40.29877
1202294878 116.79644 40.29862
1202295178 116.79649 40.29838
1202295778 116.79716 40.301
1202296078 116.77035 40.28504
1202296378 116.77036 40.28506
1202296678 116.77035 40.28509
1202296978 116.77037 40.28511
1202297278 116.77037 40.28513
1202297878 116.77038 40.28515
1202298178 116.77037 40.28516
1202298478 116.77038 40.28517
1202298778 116.77039 40.28516
1202299078 116.7704 40.28516
1202299378 116.7704 40.28517
1202299678 116.77041 40.28517
1202299978 116.77041 40.28517
1202300278 116.77042 40.28517
1202300578 116.77042 40.28517
1202300878 116.77042 40.28516
1202301178 116.77043 40.28516
1202301478 116.77043 40.28516
1202301778 116.77043 40.28515
1202302078 116.77042 40.28515
1202302378 116.77042 40.28514
1202302678 116.77042 40.28514
1202302978 116.77042 40.28513
1202303278 116.77042 40.28513
1202303278 116.77042 40.28513
1202303578 116.77042 40.28513
1202303878 116.77042 40.28513
1202304178 116.77043 40.28513
1202304478 116.77043 40.28513
1202304778 116.77043 40.28513
1202305078 116.77044 40.28513
1202305378 116.77044 40.28513
1202305678 116.77044 40.28513
1202305978 116.77044 40.28513
1202306278 116.77044 40.28513
1202306578 116.77044 40.28513
1202306878 116.77044 40.28513
1202307178 116.77044 40.28513
1202307478 116.77043 40.28513
1202307778 116.77043 40.28513
1202308078 116.77043 40.28512
1202308378 116.77043 40.28512
1202308678 116.77043 40.28512
1202308978 116.77043 40.28512
1202309278 116.77043 40.28511
1202309578 116.77042 40.28511
1202309878 116.77043 40.28511
1202310178 116.77043 40.28511
1202310478 116.77043 40.28511
1202310778 116.77043 40.28511
1202311377 116.77043 40.28512
1202311677 116.77043 40.28512
1202311977 116.77043 40.28512
1202311977 116.77043 40.28512
1202312277 116.77043 40.28512
1202312577 116.77043 40.28512
1202312877 116.77043 40.28512
1202313177 116.77043 40.28513
1202313477 116.77044 40.28513
1202313777 116.77044 40.28513
1202314077 116.77044 40.28513
1202314377 116.77044 40.28513
1202314677 116.77044 40.28513
1202314977 116.77044 40.28513
1202315277 116.77044 40.28514
1202315577 116.77044 40.28514
1202315877 116.77044 40.28514
1202316477 116.77044 40.28514
1202316777 116.77044 40.28514
1202317077 116.77044 40.28514
1202317385 116.67981 40.21093
1202317386 116.67981 40.21093
1202317677 116.77058 40.28522
1202317977 116.7705 40.28516
1202318277 116.77046 40.28513
1202318577 116.77046 40.28513
1202318877 116.77045 40.28512
1202319177 116.77044 40.28513
1202319477 116.77044 40.28514
1202319777 116.77043 40.28514
1202320077 116.77042 40.28514
1202320377 116.77042 40.28514
1202320677 116.77042 40.28514
1202320677 116.77042 40.28514
1202320977 116.77043 40.28515
1202321277 116.77044 40.28515
1202321577 116.77044 40.28515
1202321877 116.77044 40.28515
1202322177 116.77044 40.28515
1202322477 116.77044 40.28515
1202322777 116.77044 40.28515
1202323077 116.77044 40.28515
1202323377 116.77044 40.28515
1202323677 116.77044 40.28514
1202323977 116.77044 40.28514
1202324277 116.77044 40.28514
1202324577 116.77044 40.28513
1202324877 116.77044 40.28513
1202325177 116.77043 40.28512
1202325477 116.77043 40.28512
1202325777 116.77043 40.28512
1202326377 116.77043 40.28511
1202326677 116.77043 40.28511
1202326977 116.77043 40.28511
1202327277 116.77043 40.28511
1202327877 116.77043 40.2851
1202328176 116.77043 40.28511
1202328476 116.77044 40.28511
1202328776 116.77044 40.28511
1202329076 116.77044 40.28511
1202329376 116.77044 40.28511
1202329376 116.77044 40.28511
1202329676 116.77044 40.28511
1202329976 116.77043 40.28511
1202330276 116.77043 40.28511
1202330576 116.77043 40.28512
1202330876 116.77043 40.28512
1202331176 116.77043 40.28512
1202331476 116.77043 40.28512
1202331776 116.77043 40.28512
1202332076 116.77043 40.28512
1202332376 116.77043 40.28512
1202332676 116.77043 40.28512
1202332976 116.77043 40.28512
1202333276 116.77043 40.28512
1202333576 116.77043 40.28511
1202333876 116.77044 40.28511
1202334176 116.77044 40.28511
1202334476 116.77044 40.28511
1202334776 116.77043 40.28511
1202335076 116.77043 40.28511
1202335376 116.77043 40.28511
1202335676 116.77043 40.28511
1202336276 116.77043 40.28511
1202336576 116.77043 40.28511
1202336876 116.77044 40.28511
1202337176 116.77044 40.28511
1202337476 116.77044 40.28511
1202337776 116.77043 40.28511
1202338076 116.77043 40.2851
1202338076 116.77043 40.2851
1202338376 116.77043 40.2851
1202338676 116.77043 40.28511
1202338976 116.77043 40.28511
1202339276 116.77043 40.28511
1202339576 116.77043 40.28511
1202339876 116.77043 40.28511
1202340176 116.77043 40.28511
1202340476 116.77043 40.28512
1202340776 116.77043 40.28512
1202341076 116.77043 40.28512
1202341376 116.77043 40.28512
1202341676 116.77043 40.28512
1202341976 116.77043 40.28512
1202342276 116.77043 40.28512
1202342576 116.77043 40.28512
1202342876 116.77043 40.28512
1202343176 116.77043 40.28512
1202343476 116.77043 40.28512
1202343776 116.77043 40.28512
1202344076 116.77043 40.28512
1202344376 116.77043 40.28512
1202344676 116.77043 40.28512
1202344976 116.77043 40.28512
1202345276 116.77043 40.28512
1202345575 116.77043 40.28512
1202345875 116.77043 40.28512
1202346175 116.77044 40.28512
1202346475 116.77044 40.28512
1202346775 116.77044 40.28512
1202346775 116.77044 40.28512
1202347075 116.77044 40.28512
1202347375 116.77044 40.28512
1202347675 116.77041 40.28511
1202347975 116.77042 40.28506
1202348275 116.77043 40.28506
1202348575 116.77043 40.28506
1202348875 116.77042 40.28506
1202349475 116.77044 40.28507
1202350375 116.77043 40.28511
1202350675 116.77042 40.28511
1202351275 116.77042 40.28513
1202351575 116.77042 40.28513
1202351875 116.77042 40.28513
1202352475 116.77042 40.28514
1202352775 116.77042 40.28514
1202353075 116.77042 40.28514
1202353375 116.77042 40.28514
1202353675 116.77042 40.28514
1202353975 116.77042 40.28514
1202354275 116.77042 40.28513
1202354575 116.77042 40.28513
1202354875 116.77042 40.28513
1202355175 116.77042 40.28513
1202355475 116.77042 40.28513
1202355475 116.77042 40.28513
1202355775 116.77042 40.28513
1202356075 116.77042 40.28513
1202356375 116.77042 40.28513
1202356675 116.77042 40.28513
1202356975 116.77042 40.28513
1202357275 116.77042 40.28513
1202357575 116.77042 40.28513
1202357875 116.77042 40.28513
1202358175 116.77042 40.28513
1202358475 116.77043 40.28513
1202358775 116.77043 40.28513
1202359075 116.77043 40.28513
1202359375 116.77043 40.28513
1202359675 116.77043 40.28513
1202359975 116.77043 40.28513
1202360275 116.77043 40.28513
1202360575 116.77043 40.28513
1202360875 116.77043 40.28513
1202361174 116.77043 40.28513
1202361474 116.77043 40.28514
1202361774 116.77044 40.28514
1202362074 116.77044 40.28514
1202362374 116.77044 40.28514
1202363274 116.77044 40.28515
1202363574 116.77044 40.28515
1202363874 116.77044 40.28515
1202364174 116.77043 40.28515
1202364474 116.77043 40.28515
1202364774 116.77043 40.28515
1202365074 116.77043 40.28515
1202365374 116.77054 40.28498
1202365974 116.77047 40.2851
1202366274 116.77046 40.28512
1202366574 116.77045 40.28512
1202366874 116.77045 40.28513
1202367174 116.77045 40.28513
1202367474 116.77044 40.28513
1202367774 116.77044 40.28513
1202368074 116.77044 40.28513
1202368374 116.77044 40.28514
1202368674 116.77044 40.28514
1202368974 116.77044 40.28515
1202369874 116.77043 40.28516
1202370174 116.77043 40.28516
1202370474 116.77042 40.28515
1202370774 116.77042 40.28515
1202371074 116.77042 40.28515
1202371374 116.77042 40.28515
1202371674 116.77042 40.28515
1202371974 116.77041 40.28515
1202372274 116.77041 40.28515
1202372574 116.77041 40.28515
1202372874 116.77041 40.28515
1202372874 116.77041 40.28515
1202373174 116.77041 40.28515
1202373474 116.77041 40.28515
1202373774 116.77041 40.28515
1202374074 116.77041 40.28515
1202374374 116.77041 40.28515
1202374674 116.77041 40.28515
1202374974 116.77041 40.28515
1202375274 116.77041 40.28515
1202375574 116.77041 40.28515
1202375874 116.77041 40.28515
1202376174 116.77041 40.28515
1202376474 116.77041 40.28515
1202376774 116.77041 40.28515
1202377074 116.77041 40.28515
1202377374 116.77041 40.28515
1202377673 116.77042 40.28514
1202377973 116.77042 40.28514
1202378273 116.77042 40.28514
1202378573 116.77042 40.28514
1202379173 116.77042 40.28513
1202379473 116.77041 40.28513
1202379773 116.77041 40.28513
1202380073 116.77041 40.28512
1202380373 116.77041 40.28512
1202380673 116.77041 40.28512
1202380973 116.77041 40.28512
1202381273 116.77029 40.28495
1202381573 116.77031 40.28495
1202381873 116.77035 40.28498
1202381873 116.77035 40.28498
1202382173 116.77035 40.28502
1202382473 116.77033 40.28506
1202382773 116.77037 40.2853
1202383073 116.77037 40.28529
1202383373 116.77035 40.28527
1202383673 116.77036 40.28527
1202383973 116.77036 40.28525
1202384273 116.77035 40.28526
1202384573 116.77036 40.28526
1202384873 116.77037 40.28525
1202385473 116.77038 40.28524
1202385773 116.77038 40.28524
1202386073 116.77039 40.28523
1202386673 116.7704 40.28523
1202386973 116.77041 40.28523
1202387273 116.77041 40.28522
1202387573 116.77041 40.28522
1202387873 116.77041 40.28522
1202388173 116.7704 40.28521
1202388473 116.7704 40.28521
1202388773 116.7704 40.2852
1202388773 116.7704 40.2852
1202389073 116.7704 40.2852
1202389373 116.77039 40.28519
1202389973 116.7704 40.28518
1202390273 116.7704 40.28518
1202390573 116.7704 40.28517
1202390873 116.77041 40.28517
1202391173 116.77041 40.28517
1202391473 116.77041 40.28517
1202391773 116.77041 40.28517
1202392073 116.77041 40.28517
1202392373 116.77042 40.28517
1202392673 116.77042 40.28517
1202392973 116.77043 40.28518
1202393273 116.77043 40.28518
1202393573 116.77043 40.28518
1202393872 116.77043 40.28518
1202394172 116.77043 40.28518
1202394472 116.77043 40.28517
1202394772 116.77042 40.28517
1202395072 116.77042 40.28516
1202395372 116.77042 40.28516
1202395672 116.77042 40.28516
1202395972 116.77042 40.28516
1202396272 116.77042 40.28516
1202396572 116.77042 40.28516
1202396872 116.77042 40.28516
1202397172 116.77042 40.28516
1202397472 116.77042 40.28516
1202397772 116.77042 40.28516
1202398072 116.77042 40.28516
1202398372 116.77042 40.28516
1202398672 116.77042 40.28516
1202398972 116.77042 40.28516
1202399272 116.77042 40.28516
1202399272 116.77042 40.28516
1202399572 116.77042 40.28516
1202399872 116.77043 40.28516
1202400172 116.77043 40.28515
1202400472 116.77043 40.28516
1202400772 116.77043 40.28516
1202401072 116.77043 40.28516
1202401372 116.77043 40.28516
1202401672 116.77044 40.28516
1202401972 116.77044 40.28516
1202402272 116.77044 40.28516
1202402572 116.77044 40.28516
1202402872 116.77044 40.28516
1202403172 116.77044 40.28516
1202403472 116.77044 40.28516
1202403772 116.77044 40.28516
1202403790 116.77073 40.28554
1202404072 116.77045 40.2851
1202404372 116.77041 40.28507
1202404672 116.77042 40.28507
1202404972 116.77042 40.28509
1202405272 116.77044 40.28511
1202405572 116.77043 40.28512
1202405872 116.77043 40.28511
1202406172 116.77043 40.28511
1202406472 116.77043 40.28512
1202406772 116.77044 40.28512
1202407072 116.77044 40.28512
1202407372 116.77045 40.28512
1202407672 116.77045 40.28513
1202407672 116.77045 40.28513
1202407972 116.77045 40.28513
1202407972 116.77045 40.28513
1202408272 116.77045 40.28513
1202408572 116.77045 40.28513
1202408872 116.77045 40.28513
1202409172 116.77045 40.28513
1202409472 116.77044 40.28513
1202409772 116.77044 40.28513
1202410072 116.77044 40.28513
1202410372 116.77044 40.28513
1202410672 116.77044 40.28512
1202410972 116.77044 40.28512
1202411272 116.77044 40.28511
1202411572 116.77045 40.28511
1202411871 116.77045 40.28511
1202412171 116.77045 40.2851
1202412471 116.77045 40.2851
1202412771 116.77045 40.2851
1202413071 116.77045 40.2851
1202413371 116.77045 40.2851
1202413671 116.77045 40.2851
1202413971 116.77045 40.2851
1202414271 116.77046 40.2851
1202414571 116.77046 40.2851
1202414871 116.77046 40.28511
1202415171 116.77046 40.28511
1202415471 116.77046 40.28511
1202415771 116.77046 40.28511
1202416071 116.77046 40.28511
1202416371 116.77045 40.28511
1202416671 116.77046 40.28511
1202416671 116.77046 40.28511
1202416971 116.77046 40.28511
1202417271 116.77046 40.28511
1202417571 116.77046 40.28512
1202417871 116.77045 40.28512
1202418171 116.77045 40.28512
1202418471 116.77045 40.28512
1202418771 116.77045 40.28512
1202419071 116.77045 40.28512
1202419371 116.77045 40.28512
1202419671 116.77045 40.28512
1202419971 116.77045 40.28513
1202420271 116.77045 40.28513
1202420571 116.77208 40.28649
1202420871 116.81587 40.32411
1202421471 116.84882 40.37079
1202421771 116.8285 40.35576
1202422071 116.8116 40.31538
1202422371 116.77064 40.28498
1202422671 116.77048 40.28508
1202422971 116.77048 40.28507
1202423271 116.77051 40.28508
1202423571 116.77049 40.28507
1202423871 116.77047 40.28507
1202424171 116.77046 40.28507
1202424471 116.77044 40.28508
1202424771 116.77043 40.2851
1202425071 116.77043 40.28511
1202425071 116.77043 40.28511
1202425371 116.77043 40.28511
1202425371 116.77043 40.28511
1202425671 116.77042 40.28512
1202425971 116.77042 40.28512
1202426271 116.77042 40.28512
1202426571 116.77041 40.28513
1202426871 116.77041 40.28513
1202427171 116.77041 40.28513
1202427471 116.77041 40.28513
1202427771 116.77041 40.28513
1202428071 116.77041 40.28513
1202428371 116.77041 40.28513
1202428671 116.7704 40.28513
1202428971 116.7704 40.28512
1202429270 116.7704 40.28512
1202429570 116.7704 40.28512
1202429870 116.7704 40.28512
1202430170 116.7704 40.28511
1202430470 116.7704 40.28511
1202430770 116.7704 40.28511
1202431070 116.7704 40.28511
1202431370 116.7704 40.2851
1202431670 116.7704 40.2851
1202431970 116.7704 40.2851
1202432270 116.7704 40.2851
1202432570 116.77041 40.2851
1202432870 116.77041 40.2851
1202433170 116.77041 40.2851
1202433470 116.77041 40.2851
1202433770 116.77041 40.2851
1202434070 116.77041 40.2851
1202434070 116.77041 40.2851
1202434370 116.77041 40.2851
1202434670 116.77041 40.2851
1202434970 116.77041 40.28511
1202435270 116.77041 40.28511
1202435570 116.77041 40.28511
1202435870 116.77041 40.28511
1202437370 116.7704 40.28513
1202438870 116.7704 40.28513
1202439170 116.7704 40.28513
1202439470 116.7704 40.28514
1202439770 116.7704 40.28514
1202440070 116.7704 40.28514
1202440370 116.7704 40.28514
1202440670 116.7704 40.28514
1202440970 116.77041 40.28514
1202441270 116.77041 40.28514
1202441570 116.7704 40.28514
1202441870 116.77041 40.28514
1202442170 116.77041 40.28514
1202442470 116.77041 40.28514
1202442770 116.77041 40.28514
1202442770 116.77041 40.28514
1202443070 116.77041 40.28514
1202443370 116.77041 40.28514
1202443670 116.77042 40.28514
1202443970 116.77042 40.28513
1202444270 116.77042 40.28513
1202444569 116.77042 40.28513
1202444869 116.77043 40.28513
1202445169 116.77043 40.28513
1202445469 116.77043 40.28513
1202445769 116.77043 40.28513
1202446069 116.77043 40.28513
1202446369 116.77043 40.28513
1202446669 116.77043 40.28513
1202446969 116.77043 40.28513
1202447269 116.77043 40.28513
1202447569 116.77043 40.28513
1202447869 116.77043 40.28514
1202448169 116.77044 40.28514
1202448469 116.77044 40.28514
1202448769 116.77044 40.28514
1202449069 116.77044 40.28514
1202449369 116.77044 40.28514
1202449669 116.77043 40.28514
1202449969 116.77043 40.28514
1202450269 116.77043 40.28514
1202450569 116.77042 40.28514
1202450869 116.77042 40.28515
1202451169 116.77042 40.28515
1202451469 116.77042 40.28515
1202451469 116.77042 40.28515
1202451769 116.77042 40.28515
1202452069 116.77042 40.28515
1202452369 116.77042 40.28514
1202452669 116.77042 40.28514
1202452969 116.77042 40.28514
1202453269 116.77042 40.28514
1202453569 116.77042 40.28514
1202453869 116.77043 40.28514
1202454169 116.77043 40.28514
1202454469 116.77043 40.28514
1202454769 116.77043 40.28514
1202455069 116.77043 40.28514
1202455369 116.77043 40.28514
1202455669 116.77043 40.28514
1202455969 116.77043 40.28514
1202456269 116.77043 40.28514
1202456569 116.77043 40.28514
1202456869 116.77043 40.28514
1202457169 116.77042 40.28514
1202457469 116.77042 40.28514
1202457769 116.77042 40.28514
1202458069 116.77042 40.28514
1202458369 116.77042 40.28514
1202458669 116.77042 40.28514
1202458969 116.77042 40.28514
1202459269 116.77042 40.28514
1202459569 116.77042 40.28514
1202459869 116.77042 40.28514
1202460169 116.77042 40.28514
1202460169 116.77042 40.28514
1202460469 116.77042 40.28513
1202460768 116.77042 40.28513
1202461068 116.77042 40.28513
1202461368 116.77042 40.28513
1202461668 116.77042 40.28513
1202461968 116.77042 40.28513
1202462268 116.77042 40.28512
1202462568 116.77042 40.28512
1202462868 116.77042 40.28512
1202463168 116.77042 40.28512
1202463468 116.77042 40.28512
1202463768 116.77042 40.28512
1202464068 116.77042 40.28512
1202464368 116.77043 40.28512
1202464668 116.77026 40.28515
1202464968 116.77041 40.2851
1202465268 116.77019 40.28506
1202465568 116.77026 40.28505
1202465868 116.77028 40.28506
1202466168 116.7703 40.28506
1202466468 116.77031 40.28505
1202466768 116.77032 40.28505
1202467068 116.77032 40.28505
1202467368 116.77046 40.2853
1202467668 116.77042 40.2852
1202467968 116.77041 40.28517
1202468268 116.7704 40.28516
1202468568 116.7704 40.28516
1202468868 116.77039 40.28515
1202468868 116.77039 40.28515
1202469168 116.77063 40.28564
1202469468 116.77041 40.28527
1202469768 116.77041 40.28529
1202470068 116.77041 40.28529
1202470368 116.7704 40.28529
1202470668 116.77041 40.28529
1202470968 116.77042 40.28528
1202471268 116.77041 40.28529
1202471568 116.77042 40.28528
1202471868 116.77043 40.28527
1202472168 116.77043 40.28526
1202472468 116.77139 40.285
1202472768 116.77224 40.28405
1202473068 116.77224 40.28403
1202473368 116.79295 40.29198
1202473668 116.79011 40.24958
1202473968 116.79238 40.24659
1202474268 116.79233 40.24659
1202474568 116.79231 40.24661
1202474868 116.79231 40.24661
1202475168 116.79232 40.2466
1202475468 116.79233 40.24659
1202475768 116.79233 40.24659
1202476068 116.79233 40.24659
1202476368 116.79234 40.24659
1202476667 116.79234 40.24659
1202476967 116.79235 40.2466
1202477267 116.79235 40.2466
1202477567 116.79235 40.2466
1202477567 116.79235 40.2466
1202477867 116.79236 40.2466
1202478167 116.79238 40.24661
1202478467 116.79238 40.24661
1202478767 116.79238 40.24662
1202479067 116.79238 40.24661
1202479367 116.79238 40.24661
1202479667 116.79238 40.24661
1202479967 116.79238 40.24661
1202480267 116.79224 40.24642
1202480567 116.79226 40.24646
1202480867 116.79227 40.24648
1202481167 116.79228 40.2465
1202481467 116.79229 40.2465
1202481767 116.79229 40.24651
1202482067 116.7923 40.24652
1202482367 116.79231 40.24653
1202482667 116.79232 40.24654
1202482967 116.79232 40.24655
1202483267 116.79233 40.24655
1202483567 116.79233 40.24656
1202483867 116.79234 40.24657
1202484167 116.79234 40.24657
1202484467 116.79234 40.24658
1202484767 116.79234 40.24658
1202485067 116.79234 40.24658
1202485367 116.79234 40.24659
1202485667 116.79234 40.24659
1202485967 116.79234 40.2466
1202486267 116.79235 40.2466
1202486267 116.79235 40.2466
1202486567 116.79235 40.2466
1202486867 116.79235 40.24661
1202487167 116.79235 40.24661
1202487467 116.79235 40.24662
1202487767 116.79235 40.24662
1202488067 116.79235 40.24662
1202488367 116.79235 40.24662
1202488667 116.79235 40.24662
1202488967 116.79243 40.24682
1202489267 116.77674 40.24779
1202489567 116.77903 40.26393
1202489867 116.78047 40.26383
1202490167 116.78033 40.2638
1202490192 116.77043 40.28519
1202490468 116.7803 40.26372
1202490768 116.78014 40.26503
1202491067 116.78012 40.26501
1202491367 116.78012 40.26501
1202491667 116.78012 40.26501
1202491967 116.78012 40.26501
1202492267 116.78012 40.26501
