UTS Latitude Longitude
1201959234 116.31909 39.96611
1201959367 116.31594 39.96621
1201959535 116.31791 39.96303
1201959837 116.32505 39.96587
1201959970 116.32246 39.96636
1201960138 116.31904 39.96611
1201960272 116.31896 39.96612
1201960440 116.3282 39.96616
1201960573 116.35419 39.9663
1201960742 116.37496 39.97153
1201960875 116.3711 39.99041
1201961043 116.37409 39.99532
1201961176 116.37409 39.99532
1201961345 116.36827 39.9955
1201961478 116.35733 40.00927
1201961780 116.34654 40.02863
1201961948 116.35939 40.03056
1201961948 116.35939 40.03056
1201962081 116.35895 40.03139
1201963836 116.35943 40.03098
1201964005 116.35938 40.03099
1201964138 116.35938 40.03099
1201964306 116.35938 40.03099
1201964439 116.35938 40.03099
1201964608 116.35938 40.03099
1201964741 116.35938 40.03099
1201964910 116.35938 40.03099
1201965043 116.35938 40.03099
1201965513 116.35938 40.03099
1201965948 116.35938 40.03099
1201966116 116.35938 40.03099
1201966249 116.35938 40.03099
1201966418 116.35941 40.03092
1201966853 116.34439 40.02839
1201967021 116.3433 40.02816
1201967154 116.34513 40.02124
1201967323 116.35918 40.00624
1201967456 116.37082 39.99066
1201967456 116.37082 39.99066
1201967624 116.37411 39.96755
1201967757 116.3779 39.96666
1201967926 116.37928 39.96158
1201968058 116.37417 39.96435
1201968227 116.37278 39.9673
1201968378 116.37306 39.95383
1201968528 116.37329 39.95083
1201968661 116.37205 39.94777
1201968830 116.35684 39.94439
1201968963 116.35059 39.94276
1201969132 116.34917 39.93866
1201969265 116.3496 39.93603
1201969433 116.34995 39.92727
1201969566 116.35002 39.92262
1201969735 116.35041 39.91443
1201970037 116.34249 39.89308
1201970170 116.32739 39.88866
1201970338 116.31778 39.8886
1201970471 116.31431 39.88771
1201970640 116.31075 39.88627
1201970773 116.30617 39.88436
1201970942 116.30457 39.88663
1201970942 116.30457 39.88663
1201971075 116.30459 39.88964
1201971243 116.30429 39.89788
1201971376 116.30419 39.91522
1201971545 116.30413 39.92576
1201971847 116.30364 39.94934
1201971980 116.312 39.96452
1201972148 116.34288 39.96627
1201972281 116.36102 39.96626
1201972450 116.35897 39.9666
1201972583 116.35897 39.9666
1201972752 116.35897 39.9666
1201972885 116.35882 39.9666
1201973053 116.35872 39.9666
1201973186 116.35872 39.9666
1201973355 116.35872 39.9666
1201973488 116.35872 39.9666
1201973657 116.35872 39.9666
1201973790 116.355 39.96645
1201973958 116.33434 39.96629
1201974091 116.32226 39.96613
1201974260 116.30643 39.96263
1201974393 116.30394 39.96175
1201974695 116.30311 39.95489
1201974863 116.3035 39.94942
1201974996 116.30379 39.94563
1201974996 116.30379 39.94563
1201975298 116.30401 39.93991
1201975467 116.30402 39.93616
1201975600 116.30401 39.9328
1201975768 116.30406 39.93015
1201976070 116.30407 39.92152
1201976203 116.30407 39.91776
1201976372 116.30404 39.90305
1201976505 116.30404 39.89686
1201976806 116.31216 39.89553
1201976975 116.31412 39.89535
1201977108 116.31376 39.89505
1201977277 116.31463 39.895
1201977410 116.3163 39.89536
1201977578 116.3178 39.89583
1201977711 116.31069 39.89979
1201977880 116.31056 39.90193
1201978013 116.31069 39.90318
1201978181 116.31058 39.90616
1201978315 116.30465 39.91229
1201978340 116.30484 39.91229
1201978883 116.30421 39.92783
1201979147 116.30388 39.94902
1201979184 116.30363 39.95197
1201979448 116.30219 39.9609
1201979486 116.30219 39.9609
1201979750 116.29978 39.96965
1201979787 116.29719 39.97119
1201980052 116.29385 39.98544
1201980089 116.29242 39.99012
1201980353 116.27384 40.0008
1201980390 116.27072 40.00142
1201980655 116.26116 40.0153
1201980692 116.26036 40.02087
1201980957 116.25886 40.03458
1201980994 116.25688 40.03809
1201981258 116.23878 40.04462
1201981295 116.23699 40.04519
1201981560 116.23466 40.04936
1201981597 116.23656 40.04949
1201981862 116.21766 40.03573
1201981899 116.21766 40.03434
1201982103 116.21633 40.03343
1202035289 116.22467 40.04246
1202035591 116.25232 40.04189
1202035759 116.26006 40.03014
1202035892 116.2687 40.0284
1202036059 116.27697 40.01916
1202036193 116.2824 40.00471
1202036193 116.2824 40.00471
1202036361 116.29376 39.98459
1202036495 116.30545 39.98394
1202036663 116.31046 39.98157
1202036797 116.31066 39.97659
1202036964 116.31099 39.97538
1202037098 116.31126 39.9751
1202037266 116.31002 39.97764
1202037400 116.31002 39.97764
1202037568 116.30996 39.97762
1202037702 116.30491 39.98088
1202037869 116.31355 39.98413
1202038003 116.33516 39.98509
1202038171 116.36983 39.98618
1202038305 116.39566 39.9868
1202038473 116.41642 39.98727
1202038774 116.41808 39.98027
1202038908 116.4266 39.98213
1202039147 116.42542 39.98216
1202040041 116.419 39.95303
1202040423 116.41908 39.95087
1202040645 116.41913 39.94915
1202040724 116.4191 39.94914
1202040946 116.41923 39.94032
1202041026 116.41963 39.93501
1202041328 116.42003 39.92054
1202041550 116.41271 39.91417
1202042153 116.40104 39.91396
1202042233 116.39667 39.91466
1202042847 116.41693 39.93228
1202043058 116.42747 39.93191
1202043439 116.43054 39.92309
1202043439 116.43054 39.92309
1202043661 116.42832 39.91956
1202043963 116.42961 39.90539
1202044265 116.4221 39.89922
1202044646 116.41273 39.89325
1202044868 116.40663 39.89962
1202045249 116.39307 39.90517
1202045471 116.3758 39.90591
1202045471 116.3758 39.90591
1202046376 116.37185 39.91328
1202046456 116.37526 39.91304
1202046758 116.37655 39.90639
1202046980 116.38751 39.90613
1202047281 116.40143 39.9065
1202047583 116.43344 39.90707
1202047663 116.44038 39.9071
1202047964 116.45131 39.91105
1202048186 116.44979 39.91134
1202048266 116.44453 39.91172
1202048488 116.42883 39.91604
1202048568 116.42862 39.9205
1202049091 116.41156 39.91078
1202049483 116.38613 39.90611
1202049693 116.3681 39.90585
1202049773 116.35897 39.90591
1202051302 116.27459 39.98701
1202051567 116.27785 40.00041
1202051603 116.28032 39.99976
1202051869 116.28237 39.99994
1202052207 116.28237 39.99994
1202052810 116.272 40.00131
1202053112 116.26038 40.02069
1202053377 116.25174 40.04121
1202053438 116.24396 40.04423
1202053715 116.21758 40.0361
1202053887 116.21627 40.03343
1202057788 116.22466 40.03245
1202058021 116.22466 40.03245
1202058391 116.22466 40.03245
1202058624 116.22466 40.03245
1202058692 116.22466 40.03245
1202059597 116.22469 40.0325
1202060201 116.26152 40.03003
1202060434 116.26989 40.0271
1202060502 116.27206 40.02455
1202060502 116.27206 40.02455
1202060736 116.26617 40.01952
1202061037 116.27101 40.0177
1202061106 116.27101 40.0177
1202061407 116.27098 40.01769
1202061709 116.26007 40.02931
1202061709 116.26007 40.02931
1202061942 116.25401 40.0401
1202062546 116.24758 40.04298
1202062847 116.23747 40.04454
1202062915 116.22992 40.04397
1202063217 116.21438 40.03415
1202066130 116.22126 40.03076
1202069333 116.21604 40.03417
1202075640 116.21763 40.03065
1202075722 116.21532 40.0298
1202075842 116.21515 40.02991
1202083532 116.21625 40.03343
1202118253 116.21754 40.03434
1202118253 116.21754 40.03434
1202118346 116.21784 40.03479
1202118555 116.23181 40.04406
1202118647 116.23885 40.0446
1202118857 116.25891 40.03332
1202118949 116.25922 40.02569
1202119158 116.25926 40.02968
1202119251 116.26261 40.03015
1202119460 116.26261 40.03015
1202119552 116.26261 40.03015
1202119762 116.26535 40.03085
1202119854 116.27121 40.02555
1202120063 116.28132 40.01172
1202120155 116.28443 39.99933
1202120365 116.29662 39.98368
1202120457 116.30843 39.98389
1202120667 116.31092 39.97544
1202120759 116.31172 39.97344
1202120968 116.31378 39.96834
1202121059 116.31378 39.96834
1202121269 116.31245 39.96504
1202121361 116.30272 39.96149
1202121571 116.29377 39.95818
1202121663 116.2909 39.95764
1202121872 116.27801 39.95856
1202121964 116.27095 39.95555
1202122174 116.29112 39.98316
1202122266 116.30563 39.98386
1202122476 116.32061 39.98419
1202122568 116.32615 39.98439
1202122777 116.33411 39.98474
1202122869 116.34283 39.9851
1202123079 116.35177 39.98534
1202123171 116.35177 39.98534
1202123381 116.35177 39.98534
1202123473 116.35177 39.98534
1202123473 116.35177 39.98534
1202123682 116.35928 39.984
1202123774 116.35929 39.98398
1202123984 116.35949 39.9748
1202124076 116.35941 39.97116
1202124285 116.34164 39.9665
1202124378 116.33247 39.96647
1202124587 116.32895 39.95647
1202124679 116.3297 39.95194
1202124889 116.33778 39.94617
1202125102 116.33656 39.94546
1202125194 116.3389 39.94787
1202125404 116.33894 39.94788
1202125496 116.34196 39.94868
1202125705 116.34143 39.9568
1202125797 116.3482 39.95672
1202126099 116.35178 39.98023
1202126309 116.36307 39.98054
1202126400 116.36345 39.98304
1202126610 116.38803 39.98655
1202126912 116.43655 39.98547
1202127004 116.44431 39.9983
1202127214 116.46082 40.00721
1202127305 116.46737 40.00727
1202127515 116.47825 40.00737
1202127607 116.47673 40.00911
1202127817 116.47268 40.00735
1202127909 116.47236 40.00251
1202128119 116.46463 39.9919
1202128119 116.46463 39.9919
1202128210 116.45938 39.98721
1202128420 116.45849 39.98783
1202128512 116.45849 39.98783
1202128722 116.45844 39.98787
1202128814 116.45844 39.98787
1202129024 116.45844 39.98787
1202129115 116.45844 39.98787
1202129325 116.46094 39.97855
1202129417 116.46641 39.97502
1202129627 116.44995 39.95893
1202129719 116.44326 39.95384
1202129929 116.44122 39.94394
1202130020 116.43622 39.93977
1202130230 116.42727 39.93779
1202130322 116.42754 39.93573
1202130531 116.42869 39.91333
1202130623 116.4295 39.90854
1202130833 116.43489 39.89247
1202130924 116.42957 39.89235
1202131134 116.42306 39.89248
1202131226 116.41462 39.8919
1202131436 116.40645 39.89158
1202131528 116.39375 39.89035
1202131738 116.38702 39.88877
1202131829 116.38467 39.88849
1202132039 116.38178 39.88821
1202132131 116.37995 39.88824
1202132341 116.36847 39.88794
1202132433 116.36812 39.88224
1202132642 116.3682 39.87932
1202132734 116.36867 39.88187
1202132944 116.36798 39.86954
1202133036 116.3647 39.86552
1202133246 116.35951 39.86393
1202133338 116.36502 39.86412
1202133338 116.36502 39.86412
1202133547 116.38729 39.87007
1202133639 116.4061 39.87078
1202133849 116.43885 39.87461
1202133941 116.43838 39.88891
1202134151 116.42852 39.91548
1202134243 116.42796 39.92799
1202134452 116.43234 39.93955
1202134544 116.43991 39.9398
1202134754 116.45267 39.94749
1202134846 116.45556 39.94568
1202138078 116.44508 39.93996
1202138332 116.42821 39.94003
1202138380 116.42768 39.94364
1202138633 116.41078 39.94804
1202138681 116.40515 39.9479
1202139237 116.36613 39.94743
1202139285 116.36213 39.94644
1202139538 116.34846 39.93637
1202139586 116.34846 39.93637
1202139840 116.34835 39.93635
1202139888 116.34831 39.93636
1202140142 116.34815 39.93634
1202140190 116.34712 39.9338
1202140491 116.3236 39.9311
1202140745 116.31361 39.93113
1202140793 116.3057 39.93114
1202141047 116.29666 39.93213
1202141095 116.29733 39.93427
1202141348 116.30406 39.94649
1202141396 116.30385 39.94925
1202141650 116.30889 39.96332
1202141698 116.31719 39.96573
1202141952 116.34687 39.96652
1202142000 116.34442 39.96667
1202142253 116.34471 39.9719
1202142301 116.34426 39.97203
1202142555 116.34426 39.97203
1202142603 116.34426 39.97203
1202142857 116.3424 39.97211
1202142904 116.34227 39.97318
1202142904 116.34227 39.97318
1202143158 116.33498 39.97884
1202143206 116.33452 39.98372
1202143460 116.33707 39.98279
1202143508 116.33707 39.98279
1202143760 116.35748 39.98572
1202143808 116.36485 39.9859
1202144062 116.3781 39.98971
1202144110 116.37821 39.98978
1202144364 116.37306 39.99276
1202144412 116.37306 39.99276
1202144665 116.38079 40.00007
1202144713 116.38046 40.00739
1202144967 116.39529 39.99676
1202145015 116.39578 39.99682
1202145269 116.39765 39.99706
1202145317 116.39765 39.99706
1202145570 116.39765 39.99706
1202145618 116.39765 39.99706
1202145872 116.39445 39.99431
1202145920 116.39462 39.99273
1202146174 116.37027 39.98678
1202146222 116.36422 39.98626
1202146475 116.35595 39.98036
1202146523 116.35499 39.98037
1202146777 116.35495 39.98037
1202146825 116.35373 39.98039
1202147079 116.35251 39.97901
1202147127 116.3526 39.97648
1202147380 116.34697 39.97001
1202147428 116.34614 39.96654
1202147682 116.3205 39.96604
1202147730 116.31787 39.96605
1202147984 116.31724 39.95435
1202148032 116.31642 39.95232
1202148285 116.3111 39.95549
1202148333 116.30444 39.95567
1202148587 116.30139 39.96589
1202148635 116.3008 39.96948
1202148889 116.3028 39.97597
1202148937 116.30317 39.9744
1202149190 116.31416 39.96799
1202149238 116.31422 39.96782
1202149492 116.31616 39.96554
1202149540 116.31832 39.96566
1202149794 116.32237 39.96623
1202149842 116.32171 39.9662
1202150095 116.31876 39.9661
1202150143 116.31876 39.9661
1202150397 116.30806 39.96322
1202150445 116.3023 39.95877
1202150699 116.30377 39.93889
1202150747 116.30383 39.93808
1202151000 116.30435 39.93678
1202151048 116.30422 39.93849
1202151302 116.30338 39.95544
1202151350 116.30335 39.95571
1202151604 116.30144 39.96549
1202151604 116.30144 39.96549
1202151652 116.30142 39.96555
1202151953 116.29546 39.96769
1202152207 116.30151 39.96285
1202152255 116.30166 39.96235
1202152509 116.30321 39.95353
1202152557 116.30342 39.95082
1202152810 116.32787 39.93684
1202152858 116.33532 39.93705
1202153160 116.35134 39.94263
1202153414 116.38102 39.94752
1202153462 116.3912 39.94757
1202154017 116.42759 39.93695
1202154065 116.42749 39.93604
1202154319 116.43435 39.92636
1202154366 116.43453 39.92415
1202154620 116.43223 39.92308
1202154668 116.42875 39.92359
1202154922 116.42836 39.93082
1202154970 116.42857 39.93215
1202155272 116.42775 39.94386
1202155525 116.41899 39.95364
1202155573 116.41894 39.95514
1202155875 116.4186 39.96688
1202156128 116.40501 39.96784
1202156176 116.39777 39.9676
1202156430 116.37761 39.96719
1202156478 116.37761 39.96719
1202156732 116.37736 39.96719
1202156780 116.37736 39.96719
1202157033 116.37736 39.96719
1202157081 116.37736 39.96719
1202157335 116.37724 39.96719
1202157383 116.37482 39.96829
1202157636 116.37386 39.98133
1202157684 116.37201 39.98727
1202157985 116.3585 40.00787
1202157985 116.3585 40.00787
1202158239 116.34372 40.02709
1202158287 116.34106 40.03057
1202158541 116.33027 40.03561
1202158589 116.32711 40.03942
1202158842 116.32172 40.04823
1202159144 116.32785 40.03824
1202159144 116.32785 40.03824
1202159252 116.32018 40.0344
1202159446 116.30058 40.03408
1202159554 116.30023 40.03393
1202159747 116.31256 40.03611
1202159856 116.32248 40.03448
1202160157 116.3439 40.02596
1202160351 116.34579 40.01421
1202160459 116.3461 40.00595
1202160652 116.3469 39.9904
1202160761 116.34723 39.98615
1202160954 116.37231 39.98479
1202161062 116.37403 39.96574
1202161243 116.3742 39.9472
1202161666 116.42809 39.92541
1202161859 116.42078 39.91418
1202162161 116.41842 39.90388
1202162269 116.41738 39.90278
1202162462 116.40603 39.89966
1202162571 116.40208 39.89952
1202162764 116.39408 39.89897
1202162872 116.39076 39.89878
1202163066 116.37849 39.89874
1202163174 116.37842 39.8929
1202163367 116.37838 39.88913
1202163476 116.37838 39.88848
1202163669 116.38112 39.88177
1202163777 116.38124 39.87928
1202163971 116.38139 39.86384
1202164079 116.38055 39.85761
1202164079 116.38055 39.85761
1202164272 116.38047 39.85666
1202164381 116.38058 39.85425
1202164574 116.37696 39.84864
1202164682 116.37472 39.8492
1202164876 116.36651 39.84932
1202164984 116.36552 39.84934
1202165177 116.3607 39.84144
1202165286 116.35974 39.84024
1202165587 116.35854 39.85812
1202165781 116.35818 39.86721
1202165889 116.35787 39.87316
1202166082 116.35764 39.87863
1202166191 116.35743 39.88466
1202166384 116.35718 39.89743
1202166492 116.35718 39.89742
1202166794 116.35076 39.91224
1202166987 116.35018 39.92491
1202167289 116.34988 39.93671
1202167397 116.34961 39.93922
1202167591 116.34861 39.96352
1202167892 116.34493 39.98567
1202168194 116.29927 39.98653
1202168302 116.29672 39.98937
1202168496 116.28077 40.00058
1202168604 116.27032 40.00136
1202168797 116.26115 40.0159
1202169099 116.24425 40.04314
1202169207 116.24405 40.04309
1202169400 116.23703 40.04484
1202169509 116.23679 40.04843
1202169810 116.23137 40.04411
1202206533 116.21621 40.0334
1202207136 116.21621 40.0334
1202207171 116.21621 40.0334
1202207438 116.21626 40.03341
1202207473 116.21626 40.03341
1202207739 116.21626 40.03341
1202207774 116.21626 40.03341
1202208644 116.25367 40.04017
1202208679 116.2584 40.03669
1202208981 116.26592 40.03097
1202209283 116.28201 40.00704
1202210758 116.30965 39.96439
1202211060 116.30333 39.95241
1202211060 116.30333 39.95241
1202211362 116.30416 39.90723
1202211514 116.304 39.89579
1202211663 116.31414 39.8954
1202212267 116.31066 39.90543
1202212419 116.30177 39.91167
1202212870 116.27305 39.91641
1202213324 116.24651 39.91419
1202213626 116.23902 39.91499
1202213775 116.23902 39.91499
1202214077 116.23902 39.91499
1202214229 116.24089 39.91495
1202214378 116.24711 39.91633
1202214531 116.25841 39.91639
1202214680 116.26809 39.91639
1202214833 116.2733 39.92289
1202214833 116.2733 39.92289
1202215134 116.28433 39.92265
1202215436 116.29841 39.92255
1202215585 116.3042 39.93099
1202215738 116.30335 39.9531
1202215887 116.32508 39.96608
1202216039 116.3493 39.96576
1202216188 116.34766 39.98133
1202216490 116.34657 40.0053
1202217245 116.34154 40.00632
1202217394 116.34154 40.00632
1202217547 116.34154 40.00632
1202218150 116.33854 40.00636
1202218299 116.3415 40.00645
1202218601 116.34864 39.98529
1202218601 116.34864 39.98529
1202219204 116.35262 39.97544
1202219658 116.32218 39.97503
1202219960 116.31884 39.974
1202220262 116.31262 39.97021
1202220563 116.30401 39.93238
1202220712 116.3071 39.92678
1202221166 116.30342 39.94929
1202221316 116.30405 39.92921
1202221770 116.30966 39.89556
1202222373 116.30444 39.90835
1202222373 116.30444 39.90835
1202222522 116.30511 39.91224
1202222824 116.30431 39.92981
1202223126 116.30974 39.93833
1202223975 116.30646 39.93838
1202224578 116.31228 39.94453
1202225395 116.31228 39.94453
1202225697 116.31359 39.94472
1202225785 116.31915 39.94073
1202226602 116.26939 39.95227
1202226994 116.26885 39.92744
1202227205 116.27866 39.9266
1202227507 116.28439 39.92267
1202227595 116.29027 39.91886
1202228110 116.29154 39.91664
1202228198 116.29449 39.92264
1202228412 116.32327 39.92195
1202229015 116.34736 39.92634
1202229103 116.34724 39.93073
1202229317 116.34978 39.935
1202229617 116.34683 39.93897
1202229617 116.34683 39.93897
1202229705 116.33063 39.93683
1202229919 116.31817 39.9491
1202230221 116.3296 39.95375
1202230610 116.32961 39.95385
1202230824 116.32961 39.95385
1202231126 116.32832 39.96405
1202231214 116.32825 39.96485
1202231427 116.32755 39.96638
1202231729 116.32193 39.96621
1202231817 116.32125 39.96628
1202232118 116.3134 39.96539
1202232332 116.3014 39.96544
1202232423 116.30136 39.96541
1202233024 116.30102 39.96863
1202233539 116.29823 39.98274
1202234746 116.29505 39.92357
1202234833 116.28828 39.92282
1202234833 116.28828 39.92282
1202235437 116.31093 39.92248
1202235738 116.33926 39.92189
1202235952 116.34994 39.9292
1202236254 116.36664 39.93126
1202236342 116.36661 39.9364
1202236556 116.36606 39.94402
1202236857 116.36591 39.94669
1202236945 116.36179 39.94629
1202237461 116.35484 39.96233
1202237548 116.36339 39.96645
1202237850 116.42087 39.96786
1202238366 116.45457 39.98799
1202238366 116.45457 39.98799
1202239057 116.45657 39.99308
1202239358 116.4507 39.98247
1202239962 116.43949 39.95589
1202240565 116.42945 39.9684
1202241081 116.41138 39.96807
1202241168 116.39905 39.96755
1202241986 116.35939 39.9735
1202242287 116.35276 39.98022
1202242375 116.35257 39.97795
1202242375 116.35257 39.97795
1202242375 116.35257 39.97795
1202242375 116.35257 39.97795
1202242589 116.34733 39.9596
1202244323 116.27046 39.94002
1202244510 116.27005 39.94541
1202244625 116.28121 39.94538
1202244812 116.29501 39.94403
1202245114 116.30362 39.95241
1202245228 116.30239 39.96061
1202245415 116.30145 39.96529
1202245530 116.30145 39.9653
1202245717 116.3015 39.96553
1202245831 116.3015 39.96562
1202246019 116.29983 39.97924
1202246133 116.30269 39.98505
1202246320 116.30862 39.98622
1202246435 116.29961 39.98475
1202246435 116.29961 39.98475
1202246622 116.29333 39.98924
1202246736 116.28739 39.9962
1202246924 116.26934 40.00149
1202247038 116.26606 40.00663
1202247226 116.25964 40.02426
1202247340 116.25913 40.0293
1202247527 116.25235 40.04089
1202247641 116.24403 40.04312
1202247828 116.23822 40.04459
1202247943 116.22563 40.04285
1202248130 116.21606 40.03425
1202248306 116.21633 40.03344
1202292064 116.21761 40.03051
1202292137 116.21869 40.02658
1202292366 116.22249 40.01752
1202292439 116.22315 40.01746
1202293571 116.22269 40.01756
1202293819 116.21836 40.02784
1202293871 116.21757 40.03096
1202294427 116.21617 40.03345
1202294427 116.21617 40.03345
1202294427 116.21617 40.03345
1202294427 116.21617 40.03345
1202295944 116.21618 40.03433
1202296248 116.21782 40.02977
1202296296 116.21868 40.02663
1202296539 116.21513 40.02129
1202299331 116.21759 40.02523
1202301408 116.2181 40.02873
1202304456 116.20977 40.0325
1202304467 116.20956 40.03246
1202304758 116.20328 40.0339
1202304768 116.20328 40.0339
1202305060 116.20149 40.03744
1202305070 116.20129 40.03803
1202305361 116.22954 40.04387
1202305372 116.23192 40.04407
1202305663 116.25902 40.02962
1202305673 116.25902 40.02833
1202305965 116.26219 40.00418
1202305975 116.26077 40.00403
1202306266 116.24886 39.99559
1202306277 116.24755 39.99479
1202306568 116.23324 39.97279
1202306578 116.23331 39.97223
1202306870 116.22302 39.96012
1202306880 116.22302 39.96012
1202307171 116.2397 39.95801
1202307182 116.2397 39.95801
1202307473 116.25255 39.94552
1202307483 116.25462 39.94544
1202307785 116.2658 39.94262
1202308076 116.2644 39.94538
1202308087 116.2644 39.94538
1202308378 116.23762 39.94644
1202308388 116.23677 39.94648
1202308690 116.22402 39.94396
1202308981 116.236 39.94649
1202308992 116.23708 39.94646
1202309283 116.26797 39.9418
1202309293 116.26803 39.94044
1202309585 116.28953 39.92276
1202309595 116.29164 39.92272
1202309886 116.33042 39.92153
1202309897 116.33042 39.92153
1202310188 116.34695 39.92253
1202310490 116.34681 39.92256
1202310500 116.34681 39.92256
1202310791 116.34679 39.92254
1202310802 116.34679 39.92254
1202311093 116.34682 39.92255
1202311103 116.34682 39.92255
1202311395 116.34682 39.92255
1202311405 116.34682 39.92255
1202311696 116.34677 39.92257
1202311707 116.34677 39.92257
1202311998 116.34685 39.9227
1202312008 116.34685 39.9227
1202312300 116.35046 39.91189
1202312310 116.35059 39.91081
1202312601 116.36749 39.89833
1202312611 116.36873 39.89835
1202312903 116.37818 39.89813
1202313204 116.36798 39.90561
1202313215 116.36795 39.90647
1202313505 116.36778 39.91104
1202313807 116.35797 39.91268
1202313817 116.35797 39.91268
1202314108 116.35104 39.89775
1202314119 116.34909 39.89701
1202314410 116.31528 39.89857
1202314420 116.31528 39.8986
1202314722 116.31104 39.90991
1202314833 116.31067 39.90777
1202315027 116.30447 39.91652
1202315135 116.30447 39.91652
1202315329 116.30447 39.91714
1202315436 116.30447 39.91714
1202315631 116.3042 39.92888
1202315738 116.30385 39.9473
1202315932 116.29925 39.95413
1202316040 116.3022 39.95411
1202316040 116.3022 39.95411
1202316234 116.30188 39.96368
1202316341 116.30157 39.96556
1202316536 116.3015 39.96563
1202316643 116.30035 39.973
1202316837 116.31123 39.97468
1202316945 116.3205 39.97493
1202317139 116.3274 39.97772
1202317246 116.32698 39.98777
1202317441 116.33733 39.99003
1202317548 116.33863 39.98976
1202317741 116.33735 39.98983
1202318043 116.33161 39.99158
1202318150 116.32633 39.99142
1202318345 116.309 39.99829
1202318452 116.30304 39.99799
1202318646 116.28291 40.00076
1202318646 116.28291 40.00076
1202318754 116.28184 40.00709
1202318948 116.27325 40.01101
1202319055 116.27287 40.01499
1202319250 116.27263 40.01281
1202319357 116.26939 40.01324
1202319555 116.27105 40.01772
1202319780 116.27632 40.02001
1202319856 116.28436 40.02228
1202320081 116.28911 40.02307
1202320383 116.28914 40.02301
1202320460 116.28914 40.02301
1202320685 116.28914 40.02301
1202320761 116.28914 40.02301
1202320761 116.28914 40.02301
1202320761 116.28914 40.02301
1202320986 116.28066 40.02159
1202321063 116.27729 40.02014
1202321288 116.29102 39.99111
1202321365 116.29445 39.97955
1202321590 116.3054 39.96201
1202321666 116.31487 39.96531
1202321891 116.32543 39.96575
1202321968 116.32569 39.96594
1202322193 116.33289 39.96434
1202322270 116.33289 39.96434
1202322494 116.33289 39.96434
1202322571 116.33289 39.96434
1202322796 116.33289 39.96434
1202322873 116.33289 39.96434
1202323098 116.33289 39.96434
1202323175 116.33289 39.96434
1202323476 116.33951 39.95771
1202323701 116.34317 39.94573
1202323778 116.3458 39.93962
1202324003 116.3502 39.93965
1202324080 116.35027 39.93963
1202324304 116.35027 39.93963
1202324606 116.35027 39.93963
1202324683 116.35027 39.93963
1202324908 116.35027 39.93963
1202324984 116.35027 39.93963
1202325209 116.35027 39.93963
1202325286 116.35027 39.93963
1202325511 116.34864 39.96174
1202325588 116.34812 39.97418
1202325813 116.33979 39.97494
1202325889 116.33958 39.97315
1202326114 116.32863 39.97522
1202326191 116.31957 39.97497
1202326416 116.3107 39.97928
1202326493 116.31408 39.98408
1202326718 116.31437 39.98459
1202326794 116.31052 39.9844
1202327019 116.31055 39.9798
1202327096 116.3112 39.97526
1202327321 116.30253 39.96131
1202327321 116.30253 39.96131
1202327398 116.30235 39.96118
1202327623 116.3012 39.95631
1202327699 116.30281 39.95838
1202327924 116.30146 39.96561
1202327924 116.30146 39.96561
1202328001 116.30107 39.96848
1202328226 116.29462 39.98284
1202328303 116.28922 39.9828
1202328527 116.29958 39.98203
1202328603 116.30028 39.9812
1202328828 116.31045 39.98137
1202328905 116.31031 39.98378
1202329130 116.29272 39.99002
1202329207 116.28495 39.99914
1202329432 116.26714 40.00945
1202329508 116.25484 40.00199
1202329733 116.24306 40.0044
1202329810 116.24306 40.0044
1202330035 116.2566 40.00474
1202330112 116.26354 40.00429
1202330413 116.25912 40.02948
1202330638 116.24288 40.04458
1202330715 116.22762 40.04356
1202330940 116.21611 40.03361
1202331017 116.21632 40.03343
1202391034 116.21617 40.03344
1202391114 116.21617 40.03344
1202391336 116.21613 40.03356
1202391415 116.21753 40.03317
1202391638 116.2032 40.03402
1202391939 116.21631 40.03996
1202392018 116.22442 40.04235
1202392018 116.22442 40.04235
1202392622 116.26258 40.03013
1202392923 116.26258 40.03013
1202393146 116.26161 40.02808
1202393749 116.28279 40.00176
1202393828 116.29078 39.99134
1202394051 116.30206 39.95914
1202394051 116.30206 39.95914
1202394353 116.33668 39.93697
1202395258 116.36174 39.91277
1202395562 116.36164 39.91274
1202396464 116.35146 39.90788
1202396543 116.35143 39.90781
1202397070 116.35128 39.90773
1202397368 116.35831 39.93102
1202397672 116.37344 39.93152
1202397972 116.39979 39.93201
1202398277 116.44339 39.93235
1202398575 116.45593 39.93572
1202398775 116.4564 39.94258
1202398906 116.46121 39.94652
1202399077 116.456 39.94663
1202399208 116.456 39.94669
1202399483 116.456 39.94669
1202399680 116.45528 39.93603
1202399785 116.45149 39.93246
1202400087 116.41772 39.9324
1202400284 116.39028 39.93218
1202400388 116.38754 39.93217
1202400585 116.37414 39.93167
1202400690 116.3644 39.93126
1202401189 116.35299 39.93661
1202401319 116.36216 39.93492
1202401595 116.37341 39.93158
1202401897 116.37964 39.93189
1202402094 116.3622 39.93115
1202402500 116.33633 39.93957
1202402697 116.34654 39.93688
1202403103 116.39834 39.94748
1202403405 116.4018 39.95228
1202403903 116.44159 39.96098
1202403903 116.44159 39.96098
1202404008 116.44274 39.95799
1202405452 116.41207 39.96806
1202405697 116.38806 39.97296
1202405753 116.38807 39.97513
1202405998 116.38694 39.98717
1202406079 116.3842 39.98676
1202406299 116.3313 39.98497
1202406356 116.31785 39.98446
1202406601 116.26849 39.96557
1202406902 116.26794 39.90862
1202406959 116.26793 39.89781
1202407506 116.27746 39.85413
1202407864 116.28269 39.86118
1202408109 116.28269 39.86118
1202408769 116.27077 39.87872
1202409071 116.26831 39.90245
1202409372 116.26919 39.91621
1202410221 116.31941 39.95044
1202410277 116.32691 39.95083
1202410522 116.32903 39.95728
1202411182 116.43546 39.96478
1202411427 116.46305 39.97076
1202411427 116.46305 39.97076
1202411427 116.46305 39.97076
1202412031 116.46703 39.98216
1202412031 116.46703 39.98216
1202412087 116.46431 39.98081
1202412389 116.4494 39.97951
1202412691 116.4179 39.98775
1202412936 116.38662 39.98703
1202412992 116.37936 39.98673
1202413237 116.34774 39.98595
1202413539 116.33389 39.99515
1202413841 116.36934 39.98613
1202413897 116.38127 39.98647
1202414142 116.4012 39.9818
1202414199 116.40385 39.98168
1202414500 116.4014 39.98723
1202414746 116.36356 39.98606
1202415047 116.29979 39.98428
1202415104 116.29902 39.9878
1202415651 116.26187 40.00329
1202415707 116.25843 40.00329
1202415952 116.26448 40.00742
1202416310 116.25331 40.04045
1202416914 116.21627 40.03343
1202470151 116.20544 40.03202
1202470501 116.21602 40.03986
1202471056 116.26089 40.02991
1202472009 116.26841 40.01956
1202473168 116.32569 40.03788
1202473218 116.32629 40.03915
1202473218 116.32629 40.03915
1202473517 116.33479 40.02941
1202474074 117.19187 40.17828
1202474074 117.19187 40.17828
1202474121 116.30752 40.02425
1202474422 116.31983 40.01199
1202474676 116.33102 39.998
1202475883 116.34842 39.99698
1202476232 116.346 39.99973
1202476534 116.33265 40.00058
1202477137 116.29865 39.99628
1202477391 116.28216 40.00512
1202477693 116.27674 40.01968
1202477741 116.27555 40.02096
1202477741 116.27555 40.02096
1202477995 116.2579 40.03731
1202478344 116.21012 40.03845
1202478598 116.19921 40.04155
1202478900 116.2008 40.04295
1202478947 116.2008 40.04295
1202479201 116.19118 40.04395
1202479249 116.18199 40.04737
1202479551 116.15855 40.04417
1202479805 116.15937 40.04412
1202479852 116.15938 40.04413
1202480407 116.20075 40.03991
1202480454 116.20982 40.03838
1202481010 116.26557 40.03082
1202481312 116.30295 40.03452
1202481915 116.33025 40.03527
1202481915 116.33025 40.03527
1202482820 116.2709 40.03192
1202483122 116.27586 40.0202
1202483169 116.27121 40.01973
1202483471 116.27885 40.01705
1202483725 116.33212 40.02188
1202484329 116.48764 40.00419
1202484630 116.54059 40.02487
1202484979 116.58243 40.06746
1202485233 116.58155 40.0766
1202485535 116.57332 40.06042
1202485583 116.57086 40.06062
1202486138 116.52469 40.03524
1202486186 116.5205 40.02906
1202486440 116.50062 40.0054
1202486742 116.4388 40.01823
1202487091 116.41111 40.03424
1202487996 116.39954 40.0562
1202488250 116.40833 40.04019
1202488298 116.40885 40.03826
1202488298 116.40885 40.03826
1202488552 116.40941 40.02533
1202488853 116.3974 40.03183
1202489155 116.4009 40.0314
1202489504 116.40158 40.00563
1202489758 116.39441 39.99669
1202489809 116.39451 39.99293
1202490060 116.39465 39.98829
1202490108 116.39471 39.9878
1202490362 116.38862 39.98688
1202490409 116.38763 39.9872
1202490663 116.37269 39.96676
1202490711 116.3622 39.96649
1202490965 116.31236 39.96483
1202491013 116.30437 39.96214
1202491568 116.30142 39.96541
1202491616 116.30142 39.96541
1202491870 116.29386 39.98543
1202491918 116.29088 39.99144
1202492172 116.29492 40.01383
1202492219 116.30578 40.01605
