UTS Latitude Longitude
1201959544 116.4662 39.92165
1201960144 116.47172 39.90795
1201960444 116.45632 39.90343
1201960471 116.45626 39.90351
1201960744 116.44813 39.90273
1201961044 116.42617 39.89246
1201961074 116.42458 39.89246
1201961074 116.42458 39.89246
1201961678 116.40842 39.89967
1201962281 116.38545 39.90526
1201963225 116.33655 39.92196
1201963834 116.33603 39.89864
1201964432 116.3362 39.89076
1201964695 116.33455 39.89105
1201964733 116.33428 39.89323
1201972427 116.3341 39.89338
1201972666 116.33446 39.89273
1201972968 116.35054 39.89737
1201972968 116.35054 39.89737
1201973269 116.3677 39.89824
1201973449 116.36517 39.88816
1201973571 116.36201 39.89196
1201973884 116.3572 39.89624
1201974053 116.35713 39.89715
1201974184 116.35706 39.89761
1201974656 116.34205 39.89828
1201975084 116.31522 39.8968
1201975259 116.31721 39.89762
1201975384 116.31725 39.89805
1201975863 116.32166 39.89211
1201976466 116.31246 39.88692
1201977022 116.30469 39.90471
1201977069 116.30716 39.90587
1201977673 116.32126 39.89867
1201978879 116.39887 39.89931
1201979464 116.4123 39.89401
1201979483 116.41236 39.89315
1201980086 116.41514 39.86652
1201980688 116.40771 39.85769
1201981292 116.38132 39.85546
1201981743 116.39896 39.87045
1201981895 116.40454 39.87051
1201982043 116.40673 39.87053
1201982498 116.38694 39.87961
1201982607 116.38376 39.88205
1201983102 116.36901 39.88195
1201983705 116.34749 39.8771
1201983843 116.34438 39.87528
1201984143 116.34717 39.88744
1201984308 116.34684 39.89474
1201984443 116.3465 39.90124
1201984912 116.33337 39.90186
1201985515 116.31291 39.90653
1201985827 116.30108 39.91775
1201986129 116.30328 39.91784
1201986722 116.30416 39.88721
1201987145 116.30819 39.88501
1201987325 116.31867 39.88853
1201987446 116.33263 39.88792
1201987748 116.33388 39.89335
1201987869 116.33375 39.89329
1202012073 116.44148 39.85762
1202012073 116.44148 39.85762
1202032582 116.33407 39.89337
1202032884 116.33429 39.89271
1202033015 116.33311 39.88894
1202033439 116.31429 39.88791
1202033618 116.30455 39.88749
1202033741 116.30495 39.89653
1202033880 116.30398 39.89131
1202034180 116.29967 39.86591
1202034221 116.2938 39.8655
1202034780 116.29674 39.88869
1202034825 116.29466 39.89005
1202035643 116.32278 39.90329
1202035846 116.32286 39.89949
1202036031 116.31973 39.89235
1202036147 116.31506 39.8902
1202036460 116.30385 39.89643
1202036635 116.30399 39.88683
1202036914 116.30086 39.88053
1202037215 116.30507 39.88482
1202037238 116.30473 39.88517
1202037841 116.29685 39.93122
1202037974 116.28536 39.93122
1202038445 116.30427 39.94154
1202038746 116.31357 39.95356
1202039047 116.30268 39.95609
1202039048 116.30268 39.95608
1202039651 116.31794 39.95233
1202040255 116.38946 39.96712
1202040744 116.40194 39.97754
1202040858 116.40848 39.9761
1202041045 116.40197 39.97762
1202041347 116.40536 39.98344
1202041582 116.40619 39.98307
1202041652 116.40513 39.98363
1202042185 116.41837 39.97395
1202042789 116.43836 39.95402
1202042824 116.43843 39.9541
1202043126 116.44024 39.95141
1202043392 116.43372 39.95128
1202043856 116.45199 39.96401
1202043995 116.44904 39.95868
1202044158 116.43905 39.95064
1202044574 116.43981 39.94862
1202044599 116.43992 39.94852
1202044599 116.43992 39.94852
1202044876 116.43522 39.9415
1202045177 116.42048 39.93993
1202045177 116.42048 39.93993
1202045202 116.4197 39.93969
1202045479 116.40281 39.93206
1202045780 116.38661 39.93211
1202045805 116.38405 39.93208
1202046082 116.36382 39.93126
1202046384 116.35125 39.93107
1202046409 116.35121 39.93115
1202047012 116.35021 39.91253
1202047615 116.38729 39.90609
1202048219 116.44711 39.90694
1202048362 116.45169 39.90762
1202048663 116.45491 39.90635
1202048663 116.45491 39.90635
1202048822 116.442 39.90224
1202048965 116.43572 39.89248
1202049267 116.4123 39.89188
1202049425 116.39098 39.88969
1202049568 116.3796 39.88841
1202049870 116.36069 39.88775
1202050029 116.35777 39.88792
1202050172 116.33326 39.88868
1202050452 116.33406 39.8933
1202050759 116.33413 39.89338
1202050759 116.33413 39.89338
1202050759 116.33413 39.89338
1202050759 116.33413 39.89338
1202050759 116.33413 39.89338
1202050759 116.33413 39.89338
1202050759 116.33413 39.89338
1202050759 116.33413 39.89338
1202050759 116.33413 39.89338
1202050759 116.33413 39.89338
1202050759 116.33413 39.89338
1202050759 116.33413 39.89338
1202050759 116.33413 39.89338
1202050759 116.33413 39.89338
1202050759 116.33413 39.89338
1202050759 116.33413 39.89338
1202050759 116.33413 39.89338
1202050759 116.33413 39.89338
1202050759 116.33413 39.89338
1202050759 116.33413 39.89338
1202050759 116.33413 39.89338
1202050759 116.33413 39.89338
1202050759 116.33413 39.89338
1202058320 116.33417 39.89354
1202058663 116.33507 39.88812
1202059775 116.42881 39.86484
1202059870 116.43139 39.86446
1202060077 116.4277 39.86032
1202060378 116.4265 39.86023
1202060473 116.42587 39.85985
1202060982 116.4176 39.86425
1202061076 116.41541 39.86401
1202061399 116.39411 39.86558
1202061680 116.39291 39.87913
1202062002 116.38704 39.88479
1202062002 116.38704 39.88479
1202062283 116.37563 39.88186
1202062283 116.37563 39.88186
1202062304 116.37492 39.8818
1202062605 116.36919 39.88189
1202062886 116.35793 39.88192
1202062918 116.35418 39.88195
1202063490 116.32719 39.88857
1202064093 116.3147 39.88463
1202064099 116.31471 39.88464
1202064696 116.31046 39.88579
1202065138 116.2997 39.88838
1202065300 116.30395 39.88924
1202065438 116.29939 39.88867
1202065903 116.2909 39.89976
1202066051 116.296 39.90358
1202066352 116.2889 39.89885
1202066352 116.2889 39.89885
1202067170 116.25863 39.91662
1202067660 116.24427 39.92994
1202067773 116.24422 39.92864
1202067962 116.25186 39.92816
1202068264 116.27028 39.92733
1202068377 116.27332 39.92743
1202068377 116.27332 39.92743
1202069077 116.2822 39.90933
1202069540 116.27023 39.91872
1202069540 116.27023 39.91872
1202069582 116.2695 39.91865
1202069842 116.27276 39.92747
1202070186 116.28215 39.92334
1202070789 116.30401 39.89859
1202071176 116.31427 39.89505
1202071392 116.3227 39.89548
1202071478 116.32513 39.89555
1202071617 116.33642 39.89383
1202071678 116.33717 39.89101
1202071979 116.33355 39.89089
1202071996 116.33426 39.89104
1202072238 116.33393 39.89328
1202119050 116.33403 39.89337
1202119316 116.33421 39.89329
1202119351 116.33429 39.89324
1202119919 116.35825 39.88791
1202120095 116.36664 39.88745
1202120522 116.36809 39.86663
1202120909 116.36898 39.84923
1202121126 116.36829 39.84635
1202121211 116.36801 39.84642
1202121512 116.36819 39.84637
1202121729 116.37341 39.84869
1202121791 116.37296 39.8478
1202122092 116.3735 39.84891
1202122332 116.37011 39.84565
1202122936 116.41566 39.86085
1202123455 116.41682 39.8892
1202123539 116.41696 39.8886
1202123755 116.42003 39.88612
1202124142 116.42523 39.88309
1202124462 116.4324 39.88156
1202124746 116.42801 39.88262
1202124775 116.42805 39.88266
1202125075 116.42549 39.89243
1202125349 116.4251 39.89235
1202125952 116.37886 39.8883
1202126555 116.34289 39.89544
1202127158 116.31398 39.8954
1202127382 116.31505 39.89479
1202127683 116.32302 39.90027
1202127719 116.32285 39.90161
1202127761 116.3228 39.90417
1202128365 116.33656 39.89001
1202128494 116.33652 39.88255
1202128794 116.33359 39.88667
1202128968 116.3367 39.89123
1202129094 116.33632 39.89578
1202129391 116.34147 39.89804
1202129694 116.3326 39.89638
1202129753 116.32934 39.89619
1202130161 116.33155 39.91264
1202130356 116.3316 39.91263
1202130462 116.3317 39.91263
1202130508 116.33266 39.91269
1202130810 116.33788 39.9132
1202130960 116.33887 39.91607
1202131112 116.34316 39.91372
1202131413 116.33867 39.90954
1202131563 116.33147 39.90606
1202131715 116.33182 39.90208
1202132017 116.33616 39.89689
1202132166 116.33623 39.89482
1202132318 116.33652 39.89273
1202132620 116.33407 39.89346
1202138426 116.33426 39.89155
1202138728 116.34642 39.89639
1202138808 116.34681 39.89713
1202139331 116.34335 39.89949
1202139633 116.3057 39.89585
1202139934 116.2683 39.91152
1202140014 116.2702 39.92294
1202140236 116.25653 39.92325
1202140538 116.22922 39.92392
1202141154 116.22314 39.92857
1202141454 116.22472 39.93073
1202141454 116.22472 39.93073
1202141523 116.22335 39.93167
1202141744 116.22399 39.93246
1202142054 116.22299 39.92871
1202142305 116.22287 39.92847
1202143218 116.22972 39.89965
1202143254 116.22993 39.89633
1202143820 116.27879 39.89572
1202144153 116.33766 39.89613
1202144423 116.34559 39.8982
1202144453 116.3458 39.89852
1202145175 116.34427 39.89886
1202145477 116.33337 39.90135
1202145635 116.33182 39.90121
1202145779 116.33174 39.90126
1202146080 116.3317 39.90133
1202146238 116.33179 39.90125
1202146382 116.3318 39.90127
1202146834 116.33749 39.90547
1202146841 116.33753 39.90547
1202147135 116.33862 39.91111
1202147437 116.33888 39.91231
1202147445 116.3389 39.91233
1202147739 116.32979 39.91299
1202147739 116.32979 39.91299
1202148040 116.33563 39.90117
1202148048 116.33562 39.90115
1202148274 116.32879 39.89617
1202148575 116.32933 39.90547
1202148877 116.33291 39.917
1202149179 116.34449 39.91709
1202149255 116.34568 39.91715
1202149480 116.34881 39.9171
1202149793 116.34941 39.93854
1202149858 116.35013 39.94776
1202150693 116.34266 39.95679
1202150910 116.33987 39.9572
1202151125 116.32862 39.96188
1202151728 116.32751 39.97367
1202152332 116.31184 39.97472
1202152828 116.2979 39.97035
1202152935 116.30007 39.96883
1202153230 116.30998 39.97457
1202153317 116.31264 39.9716
1202153538 116.31629 39.96175
1202153619 116.31716 39.95596
1202153921 116.31665 39.95881
1202154232 116.3053 39.95584
1202154744 116.31941 39.93808
1202155118 116.35014 39.93899
1202155347 116.35056 39.94205
1202155347 116.35056 39.94205
1202155420 116.35694 39.94388
1202155951 116.30971 39.9389
1202156400 116.29404 39.92297
1202156554 116.29406 39.92294
1202156702 116.29007 39.92403
1202157004 116.29959 39.91179
1202157157 116.31088 39.90989
1202157305 116.31495 39.90666
1202157535 116.33326 39.90124
1202157836 116.34205 39.89554
1202158138 116.36134 39.88787
1202158364 116.37846 39.88726
1202158741 116.3921 39.87955
1202158967 116.39321 39.87941
1202159043 116.39308 39.87947
1202159345 116.3871 39.87964
1202159571 116.37919 39.88447
1202159948 116.36917 39.88801
1202160250 116.34914 39.88816
1202160551 116.33488 39.89304
1202208691 116.33419 39.8933
1202208993 116.33422 39.89335
1202209002 116.33425 39.89334
1202209294 116.33264 39.88932
1202209596 116.32738 39.89561
1202209605 116.32847 39.89567
1202209605 116.32847 39.89567
1202209910 116.32551 39.89921
1202210208 116.33768 39.90178
1202210330 116.34591 39.90183
1202210630 116.35293 39.89615
1202210930 116.34576 39.88841
1202211231 116.3388 39.89109
1202211776 116.29654 39.90603
1202212018 116.30616 39.90576
1202212078 116.30597 39.90676
1202212380 116.30142 39.90682
1202212983 116.30107 39.90656
1202213285 116.301 39.90656
1202213285 116.301 39.90656
1202213888 116.28203 39.91306
1202214049 116.28104 39.91753
1202214305 116.28454 39.91158
1202214491 116.28904 39.90878
1202214607 116.2892 39.90832
1202214909 116.29855 39.90617
1202215094 116.30419 39.89539
1202215210 116.30428 39.88543
1202215512 116.29779 39.86575
1202215698 116.28427 39.86478
1202215698 116.28427 39.86478
1202215814 116.27871 39.868
1202216301 116.31513 39.85174
1202216655 116.3167 39.8366
1202216880 116.31415 39.84268
1202216904 116.31414 39.8437
1202217182 116.3147 39.84646
1202217484 116.32036 39.84863
1202217508 116.31681 39.85044
1202217785 116.30437 39.88968
1202218087 116.3043 39.93044
1202218111 116.3042 39.93428
1202218389 116.31074 39.96396
1202218690 116.31343 39.97001
1202218714 116.31419 39.96771
1202218992 116.31135 39.95579
1202219294 116.31825 39.94637
1202219318 116.31839 39.94448
1202219595 116.32024 39.93072
1202219921 116.34888 39.93085
1202220239 116.35737 39.92537
1202220524 116.35708 39.92246
1202221069 116.36735 39.91795
1202221128 116.36738 39.91704
1202221369 116.35395 39.91251
1202221670 116.33924 39.9126
1202221731 116.33783 39.90671
1202221972 116.33591 39.89692
1202222273 116.33399 39.89339
1202229332 116.33388 39.89381
1202229332 116.33388 39.89381
1202229634 116.33645 39.89439
1202229701 116.33628 39.89616
1202229935 116.32309 39.89601
1202230248 116.32235 39.89875
1202230304 116.32124 39.89851
1202230355 116.31758 39.89832
1202230668 116.30569 39.9077
1202230908 116.30444 39.91983
1202230968 116.30545 39.92015
1202231268 116.30443 39.92154
1202231511 116.29527 39.92976
1202231568 116.29581 39.93166
1202231868 116.29582 39.94254
1202232114 116.29568 39.93162
1202232168 116.29517 39.93115
1202232468 116.29509 39.92454
1202232477 116.29506 39.92362
1202232718 116.27928 39.92647
1202232778 116.28116 39.9261
1202233080 116.28115 39.9261
1202233321 116.28122 39.92616
1202233382 116.28117 39.92613
1202233683 116.28111 39.9261
1202233683 116.28111 39.9261
1202233924 116.28116 39.926
1202233985 116.28125 39.92611
1202234528 116.30468 39.92247
1202234588 116.30439 39.92448
1202234868 116.31505 39.92576
1202235131 116.3034 39.92273
1202235131 116.3034 39.92273
1202235468 116.30383 39.91824
1202235734 116.30403 39.91029
1202236068 116.32279 39.90484
1202236338 116.33083 39.90594
1202236369 116.3363 39.90587
1202236671 116.366 39.90577
1202236941 116.38824 39.90605
1202236973 116.39253 39.90618
1202237274 116.40039 39.91543
1202237543 116.41075 39.92294
1202238147 116.44412 39.9169
1202238347 116.44369 39.90882
1202238647 116.43127 39.90739
1202238750 116.43066 39.9074
1202238948 116.42878 39.92334
1202239250 116.40462 39.92443
1202239353 116.40278 39.93106
1202239552 116.38701 39.93221
1202239924 116.36237 39.93677
1202239957 116.3624 39.93883
1202240560 116.31932 39.93244
1202240839 116.30628 39.92727
1202241163 116.30135 39.92316
1202241684 116.26587 39.92346
1202241767 116.25986 39.92328
1202241985 116.26855 39.92708
1202242287 116.28101 39.92623
1202242370 116.28219 39.92326
1202242589 116.30163 39.92254
1202242890 116.32587 39.92166
1202242973 116.32834 39.91709
1202243192 116.32839 39.90363
1202243494 116.33671 39.89109
1202243577 116.34027 39.88924
1202243807 116.3344 39.89322
1202243939 116.33473 39.89313
1202249416 116.33791 39.88833
1202249718 116.33869 39.84772
1202249736 116.34117 39.8487
1202250020 116.3743 39.85078
1202250321 116.37648 39.84448
1202252880 116.37394 39.8492
1202253181 116.3679 39.86452
1202253240 116.3682 39.8672
1202253482 116.35089 39.86712
1202253784 116.33453 39.88857
1202253843 116.33333 39.8907
1202254025 116.33412 39.89342
1202296914 116.33411 39.89343
1202297180 116.33325 39.88893
1202297216 116.33 39.89
1202297518 116.32286 39.901
1202297783 116.32108 39.89849
1202297819 116.31819 39.89842
1202298121 116.32279 39.90277
1202298386 116.32265 39.90029
1202299064 116.33913 39.88377
1202299593 116.33193 39.9019
1202300045 116.3244 39.92557
1202300196 116.32001 39.9269
1202300346 116.31555 39.92687
1202300648 116.30303 39.92695
1202300800 116.30434 39.92513
1202301653 116.34876 39.96486
1202302006 116.3484 39.95675
1202302484 116.32925 39.95313
1202302610 116.33038 39.94935
1202303204 116.34725 39.92604
1202303213 116.34724 39.92602
1202303816 116.34638 39.90434
1202303928 116.3433 39.90183
1202304420 116.33673 39.89146
1202304715 116.33344 39.88378
1202305023 116.32038 39.8868
1202305023 116.32038 39.8868
1202305468 116.3106 39.90571
1202305626 116.31499 39.90363
1202305770 116.32063 39.89817
1202306071 116.33649 39.8916
1202306230 116.33415 39.89334
1202306337 116.33393 39.89334
1202306658 116.33385 39.89344
1202306658 116.33385 39.89344
1202306658 116.33385 39.89344
1202306658 116.33385 39.89344
1202306658 116.33385 39.89344
1202306658 116.33385 39.89344
1202306658 116.33385 39.89344
1202306658 116.33385 39.89344
1202306658 116.33385 39.89344
1202306658 116.33385 39.89344
1202306658 116.33385 39.89344
1202306658 116.33385 39.89344
1202306658 116.33385 39.89344
1202306658 116.33385 39.89344
1202306658 116.33385 39.89344
1202306658 116.33385 39.89344
1202306658 116.33385 39.89344
1202306658 116.33385 39.89344
1202306658 116.33385 39.89344
1202306658 116.33385 39.89344
1202306658 116.33385 39.89344
1202313615 116.33436 39.89114
1202314080 116.34247 39.8693
1202314683 116.39511 39.82489
1202315239 116.39145 39.78963
1202315286 116.39156 39.78955
1202315541 116.39637 39.80171
1202315890 116.3957 39.8244
1202316493 116.48223 39.86591
1202316615 116.48404 39.8795
1202316615 116.48404 39.8795
1202316917 116.4724 39.88318
1202317096 116.45793 39.88314
1202317695 116.43818 39.86445
1202317700 116.43785 39.86445
1202317996 116.42809 39.86079
1202318297 116.40855 39.85612
1202318599 116.40958 39.84207
1202318901 116.40814 39.85307
1202318906 116.40809 39.85309
1202319202 116.40785 39.85438
1202319510 116.40757 39.86361
1202319765 116.41427 39.87193
1202320066 116.41061 39.88682
1202320112 116.40693 39.88696
1202320368 116.38715 39.88501
1202320669 116.37105 39.88184
1202320715 116.36923 39.88187
1202321319 116.36827 39.89772
1202321922 116.42984 39.90707
1202322469 116.43571 39.9358
1202322525 116.43498 39.93579
1202322770 116.42278 39.93235
1202323072 116.40267 39.92867
1202323129 116.40143 39.92584
1202323374 116.39124 39.9272
1202323679 116.37706 39.92126
1202323853 116.37564 39.91027
1202323980 116.37641 39.90677
1202324282 116.37792 39.89794
1202324457 116.37842 39.89054
1202324584 116.36891 39.88804
1202324885 116.34568 39.88824
1202325060 116.3347 39.89218
1202325417 116.33437 39.893
1202468253 116.33468 39.89327
1202468517 116.33665 39.88479
1202468554 116.33521 39.88252
1202468656 116.33442 39.88272
1202468957 116.36373 39.88804
1202469120 116.36833 39.89658
1202469259 116.36801 39.90324
1202469561 116.36786 39.90847
1202469723 116.3628 39.91524
1202469874 116.36276 39.91529
1202470327 116.34776 39.92238
1202470930 116.28001 39.9203
1202470966 116.2801 39.92024
1202471475 116.26288 39.91173
1202471475 116.26288 39.91173
1202471533 116.26066 39.91169
1202472137 116.30981 39.90618
1202472740 116.35933 39.9149
1202472818 116.3607 39.91579
1202473120 116.36268 39.91572
1202473343 116.36271 39.91591
1202473947 116.3182 39.89601
1202474216 116.31454 39.8951
1202474550 116.3345 39.89606
1202474940 116.35283 39.89724
1202475153 116.34823 39.89408
1202475480 116.34776 39.89399
1202475757 116.34016 39.88884
1202475781 116.34045 39.89019
1202475873 116.34164 39.88869
1202476173 116.33933 39.84709
1202476360 116.36915 39.85553
1202476474 116.38065 39.85244
1202476773 116.39068 39.84266
1202476963 116.38962 39.8389
1202477073 116.38774 39.84395
1202477373 116.38089 39.85337
1202477567 116.38052 39.85516
1202477567 116.38052 39.85516
1202477674 116.38107 39.8629
1202477976 116.3471 39.86727
1202478170 116.34364 39.88618
1202478579 116.34564 39.89815
1202483761 116.34865 39.89617
1202484029 116.34078 39.89824
1202484063 116.33993 39.89694
1202484365 116.32311 39.8975
1202484632 116.32308 39.90045
1202484666 116.32295 39.90047
1202484968 116.32296 39.90032
1202485235 116.32367 39.88883
1202485307 116.32044 39.88911
1202485608 116.32142 39.88843
1202485838 116.33656 39.88985
1202486292 116.32051 39.88546
1202486441 116.33131 39.88849
1202487648 116.42892 39.91341
1202488652 116.46042 40.00017
1202488854 116.44217 39.99403
1202488952 116.43947 39.98966
1202489254 116.41781 39.9864
1202489458 116.41515 39.98674
1202489458 116.41515 39.98674
1202489498 116.41596 39.98709
1202489800 116.41855 39.96711
1202490061 116.40973 39.96072
1202490102 116.40825 39.96088
1202490403 116.41149 39.96087
1202490664 116.41834 39.97512
1202490705 116.41818 39.97812
1202491007 116.41542 39.98927
1202491268 116.41806 39.98197
1202492012 116.41589 39.98774
1202492156 116.41483 39.98769
1202492312 116.41434 39.98767
