UTS Latitude Longitude
1201959386 116.34926 39.93928
1201959685 116.34939 39.92119
1201959969 116.35094 39.91753
1201960269 116.35066 39.91758
1201960569 116.35075 39.91749
1201960869 116.35034 39.91259
1201961050 116.35072 39.90907
1201961350 116.36775 39.90552
1201961510 116.37454 39.90272
1201961950 116.37851 39.88868
1201961950 116.37851 39.88868
1201962250 116.40081 39.89123
1201962550 116.4209 39.89181
1201962850 116.4509 39.892
1201962912 116.45221 39.89189
1201963212 116.46095 39.88309
1201963512 116.46793 39.87869
1201963812 116.46789 39.87875
1201964412 116.46792 39.87898
1201964712 116.46787 39.87887
1201965012 116.46788 39.87885
1201965312 116.46792 39.87889
1201965912 116.46788 39.87894
1201966212 116.46784 39.87888
1201966512 116.46775 39.87842
1201966812 116.46776 39.87849
1201967412 116.46774 39.87852
1201967712 116.46805 39.87866
1201968012 116.46755 39.88038
1201968312 116.46758 39.87849
1201968612 116.46772 39.87852
1201968912 116.46775 39.87853
1201968912 116.46775 39.87853
1201969212 116.46763 39.87855
1201969512 116.4677 39.87809
1201970112 116.46796 39.87844
1201970412 116.46801 39.87925
1201970712 116.4679 39.87887
1201970712 116.4679 39.87887
1201971012 116.46784 39.87851
1201971312 116.46771 39.8788
1201971612 116.46784 39.87864
1201971912 116.468 39.87878
1201972212 116.46782 39.87863
1201972512 116.46794 39.87878
1201972812 116.46757 39.87863
1201973112 116.46778 39.8787
1201973412 116.46789 39.87876
1201973712 116.4679 39.87874
1201974312 116.46787 39.87871
1201974612 116.46786 39.8787
1201974912 116.46786 39.87869
1201975212 116.46785 39.87869
1201975511 116.46785 39.87869
1201975811 116.46784 39.87869
1201976111 116.46784 39.87869
1201976411 116.46783 39.87873
1201977011 116.46783 39.87871
1201977611 116.49583 39.87869
1201977611 116.49583 39.87869
1201977611 116.49583 39.87869
1201977611 116.49583 39.87869
1201977911 116.46784 39.87869
1201978211 116.46784 39.87868
1201978511 116.46783 39.87868
1201978811 116.46784 39.87867
1201979111 116.46784 39.87866
1201979411 116.46793 39.8786
1201979711 116.46788 39.8786
1201980011 116.46777 39.87847
1201980311 116.46783 39.87862
1201980611 116.46785 39.87862
1201980912 116.46786 39.87863
1201981211 116.46774 39.8789
1201981811 116.46762 39.87889
1201982111 116.46764 39.8788
1201982411 116.46767 39.87877
1201982711 116.46768 39.87873
1201983011 116.46772 39.87866
1201983311 116.46781 39.87868
1201983611 116.46793 39.87867
1201983911 116.4677 39.87861
1201984511 116.46786 39.87866
1201984811 116.46785 39.87862
1201985111 116.46786 39.87861
1201985411 116.46787 39.87862
1201985711 116.46782 39.87861
1201986011 116.46787 39.87854
1201986311 116.46784 39.87857
1201986311 116.46784 39.87857
1201986911 116.46798 39.87866
1201987211 116.46791 39.87866
1201987511 116.46791 39.87864
1201987811 116.46791 39.87864
1201988111 116.46791 39.87863
1201988411 116.4679 39.87862
1201988711 116.46791 39.87861
1201989011 116.46791 39.87861
1201989611 116.46789 39.8786
1201989911 116.46788 39.87859
1201990211 116.46764 39.87853
1201990511 116.46765 39.87854
1201990811 116.46761 39.87853
1201991711 116.46753 39.87848
1201992011 116.46769 39.8786
1201992311 116.46772 39.87845
1201992610 116.46786 39.8788
1201992910 116.46779 39.87862
1201993210 116.46776 39.87859
1201993810 116.46775 39.8786
1201994410 116.46774 39.87861
1201994710 116.46795 39.87873
1201995010 116.46782 39.8787
1201995010 116.46782 39.8787
1201995310 116.46784 39.87871
1201995610 116.46786 39.87873
1201995610 116.46786 39.87873
1201995910 116.46786 39.87875
1201996210 116.46785 39.87877
1201996510 116.46785 39.87876
1201996810 116.46786 39.87877
1201997110 116.46785 39.87875
1201997410 116.46785 39.87874
1201997710 116.46784 39.87874
1201998010 116.46783 39.87872
1201998310 116.46783 39.87871
1201998610 116.46783 39.87871
1201998910 116.46783 39.8787
1201999210 116.46783 39.8787
1201999510 116.46782 39.87861
1201999810 116.46778 39.87859
1202000110 116.46779 39.87857
1202000410 116.46741 39.87843
1202000710 116.4677 39.87847
1202001010 116.46771 39.87851
1202001310 116.46773 39.8786
1202001610 116.46779 39.8785
1202001910 116.46757 39.87866
1202002210 116.46763 39.87865
1202002510 116.46765 39.87871
1202002810 116.46787 39.87859
1202003710 116.46778 39.87865
1202003710 116.46778 39.87865
1202004910 116.46748 39.87883
1202005210 116.46752 39.87882
1202005810 116.46761 39.87876
1202006410 116.46766 39.87876
1202011360 116.46778 39.87843
1202011809 116.46804 39.87857
1202012409 116.46775 39.87856
1202012409 116.46775 39.87856
1202012709 116.46777 39.87858
1202013009 116.46777 39.87859
1202013309 116.46777 39.87858
1202013609 116.46777 39.87859
1202013909 116.46777 39.87859
1202014209 116.46777 39.87859
1202014509 116.46796 39.87859
1202015109 116.46783 39.87855
1202015409 116.46784 39.87856
1202015709 116.46781 39.87857
1202016009 116.46784 39.87859
1202016309 116.46786 39.8786
1202016609 116.46786 39.87861
1202016909 116.46786 39.87862
1202017209 116.46787 39.87862
1202017509 116.46786 39.87863
1202017809 116.46784 39.8787
1202018109 116.46787 39.87868
1202018409 116.46786 39.87866
1202018709 116.46799 39.87868
1202019009 116.4679 39.87862
1202019309 116.46787 39.87862
1202019609 116.46786 39.87864
1202019909 116.46788 39.87881
1202020209 116.46785 39.87878
1202020509 116.46785 39.87877
1202020809 116.46783 39.87858
1202021109 116.46779 39.87861
1202021109 116.46779 39.87861
1202021409 116.46783 39.87865
1202021709 116.46787 39.87866
1202022009 116.46788 39.87873
1202022309 116.46775 39.87883
1202022609 116.46768 39.87858
1202022909 116.46765 39.87857
1202023209 116.46762 39.87856
1202024109 116.4677 39.87854
1202024409 116.46769 39.87853
1202024708 116.46743 39.87868
1202025008 116.46774 39.87869
1202026208 116.46786 39.87872
1202026808 116.46783 39.87862
1202027408 116.46789 39.87865
1202028008 116.46793 39.87865
1202028308 116.46759 39.87877
1202028608 116.46786 39.87864
1202028908 116.46786 39.87863
1202029208 116.46787 39.87862
1202029508 116.46787 39.87861
1202029808 116.46787 39.87861
1202029808 116.46787 39.87861
1202030108 116.46785 39.87861
1202030408 116.46769 39.87855
1202031008 116.46783 39.87859
1202031308 116.46784 39.87858
1202031608 116.46785 39.87857
1202031908 116.46512 39.87999
1202032208 116.46161 39.87836
1202032224 116.46156 39.87943
1202032914 116.46786 39.87873
1202033125 116.4347 39.90721
1202033835 116.42063 39.92632
1202033894 116.41988 39.9264
1202034194 116.41847 39.93971
1202034474 116.40216 39.94382
1202034544 116.40207 39.94684
1202035144 116.42858 39.9582
1202035306 116.43007 39.9643
1202035606 116.43673 39.96338
1202035653 116.43861 39.96244
1202035906 116.44008 39.95652
1202035970 116.43974 39.95569
1202037170 116.3112 39.9757
1202037363 116.31216 39.97616
1202037663 116.31499 39.96593
1202037963 116.31694 39.96582
1202038263 116.3172 39.96541
1202038863 116.3435 39.96606
1202039163 116.36387 39.96422
1202039463 116.35523 39.95283
1202039763 116.35506 39.95257
1202040054 116.35801 39.9511
1202040354 116.36552 39.94856
1202040609 116.36613 39.94709
1202040909 116.38308 39.94737
1202041244 116.38911 39.95265
1202041544 116.38429 39.96718
1202041844 116.36714 39.96682
1202042475 116.31086 39.97897
1202042559 116.31089 39.98056
1202043027 116.31524 39.97975
1202043294 116.3101 39.98951
1202043594 116.30998 39.98578
1202043772 116.31049 39.97993
1202044372 116.32607 39.96601
1202044980 116.34999 39.94721
1202045280 116.34924 39.93702
1202045580 116.35193 39.91811
1202046242 116.35072 39.9131
1202046953 116.34992 39.92106
1202047159 116.34972 39.9178
1202047808 116.35096 39.91256
1202048108 116.35022 39.89794
1202048408 116.36811 39.89209
1202048708 116.37565 39.88802
1202049008 116.38825 39.88885
1202049308 116.41526 39.89158
1202049320 116.4172 39.89163
1202049908 116.45453 39.88297
1202050208 116.46638 39.87847
1202050508 116.46787 39.87867
1202050808 116.46792 39.87895
1202051108 116.4679 39.87888
1202051408 116.46768 39.87871
1202051708 116.46773 39.87875
1202052008 116.46744 39.87828
1202052308 116.46776 39.87885
1202052608 116.4677 39.87871
1202052908 116.46802 39.87873
1202053208 116.46787 39.87864
1202053508 116.46779 39.87859
1202053808 116.46775 39.87859
1202054108 116.4675 39.87843
1202054408 116.46761 39.87848
1202054708 116.46754 39.87841
1202055008 116.46769 39.87837
1202055308 116.46759 39.87875
1202055608 116.46778 39.87874
1202055908 116.46795 39.87936
1202055908 116.46795 39.87936
1202056208 116.4677 39.87854
1202056508 116.46788 39.8788
1202056808 116.46775 39.87851
1202057108 116.46774 39.87848
1202057408 116.46765 39.87859
1202057708 116.46774 39.87875
1202058008 116.4677 39.87842
1202058307 116.46779 39.87874
1202058607 116.46771 39.87854
1202058907 116.46773 39.8786
1202059207 116.46787 39.87895
1202059507 116.46775 39.87871
1202059807 116.46774 39.8787
1202060107 116.46773 39.8787
1202060407 116.46772 39.87869
1202060707 116.46774 39.87869
1202061007 116.46773 39.87867
1202061307 116.46772 39.87867
1202061607 116.46772 39.87866
1202061907 116.46772 39.87866
1202062207 116.46772 39.87866
1202062507 116.46772 39.87866
1202062807 116.46772 39.87866
1202063107 116.46772 39.87867
1202063707 116.46772 39.87866
1202064007 116.46772 39.87866
1202064307 116.46772 39.87866
1202064607 116.46772 39.87866
1202064607 116.46772 39.87866
1202064907 116.46772 39.87866
1202065207 116.46772 39.87878
1202065507 116.46773 39.87872
1202065807 116.46775 39.8787
1202066107 116.46776 39.87869
1202066407 116.46769 39.87874
1202066707 116.46772 39.8787
1202067007 116.46775 39.87871
1202067307 116.46776 39.87873
1202067607 116.46768 39.87884
1202067907 116.46759 39.87852
1202068207 116.46808 39.87849
1202068507 116.46779 39.87852
1202068807 116.46805 39.87869
1202069107 116.46798 39.87866
1202069407 116.46773 39.87849
1202069707 116.46783 39.87862
1202070007 116.46781 39.87861
1202070307 116.46777 39.87851
1202070607 116.46755 39.87866
1202070907 116.4679 39.87859
1202071207 116.46776 39.87857
1202071507 116.46779 39.87859
1202071807 116.46782 39.87856
1202072107 116.46773 39.87858
1202072407 116.46772 39.87858
1202072707 116.46772 39.8786
1202073007 116.46772 39.87861
1202073307 116.46773 39.87861
1202073307 116.46773 39.87861
1202073607 116.46773 39.87861
1202073907 116.46773 39.87861
1202074207 116.46774 39.87862
1202074507 116.46774 39.87862
1202074807 116.46775 39.87858
1202075106 116.46778 39.87857
1202075406 116.46822 39.87848
1202075706 116.46774 39.8786
1202076006 116.46774 39.87859
1202076306 116.46785 39.87862
1202076606 116.46778 39.8786
1202076906 116.46774 39.87858
1202077206 116.46771 39.87856
1202077506 116.46771 39.87857
1202077806 116.4677 39.87857
1202078106 116.46752 39.87846
1202078406 116.46765 39.87872
1202078706 116.46781 39.87855
1202079006 116.4678 39.87859
1202079306 116.4676 39.87846
1202079606 116.46798 39.87862
1202079906 116.46795 39.87862
1202080206 116.46791 39.87862
1202080506 116.4679 39.87861
1202080806 116.46788 39.87861
1202081106 116.4679 39.87844
1202081406 116.46794 39.87865
1202081706 116.46798 39.87871
1202082006 116.46796 39.87865
1202082006 116.46796 39.87865
1202082306 116.46792 39.87883
1202082606 116.46802 39.87873
1202082906 116.46777 39.87875
1202083206 116.46778 39.87871
1202083506 116.46776 39.87867
1202083806 116.46775 39.87865
1202084106 116.46776 39.87865
1202084406 116.46776 39.87865
1202084706 116.46776 39.87864
1202085006 116.46782 39.87879
1202085306 116.46771 39.87878
1202085606 116.46771 39.87875
1202085906 116.46772 39.87873
1202086206 116.46772 39.87871
1202086506 116.46771 39.8787
1202086806 116.46769 39.87851
1202087106 116.46769 39.87857
1202087406 116.46771 39.87858
1202087706 116.46778 39.87878
1202088006 116.46742 39.87866
1202088306 116.46749 39.87866
1202088606 116.46792 39.8789
1202088906 116.46773 39.87868
1202089206 116.46758 39.87873
1202089506 116.4678 39.87891
1202089805 116.46775 39.87848
1202090105 116.46766 39.87863
1202090405 116.46764 39.87865
1202090705 116.46738 39.87887
1202091005 116.46779 39.87859
1202091305 116.46777 39.87859
1202091605 116.46775 39.8786
1202091905 116.46775 39.8786
1202092205 116.46775 39.87861
1202092505 116.46774 39.87861
1202092805 116.46774 39.87862
1202093105 116.46774 39.87862
1202093405 116.46757 39.8786
1202093705 116.46776 39.87865
1202094005 116.46775 39.87867
1202094305 116.46775 39.87867
1202094605 116.46775 39.87866
1202094905 116.46774 39.87866
1202095205 116.46775 39.87866
1202095505 116.46775 39.87865
1202095805 116.46775 39.87865
1202096105 116.46775 39.87865
1202096405 116.46775 39.87864
1202096705 116.4678 39.87863
1202097005 116.46776 39.87859
1202097305 116.46782 39.87859
1202097605 116.46784 39.87859
1202097905 116.46787 39.87859
1202098205 116.46785 39.8786
1202098505 116.46782 39.8786
1202098805 116.4678 39.8786
1202099105 116.4676 39.87848
1202099405 116.46762 39.87852
1202099405 116.46762 39.87852
1202099705 116.46764 39.87853
1202100005 116.46766 39.87853
1202100305 116.46766 39.87854
1202100605 116.46774 39.87859
1202100905 116.46775 39.87859
1202101205 116.46771 39.87859
1202101505 116.46773 39.87858
1202101805 116.46773 39.87859
1202102105 116.46774 39.8786
1202102405 116.46775 39.8786
1202102705 116.46775 39.8786
1202103005 116.46773 39.8786
1202103305 116.46774 39.8786
1202103605 116.46773 39.87861
1202103905 116.46772 39.87851
1202104205 116.46781 39.87871
1202104505 116.46778 39.87867
1202104805 116.4678 39.87867
1202105105 116.46765 39.87854
1202105405 116.4677 39.87865
1202105705 116.46771 39.87865
1202106004 116.46773 39.87867
1202106304 116.46775 39.87869
1202106604 116.46774 39.87885
1202106904 116.46775 39.87879
1202107204 116.46776 39.87876
1202107504 116.46788 39.87869
1202107804 116.46781 39.87866
1202108104 116.46771 39.87859
1202108104 116.46771 39.87859
1202108404 116.46755 39.87852
1202108704 116.46755 39.87854
1202109004 116.46756 39.87855
1202109304 116.46757 39.87856
1202109604 116.46757 39.87855
1202109904 116.46757 39.87855
1202110204 116.46756 39.87856
1202110504 116.46756 39.87856
1202110804 116.46757 39.87856
1202111104 116.46766 39.87935
1202111404 116.46786 39.87863
1202112304 116.46781 39.87862
1202112604 116.4678 39.87861
1202112904 116.4678 39.87861
1202113204 116.4678 39.87861
1202113504 116.46781 39.87861
1202113804 116.46781 39.8786
1202114104 116.46781 39.8786
1202114704 116.4678 39.8786
1202115004 116.46779 39.87859
1202115304 116.46779 39.87859
1202115604 116.46779 39.87859
1202115904 116.46778 39.87858
1202116204 116.46778 39.87858
1202116504 116.46784 39.87857
1202116804 116.46825 39.87852
1202116804 116.46825 39.87852
1202117104 116.46791 39.87856
1202117404 116.46832 39.87822
1202117704 116.46766 39.87853
1202118004 116.46779 39.87878
1202118304 116.46778 39.8786
1202118604 116.4677 39.87856
1202118904 116.4675 39.87872
1202119204 116.46765 39.87857
1202119319 116.4678 39.87858
1202119505 116.46759 39.87872
1202119804 116.46786 39.87858
1202120104 116.46747 39.87858
1202120404 116.46754 39.87857
1202120704 116.4683 39.87821
1202121004 116.46798 39.87871
1202121304 116.46575 39.87736
1202121542 116.47103 39.87858
1202121842 116.47148 39.8908
1202122142 116.47173 39.90015
1202122312 116.47178 39.90285
1202122612 116.47186 39.90484
1202122612 116.47186 39.90484
1202122693 116.47192 39.90809
1202122993 116.48312 39.91418
1202123293 116.49341 39.93407
1202123481 116.5004 39.93174
1202123481 116.5004 39.93174
1202123593 116.50041 39.93074
1202123893 116.48658 39.93248
1202124193 116.48359 39.90448
1202124328 116.49045 39.90687
1202124493 116.4824 39.90592
1202124793 116.47209 39.89162
1202124987 116.46168 39.88541
1202125287 116.46004 39.8768
1202125587 116.46008 39.87678
1202125887 116.46176 39.87904
1202126039 116.46692 39.88304
1202126339 116.48045 39.85627
1202126639 116.50189 39.81655
1202126939 116.49378 39.80393
1202127229 116.4932 39.79199
1202127529 116.49434 39.79511
1202127829 116.49369 39.80452
1202127829 116.49369 39.80452
1202128129 116.47533 39.82385
1202128421 116.46313 39.84176
1202128721 116.46406 39.85842
1202129021 116.46751 39.86757
1202129026 116.46759 39.86759
1202129326 116.46613 39.87435
1202129503 116.46159 39.87851
1202129803 116.45562 39.90193
1202130103 116.45582 39.91313
1202130403 116.45847 39.95152
1202130492 116.45722 39.95454
1202130792 116.45417 39.95217
1202130870 116.45526 39.9503
1202131170 116.4395 39.94168
1202131470 116.42789 39.94641
1202131591 116.42626 39.95147
1202131891 116.43813 39.95624
1202131891 116.43813 39.95624
1202132191 116.44424 39.94514
1202132491 116.44412 39.92646
1202132791 116.4441 39.91425
1202133091 116.4529 39.90592
1202133341 116.45417 39.90569
1202133341 116.45417 39.90569
1202133641 116.45481 39.87965
1202133941 116.42356 39.85756
1202134241 116.41162 39.85625
1202134541 116.39376 39.85345
1202134659 116.39682 39.85083
1202134959 116.40003 39.85545
1202135259 116.41031 39.85548
1202135559 116.44801 39.86102
1202135859 116.46563 39.87819
1202136159 116.46783 39.87833
1202136459 116.46802 39.8788
1202136759 116.46801 39.87905
1202137059 116.46798 39.87891
1202137359 116.46796 39.87885
1202137659 116.46795 39.87885
1202138259 116.46794 39.87887
1202138559 116.46796 39.87887
1202139159 116.46799 39.87885
1202139459 116.46799 39.87885
1202139758 116.468 39.87885
1202140058 116.46847 39.87934
1202140358 116.46844 39.87966
1202140658 116.46857 39.87948
1202140958 116.46845 39.87929
1202141258 116.46823 39.8787
1202141558 116.46832 39.88101
1202141858 116.46777 39.87956
1202142158 116.46776 39.87973
1202142458 116.46705 39.88053
1202142758 116.46783 39.87909
1202143058 116.46801 39.87898
1202143358 116.4679 39.87954
1202143658 116.46785 39.87886
1202143958 116.46791 39.87888
1202144258 116.46795 39.87887
1202144558 116.46798 39.87885
1202144858 116.46798 39.87885
1202145158 116.46797 39.87882
1202145458 116.46795 39.87881
1202145758 116.46794 39.87879
1202146058 116.46793 39.87878
1202146358 116.46793 39.87877
1202146658 116.46793 39.87876
1202146958 116.46793 39.87875
1202147258 116.46793 39.87875
1202147258 116.46793 39.87875
1202147558 116.46792 39.87874
1202147858 116.46792 39.87873
1202148158 116.46791 39.87873
1202148458 116.46791 39.87873
1202148758 116.46791 39.87872
1202149058 116.46791 39.87872
1202149358 116.46792 39.87872
1202149658 116.46792 39.87872
1202149958 116.46792 39.87872
1202150258 116.46792 39.87872
1202150558 116.46783 39.87897
1202150858 116.46771 39.87862
1202151158 116.46777 39.87865
1202151458 116.46806 39.87875
1202151758 116.46809 39.87874
1202152058 116.46828 39.8788
1202152358 116.46818 39.87883
1202152658 116.46811 39.87899
1202152958 116.46804 39.87894
1202153258 116.46806 39.87887
1202153558 116.46803 39.87885
1202153858 116.46797 39.87865
1202154158 116.46802 39.87871
1202154458 116.46804 39.87872
1202154758 116.46805 39.87873
1202155058 116.46809 39.87876
1202155358 116.4681 39.87876
1202155358 116.4681 39.87876
1202155958 116.46827 39.87887
1202156257 116.46815 39.87878
1202156557 116.46799 39.87862
1202156857 116.4682 39.8786
1202157457 116.46791 39.87863
1202157757 116.46813 39.87869
1202158057 116.46806 39.87869
1202158357 116.46803 39.87869
1202158657 116.46791 39.87858
1202158957 116.46784 39.8787
1202159557 116.46784 39.87861
1202160157 116.46801 39.87857
1202160457 116.46794 39.87862
1202160757 116.46793 39.87864
1202161057 116.46795 39.87863
1202161657 116.46792 39.87864
1202161957 116.46791 39.87864
1202162257 116.46767 39.87857
1202162557 116.46787 39.87866
1202163757 116.46808 39.87845
1202164057 116.46824 39.8787
1202164357 116.46809 39.87885
1202164657 116.46777 39.87876
1202164657 116.46777 39.87876
1202164957 116.46796 39.87854
1202165257 116.46795 39.87858
1202165557 116.46793 39.87866
1202165857 116.46772 39.87814
1202166157 116.46795 39.8786
1202166457 116.46799 39.87854
1202166757 116.46806 39.87882
1202167057 116.46806 39.87881
1202167357 116.46804 39.87879
1202168257 116.46808 39.87877
1202168557 116.46804 39.87875
1202168857 116.46803 39.87874
1202169157 116.46803 39.87875
1202169457 116.46792 39.87859
1202169757 116.46779 39.87858
1202170057 116.46797 39.87872
1202170357 116.46792 39.8787
1202170657 116.46793 39.87869
1202170957 116.46772 39.87843
1202171257 116.4679 39.87867
1202171557 116.46791 39.87867
1202171857 116.4679 39.87867
1202172157 116.46789 39.87868
1202172456 116.46791 39.87869
1202173056 116.46786 39.87862
1202173656 116.46792 39.87872
1202174256 116.46794 39.87871
1202174856 116.468 39.8785
1202175156 116.46783 39.87879
1202175456 116.46786 39.87875
1202175756 116.46789 39.87873
1202176056 116.46791 39.87871
1202176356 116.46793 39.87869
1202176656 116.46794 39.87869
1202176956 116.46789 39.87876
1202178756 116.46788 39.87867
1202179056 116.46789 39.87866
1202179656 116.46789 39.87866
1202180256 116.46791 39.87866
1202180556 116.46796 39.87892
1202181456 116.46807 39.87871
1202181756 116.46802 39.87872
1202182056 116.46799 39.8787
1202182056 116.46799 39.8787
1202182356 116.46767 39.87866
1202182656 116.46784 39.87865
1202182956 116.46831 39.87859
1202183256 116.46815 39.87865
1202183556 116.46821 39.87889
1202183856 116.46816 39.87866
1202184156 116.46824 39.87869
1202184456 116.46824 39.87869
1202184756 116.46781 39.87875
1202185056 116.46803 39.87867
1202185356 116.46788 39.87887
1202185656 116.46785 39.87886
1202185956 116.46768 39.87874
1202186256 116.46766 39.87873
1202186556 116.46783 39.87874
1202186856 116.46768 39.87879
1202187156 116.46649 39.87948
1202187456 116.46731 39.87879
1202187756 116.46788 39.87864
1202188057 116.46801 39.87869
1202188355 116.46802 39.87868
1202188655 116.468 39.87868
1202188955 116.46799 39.87867
1202189255 116.46798 39.87865
1202189555 116.46798 39.87867
1202189855 116.46802 39.87875
1202190155 116.468 39.87874
1202190455 116.46799 39.87873
1202190755 116.46798 39.87872
1202190755 116.46798 39.87872
1202191055 116.46798 39.87872
1202191355 116.46798 39.87872
1202191655 116.46798 39.87871
1202191955 116.46798 39.87871
1202192255 116.46797 39.87871
1202192555 116.46797 39.87871
1202192855 116.46797 39.87871
1202193455 116.46796 39.87871
1202193755 116.46797 39.87871
1202194055 116.46799 39.87887
1202194355 116.468 39.87882
1202194655 116.46795 39.8786
1202194955 116.46792 39.87855
1202195255 116.46768 39.87867
1202195555 116.46769 39.87867
1202195855 116.46783 39.87872
1202196155 116.46797 39.87881
1202196455 116.46784 39.87863
1202196755 116.46766 39.87866
1202197355 116.46803 39.87909
1202197655 116.46799 39.87876
1202197955 116.46799 39.87876
1202198255 116.46779 39.87852
1202198555 116.46801 39.87841
1202198855 116.46803 39.87835
1202199155 116.46783 39.87865
1202199455 116.46787 39.8787
1202199455 116.46787 39.8787
1202199755 116.46786 39.87872
1202200055 116.46786 39.87871
1202200355 116.46787 39.87871
1202200655 116.46789 39.8787
1202200955 116.46789 39.8787
1202201255 116.46789 39.8787
1202201555 116.46789 39.8787
1202201855 116.46854 39.87846
1202202155 116.46795 39.87859
1202202455 116.46829 39.87844
1202202755 116.468 39.87855
1202203055 116.46819 39.87858
1202203355 116.46792 39.87868
1202203655 116.46785 39.87866
1202203955 116.46786 39.87866
1202204255 116.46787 39.87865
1202204854 116.46787 39.87865
1202205454 116.46777 39.87859
1202205725 116.46165 39.87933
1202205755 116.46805 39.87877
1202206054 116.46849 39.87849
1202206654 116.46822 39.87837
1202206954 116.46807 39.87871
1202207254 116.46841 39.87865
1202207554 116.46858 39.87892
1202207854 116.46848 39.87883
1202208154 116.46816 39.87838
1202208154 116.46816 39.87838
1202208454 116.46792 39.87808
1202208598 116.4681 39.87905
1202208754 116.4682 39.87883
1202208994 116.464 39.87832
1202209294 116.4557 39.8957
1202209594 116.45531 39.9033
1202209894 116.43554 39.90499
1202209894 116.43554 39.90499
1202210007 116.43442 39.90712
1202210307 116.43312 39.90528
1202210607 116.43555 39.90486
1202210708 116.43768 39.90651
1202211008 116.42225 39.90703
1202211308 116.39537 39.90642
1202211608 116.38645 39.90599
1202211908 116.36816 39.90588
1202212208 116.33803 39.90586
1202212507 116.30443 39.91778
1202212507 116.30443 39.91778
1202212671 116.30604 39.92404
1202212971 116.31516 39.9263
1202213271 116.33288 39.92153
1202213571 116.33583 39.92166
1202213871 116.33604 39.92151
1202214171 116.33568 39.92161
1202214471 116.33541 39.92165
1202214771 116.33543 39.92174
1202214840 116.33649 39.92188
1202215140 116.3281 39.92638
1202215440 116.32103 39.93703
1202215507 116.32335 39.93698
1202215740 116.33761 39.93239
1202216040 116.34761 39.93095
1202216340 116.35093 39.91722
1202216640 116.36681 39.91013
1202216679 116.36791 39.91028
1202216979 116.36734 39.9106
1202217279 116.36755 39.90636
1202217579 116.36825 39.89419
1202217879 116.37838 39.89116
1202218118 116.37835 39.88507
1202218418 116.37259 39.87747
1202218540 116.37273 39.87872
1202218840 116.38626 39.87933
1202219140 116.39038 39.88486
1202219440 116.40596 39.88688
1202219740 116.42059 39.88246
1202220040 116.44984 39.88301
1202220340 116.46148 39.88047
1202220340 116.46148 39.88047
1202220640 116.46162 39.88163
1202220940 116.46669 39.87807
1202221240 116.46676 39.87782
1202221540 116.46814 39.87908
1202221840 116.46802 39.87886
1202222140 116.46806 39.87881
1202222440 116.46807 39.8788
1202222740 116.46806 39.87879
1202223040 116.46788 39.87859
1202223340 116.46783 39.87854
1202223639 116.46794 39.87865
1202223939 116.46796 39.87868
1202224239 116.46799 39.8787
1202224539 116.46801 39.87871
1202224839 116.46802 39.87871
1202225139 116.46804 39.87872
1202225439 116.46806 39.87872
1202225739 116.46807 39.87872
1202226339 116.46806 39.87874
1202226639 116.46799 39.87893
1202226939 116.46819 39.87901
1202227239 116.46816 39.87901
1202227539 116.46814 39.87901
1202227839 116.46821 39.87849
1202228139 116.46787 39.87914
1202228439 116.46828 39.87849
1202228739 116.46807 39.87874
1202229039 116.46786 39.87915
1202229039 116.46786 39.87915
1202229339 116.46746 39.88027
1202229639 116.4678 39.87946
1202229939 116.46791 39.87868
1202230239 116.46841 39.87857
1202230839 116.46824 39.87864
1202231139 116.4682 39.87865
1202231439 116.46818 39.87866
1202231739 116.46816 39.87866
1202232039 116.46815 39.87867
1202232339 116.46815 39.87867
1202232639 116.46815 39.87868
1202232939 116.46814 39.87868
1202233239 116.46814 39.87868
1202233539 116.46814 39.87868
1202234139 116.46814 39.87868
1202234439 116.46815 39.87868
1202234739 116.46815 39.87869
1202235039 116.46814 39.87869
1202235639 116.46815 39.87869
1202236239 116.46815 39.8787
1202236539 116.46816 39.8787
1202236839 116.46816 39.8787
1202237139 116.46816 39.87871
1202237439 116.46816 39.87871
1202237739 116.46816 39.8787
1202237739 116.46816 39.8787
1202238339 116.46751 39.87844
1202238639 116.46795 39.87874
1202238939 116.46852 39.87909
1202239239 116.4681 39.87879
1202239539 116.4682 39.87877
1202239838 116.4682 39.87876
1202240138 116.46821 39.87875
1202240438 116.4682 39.87875
1202240738 116.4682 39.87874
1202241038 116.46819 39.87873
1202241338 116.46819 39.87873
1202241638 116.46817 39.87873
1202242238 116.46825 39.87869
1202242538 116.46823 39.8787
1202243138 116.4681 39.8788
1202243738 116.46806 39.87867
1202244038 116.46812 39.87868
1202244338 116.46813 39.87869
1202244638 116.46811 39.8787
1202244938 116.46808 39.87871
1202245238 116.46808 39.87871
1202245538 116.46807 39.87871
1202245838 116.46807 39.87871
1202246138 116.46807 39.87871
1202246438 116.46806 39.87871
1202246438 116.46806 39.87871
1202246738 116.46806 39.87871
1202247038 116.46806 39.87871
1202247338 116.4676 39.87852
1202247638 116.4683 39.87867
1202247938 116.4679 39.8787
1202248238 116.46811 39.87869
1202248538 116.46805 39.87873
1202248838 116.46809 39.87864
1202249138 116.46835 39.87888
1202249438 116.46803 39.87877
1202249738 116.46827 39.87857
1202250038 116.46826 39.87884
1202250338 116.46815 39.87872
1202250638 116.46812 39.87868
1202250938 116.46807 39.87866
1202251238 116.46804 39.87865
1202251538 116.46802 39.87861
1202251838 116.46807 39.87861
1202252438 116.46815 39.87854
1202252738 116.46815 39.87864
1202253038 116.46813 39.87864
1202253338 116.46813 39.87865
1202253638 116.46812 39.87865
1202253938 116.46812 39.87865
1202254238 116.46812 39.87865
1202254538 116.46812 39.87866
1202254838 116.46812 39.87867
1202255138 116.46814 39.87868
1202255138 116.46814 39.87868
1202255438 116.46814 39.87869
1202255738 116.46797 39.87873
1202256037 116.46802 39.87874
1202256337 116.46803 39.87874
1202256637 116.46805 39.87873
1202256937 116.46811 39.87884
1202257237 116.4681 39.87878
1202257537 116.46797 39.87867
1202257837 116.46787 39.87858
1202258137 116.46792 39.87859
1202258436 116.46787 39.87862
1202258737 116.46802 39.87872
1202259037 116.46803 39.87873
1202259337 116.46832 39.87895
1202259637 116.46828 39.87895
1202259937 116.46827 39.8789
1202260237 116.46801 39.87863
1202260537 116.46829 39.87867
1202260837 116.46818 39.87867
1202261137 116.4684 39.87912
1202261437 116.46836 39.87899
1202261737 116.46806 39.87859
1202262037 116.46805 39.87861
1202262337 116.46806 39.87862
1202262637 116.46797 39.87873
1202262937 116.468 39.87871
1202263237 116.46818 39.87869
1202263537 116.46818 39.87869
1202264137 116.46812 39.87869
1202264437 116.46796 39.87875
1202264737 116.46805 39.87876
1202265037 116.46812 39.87874
1202265337 116.46815 39.87873
1202265637 116.46815 39.87867
1202265937 116.46819 39.87896
1202266237 116.46818 39.87893
1202266537 116.46817 39.8789
1202266837 116.46818 39.87886
1202267137 116.46819 39.87884
1202267437 116.46811 39.87861
1202267737 116.46813 39.87863
1202268037 116.4681 39.87864
1202268337 116.4681 39.87864
1202268637 116.4681 39.87864
1202268937 116.46819 39.87871
1202269537 116.46828 39.87871
1202269837 116.46824 39.87871
1202269837 116.46824 39.87871
1202270137 116.46823 39.87871
1202270437 116.46822 39.8787
1202270437 116.46822 39.8787
1202270737 116.4681 39.87865
1202271037 116.46807 39.87868
1202271337 116.46806 39.87869
1202271337 116.46806 39.87869
1202271637 116.46804 39.8787
1202271937 116.46804 39.8787
1202272237 116.46804 39.87871
1202272536 116.46809 39.87871
1202272536 116.46809 39.87871
1202272836 116.468 39.87879
1202273136 116.46781 39.87887
1202273436 116.46783 39.87886
1202273736 116.4678 39.87879
1202274036 116.46811 39.87865
1202274336 116.46811 39.87866
1202274636 116.46812 39.87868
1202274936 116.46812 39.87868
1202275236 116.46811 39.87869
1202275536 116.46811 39.8787
1202275836 116.4681 39.8787
1202276136 116.4681 39.87871
1202276436 116.4681 39.87871
1202276736 116.4681 39.87871
1202277036 116.4681 39.87871
1202277336 116.64761 40.1418
1202277336 116.64761 40.1418
1202277636 116.46831 39.87869
1202277936 116.46792 39.87878
1202278236 116.4679 39.87886
1202278536 116.46849 39.87871
1202278836 116.46843 39.87853
1202279136 116.46761 39.87915
1202279436 116.46805 39.87881
1202279736 116.46806 39.87881
1202280336 116.46807 39.87883
1202280636 116.46809 39.87883
1202280936 116.4681 39.87884
1202281236 116.46803 39.87893
1202281236 116.46803 39.87893
1202281536 116.46789 39.87887
1202282136 116.46799 39.87889
1202282436 116.46804 39.87861
1202282736 116.46805 39.87888
1202283036 116.46826 39.87871
1202283336 116.46817 39.87877
1202283636 116.46829 39.87874
1202283936 116.46818 39.87875
1202284236 116.46814 39.87876
1202284536 116.46823 39.87874
1202285136 116.46816 39.87873
1202285436 116.46812 39.87872
1202285736 116.46812 39.87871
1202286036 116.46812 39.87871
1202286336 116.46812 39.87871
1202286636 116.46812 39.87871
1202286936 116.46811 39.8787
1202287236 116.46854 39.87877
1202287536 116.46806 39.8788
1202287836 116.46795 39.87872
1202288136 116.46807 39.87871
1202288435 116.46808 39.8788
1202288735 116.46795 39.87885
1202289035 116.4681 39.87868
1202289335 116.4681 39.8787
1202289635 116.46799 39.87881
1202289935 116.46832 39.87852
1202289935 116.46832 39.87852
1202290235 116.46802 39.87878
1202290535 116.46754 39.87854
1202290836 116.46772 39.87865
1202291135 116.4681 39.87893
1202291435 116.46845 39.87881
1202291735 116.46824 39.87877
1202292035 116.46841 39.8789
1202292128 116.46817 39.87866
1202292336 116.46765 39.87876
1202292636 116.46823 39.87853
1202292935 116.46878 39.8792
1202293235 116.46835 39.87844
1202293535 116.46808 39.87882
1202293835 116.46834 39.87848
1202294135 116.46901 39.87866
1202294435 116.46796 39.8785
1202294735 116.46864 39.87955
1202295035 116.46791 39.8786
1202295335 116.46799 39.87865
1202295635 116.46827 39.87897
1202296235 116.46818 39.87868
1202296535 116.46828 39.87907
1202296835 116.46813 39.87897
1202297135 116.46813 39.87866
1202297435 116.46804 39.87882
1202297735 116.46813 39.87847
1202298035 116.46828 39.8789
1202298335 116.46827 39.87877
1202298635 116.46804 39.87872
1202298635 116.46804 39.87872
1202298935 116.46834 39.87895
1202299235 116.46831 39.87894
1202299835 116.46807 39.87903
1202300135 116.4678 39.8788
1202300435 116.46828 39.87884
1202300735 116.46796 39.87871
1202301035 116.46897 39.87885
1202301635 116.46799 39.87903
1202301935 116.46824 39.87889
1202302235 116.46916 39.87837
1202302535 116.46896 39.87838
1202302835 116.46855 39.87845
1202303135 116.46858 39.87817
1202303435 116.46819 39.87848
1202303735 116.46792 39.87943
1202304035 116.46825 39.87874
1202304335 116.46821 39.87871
1202304635 116.46832 39.87893
1202304935 116.46827 39.87934
1202305235 116.46835 39.87907
1202305535 116.46812 39.87871
1202305835 116.46822 39.8787
1202306134 116.46829 39.87873
1202306434 116.46825 39.87875
1202306734 116.46822 39.87874
1202307034 116.46822 39.87873
1202307334 116.46822 39.87873
1202307334 116.46822 39.87873
1202307634 116.46822 39.87874
1202307634 116.46822 39.87874
1202307934 116.46823 39.8789
1202308234 116.46809 39.87857
1202308534 116.46811 39.8786
1202308834 116.46809 39.87861
1202309134 116.46794 39.87839
1202309434 116.46782 39.87816
1202310034 116.46821 39.87872
1202310334 116.4682 39.87871
1202310634 116.46819 39.87871
1202311234 116.46819 39.8787
1202311534 116.4682 39.8787
1202311834 116.4682 39.8787
1202312134 116.4682 39.8787
1202312434 116.46785 39.87891
1202312734 116.46748 39.87917
1202313334 116.46719 39.87915
1202313634 116.46721 39.87916
1202313934 116.46801 39.87931
1202314234 116.46814 39.8788
1202314534 116.46778 39.87951
1202314834 116.46816 39.87861
1202315134 116.46782 39.87939
1202315434 116.46788 39.87939
1202315734 116.46785 39.8796
1202316034 116.46797 39.87884
1202316334 116.42407 39.80261
1202316334 116.46843 39.87852
1202316634 116.4682 39.87858
1202316934 116.46817 39.8786
1202317234 116.46815 39.8786
1202317534 116.46814 39.87861
1202317834 116.47136 39.8895
1202318134 116.47158 39.90639
1202318434 116.47208 39.9187
1202318734 116.47194 39.92738
1202319034 116.47192 39.92741
1202319334 116.4718 39.9274
1202319634 116.47234 39.92752
1202319934 116.47204 39.92735
1202320234 116.46384 39.93257
1202320534 116.44588 39.94118
1202320833 116.4426 39.95023
1202321133 116.44259 39.95022
1202321433 116.44257 39.95022
1202321733 116.4424 39.95022
1202322033 116.44228 39.95009
1202322333 116.44253 39.95023
1202322633 116.44252 39.95022
1202322933 116.44247 39.95018
1202323233 116.44244 39.95019
1202323533 116.44245 39.95018
1202323833 116.44247 39.95017
1202324133 116.44247 39.95019
1202324433 116.44244 39.95023
1202324733 116.44237 39.95027
1202325033 116.44246 39.9501
1202325033 116.44246 39.9501
1202325333 116.4425 39.95007
1202325633 116.44254 39.95003
1202325933 116.44255 39.95002
1202326233 116.4428 39.94972
1202326533 116.44269 39.94988
1202326833 116.44268 39.9499
1202327133 116.44259 39.95011
1202327433 116.44256 39.95003
1202327733 116.44257 39.95006
1202328033 116.44253 39.95012
1202328333 116.44254 39.95011
1202328633 116.44254 39.95012
1202328933 116.44248 39.95015
1202329233 116.4425 39.95014
1202329533 116.44249 39.95027
1202329833 116.4422 39.95058
1202330133 116.44265 39.94999
1202330433 116.44267 39.95022
1202330733 116.44265 39.95035
1202331033 116.44266 39.9502
1202331333 116.44228 39.9504
1202331633 116.44234 39.95047
1202331933 116.4423 39.95041
1202332233 116.44264 39.95031
1202333133 116.44264 39.95035
1202333433 116.44241 39.95026
1202333733 116.44214 39.95023
1202333733 116.44214 39.95023
1202334033 116.4422 39.95032
1202334333 116.44234 39.95032
1202334933 116.44247 39.95021
1202335233 116.44254 39.95023
1202335533 116.44273 39.95013
1202335833 116.44266 39.95012
1202336133 116.44263 39.95012
1202336733 116.44259 39.95013
1202337033 116.44238 39.95003
1202337332 116.44242 39.95002
1202337632 116.44238 39.94977
1202337932 116.44224 39.95007
1202338232 116.4423 39.95017
1202338532 116.4424 39.95026
1202339132 116.44234 39.95037
1202339432 116.44251 39.95042
1202339732 116.44252 39.95039
1202340332 116.44248 39.95035
1202340632 116.44247 39.95035
1202340932 116.4426 39.95031
1202341232 116.44253 39.9502
1202341532 116.44248 39.9502
1202341832 116.44248 39.9502
1202342132 116.44248 39.95021
1202342432 116.4425 39.95021
1202342432 116.4425 39.95021
1202342732 116.4425 39.95022
1202343032 116.44251 39.95022
1202343332 116.44252 39.95022
1202343632 116.44252 39.95022
1202343932 116.44252 39.95022
1202344232 116.44252 39.95022
1202344532 116.44257 39.95005
1202344832 116.44256 39.9501
1202345132 116.44259 39.94999
1202345432 116.44256 39.95005
1202345732 116.44246 39.95046
1202346032 116.4425 39.95018
1202346332 116.44261 39.95009
1202346632 116.4425 39.95021
1202346932 116.44265 39.95025
1202347232 116.58238 39.91163
1202347232 116.44253 39.95002
1202347532 116.44256 39.95027
1202347832 116.44256 39.95042
1202348132 116.44258 39.9503
1202348432 116.44255 39.95023
1202348732 116.44251 39.95022
1202349332 116.44247 39.95016
1202349632 116.44246 39.95017
1202350532 116.44248 39.95022
1202350832 116.44281 39.95044
1202351132 116.44293 39.95026
1202351432 116.44255 39.95019
1202351732 116.44236 39.9504
1202352032 116.44237 39.95111
1202352332 116.44232 39.9506
1202352632 116.44234 39.95057
1202352932 116.44235 39.95053
1202353231 116.44236 39.9505
1202353531 116.44252 39.95004
1202353831 116.44251 39.95017
1202354131 116.44253 39.95017
1202354431 116.44238 39.95026
1202354731 116.44246 39.95022
1202355031 116.44255 39.95025
1202355331 116.44257 39.95021
1202355631 116.44256 39.95021
1202355931 116.44285 39.95022
1202356231 116.44267 39.95018
1202356531 116.44263 39.95018
1202356831 116.44265 39.94997
1202357131 116.44265 39.95004
1202357431 116.44264 39.95006
1202357731 116.44264 39.95008
1202358031 116.44288 39.95017
1202358331 116.4429 39.95007
1202358631 116.44272 39.95019
1202358931 116.44272 39.95021
1202359231 116.44269 39.95023
1202359831 116.44267 39.95025
1202359831 116.44267 39.95025
1202360131 116.44264 39.95012
1202360431 116.44254 39.95015
1202360731 116.44259 39.95034
1202361031 116.44257 39.95026
1202361331 116.44258 39.95025
1202361631 116.44257 39.95017
1202361931 116.44242 39.95029
1202362231 116.44246 39.95026
1202362531 116.44235 39.95039
1202362831 116.44236 39.95037
1202363131 116.44238 39.95036
1202363431 116.44239 39.95034
1202363731 116.44239 39.95034
1202364031 116.44232 39.9501
1202364331 116.44243 39.95023
1202364631 116.44258 39.9502
1202364931 116.44259 39.95015
1202365231 116.4424 39.9502
1202365531 116.44244 39.95016
1202365831 116.44247 39.95016
1202366131 116.44243 39.9502
1202366431 116.44247 39.95019
1202366731 116.44248 39.95018
1202367031 116.4425 39.95017
1202367331 116.44251 39.95016
1202367631 116.44251 39.95015
1202368231 116.44251 39.95016
1202368531 116.44251 39.95011
1202368831 116.4425 39.95014
1202369131 116.44246 39.95016
1202369430 116.44245 39.95019
1202369730 116.44244 39.95021
1202370030 116.44241 39.95002
1202370330 116.44242 39.95004
1202370630 116.44242 39.95004
1202370930 116.44243 39.95005
1202371230 116.44247 39.95019
1202371530 116.44251 39.95018
1202371830 116.44258 39.95017
1202372130 116.44279 39.9502
1202372430 116.44267 39.95012
1202372730 116.44279 39.95022
1202373030 116.44257 39.95034
1202373330 116.44259 39.95029
1202373630 116.44265 39.95013
1202373930 116.44264 39.95022
1202374230 116.44232 39.95034
1202374530 116.44268 39.95021
1202374830 116.44264 39.9502
1202375130 116.44258 39.95021
1202375430 116.44256 39.95014
1202375730 116.44271 39.95009
1202376030 116.4426 39.95018
1202376330 116.4426 39.95015
1202376630 116.44258 39.95016
1202376930 116.44254 39.95015
1202377230 116.44264 39.95022
1202377230 116.44264 39.95022
1202377530 116.44261 39.95018
1202377830 116.44245 39.95013
1202378430 116.4427 39.95017
1202378731 116.44247 39.95038
1202379031 116.44237 39.95006
1202379330 116.4424 39.95005
1202379630 116.44242 39.95004
1202379930 116.44243 39.95004
1202380230 116.44237 39.95001
1202380530 116.44228 39.95007
1202380830 116.4423 39.95007
1202381130 116.44373 39.95964
1202381430 116.38247 39.96723
1202381524 116.37496 39.97753
1202381730 116.36465 39.99959
1202382030 116.34338 40.02744
1202382330 116.33754 40.02969
1202382930 116.33261 40.02688
1202383230 116.33273 40.027
1202383530 116.33272 40.02695
1202383830 116.33261 40.02681
1202384130 116.33264 40.0268
1202384430 116.33288 40.02678
1202384730 116.33277 40.02649
1202385030 116.33276 40.02669
1202385330 116.33278 40.02675
1202385630 116.33285 40.02661
1202385930 116.33274 40.02643
1202385930 116.33274 40.02643
1202386230 116.33279 40.02652
1202386529 116.33261 40.02673
1202386829 116.33263 40.02672
1202387129 116.33265 40.02671
1202387429 116.33265 40.02669
1202387729 116.33275 40.02653
1202388029 116.33305 40.02626
1202388329 116.33268 40.02667
1202388629 116.33272 40.02666
1202388929 116.33277 40.02662
1202389229 116.33275 40.02663
1202389529 116.33268 40.02661
1202389529 116.33268 40.02661
1202389829 116.33272 40.02659
1202390129 116.33276 40.02649
1202390429 116.3328 40.02648
1202390729 116.33287 40.02649
1202391029 116.33286 40.02653
1202391329 116.33295 40.02621
1202391629 116.33275 40.02668
1202391929 116.3327 40.02662
1202392229 116.33269 40.02661
1202392529 116.33257 40.02643
1202392829 116.33265 40.0267
1202393129 116.33269 40.02676
1202393429 116.33291 40.02728
1202393729 116.33254 40.02651
1202394029 116.33254 40.02635
1202394329 116.33262 40.0265
1202394629 116.33276 40.02689
1202394629 116.33276 40.02689
1202394929 116.33283 40.0269
1202395229 116.33269 40.0265
1202395529 116.33295 40.02661
1202395829 116.33253 40.02656
1202396129 116.33265 40.02657
1202396429 116.33273 40.0267
1202396729 116.3328 40.02654
1202397029 116.33283 40.0265
1202397329 116.33285 40.02649
1202397629 116.3331 40.02627
1202397929 116.3325 40.02692
1202398229 116.33258 40.02687
1202398529 116.33266 40.02657
1202398829 116.33288 40.02663
1202399129 116.33279 40.0264
1202399429 116.33279 40.0264
1202399729 116.33284 40.02621
1202400029 116.33269 40.02672
1202400329 116.33268 40.02672
1202400629 116.33271 40.02671
1202400929 116.33262 40.02696
1202401229 116.33256 40.02723
1202401529 116.33355 40.02501
1202401829 116.33286 40.0264
1202402129 116.33275 40.02601
1202402428 116.3329 40.02663
1202402729 116.33294 40.02928
1202403328 116.37504 39.97518
1202403328 116.37504 39.97518
1202403630 116.41898 39.96786
1202403928 116.45064 39.95053
1202404228 116.44279 39.95007
1202404528 116.4428 39.9505
1202404828 116.44248 39.95019
1202405128 116.44285 39.94995
1202405428 116.44236 39.95013
1202405728 116.44249 39.95013
1202406028 116.44253 39.95012
1202406328 116.44254 39.95012
1202406628 116.44256 39.95011
1202406928 116.44256 39.95011
1202407228 116.44256 39.95011
1202407528 116.44246 39.95011
1202407828 116.44248 39.95012
1202408128 116.44249 39.95014
1202408428 116.44249 39.95016
1202408728 116.44251 39.95016
1202409028 116.44259 39.94786
1202409328 116.45543 39.93507
1202409628 116.45495 39.88845
1202409928 116.46477 39.87805
1202410228 116.46831 39.87899
1202410528 116.46876 39.8787
1202410828 116.46875 39.87881
1202411128 116.46801 39.87913
1202411428 116.46785 39.87833
1202411728 116.46807 39.87848
1202412028 116.46805 39.87849
1202412028 116.46805 39.87849
1202412328 116.46823 39.87865
1202412628 116.46792 39.87837
1202412928 116.46789 39.8783
1202413228 116.46777 39.87822
1202413528 116.46841 39.87874
1202413828 116.46823 39.87855
1202414128 116.4682 39.87856
1202414428 116.46815 39.87867
1202414728 116.4682 39.87863
1202415028 116.46821 39.87874
1202415328 116.46859 39.87849
1202415628 116.46848 39.8786
1202415928 116.46813 39.87865
1202415928 116.46813 39.87865
1202416228 116.46807 39.87865
1202416528 116.46806 39.87865
1202416828 116.46805 39.87867
1202417128 116.46811 39.87869
1202417428 116.46811 39.87869
1202417728 116.46812 39.87868
1202418028 116.4681 39.87867
1202418328 116.46812 39.87865
1202418627 116.46797 39.87853
1202418927 116.46843 39.87868
1202419227 116.4684 39.87876
1202419527 116.46829 39.87874
1202419827 116.46872 39.87898
1202420127 116.46795 39.87854
1202420427 116.46774 39.87839
1202420727 116.46807 39.8786
1202420727 116.46807 39.8786
1202421027 116.46803 39.87857
1202421327 116.46815 39.87867
1202421627 116.46938 39.87938
1202421927 116.46764 39.87837
1202422227 116.46812 39.87865
1202422527 116.46816 39.87862
1202422827 116.46811 39.87846
1202423127 116.46831 39.87843
1202423427 116.46814 39.87845
1202423727 116.4679 39.87858
1202424027 116.46792 39.87856
1202424327 116.46794 39.87855
1202424627 116.46796 39.87855
1202424927 116.46798 39.87856
1202425227 116.46799 39.87856
1202425527 116.46788 39.87855
1202425827 116.4677 39.87802
1202426127 116.46792 39.87815
1202426427 116.46801 39.87856
1202426727 116.468 39.87855
1202427027 116.46799 39.87856
1202427327 116.46808 39.87867
1202427627 116.46807 39.87859
1202427927 116.46805 39.8786
1202428527 116.46837 39.87866
1202428827 116.46841 39.87867
1202429127 116.46798 39.87844
1202429427 116.46802 39.87859
1202429427 116.46802 39.87859
1202429727 116.46789 39.87841
1202430027 116.46858 39.87851
1202430327 116.46828 39.87887
1202430627 116.46828 39.87849
1202430927 116.46805 39.87863
1202431227 116.46809 39.87859
1202431527 116.46821 39.87867
1202431827 116.46805 39.8786
1202432127 116.46816 39.87861
1202432427 116.46824 39.87857
1202432727 116.46829 39.87863
1202433027 116.46826 39.87862
1202433027 116.46826 39.87862
1202433327 116.46823 39.87862
1202433627 116.4682 39.87865
1202433927 116.46802 39.87851
1202434227 116.46771 39.87862
1202434527 116.46831 39.87872
1202434826 116.46778 39.87846
1202435126 116.4679 39.87848
1202435426 116.46828 39.87862
1202435726 116.46825 39.87862
1202436026 116.46821 39.87863
1202437526 116.46819 39.87863
1202438726 116.46509 39.87826
1202439026 116.46823 39.87857
1202439327 116.46813 39.87856
1202439626 116.46811 39.87856
1202439926 116.46823 39.87839
1202440226 116.46816 39.8785
1202440526 116.46771 39.87858
1202440826 116.46813 39.87858
1202441126 116.46801 39.87839
1202441426 116.46816 39.87848
1202441726 116.46823 39.87848
1202442026 116.46819 39.87852
1202442326 116.46824 39.87865
1202442626 116.46815 39.87853
1202442926 116.46808 39.8785
1202443226 116.46813 39.87853
1202443526 116.46815 39.87863
1202443826 116.46835 39.87842
1202444126 116.46835 39.87854
1202444426 116.46849 39.87853
1202444726 116.46842 39.87856
1202445326 116.46844 39.87856
1202445626 116.46841 39.87852
1202445926 116.46882 39.87808
1202446226 116.4687 39.87832
1202446526 116.4681 39.87856
1202446826 116.46813 39.87853
1202446826 116.46813 39.87853
1202447126 116.46841 39.87881
1202447426 116.46805 39.87853
1202447726 116.46803 39.87855
1202448026 116.46802 39.87857
1202448326 116.46802 39.87858
1202448626 116.46801 39.8786
1202448926 116.46801 39.8786
1202449226 116.46801 39.87861
1202449526 116.46801 39.87861
1202449826 116.4684 39.87846
1202450126 116.46803 39.8786
1202450426 116.46808 39.8786
1202450725 116.46842 39.87854
1202451025 116.46801 39.87858
1202451325 116.46854 39.87851
1202451625 116.46859 39.87851
1202451925 116.46813 39.87851
1202452225 116.46831 39.87865
1202452525 116.46835 39.87904
1202452825 116.4685 39.87882
1202453125 116.46817 39.87885
1202453425 116.46828 39.87872
1202453725 116.46834 39.87865
1202454025 116.46811 39.87883
1202454325 116.46816 39.87894
1202454625 116.46814 39.87908
1202454925 116.46814 39.87908
1202455225 116.46792 39.87849
1202455525 116.46814 39.8787
1202455525 116.46814 39.8787
1202455825 116.46816 39.87863
1202456125 116.46817 39.87863
1202456425 116.46806 39.87843
1202456725 116.46803 39.87849
1202457025 116.46803 39.87855
1202457325 116.46805 39.87855
1202457625 116.46805 39.87856
1202457925 116.46805 39.87857
1202458225 116.46805 39.87858
1202458525 116.46805 39.87859
1202458825 116.46804 39.8786
1202459125 116.46804 39.8786
1202459425 116.46804 39.8786
1202459725 116.46833 39.87862
1202460025 116.46811 39.87865
1202460325 116.46811 39.87865
1202460625 116.46811 39.87865
1202460925 116.46837 39.8788
1202461225 116.46821 39.87879
1202461525 116.46826 39.87846
1202461825 116.46865 39.87875
1202462125 116.46807 39.8782
1202462425 116.46879 39.87871
1202462725 116.46847 39.87868
1202463025 116.46886 39.87888
1202463325 116.468 39.87848
1202463625 116.46784 39.87854
1202463925 116.46807 39.87853
1202464225 116.46906 39.87898
1202464225 116.46906 39.87898
1202464525 116.46837 39.87819
1202464825 116.46786 39.87847
1202464937 116.46816 39.8785
1202465126 116.46809 39.87821
1202465425 116.46784 39.87839
1202465725 116.46801 39.87818
1202466025 116.4689 39.87878
1202466325 116.46846 39.87838
1202466625 116.46799 39.87767
1202466925 116.46811 39.87857
1202467224 116.4682 39.87819
1202467524 116.46822 39.87864
1202467824 116.46823 39.87856
1202468124 116.46808 39.87819
1202468424 116.46805 39.87827
1202468724 116.46804 39.8783
1202469024 116.4681 39.8784
1202469324 116.46813 39.87854
1202469624 116.46812 39.87855
1202469924 116.46812 39.87855
1202470224 116.46801 39.87858
1202470524 116.46804 39.87871
1202470824 116.46806 39.87868
1202471124 116.46805 39.87866
1202471424 116.4682 39.87874
1202471724 116.46818 39.87874
1202472024 116.46802 39.87872
1202472324 116.46824 39.87874
1202472624 116.46757 39.87858
1202472924 116.46801 39.87849
1202472924 116.46801 39.87849
1202473224 116.46797 39.87851
1202473524 116.4688 39.8787
1202473824 116.46854 39.87866
1202474124 116.46878 39.87886
1202474424 116.46821 39.8787
1202474724 116.46808 39.87866
1202475024 116.46794 39.87851
1202475324 116.46815 39.87844
1202475624 116.46801 39.87844
1202475924 116.46798 39.87868
1202476224 116.46828 39.87838
1202476524 116.46762 39.87888
1202476824 116.46818 39.87841
1202477124 116.4686 39.87811
1202477424 116.46794 39.87855
1202477724 116.46796 39.87857
1202478024 116.46797 39.87859
1202478324 116.468 39.87861
1202478624 116.46802 39.87861
1202478924 116.46844 39.87856
1202479224 116.46844 39.87855
1202479524 116.46845 39.87855
1202479824 116.46842 39.87856
1202480124 116.4684 39.87858
1202480424 116.46837 39.87858
1202480724 116.46833 39.87862
1202481024 116.46819 39.87888
1202481324 116.46818 39.87836
1202481624 116.4682 39.87868
1202481624 116.4682 39.87868
1202481924 116.46801 39.87843
1202482224 116.46803 39.87859
1202482524 116.46807 39.8786
1202482824 116.46796 39.87843
1202483123 116.46831 39.87874
1202483423 116.46832 39.87872
1202483723 116.4683 39.8787
1202484023 116.46801 39.87892
1202484323 116.46829 39.87854
1202484623 116.46816 39.87872
1202484923 116.46783 39.87877
1202485223 116.46727 39.87895
1202485523 116.46783 39.87871
1202485823 116.46743 39.87908
1202486123 116.46776 39.87875
1202486423 116.46787 39.87869
1202486723 116.46774 39.8789
1202487023 116.46812 39.87858
1202487323 116.46823 39.87861
1202487623 116.46808 39.87878
1202487923 116.46808 39.87874
1202488223 116.46811 39.87876
1202488523 116.46811 39.87872
1202488823 116.46811 39.87868
1202489123 116.46812 39.87867
1202489423 116.46812 39.87865
1202489723 116.46812 39.87864
1202490023 116.46813 39.87864
1202490323 116.46812 39.87863
1202490323 116.46812 39.87863
1202490623 116.46813 39.87862
1202490923 116.46814 39.87837
1202491223 116.46791 39.87839
1202491523 116.46825 39.87863
1202491823 116.46802 39.87854
1202492123 116.46809 39.87857
