UTS Latitude Longitude
1201959570 116.34847 39.93876
1201959872 116.36521 39.94691
1201960174 116.32194 39.88294
1201960174 116.32194 39.88294
1201960476 116.36796 39.94716
1201960778 116.37551 39.97125
1201961080 116.38197 39.96893
1201961080 116.38197 39.96893
1201961382 116.37564 39.97491
1201961985 116.35942 39.97452
1201962287 116.35925 39.97087
1201962589 116.37469 39.97535
1201962891 116.37468 39.98912
1201963193 116.36721 39.99606
1201963495 116.34793 39.9859
1201964099 116.359 39.99216
1201964401 116.37184 39.98597
1201964703 116.35522 40.01248
1201965005 116.34025 40.02977
1201965307 116.3312 40.03336
1201965609 116.33894 40.03867
1201965911 116.35034 40.03216
1201966213 116.34494 40.02133
1201966515 116.3679 39.99472
1201966817 116.38172 39.96692
1201967119 116.41174 39.96589
1201967420 116.41402 39.95264
1201967722 116.40989 39.94875
1201968024 116.40509 39.94818
1201968326 116.40213 39.94958
1201968326 116.40213 39.94958
1201968930 116.40488 39.97183
1201969232 116.41146 39.97566
1201969534 116.41818 39.98552
1201970440 116.41216 39.95817
1201970742 116.40341 39.94786
1201971044 116.37731 39.94758
1201971950 116.34977 39.92701
1201972252 116.34997 39.91752
1201972509 116.35147 39.90863
1201972811 116.34748 39.91235
1201973113 116.33063 39.9128
1201973415 116.31933 39.90995
1201973717 116.2993 39.91193
1201974019 116.28864 39.91761
1201974321 116.27748 39.91804
1201974623 116.27879 39.92649
1201974925 116.29112 39.92269
1201975227 116.30291 39.92258
1201975529 116.30434 39.9308
1201976133 116.28725 39.94513
1201976435 116.28443 39.97868
1201977084 116.37182 39.98818
1201977385 116.35704 40.00972
1201977687 116.36658 40.01627
1201977989 116.36931 40.0037
1201978291 116.35385 40.01371
1201978593 116.32313 40.05353
1201979197 116.25971 40.11977
1201979801 116.24962 40.12086
1201980103 116.24967 40.12086
1201981613 116.24968 40.12094
1201982474 116.24964 40.12095
1201983311 116.24968 40.12093
1201983613 116.24968 40.12094
1201983915 116.24962 40.12095
1201984217 116.24961 40.12092
1201984519 116.24964 40.12092
1201984821 116.24963 40.12088
1201985123 116.24965 39.91016
1201985123 116.24965 39.91016
1201985425 116.2496 40.1209
1201985727 116.24961 40.12093
1201985727 116.24961 40.12093
1201986029 116.24968 40.12089
1201986331 116.24974 40.12096
1201986633 116.24971 40.12091
1201986935 116.24964 40.1209
1201987237 116.24972 40.12091
1201987539 116.24979 40.12091
1201987840 116.24969 40.12088
1201988142 116.24969 40.12086
1201988444 116.2496 40.12084
1201988746 116.2496 40.12077
1201989048 116.2496 40.12088
1201989350 116.24972 40.12084
1201989652 116.24959 40.12086
1201989954 116.24958 40.12081
1201990256 116.24961 40.12083
1201990558 116.24962 40.12085
1201990860 116.2496 40.121
1201991162 116.2496 40.12092
1201991464 116.2496 40.12094
1201991766 116.24958 40.12098
1201992068 116.24965 40.12096
1201992068 116.24965 40.12096
1201992370 116.24964 40.121
1201992671 116.24965 40.12097
1201992973 116.24962 40.12092
1201992973 116.24962 40.12092
1201993275 116.24962 40.12095
1201993577 116.24966 40.12093
1201993879 116.24965 40.12089
1201994181 116.24965 40.12084
1201994483 116.24972 40.12096
1201994785 116.24971 40.12099
1201995389 116.24966 40.12091
1201995993 116.24965 40.1209
1201996597 116.24962 40.12087
1201996899 116.2497 40.12093
1201997201 116.24969 40.1209
1201997805 116.24969 40.12082
1201998106 116.24963 40.12082
1201999012 116.24962 40.12085
1201999314 116.24965 40.12083
1201999616 116.24966 40.12085
1201999918 116.24965 40.12085
1202000220 116.24972 40.12081
1202000522 116.24965 40.12084
1202000522 116.24965 40.12084
1202001126 116.2496 40.12079
1202001428 116.24963 40.12079
1202001730 116.24967 40.12086
1202002032 116.24965 40.12088
1202002333 116.24967 40.12089
1202002635 116.24967 40.12076
1202002937 116.24964 40.12078
1202003541 116.24968 40.12081
1202003843 116.24964 40.12083
1202004145 116.24969 40.12088
1202005051 116.24974 40.12094
1202005353 116.24964 40.12088
1202005957 116.24964 40.12084
1202006259 116.24976 40.12089
1202006561 116.24974 40.12091
1202006862 116.24976 40.12089
1202007164 116.24981 40.12092
1202007466 116.24971 40.12086
1202007768 116.24973 40.12084
1202007768 116.24973 40.12084
1202008070 116.24967 40.12087
1202008372 116.24974 40.12086
1202008674 116.24961 40.12088
1202008976 116.24971 40.12085
1202009278 116.24965 40.12082
1202009580 116.2496 40.12087
1202009882 116.24962 40.12088
1202010486 116.24964 40.12088
1202010788 116.24963 40.12088
1202011090 116.24963 40.12087
1202011391 116.24965 40.12088
1202011693 116.24971 40.12085
1202012297 116.24962 40.1209
1202012599 116.24963 40.12093
1202012901 116.24961 40.12094
1202013203 116.24964 40.12091
1202013505 116.24965 40.121
1202013807 116.24965 40.12098
1202014411 116.2496 40.12088
1202014713 116.24961 40.12091
1202015015 116.24969 40.12094
1202015015 116.24969 40.12094
1202015317 116.24964 40.12084
1202015619 116.24963 40.12083
1202015921 116.24964 40.12089
1202016222 116.24955 40.12087
1202016524 116.24962 40.12083
1202016826 116.24966 40.12092
1202017128 116.24966 40.12081
1202017430 116.24953 40.12085
1202017732 116.24966 40.1208
1202018034 116.24962 40.12084
1202018336 116.24964 40.12087
1202018638 116.24954 40.12092
1202018940 116.24964 40.1209
1202019242 116.24965 40.12091
1202019544 116.24966 40.12086
1202020148 116.24966 40.12084
1202020450 116.24964 40.12086
1202020751 116.24967 40.12084
1202021053 116.24966 40.12089
1202021355 116.24968 40.12085
1202021959 116.24966 40.12086
1202022261 116.24963 40.12089
1202022563 116.24965 40.12092
1202022563 116.24965 40.12092
1202022865 116.24967 40.12087
1202023167 116.24964 40.12089
1202023771 116.24963 40.1209
1202024073 116.24965 40.12088
1202024677 116.2496 40.12095
1202024978 116.24967 40.12091
1202025280 116.24969 40.12089
1202025582 116.24968 40.12093
1202025884 116.24968 40.12095
1202026488 116.24967 40.1209
1202026790 116.2497 40.12091
1202027998 116.24964 40.12095
1202028300 116.24966 40.12095
1202028602 116.26068 40.11995
1202028904 116.29228 40.09252
1202029507 116.32418 40.05123
1202029809 116.34383 40.03461
1202029809 116.34383 40.03461
1202030111 116.35714 40.02979
1202030413 116.35047 40.03605
1202031017 116.35092 40.01691
1202031319 116.34629 39.99975
1202031621 116.34124 39.99949
1202031923 116.32999 39.9851
1202032225 116.31938 39.97495
1202032829 116.30609 39.96272
1202033131 116.31182 39.97403
1202033433 116.32685 39.97978
1202033735 116.34652 39.97201
1202034037 116.32992 39.96649
1202034339 116.31307 39.96004
1202034641 116.30499 39.96185
1202034942 116.30813 39.96332
1202035244 116.29702 39.94357
1202035546 116.26983 39.9456
1202035848 116.26842 39.91408
1202036150 116.25102 39.88844
1202036452 116.26904 39.8972
1202036754 116.26865 39.94236
1202037056 116.26112 39.95579
1202037056 116.26112 39.95579
1202037358 116.26878 39.94929
1202037660 116.27961 39.94527
1202037962 116.27698 39.94539
1202038264 116.28476 39.9792
1202038868 116.34602 39.99523
1202039170 116.34658 39.99415
1202039472 116.34739 39.98291
1202039774 116.32975 39.96637
1202040377 116.31042 39.96434
1202040679 116.30499 39.96178
1202041585 116.30405 39.92571
1202042189 116.30422 39.88821
1202042491 116.30484 39.88355
1202042793 116.30825 39.88512
1202043095 116.31278 39.887
1202043699 116.3193 39.88859
1202044001 116.32884 39.88858
1202044303 116.35802 39.86779
1202044303 116.35802 39.86779
1202044604 116.38067 39.86
1202044906 116.3752 39.86951
1202045208 116.34296 39.87063
1202045510 116.34265 39.89277
1202045812 116.34933 39.89731
1202046114 116.3507 39.91007
1202046416 116.35889 39.92239
1202046718 116.36136 39.92777
1202047020 116.36137 39.92777
1202047322 116.36136 39.92775
1202047624 116.36135 39.92778
1202047926 116.36136 39.92771
1202048228 116.36134 39.92772
1202048530 116.3613 39.92776
1202048832 116.3613 39.92776
1202049134 116.36131 39.92779
1202049435 116.3613 39.92776
1202049737 116.3613 39.92775
1202050039 116.36135 39.92774
1202050341 116.36133 39.92775
1202050643 116.36135 39.92781
1202050945 116.36128 39.92777
1202051247 116.36134 39.92782
1202051549 116.36135 39.92779
1202051851 116.36133 39.92772
1202051851 116.36133 39.92772
1202052153 116.36135 39.92783
1202052455 116.36131 39.92784
1202052757 116.36134 39.92785
1202053059 116.36135 39.92779
1202053361 116.36134 39.92779
1202053662 116.36126 39.92785
1202053964 116.36133 39.92783
1202054266 116.36133 39.92779
1202054568 116.36129 39.92783
1202054870 116.36127 39.92789
1202055172 116.36131 39.92783
1202055474 116.36131 39.92786
1202056078 116.36134 39.92778
1202056380 116.36136 39.92779
1202056682 116.36132 39.92778
1202056984 116.36138 39.92779
1202057286 116.36142 39.92781
1202057588 116.3614 39.9278
1202058192 116.36131 39.92775
1202058494 116.36133 39.92775
1202058796 116.36132 39.92776
1202059098 116.36133 39.92776
1202059098 116.36133 39.92776
1202059399 116.36138 39.92779
1202059701 116.36136 39.92777
1202060003 116.36133 39.92779
1202060305 116.3614 39.92781
1202060607 116.36136 39.92776
1202060909 116.36135 39.92778
1202061211 116.36134 39.92776
1202061513 116.36135 39.92776
1202061815 116.36135 39.92775
1202062117 116.36134 39.92776
1202062419 116.36133 39.92775
1202062721 116.36135 39.92778
1202063023 116.36137 39.92777
1202063325 116.36134 39.92775
1202063627 116.3613 39.92776
1202063929 116.36136 39.92777
1202064231 116.36137 39.92775
1202064533 116.36132 39.92783
1202064834 116.36136 39.92776
1202065136 116.36135 39.9278
1202065438 116.3613 39.92778
1202065740 116.358 39.93794
1202066042 116.36506 39.94683
1202066344 116.36795 39.94712
1202066646 116.37338 39.95216
1202066948 116.38081 39.96024
1202067250 116.37501 39.97651
1202067552 116.35791 40.00821
1202067854 116.33722 40.03513
1202068156 116.31078 40.06981
1202068458 116.3063 40.07383
1202068760 116.2966 40.07048
1202069062 116.29668 40.07044
1202069364 116.29493 40.07254
1202069666 116.29122 40.09345
1202069968 116.2641 40.12078
1202070270 116.25949 40.11979
1202070572 116.24959 40.12095
1202070874 116.24954 40.12089
1202071176 116.24951 40.1209
1202071477 116.24957 40.12092
1202071779 116.24959 40.12093
1202072081 116.24954 40.12089
1202072383 116.2496 40.12091
1202072685 116.24959 40.12092
1202072987 116.24959 40.12095
1202073289 116.24957 40.12096
1202073591 116.24956 40.12095
1202073893 116.24949 40.12092
1202073893 116.24949 40.12092
1202074195 116.24953 40.12088
1202074497 116.2495 40.1209
1202074799 116.24935 40.12089
1202075101 116.24947 40.12097
1202075705 116.24933 40.12088
1202076007 116.2494 40.12093
1202076309 116.24952 40.12086
1202076611 116.24946 40.12093
1202076913 116.24954 40.12096
1202077215 116.24952 40.12095
1202077516 116.24955 40.1209
1202077818 116.24956 40.121
1202078120 116.2497 40.12107
1202078422 116.24959 40.1209
1202078724 116.24957 40.12084
1202079026 116.2496 40.12096
1202079328 116.24958 40.12095
1202079630 116.24957 40.12085
1202079932 116.2496 40.12085
1202080234 116.24957 40.12086
1202080536 116.24959 40.12094
1202080838 116.24962 40.1209
1202081140 116.24967 40.12102
1202081140 116.24967 40.12102
1202081442 116.24957 40.12088
1202081744 116.24965 40.12093
1202082650 116.24962 40.12093
1202082952 116.24959 40.12085
1202083254 116.24962 40.12087
1202083556 116.24958 40.12085
1202083857 116.24963 40.12084
1202084159 116.2496 40.12085
1202084461 116.24958 40.12086
1202084763 116.24957 40.12086
1202085065 116.24955 40.1209
1202085367 116.24957 40.12088
1202085669 116.24959 40.12085
1202085971 116.24958 40.12084
1202086273 116.24955 40.12087
1202086575 116.24958 40.12088
1202086877 116.24956 40.12085
1202087179 116.24957 40.12083
1202087481 116.24953 40.12085
1202087783 116.24957 40.12086
1202088085 116.24957 40.12085
1202088387 116.24959 40.12092
1202088387 116.24959 40.12092
1202088689 116.24958 40.12085
1202088991 116.24959 40.12083
1202089594 116.24959 40.12096
1202089896 116.2496 40.12092
1202090198 116.24961 40.12088
1202090500 116.24963 40.12088
1202091104 116.24972 40.12092
1202091406 116.24959 40.12093
1202091708 116.24959 40.12089
1202092010 116.24962 40.12092
1202092312 116.2496 40.12084
1202092614 116.2497 40.1209
1202092916 116.24966 40.12086
1202093218 116.24969 40.12086
1202093520 116.24972 40.1209
1202093822 116.24965 40.12091
1202094124 116.24968 40.12095
1202094426 116.24972 40.12086
1202094728 116.24958 40.12086
1202095030 116.24951 40.12093
1202095332 116.24956 40.12088
1202095634 116.24955 40.12091
1202095634 116.24955 40.12091
1202095935 116.24958 40.12084
1202096237 116.2496 40.12091
1202096539 116.24956 40.12095
1202096841 116.24961 40.12092
1202097143 116.2496 40.1209
1202097445 116.24955 40.12093
1202097747 116.24957 40.12086
1202097747 116.24957 40.12086
1202098049 116.24963 40.12083
1202098351 116.24959 40.12095
1202098653 116.24956 40.12097
1202098955 116.24953 40.1209
1202099257 116.24955 40.12099
1202099559 116.24954 40.12102
1202099861 116.24955 40.12096
1202100163 116.2496 40.12089
1202100465 116.24961 40.12106
1202100767 116.24947 40.12097
1202101069 116.24955 40.12096
1202101371 116.24949 40.12087
1202101673 116.24939 40.12082
1202101974 116.2495 40.12097
1202102276 116.24951 40.12091
1202102578 116.2496 40.1209
1202102880 116.24961 40.12083
1202103182 116.2497 40.12091
1202103182 116.2497 40.12091
1202103484 116.24968 40.12087
1202103786 116.24969 40.1209
1202104088 116.24955 40.12086
1202104390 116.24953 40.12087
1202104692 116.24948 40.12093
1202104994 116.24958 40.1209
1202105296 116.24951 40.12091
1202105598 116.24949 40.12089
1202105900 116.24951 40.12093
1202106202 116.2495 40.12091
1202106504 116.24953 40.12087
1202106806 116.2496 40.12081
1202107108 116.24955 40.12088
1202107409 116.2496 40.12092
1202107711 116.24959 40.12087
1202108013 116.2496 40.12085
1202108617 116.24955 40.1209
1202108919 116.24959 40.12092
1202109221 116.2496 40.12089
1202109523 116.24962 40.1209
1202109825 116.24957 40.12089
1202110127 116.24957 40.1209
1202110429 116.24958 40.12089
1202110429 116.24958 40.12089
1202110731 116.24959 40.1209
1202111033 116.24959 40.1209
1202111335 116.24962 40.12094
1202111637 116.24965 40.12086
1202111939 116.24968 40.12089
1202112241 116.24967 40.1208
1202112542 116.24964 40.12093
1202112844 116.2496 40.12094
1202113146 116.24955 40.12091
1202113448 116.24947 40.12091
1202113750 116.24961 40.121
1202114052 116.24962 40.12093
1202114656 116.2687 40.11568
1202114958 116.30857 40.07191
1202115260 116.32766 40.04675
1202115562 116.33779 40.03853
1202115864 116.34787 40.0289
1202116166 116.359 40.03803
1202116770 116.34361 40.02647
1202117072 116.34621 40.007
1202117374 116.34736 39.98293
1202117676 116.34932 39.95171
1202117676 116.34932 39.95171
1202117978 116.36407 39.96496
1202118279 116.36567 39.94767
1202118581 116.37373 39.95212
1202118883 116.38333 39.94828
1202119487 116.40954 39.94803
1202119789 116.40243 39.94835
1202120091 116.40135 39.96979
1202120393 116.40154 39.99441
1202120695 116.39841 40.00329
1202121601 116.40147 39.99797
1202121903 116.42553 39.98764
1202122205 116.42285 39.96769
1202122507 116.44669 39.95735
1202122809 116.45525 39.93307
1202123111 116.45469 39.93223
1202123412 116.44891 39.92552
1202123714 116.44852 39.91369
1202124016 116.44422 39.92289
1202124318 116.43466 39.92555
1202124620 116.41996 39.9271
1202124922 116.40249 39.9363
1202125224 116.4018 39.95737
1202125526 116.40125 39.97375
1202125828 116.41013 39.99381
1202126130 116.41093 40.00465
1202126432 116.43863 40.0181
1202126734 116.49388 39.99631
1202127036 116.55938 40.03163
1202127338 116.58419 40.05344
1202127640 116.58599 40.07955
1202127941 116.57918 40.04701
1202128243 116.52105 40.01804
1202128545 116.47023 40.01393
1202128847 116.43554 40.0306
1202129149 116.41944 40.03615
1202129451 116.41956 40.03761
1202129753 116.41969 40.03753
1202130055 116.41955 40.03758
1202130357 116.41122 40.03253
1202130659 116.38688 40.00858
1202130961 116.34687 40.00648
1202131263 116.33323 39.99828
1202131565 116.34493 39.99963
1202131867 116.35282 40.00687
1202132169 116.39045 40.02108
1202132471 116.47027 40.01377
1202132471 116.47027 40.01377
1202134352 116.44014 40.01782
1202134654 116.42407 40.03125
1202134956 116.40983 40.00989
1202135258 116.4106 39.99116
1202135560 116.40116 39.97429
1202135862 116.40179 39.94981
1202136164 116.40239 39.94829
1202136465 116.4024 39.94828
1202136767 116.4017 39.95762
1202137069 116.40132 39.97397
1202137371 116.39722 39.97348
1202137673 116.40619 39.97412
1202137975 116.41429 39.98202
1202137975 116.41429 39.98202
1202138277 116.4085 39.98172
1202138579 116.41089 39.97948
1202139183 116.4109 39.97946
1202139485 116.41098 39.97904
1202139787 116.41435 39.9818
1202140089 116.41153 39.96835
1202140391 116.38644 39.96734
1202140693 116.37966 39.97133
1202140995 116.38811 39.97539
1202141297 116.40045 39.97403
1202141599 116.40442 39.97406
1202142504 116.41754 39.98825
1202142806 116.42292 39.96761
1202143410 116.44777 39.94686
1202143712 116.43352 39.95575
1202144014 116.41874 39.96741
1202144618 116.4194 39.96113
1202144920 116.41913 39.94949
1202145222 116.42743 39.94359
1202145524 116.428 39.92772
1202145826 116.42834 39.92196
1202146128 116.42858 39.9161
1202146430 116.42682 39.90377
1202146732 116.42087 39.90567
1202147034 116.42057 39.91322
1202147336 116.42007 39.92459
1202147940 116.38958 39.93212
1202148242 116.36465 39.93124
1202148544 116.35174 39.93103
1202148846 116.33828 39.92682
1202149148 116.33595 39.92634
1202149450 116.34339 39.93053
1202149752 116.34886 39.93102
1202150054 116.34869 39.9393
1202150355 116.30438 39.94161
1202150657 116.29954 39.97434
1202150959 116.29994 39.98106
1202151261 116.29968 39.98336
1202151563 116.3568 39.98573
1202151865 116.38785 39.97567
1202152469 116.40118 39.97951
1202152771 116.40155 39.99645
1202152771 116.40155 39.99645
1202153375 116.39431 39.99753
1202153677 116.39999 39.98657
1202153979 116.44689 39.98071
1202154281 116.44452 39.95923
1202154583 116.44445 39.95874
1202154885 116.45528 39.94961
1202155187 116.46467 39.95083
1202155489 116.45722 39.94857
1202155791 116.4508 39.95514
1202156093 116.44027 39.96125
1202157496 116.35769 39.96645
1202158100 116.30395 39.92614
1202158402 116.28278 39.92299
1202158704 116.26889 39.9179
1202159307 116.27658 39.85791
1202159911 116.26801 39.89291
1202160213 116.26876 39.9428
1202160817 116.30076 39.96862
1202161723 116.2462 40.05514
1202162327 116.28688 40.09277
1202162629 116.25821 40.11978
1202163233 116.24958 40.121
1202163535 116.24961 40.121
1202163837 116.24968 40.12101
1202164139 116.24966 40.12105
1202164441 116.24965 40.12094
1202164743 116.24967 40.121
1202165045 116.24968 40.12101
1202165648 116.24964 40.12097
1202165950 116.24965 40.12092
1202166252 116.24968 40.12084
1202166554 116.24971 40.12094
1202166856 116.24973 40.12096
1202167460 116.24968 40.12091
1202167762 116.2497 40.12095
1202168064 116.24987 40.12106
1202168366 116.24969 40.12091
1202168668 116.24973 40.12096
1202168970 116.24965 40.12086
1202169272 116.2497 40.12087
1202169574 116.24968 40.1209
1202169875 116.24971 40.12088
1202169875 116.24971 40.12088
1202170177 116.24972 40.12083
1202170479 116.24968 40.12085
1202170781 116.24965 40.12088
1202171083 116.24964 40.12084
1202171385 116.24966 40.12084
1202171687 116.24966 40.12088
1202171989 116.24973 40.12079
1202172291 116.24971 40.12083
1202172593 116.24972 40.1208
1202172895 116.24969 40.12083
1202173197 116.24969 40.12087
1202173499 116.24967 40.12083
1202173800 116.24968 40.12086
1202174102 116.2497 40.12093
1202174706 116.2497 40.12094
1202175008 116.24966 40.12074
1202175310 116.2497 40.12083
1202175612 116.2497 40.12084
1202175914 116.24966 40.12088
1202176216 116.24968 40.12094
1202176518 116.24973 40.12088
1202176820 116.24969 40.12098
1202177122 116.24968 40.12089
1202178933 116.2498 40.12085
1202179537 116.24981 40.12087
1202179839 116.24979 40.12085
1202180443 116.24974 40.12089
1202181047 116.24974 40.12084
1202181349 116.24965 40.12085
1202181651 116.24971 40.12083
1202181953 116.24965 40.12089
1202182254 116.24963 40.12088
1202182556 116.24965 40.1209
1202182858 116.24967 40.12088
1202183160 116.24965 40.12091
1202183462 116.24964 40.1209
1202184066 116.24966 40.12097
1202184368 116.24967 40.12099
1202184670 116.24959 40.12106
1202184670 116.24959 40.12106
1202184972 116.24964 40.1209
1202185576 116.24967 40.12096
1202185878 116.24964 40.12097
1202186481 116.2496 40.12094
1202186783 116.24968 40.12096
1202187085 116.24971 40.12097
1202187387 116.24974 40.12102
1202187689 116.24969 40.12097
1202187991 116.24964 40.12095
1202188293 116.24964 40.12086
1202188897 116.24969 40.12084
1202189199 116.24974 40.12086
1202189501 116.24977 40.12092
1202189803 116.24975 40.12083
1202190105 116.24967 40.12087
1202190407 116.24968 40.12083
1202190709 116.24964 40.12089
1202191010 116.24958 40.12089
1202191312 116.24963 40.12096
1202191614 116.24959 40.12091
1202191916 116.24962 40.1209
1202191916 116.24962 40.1209
1202192218 116.24965 40.12092
1202192520 116.24971 40.12085
1202192822 116.24976 40.12077
1202193124 116.2497 40.12083
1202193426 116.24967 40.12087
1202193728 116.2497 40.12082
1202194030 116.24965 40.12095
1202194332 116.24964 40.1209
1202194634 116.24964 40.12095
1202194935 116.24967 40.12095
1202195237 116.24969 40.12088
1202195539 116.24973 40.12088
1202195841 116.24969 40.12087
1202196143 116.24968 40.12086
1202196445 116.24966 40.121
1202196747 116.24969 40.12084
1202197049 116.24971 40.12083
1202197351 116.24968 40.1209
1202197653 116.24968 40.12092
1202197955 116.24965 40.12089
1202198257 116.24966 40.12094
1202198559 116.24973 40.12094
1202199162 116.24966 40.12089
1202199464 116.24969 40.12087
1202199766 116.24971 40.12085
1202200068 116.24972 40.12096
1202200370 116.24972 40.12092
1202200672 116.2497 40.12088
1202200974 116.24967 40.12092
1202201276 116.2629 40.12066
1202201578 116.29539 40.08857
1202201880 116.32021 40.05639
1202202182 116.33474 40.03775
1202202786 116.3462 40.00667
1202203088 116.347 39.96951
1202203389 116.30346 39.95057
1202203691 116.3038 39.90505
1202203993 116.31521 39.8969
1202204295 116.3044 39.9157
1202204597 116.30435 39.93095
1202204899 116.30212 39.96117
1202205201 116.29603 39.97165
1202205503 116.31415 39.96528
1202205805 116.30817 39.95877
1202206107 116.30355 39.95565
1202206409 116.30409 39.9256
1202206711 116.30506 39.87757
1202206711 116.30506 39.87757
1202207315 116.30527 39.90499
1202207617 116.30438 39.9262
1202207919 116.30356 39.95233
1202208221 116.31377 39.96497
1202208523 116.30506 39.96201
1202208824 116.30503 39.96185
1202209126 116.30506 39.96191
1202209428 116.30506 39.96187
1202209730 116.31728 39.95461
1202210032 116.31955 39.92695
1202210334 116.33798 39.922
1202210636 116.34699 39.92188
1202210938 116.35273 39.93609
1202211240 116.36321 39.94647
1202211542 116.36822 39.94715
1202211844 116.36813 39.94717
1202212146 116.36813 39.94719
1202212448 116.37149 39.94718
1202212750 116.37589 39.95967
1202213052 116.37441 39.95393
1202213354 116.35769 39.96648
1202213655 116.35919 39.97523
1202213957 116.37422 39.98025
1202213957 116.37422 39.98025
1202214259 116.35277 40.01502
1202214561 116.40553 40.02146
1202214863 116.40606 40.04601
1202215165 116.41021 40.05422
1202215467 116.40898 40.0567
1202216071 116.41071 40.00412
1202216373 116.4179 39.98823
1202216675 116.46208 39.97076
1202216977 116.48352 39.93266
1202217279 116.48521 39.93252
1202217581 116.47565 39.92994
1202217883 116.47242 39.9306
1202218185 116.48303 39.93237
1202218486 116.46835 39.96676
1202218788 116.5116 40.01342
1202219090 116.57963 40.04734
1202219392 116.58667 40.07859
1202219694 116.5789 40.04674
1202219996 116.50999 40.01223
1202220298 116.44481 40.01638
1202220600 116.42566 40.03868
1202220902 116.41766 40.03998
1202221506 116.41781 40.04001
1202221808 116.42673 40.04324
1202222110 116.40805 40.04246
1202222412 116.40698 40.06629
1202222714 116.40791 40.0779
1202223016 116.40649 40.06757
1202223318 116.40553 40.04871
1202223620 116.4196 40.03857
1202223922 116.41959 40.03935
1202224224 116.41991 40.03924
1202224525 116.41995 40.03922
1202225129 116.41155 40.0258
1202225431 116.41143 40.02539
1202225733 116.40436 40.02056
1202226035 116.40231 40.0047
1202226337 116.39826 40.0033
1202226639 116.40143 39.99481
1202226941 116.40118 39.96968
1202227243 116.40176 39.94835
1202227847 116.40247 39.94832
1202228149 116.40253 39.94836
1202228451 116.4025 39.94837
1202228753 116.40251 39.94833
1202228753 116.40251 39.94833
1202229055 116.40186 39.95696
1202229357 116.40138 39.97338
1202229659 116.4064 39.99624
1202229961 116.39929 39.99826
1202230263 116.40052 40.00402
1202230565 116.40141 39.99463
1202230866 116.36747 39.98615
1202231168 116.34718 39.96374
1202231470 116.35001 39.94469
1202231772 116.34961 39.93287
1202232074 116.35009 39.92137
1202232376 116.35027 39.90758
1202232678 116.34254 39.88427
1202232980 116.34153 39.87152
1202233282 116.34448 39.87367
1202233584 116.34718 39.88673
1202233886 116.34674 39.89619
1202234188 116.34651 39.90147
1202234490 116.34666 39.90897
1202234792 116.35052 39.89899
1202235094 116.30494 39.89578
1202235698 116.27746 39.89734
1202236000 116.2774 39.89866
1202236302 116.27739 39.90315
1202236604 116.29873 39.90602
1202236906 116.30468 39.90767
1202237208 116.30421 39.92233
1202237510 116.28758 39.94703
1202237812 116.28218 39.94531
1202238114 116.27847 39.95412
1202238416 116.28002 39.96032
1202238718 116.27707 39.96249
1202239019 116.27637 39.96015
1202239321 116.28494 39.96008
1202239623 116.29306 39.94479
1202239925 116.34068 39.93761
1202240227 116.35918 39.94484
1202240529 116.36798 39.94712
1202240831 116.36793 39.94713
1202241133 116.37405 39.94943
1202241435 116.37758 39.96155
1202241737 116.37287 39.96698
1202242039 116.36714 39.94745
1202242341 116.37152 39.94715
1202242643 116.37331 39.95146
1202242945 116.37517 39.97529
1202243247 116.36006 39.97541
1202243247 116.36006 39.97541
1202243549 116.35566 39.97527
1202243851 116.32916 39.97524
1202244153 116.31915 39.97178
1202244455 116.31196 39.97388
1202244757 116.32015 39.97493
1202245059 116.34159 39.97508
1202245361 116.35987 39.9858
1202245662 116.3643 39.99991
1202245964 116.35072 40.01772
1202246266 116.31134 40.0689
1202246568 116.26622 40.11857
1202246870 116.24967 40.12091
1202247172 116.24968 40.12083
1202247474 116.24962 40.12087
1202247776 116.24969 40.12079
1202248078 116.24961 40.12091
1202248380 116.24964 40.12086
1202248682 116.24966 40.12092
1202249286 116.24966 40.12094
1202249588 116.24967 40.12102
1202249890 116.24971 40.12101
1202250192 116.24968 40.12099
1202250494 116.24967 40.12101
1202250494 116.24967 40.12101
1202250796 116.24968 40.12097
1202251098 116.24969 40.12101
1202251399 116.24973 40.12099
1202251701 116.24971 40.12098
1202252003 116.24974 40.12097
1202252305 116.24965 40.12088
1202252607 116.24971 40.12106
1202252909 116.24973 40.12093
1202253211 116.24974 40.12091
1202253513 116.24976 40.12091
1202253815 116.24972 40.12092
1202254419 116.24974 40.1209
1202254721 116.2497 40.12094
1202255023 116.24974 40.12087
1202255325 116.24967 40.12085
1202255627 116.24971 40.12095
1202255929 116.24967 40.1209
1202256231 116.24973 40.12095
1202256532 116.24969 40.12088
1202256834 116.2497 40.12081
1202257136 116.24971 40.12077
1202257438 116.24971 40.1208
1202257740 116.24965 40.12078
1202258042 116.24968 40.1208
1202258042 116.24968 40.1208
1202258646 116.24969 40.12079
1202258948 116.24971 40.12078
1202259250 116.2497 40.12078
1202259552 116.24969 40.12084
1202259854 116.24963 40.12085
1202260156 116.24967 40.1209
1202260457 116.24965 40.12085
1202260759 116.24966 40.12084
1202261061 116.24965 40.12082
1202261363 116.24968 40.12089
1202261665 116.2497 40.12089
1202261967 116.24971 40.12086
1202262269 116.24963 40.12081
1202262571 116.24968 40.12083
1202262873 116.24972 40.12083
1202263175 116.24975 40.12078
1202263477 116.24973 40.12091
1202264081 116.2498 40.12086
1202264987 116.2498 40.12086
1202265289 116.2498 40.12085
1202265289 116.2498 40.12085
1202265591 116.24988 40.12087
1202265892 116.24986 40.12085
1202266496 116.2498 40.12089
1202266798 116.24979 40.12082
1202267100 116.24979 40.12095
1202267402 116.24972 40.12085
1202267704 116.24971 40.12087
1202268006 116.24974 40.12082
1202268308 116.2497 40.12089
1202268610 116.24974 40.12082
1202268912 116.24974 40.12082
1202269516 116.24969 40.12086
1202269818 116.24975 40.12085
1202270120 116.24969 40.12088
1202270422 116.2497 40.1209
1202270724 116.24961 40.12092
1202271025 116.24963 40.12093
1202271327 116.24963 40.12081
1202271629 116.24966 40.12092
1202272233 116.24966 40.12102
1202272535 116.24958 40.12093
1202272837 116.24973 40.12109
1202273139 116.24964 40.121
1202273441 116.24976 40.12106
1202273743 116.24972 40.12083
1202274045 116.24979 40.12089
1202274347 116.2497 40.12081
1202274649 116.24976 40.12084
1202274951 116.24978 40.1209
1202275253 116.24978 40.12086
1202275555 116.24975 40.12079
1202275857 116.2497 40.12083
1202276158 116.24974 40.12089
1202276460 116.24962 40.12086
1202276762 116.24965 40.12084
1202277064 116.24956 40.12084
1202277366 116.24962 40.12081
1202277668 116.24961 40.12081
1202277970 116.24962 40.1208
1202278272 116.24962 40.12086
1202278574 116.24966 40.12078
1202278876 116.24958 40.12087
1202279178 116.24962 40.12085
1202279480 116.24966 40.1208
1202279782 116.24965 40.12085
1202280385 116.24968 40.12086
1202280687 116.24971 40.12078
1202280989 116.24951 40.12089
1202281291 116.24967 40.12084
1202281593 116.24967 40.12086
1202281895 116.24967 40.12091
1202282197 116.24969 40.12081
1202282499 116.24969 40.12082
1202282801 116.24968 40.12087
1202283103 116.24971 40.12088
1202283405 116.24968 40.12084
1202283707 116.24964 40.1209
1202284009 116.24965 40.12091
1202284311 116.24964 40.1209
1202284612 116.24963 40.12096
1202284914 116.24978 40.12087
1202285216 116.24968 40.12092
1202285518 116.2497 40.12095
1202285820 116.24966 40.12091
1202286122 116.24969 40.12095
1202286424 116.24968 40.12089
1202286726 116.24972 40.12084
1202287028 116.24964 40.12086
1202287330 116.24969 40.1209
1202287330 116.24969 40.1209
1202287632 116.24968 40.12088
1202287934 116.24968 40.12083
1202288236 116.24965 40.12089
1202288538 116.24969 40.12082
1202288839 116.24974 40.12086
1202289141 116.24972 40.12089
1202289443 116.24971 40.12084
1202289745 116.24969 40.1209
1202290047 116.2497 40.12086
1202290349 116.24967 40.12087
1202290651 116.24971 40.12075
1202290953 116.24967 40.12081
1202291255 116.24961 40.12099
1202291557 116.2496 40.12094
1202291859 116.24962 40.12093
1202292116 116.2497 40.12089
1202292418 116.24979 40.1209
1202292720 116.24967 40.12088
1202293022 116.2497 40.12091
1202293324 116.24966 40.12094
1202293626 116.24964 40.12093
1202293928 116.24963 40.12092
1202294230 116.24969 40.12096
1202294532 116.2497 40.12095
1202294834 116.24966 40.12102
1202295438 116.24965 40.12112
1202295740 116.24967 40.12119
1202295740 116.24967 40.12119
1202296042 116.24975 40.12103
1202296343 116.2497 40.12107
1202296645 116.24974 40.12102
1202296947 116.24968 40.12093
1202297249 116.24965 40.12087
1202297551 116.24967 40.12085
1202297853 116.2497 40.12086
1202298457 116.2498 40.12092
1202298759 116.2497 40.12085
1202299061 116.24971 40.12088
1202299363 116.24969 40.12087
1202299665 116.24964 40.1209
1202300268 116.24967 40.12087
1202300570 116.24969 40.1208
1202300872 116.24967 40.1208
1202301174 116.24978 40.12082
1202301476 116.24965 40.12084
1202301778 116.24967 40.12084
1202302080 116.2497 40.12089
1202302382 116.2497 40.12084
1202302684 116.24973 40.12073
1202302986 116.24972 40.12061
1202302986 116.24972 40.12061
1202303287 116.24972 40.12094
1202303589 116.24969 40.12089
1202303891 116.2496 40.12098
1202304193 116.24967 40.12074
1202304495 116.2497 40.12081
1202305099 116.2497 40.12087
1202305401 116.24972 40.12087
1202305703 116.24973 40.12083
1202306005 116.24979 40.12096
1202306307 116.2497 40.12067
1202306609 116.2497 40.12088
1202306911 116.24973 40.1208
1202307212 116.24965 40.12072
1202307514 116.24968 40.12076
1202307816 116.2497 40.12076
1202308118 116.24959 40.12077
1202308420 116.24965 40.12072
1202308722 116.24966 40.12079
1202309024 116.26434 40.12074
1202309326 116.25417 40.14324
1202309628 116.23174 40.18298
1202309930 116.21759 40.21073
1202310232 116.2027 40.21684
1202310534 116.20213 40.21894
1202310534 116.20213 40.21894
1202310534 116.20213 40.21894
1202310534 116.20213 40.21894
1202310836 116.20159 40.2191
1202311138 116.20158 40.21909
1202311440 116.20157 40.21902
1202311741 116.20155 40.21905
1202312043 116.20158 40.21905
1202312345 116.20157 40.21906
1202312647 116.20154 40.21906
1202313251 116.20151 40.2191
1202313553 116.20156 40.21908
1202313855 116.20158 40.21907
1202314157 116.20155 40.21904
1202314459 116.20154 40.2191
1202314761 116.20155 40.21913
1202315063 116.20154 40.2191
1202315365 116.20149 40.219
1202315667 116.20157 40.21904
1202315969 116.20152 40.21903
1202316271 116.20155 40.21907
1202316573 116.20161 40.21908
1202316875 116.20156 40.21904
1202317177 116.20159 40.21905
1202317479 116.20156 40.21905
1202317780 116.20159 40.21905
1202317780 116.20159 40.21905
1202318082 116.20163 40.2191
1202318384 116.20159 40.21906
1202318686 116.20159 40.21905
1202318988 116.20159 40.21904
1202319290 116.20158 40.21903
1202319592 116.20157 40.21903
1202319894 116.20156 40.21902
1202320196 116.20157 40.21902
1202320498 116.20155 40.219
1202320800 116.20156 40.21899
1202321102 116.20156 40.219
1202321404 116.20157 40.21903
1202321706 116.20157 40.21902
1202322008 116.20156 40.21901
1202322310 116.20157 40.21901
1202322612 116.20158 40.21901
1202322914 116.20158 40.21901
1202323216 116.20161 40.21898
1202323517 116.20164 40.219
1202323819 116.20157 40.21901
1202324121 116.20157 40.21899
1202324423 116.20157 40.21901
1202324725 116.20162 40.21895
1202325027 116.20159 40.21897
1202325027 116.20159 40.21897
1202325329 116.20154 40.21903
1202325933 116.20156 40.21899
1202326235 116.20154 40.21906
1202326537 116.20155 40.21905
1202326839 116.20158 40.21903
1202327141 116.20159 40.21901
1202327443 116.20156 40.21905
1202327745 116.20155 40.21903
1202328047 116.20155 40.21904
1202328349 116.20154 40.21904
1202328651 116.20155 40.21904
1202328953 116.20157 40.21905
1202329255 116.20155 40.21904
1202329556 116.20155 40.21901
1202329858 116.20153 40.21904
1202330160 116.20154 40.21905
1202330462 116.20152 40.21905
1202330462 116.20152 40.21905
1202330764 116.20151 40.21907
1202331066 116.20149 40.21904
1202331111 116.2015 40.21905
1202331368 116.20155 40.21904
1202331670 116.20151 40.21902
1202331972 116.20151 40.21906
1202332274 116.20159 40.21903
1202332274 116.20159 40.21903
1202332576 116.20154 40.21903
1202332878 116.20158 40.21905
1202333180 116.20157 40.21903
1202333482 116.20149 40.21901
1202333784 116.20147 40.21902
1202334086 116.20152 40.21904
1202334388 116.20149 40.21902
1202334690 116.20154 40.21903
1202334992 116.20156 40.21903
1202335293 116.2015 40.21903
1202335897 116.2016 40.21903
1202336199 116.2016 40.21904
1202336501 116.20159 40.21904
1202336803 116.20158 40.21906
1202337105 116.20152 40.21902
1202337407 116.20154 40.21904
1202337709 116.20158 40.21906
1202338011 116.20155 40.21904
1202338615 116.20152 40.21902
1202338917 116.20153 40.21904
1202339219 116.20153 40.21901
1202339521 116.20156 40.21904
1202339823 116.20162 40.21908
1202339823 116.20162 40.21908
1202340125 116.20155 40.219
1202340427 116.2016 40.21907
1202340729 116.20157 40.21906
1202341030 116.20157 40.21905
1202341332 116.20154 40.219
1202341634 116.20155 40.21897
1202341936 116.20157 40.219
1202342238 116.20155 40.21899
1202342540 116.20154 40.21902
1202342842 116.20154 40.21901
1202343144 116.20154 40.219
1202343446 116.20157 40.21904
1202343748 116.20156 40.21902
1202344050 116.20155 40.21899
1202344352 116.20157 40.219
1202344654 116.20153 40.219
1202344956 116.20156 40.219
1202345257 116.20154 40.219
1202345559 116.20155 40.21898
1202345861 116.20154 40.21896
1202346163 116.20152 40.21897
1202346465 116.20153 40.21901
1202346767 116.20156 40.21897
1202347069 116.20156 40.21899
1202347069 116.20156 40.21899
1202347371 116.20152 40.21901
1202347673 116.20155 40.21899
1202347975 116.2015 40.21893
1202348277 116.20153 40.21891
1202348579 116.20157 40.21898
1202348881 116.20154 40.219
1202349183 116.20154 40.21901
1202349485 116.20158 40.21899
1202350391 116.20154 40.219
1202350692 116.2016 40.21903
1202350994 116.20157 40.21901
1202351296 116.20159 40.21907
1202351598 116.20157 40.21903
1202351900 116.2016 40.21908
1202352202 116.20164 40.21909
1202352504 116.20163 40.21907
1202352806 116.2016 40.21908
1202353108 116.2016 40.21907
1202353410 116.20158 40.21903
1202353712 116.20153 40.21904
1202354014 116.20159 40.2191
1202354316 116.20157 40.21909
1202354316 116.20157 40.21909
1202354618 116.20157 40.21911
1202354920 116.20153 40.2191
1202355222 116.20152 40.2191
1202355524 116.20153 40.21906
1202355825 116.20157 40.21905
1202356127 116.20152 40.21908
1202356429 116.20152 40.21904
1202356731 116.20149 40.21905
1202357033 116.20152 40.21903
1202357335 116.20151 40.21899
1202357637 116.20154 40.21905
1202357939 116.20154 40.21907
1202358241 116.20156 40.21908
1202358543 116.20157 40.21909
1202358845 116.20162 40.21921
1202359147 116.20154 40.21908
1202359751 116.20157 40.21903
1202360053 116.20156 40.21903
1202360355 116.20155 40.21906
1202360959 116.20161 40.21908
1202361562 116.20155 40.21902
1202361864 116.20154 40.21903
1202361864 116.20154 40.21903
1202362166 116.20154 40.21902
1202362468 116.20154 40.21901
1202362770 116.20158 40.21901
1202362770 116.20158 40.21901
1202363072 116.2015 40.21906
1202363374 116.20152 40.21904
1202363676 116.20149 40.21902
1202363978 116.2015 40.21902
1202364280 116.20151 40.21902
1202364582 116.20152 40.21902
1202364884 116.20153 40.21906
1202365186 116.20153 40.21904
1202365488 116.2015 40.21903
1202365790 116.20152 40.21903
1202366091 116.20154 40.21904
1202366393 116.20152 40.21901
1202366695 116.20154 40.219
1202366997 116.20155 40.219
1202367299 116.20156 40.21901
1202367601 116.20155 40.21903
1202367903 116.20154 40.2191
1202368205 116.20156 40.21898
1202368507 116.20156 40.21902
1202368809 116.2016 40.21904
1202369111 116.20158 40.21904
1202369111 116.20158 40.21904
1202369413 116.20155 40.21904
1202369715 116.20161 40.21901
1202370017 116.2016 40.21901
1202370319 116.20157 40.21901
1202370620 116.20157 40.21902
1202370922 116.20161 40.21899
1202371224 116.20156 40.21899
1202371526 116.20158 40.21904
1202371828 116.20154 40.21899
1202372130 116.20152 40.21898
1202372432 116.20155 40.21898
1202372734 116.20157 40.21896
1202373338 116.20153 40.21901
1202373640 116.20155 40.21901
1202374244 116.2016 40.21898
1202374546 116.20163 40.21901
1202374848 116.2016 40.21902
1202375149 116.20158 40.21903
1202375753 116.20156 40.21901
1202376055 116.20157 40.21905
1202376357 116.20152 40.21903
1202376357 116.20152 40.21903
1202376659 116.20153 40.21902
1202376961 116.20151 40.21902
1202377263 116.20157 40.21909
1202377565 116.20153 40.219
1202378471 116.20161 40.21904
1202378773 116.20163 40.21907
1202379075 116.20161 40.21901
1202379377 116.20156 40.21903
1202379679 116.20162 40.21909
1202379980 116.20155 40.21905
1202380282 116.20154 40.21905
1202380886 116.20154 40.21904
1202381490 116.20159 40.21903
1202381792 116.20158 40.21904
1202382094 116.20157 40.21901
1202382352 116.20158 40.2191
1202382654 116.2016 40.21907
1202382955 116.20158 40.21908
1202383257 116.20161 40.21911
1202383559 116.2016 40.2191
1202383861 116.20155 40.21907
1202384465 116.20157 40.21908
1202384767 116.20157 40.21907
1202384767 116.20157 40.21907
1202384946 116.2016 40.21904
1202384948 116.2016 40.21903
1202385288 116.20241 40.21964
1202385590 116.21419 40.21306
1202385892 116.2347 40.17398
1202386193 116.25907 40.13612
1202386495 116.25004 40.12079
1202386797 116.24966 40.12082
1202386797 116.24966 40.12082
1202387099 116.2496 40.12083
1202387401 116.24967 40.12082
1202387703 116.24967 40.12082
1202388005 116.24965 40.12084
1202388609 116.24961 40.12084
1202388911 116.24953 40.12107
1202389213 116.2496 40.12089
1202389515 116.24965 40.12078
1202389816 116.24965 40.12079
1202390118 116.24962 40.12078
1202390722 116.24966 40.12075
1202391024 116.24964 40.12067
1202391326 116.24968 40.12082
1202391628 116.25349 40.11996
1202391930 116.2987 40.08421
1202392232 116.31261 40.074
1202392534 116.31278 40.07401
1202392836 116.31265 40.07399
1202393440 116.31265 40.07401
1202393742 116.31263 40.07394
1202394044 116.31261 40.07394
1202394044 116.31261 40.07394
1202394346 116.31267 40.07402
1202394648 116.31263 40.07393
1202394949 116.31263 40.07394
1202395251 116.31271 40.07395
1202395553 116.31269 40.07399
1202395855 116.31268 40.07396
1202396157 116.31259 40.07399
1202396459 116.29551 40.09003
1202396761 116.3105 40.11184
1202397063 116.36182 40.11415
1202397365 116.41119 40.11557
1202397667 116.41692 40.12837
1202397969 116.41692 40.12831
1202398271 116.41693 40.12825
1202398573 116.41696 40.1283
1202398875 116.41686 40.12836
1202399177 116.41691 40.12833
1202399479 116.41696 40.12824
1202399781 116.4169 40.12833
1202400082 116.41696 40.12821
1202400384 116.41691 40.12829
1202400686 116.41695 40.12824
1202400988 116.41692 40.12819
1202401290 116.41692 40.12816
1202401592 116.41693 40.12817
1202401592 116.41693 40.12817
1202401894 116.41692 40.12817
1202402196 116.41694 40.12816
1202402498 116.41698 40.12817
1202402800 116.41702 40.12828
1202403102 116.41702 40.12834
1202403404 116.41707 40.12843
1202403706 116.41699 40.12831
1202404008 116.41708 40.12847
1202404310 116.41703 40.12836
1202404612 116.41708 40.12844
1202404914 116.41715 40.12857
1202405216 116.41701 40.12843
1202405517 116.41622 40.12151
1202405819 116.41622 40.1215
1202406121 116.41623 40.12147
1202406423 116.41638 40.12078
1202406725 116.39539 40.11329
1202407027 116.34982 40.11527
1202407329 116.30344 40.1111
1202407631 116.26416 40.12091
1202407933 116.24957 40.12081
1202408235 116.24956 40.12083
1202408537 116.24954 40.12087
1202408839 116.24954 40.12083
1202408839 116.24954 40.12083
1202409141 116.24957 40.12089
1202409443 116.24953 40.12095
1202409745 116.24948 40.12087
1202410047 116.2495 40.1209
1202410349 116.24956 40.12083
1202410651 116.24957 40.1208
1202410952 116.24956 40.1208
1202411254 116.24953 40.12083
1202411556 116.24954 40.12078
1202411858 116.24956 40.12078
1202412160 116.24955 40.12095
1202412462 116.24952 40.12082
1202412764 116.2496 40.12102
1202413066 116.24958 40.12098
1202413368 116.24953 40.12092
1202413670 116.2496 40.12099
1202413972 116.24958 40.12094
1202414274 116.24955 40.12096
1202414576 116.24954 40.1209
1202414878 116.24956 40.12094
1202415179 116.24955 40.12085
1202415481 116.24957 40.12093
1202415783 116.24952 40.12087
1202416085 116.2495 40.12091
1202416085 116.2495 40.12091
1202416387 116.24952 40.12076
1202416689 116.24951 40.12087
1202416991 116.24953 40.12079
1202417293 116.24955 40.12081
1202417595 116.24955 40.12081
1202417897 116.2495 40.12083
1202418199 116.24953 40.12084
1202418501 116.24952 40.12089
1202418803 116.24953 40.12098
1202419105 116.2496 40.12096
1202419406 116.24955 40.12093
1202419708 116.24954 40.12085
1202420010 116.24951 40.12089
1202420312 116.24952 40.12089
1202420614 116.24959 40.12097
1202420916 116.24958 40.12087
1202421218 116.2496 40.12098
1202421520 116.24956 40.121
1202421822 116.24959 40.12104
1202422124 116.24963 40.12105
1202422426 116.24955 40.121
1202422728 116.24955 40.12098
1202423030 116.24949 40.12093
1202423332 116.24952 40.12095
1202423332 116.24952 40.12095
1202423633 116.24954 40.12091
1202423935 116.24953 40.12093
1202424237 116.24953 40.12095
1202424539 116.24949 40.12088
1202424841 116.24952 40.12089
1202425143 116.24954 40.12099
1202425445 116.24953 40.12096
1202425747 116.24947 40.1209
1202426049 116.24952 40.12095
1202426351 116.24952 40.12089
1202426653 116.2496 40.12093
1202426955 116.24955 40.12094
1202427257 116.24958 40.12091
1202427559 116.24961 40.12079
1202427860 116.24957 40.12096
1202428162 116.24956 40.12091
1202428464 116.24961 40.12098
1202428766 116.24958 40.12098
1202429068 116.24962 40.12093
1202429370 116.24965 40.12098
1202429672 116.24964 40.121
1202429974 116.24967 40.12103
1202430276 116.24961 40.12097
1202430578 116.24958 40.12091
1202430880 116.24958 40.12087
1202430880 116.24958 40.12087
1202431182 116.24957 40.1208
1202431484 116.24957 40.12085
1202431785 116.24951 40.12082
1202432087 116.24951 40.12089
1202432389 116.2495 40.12095
1202432691 116.24953 40.12088
1202432993 116.24952 40.12091
1202433295 116.2495 40.12084
1202433597 116.24949 40.12097
1202433899 116.24953 40.12083
1202434201 116.24952 40.12088
1202434503 116.24951 40.12089
1202434805 116.24956 40.12094
1202435107 116.2496 40.12092
1202435409 116.24957 40.12086
1202435710 116.24958 40.12082
1202436012 116.24958 40.12085
1202437522 116.24966 40.12085
1202438987 116.24959 40.12085
1202439289 116.24957 40.12087
1202439289 116.24957 40.12087
1202439591 116.24957 40.12089
1202439893 116.24957 40.12087
1202440195 116.24959 40.12099
1202440497 116.24957 40.12095
1202440799 116.24955 40.12092
1202441101 116.24958 40.12092
1202441403 116.24955 40.12097
1202441705 116.24954 40.12089
1202442007 116.24957 40.12097
1202442309 116.24953 40.1209
1202442611 116.24953 40.12091
1202442912 116.24955 40.12092
1202443214 116.24958 40.12099
1202443516 116.24957 40.12097
1202443818 116.24952 40.12098
1202444120 116.24956 40.12096
1202444422 116.2496 40.12089
1202444724 116.24964 40.1209
1202445026 116.24965 40.12098
1202445026 116.24965 40.12098
1202445328 116.24962 40.12095
1202445630 116.24964 40.12095
1202445932 116.24959 40.1209
1202446234 116.24958 40.12084
1202446536 116.24962 40.12098
1202446536 116.24962 40.12098
1202446838 116.24956 40.12095
1202447139 116.24944 40.12092
1202447441 116.24954 40.12092
1202447743 116.24938 40.12092
1202448045 116.24949 40.12088
1202448347 116.24933 40.12095
1202448649 116.24948 40.12095
1202448951 116.24949 40.12103
1202449253 116.24949 40.12093
1202449555 116.24952 40.12095
1202449857 116.24951 40.12098
1202450159 116.24947 40.12097
1202450461 116.24949 40.1209
1202450763 116.24947 40.12094
1202451065 116.24955 40.12089
1202451366 116.24949 40.1209
1202451668 116.24947 40.12097
1202451970 116.24955 40.12079
1202452272 116.24951 40.12083
1202452574 116.24953 40.12086
1202452876 116.24953 40.12079
1202453178 116.24952 40.12096
1202453480 116.24955 40.12088
1202453782 116.2496 40.12093
1202453782 116.2496 40.12093
1202454084 116.24961 40.1208
1202454386 116.24956 40.1209
1202454688 116.2495 40.12082
1202454990 116.24951 40.12075
1202455291 116.24958 40.12087
1202455593 116.24957 40.12084
1202455895 116.24958 40.12076
1202456197 116.2496 40.12086
1202456499 116.24957 40.12074
1202456801 116.24959 40.12074
1202457103 116.2496 40.12072
1202457405 116.24958 40.12086
1202457707 116.24959 40.12081
1202458009 116.24955 40.12073
1202458311 116.24954 40.12096
1202458613 116.24952 40.12096
1202458915 116.24947 40.12098
1202459216 116.24951 40.12081
1202459518 116.24953 40.12081
1202459820 116.24954 40.12083
1202460122 116.24959 40.12084
1202460424 116.24954 40.12087
1202460726 116.24953 40.12082
1202461028 116.24956 40.12087
1202461330 116.24954 40.12093
1202461330 116.24954 40.12093
1202461632 116.24955 40.12088
1202461934 116.24952 40.12099
1202462236 116.24952 40.12091
1202462538 116.24954 40.1209
1202462840 116.24955 40.12085
1202463141 116.24954 40.12094
1202463443 116.24961 40.12093
1202463745 116.24957 40.12092
1202464047 116.24958 40.12089
1202464349 116.24963 40.12093
1202464651 116.24956 40.12095
1202464953 116.24961 40.12089
1202465255 116.24955 40.12101
1202465557 116.2496 40.12098
1202465859 116.24957 40.12103
1202466161 116.24949 40.121
1202466463 116.24955 40.12109
1202466764 116.2496 40.12103
1202467066 116.24961 40.12106
1202467368 116.24956 40.12109
1202467670 116.24954 40.12103
1202467972 116.24956 40.1211
1202468274 116.24956 40.12109
1202468576 116.24956 40.12096
1202468576 116.24956 40.12096
1202468878 116.24954 40.12095
1202469180 116.25541 40.11999
1202469482 116.29152 40.09337
1202469784 116.33125 40.04274
1202470086 116.36316 40.00066
1202470388 116.36008 39.98676
1202470689 116.34742 39.97562
1202470991 116.34982 39.94815
1202471595 116.34279 39.89589
1202471897 116.34063 39.85212
1202471941 116.33989 39.8455
1202472199 116.33981 39.80079
1202472501 116.33445 39.77841
1202472803 116.33442 39.77842
1202473105 116.33442 39.77842
1202473407 116.3344 39.77841
1202473709 116.33444 39.77838
1202474011 116.33443 39.77839
1202474313 116.33187 39.77132
1202474615 116.33016 39.75556
1202474917 116.33385 39.75978
1202475218 116.33375 39.75982
1202475520 116.33373 39.75988
1202475822 116.33373 39.75985
1202475822 116.33373 39.75985
1202476124 116.33374 39.75979
1202476426 116.33376 39.75979
1202476728 116.33372 39.75978
1202477030 116.33379 39.75962
1202477332 116.33377 39.75968
1202477634 116.33379 39.75963
1202477936 116.33371 39.75981
1202478238 116.33375 39.75982
1202478540 116.33375 39.75974
1202478842 116.33373 39.75982
1202479144 116.33364 39.75975
1202479446 116.33371 39.7598
1202479748 116.33377 39.75991
1202480049 116.33372 39.75988
1202480351 116.3337 39.75981
1202480653 116.33367 39.75979
1202480955 116.33373 39.75986
1202481257 116.33375 39.75991
1202481559 116.3337 39.75985
1202481861 116.33372 39.75986
1202482163 116.33371 39.75984
1202482465 116.33376 39.75984
1202482767 116.33376 39.7599
1202483069 116.33378 39.75986
1202483069 116.33378 39.75986
1202483371 116.33374 39.75985
1202483673 116.33374 39.75988
1202483975 116.33373 39.75983
1202484276 116.33363 39.75971
1202484578 116.33374 39.75981
1202485182 116.33371 39.7599
1202485484 116.33374 39.75988
1202485786 116.33374 39.7599
1202486088 116.33374 39.75981
1202486390 116.33371 39.7599
1202486692 116.33377 39.75987
1202486994 116.33376 39.75987
1202487296 116.33371 39.76001
1202487598 116.3337 39.75995
1202487900 116.33372 39.7599
1202488202 116.33376 39.75986
1202488504 116.33376 39.75992
1202488806 116.33373 39.75993
1202489108 116.33375 39.75991
1202489410 116.33379 39.75993
1202489712 116.33385 39.76
1202490014 116.33376 39.75991
1202490315 116.33382 39.75996
1202490617 116.33376 39.7599
1202490617 116.33376 39.7599
1202490919 116.33373 39.75988
1202491221 116.33374 39.75995
1202491523 116.33367 39.75983
1202491825 116.33366 39.75976
1202492127 116.33368 39.75975
