UTS Latitude Longitude
1201959497 116.48035 39.93402
1201959797 116.48032 39.93404
1201960097 116.48352 39.93032
1201960397 116.46494 39.9036
1201960697 116.43565 39.89127
1201960997 116.42522 39.89606
1201961038 116.42469 39.89469
1201961338 116.40674 39.89169
1201961638 116.3807 39.88828
1201962238 116.35795 39.88777
1201962238 116.35795 39.88777
1201962538 116.32566 39.88877
1201962838 116.31082 39.88633
1201963175 116.30456 39.89102
1201963475 116.30493 39.9221
1201963775 116.28243 39.92396
1201964075 116.26246 39.92778
1201964189 116.25754 39.92804
1201964375 116.25868 39.92599
1201964675 116.25864 39.91299
1201964975 116.27358 39.90601
1201965275 116.29848 39.90623
1201965691 116.35531 39.90572
1201965875 116.37967 39.90587
1201966175 116.40221 39.90648
1201966475 116.42611 39.90422
1201966775 116.44153 39.88322
1201966986 116.45477 39.88117
1201967724 116.42965 39.9071
1201968024 116.42848 39.93134
1201968324 116.41104 39.93239
1201968324 116.41104 39.93239
1201968879 116.38167 39.93798
1201969069 116.37806 39.93868
1201969369 116.38991 39.93819
1201969512 116.3959 39.9395
1201970112 116.41024 39.93833
1201970400 116.42869 39.93955
1201970700 116.42832 39.94472
1201971300 116.42822 39.92099
1201971588 116.42466 39.90979
1201971923 116.42319 39.91037
1201972223 116.4203 39.91384
1201972480 116.40811 39.91422
1201972780 116.40786 39.91382
1201973080 116.41836 39.91408
1201973380 116.42478 39.91009
1201973620 116.42712 39.91113
1201973920 116.43019 39.90097
1201974220 116.44993 39.8832
1201974515 116.46146 39.88278
1201975415 116.45993 39.89929
1201975715 116.45995 39.89929
1201976015 116.45995 39.89929
1201976315 116.45996 39.89929
1201976615 116.45996 39.89929
1201976915 116.45996 39.89929
1201977215 116.45997 39.89929
1201977215 116.45997 39.89929
1201977515 116.45997 39.8993
1201977815 116.45997 39.89929
1201978115 116.45998 39.89929
1201978415 116.46883 39.89919
1201978715 116.47019 39.89929
1201979015 116.46989 39.89205
1201979213 116.46919 39.892
1201979513 116.46617 39.89201
1201979813 116.455 39.88799
1201980113 116.44583 39.87481
1201980244 116.44049 39.87474
1201980512 116.4422 39.88292
1201980512 116.4422 39.88292
1201980812 116.45358 39.88286
1201981110 116.46151 39.8771
1201981410 116.4618 39.88249
1201981709 116.47131 39.88516
1201981828 116.47172 39.88938
1201982128 116.47172 39.90213
1201982428 116.47208 39.91227
1201982702 116.47222 39.92111
1201982752 116.47492 39.92149
1201983052 116.50796 39.92184
1201983352 116.50693 39.92963
1201983419 116.50453 39.92961
1201983719 116.51115 39.9225
1201984019 116.50686 39.91506
1201984266 116.4839 39.91418
1201984447 116.4883 39.90797
1201984739 116.48741 39.90947
1201984856 116.48515 39.91378
1201984856 116.48515 39.91378
1201985156 116.47547 39.90722
1201985383 116.47203 39.90898
1201985683 116.46679 39.91479
1201985784 116.46365 39.91589
1201986084 116.45234 39.9188
1201986207 116.45277 39.9156
1201986507 116.44859 39.92558
1201986807 116.44923 39.9296
1201986988 116.4505 39.93121
1201987107 116.44934 39.93119
1201987407 116.44513 39.93234
1201987707 116.42969 39.93223
1201988007 116.43166 39.93226
1201988307 116.44292 39.93226
1201988516 116.45127 39.93053
1201988657 116.4494 39.93211
1201988957 116.4558 39.93625
1201989257 116.42118 39.968
1201989557 116.36605 39.96654
1201990157 116.29091 39.99147
1201990457 116.27685 40.01969
1201990757 116.25881 40.03896
1201990988 116.24654 40.04661
1201991288 116.25142 40.046
1201991332 116.25222 40.04427
1201991632 116.27252 40.02429
1201991932 116.2864 39.99793
1201992203 116.27921 39.9893
1201992503 116.2938 39.98258
1201992733 116.3093 39.98407
1201993032 116.29804 39.99628
1201993272 116.28647 39.99648
1201993272 116.28647 39.99648
1201993572 116.2854 39.99687
1201993872 116.29858 39.99147
1201993874 116.29861 39.99125
1201994174 116.29944 39.98075
1201994474 116.30155 39.96252
1201994774 116.30391 39.94373
1201995074 116.34597 39.93863
1201995159 116.3484 39.93874
1201995374 116.33855 39.93746
1201995674 116.29372 39.94496
1201995879 116.2866 39.94429
1201995879 116.2866 39.94429
1201997056 116.3329 39.93691
1201997179 116.34585 39.93857
1201997223 116.34646 39.93914
1201997523 116.34868 39.9384
1201998129 116.36525 39.93917
1201998374 116.36732 39.94953
1201998471 116.36689 39.94962
1201998771 116.35825 39.93918
1201999071 116.33723 39.93539
1201999071 116.33723 39.93539
1201999371 116.33877 39.91416
1201999671 116.3337 39.91053
1202000271 116.323 39.89446
1202000531 116.32085 39.88469
1202000831 116.33127 39.88846
1202000887 116.33606 39.88826
1202001240 116.33847 39.84691
1202001540 116.37886 39.85548
1202001840 116.38128 39.87957
1202002140 116.37871 39.89108
1202002440 116.3855 39.90176
1202002444 116.3856 39.90193
1202002744 116.3882 39.9268
1202003044 116.38831 39.93925
1202003344 116.39408 39.96153
1202003417 116.39629 39.96302
1202003417 116.39629 39.96302
1202003717 116.40185 39.95774
1202004017 116.42275 39.95795
1202005786 116.49903 39.91493
1202006086 116.47187 39.91423
1202006386 116.45281 39.91188
1202008705 116.44161 39.91205
1202008785 116.4365 39.91196
1202009085 116.45162 39.9114
1202009385 116.45135 39.91183
1202009480 116.45142 39.91261
1202009780 116.46213 39.94301
1202010579 116.48955 39.97057
1202011179 116.48975 39.97053
1202012079 116.48975 39.97056
1202012379 116.48974 39.97056
1202012679 116.48974 39.97056
1202012979 116.48974 39.97055
1202013279 116.48974 39.97055
1202013279 116.48974 39.97055
1202013579 116.48974 39.97055
1202014179 116.48975 39.97055
1202014479 116.48975 39.97055
1202014779 116.48976 39.97055
1202015079 116.48976 39.97055
1202015379 116.48977 39.97056
1202015679 116.49356 39.97182
1202015979 116.49372 39.97284
1202016279 116.49154 39.97068
1202016579 116.47138 39.96538
1202016879 116.47139 39.96538
1202017179 116.47148 39.9654
1202017479 116.47146 39.9654
1202017779 116.47146 39.96541
1202018079 116.47146 39.96541
1202018679 116.47146 39.96541
1202018979 116.47146 39.96541
1202019279 116.47146 39.96541
1202019579 116.47146 39.96541
1202019878 116.47146 39.96541
1202020178 116.47146 39.96541
1202020478 116.47146 39.96541
1202020778 116.47145 39.9654
1202021078 116.47145 39.9654
1202021378 116.47145 39.9654
1202021678 116.47144 39.9654
1202021978 116.47144 39.96539
1202021978 116.47144 39.96539
1202022278 116.47144 39.96539
1202022578 116.47143 39.96539
1202023178 116.47143 39.96539
1202023478 116.47135 39.96538
1202024078 116.4714 39.96549
1202024678 116.47136 39.96554
1202024978 116.47143 39.96541
1202025578 116.47131 39.96546
1202025878 116.47139 39.96564
1202026178 116.47156 39.96548
1202026478 116.47152 39.96544
1202026778 116.47149 39.96542
1202027378 116.47134 39.9653
1202027978 116.47138 39.96531
1202028578 116.4715 39.96524
1202029178 116.47152 39.96539
1202029778 116.47147 39.96539
1202030378 116.47146 39.96539
1202030678 116.47156 39.96549
1202030678 116.47156 39.96549
1202030978 116.47143 39.96536
1202031278 116.47142 39.96535
1202031578 116.47141 39.96533
1202031878 116.47141 39.96533
1202032178 116.47143 39.96533
1202032478 116.47143 39.96532
1202032778 116.47144 39.96531
1202033078 116.47143 39.96532
1202033378 116.47142 39.96533
1202033678 116.47141 39.96533
1202033978 116.4714 39.96534
1202034278 116.4714 39.96535
1202034578 116.47139 39.96535
1202034878 116.47139 39.96536
1202035178 116.47112 39.96538
1202035478 116.47132 39.96545
1202036078 116.4714 39.96557
1202036378 116.47145 39.9655
1202036678 116.47138 39.96549
1202036978 116.47133 39.96559
1202037133 116.49702 39.96769
1202037279 116.4713 39.96544
1202037878 116.47141 39.96525
1202038178 116.47131 39.96508
1202038478 116.47134 39.96534
1202038778 116.47134 39.96536
1202039378 116.47134 39.96563
1202039378 116.47134 39.96563
1202039678 116.47125 39.96534
1202039978 116.47126 39.96535
1202040278 116.47127 39.96535
1202040578 116.47127 39.96536
1202040877 116.47132 39.96539
1202041177 116.47132 39.96539
1202042077 116.47132 39.96539
1202042377 116.47131 39.96539
1202042677 116.47131 39.96539
1202042977 116.47131 39.96539
1202043277 116.46543 39.96441
1202043577 116.44902 39.95189
1202043877 116.44926 39.94043
1202044177 116.44419 39.92856
1202044777 116.4539 39.90573
1202045077 116.45421 39.90404
1202045522 116.43487 39.90801
1202045822 116.41589 39.90706
1202046122 116.39393 39.90647
1202046422 116.36942 39.90586
1202046722 116.33563 39.90632
1202047022 116.30108 39.90631
1202047286 116.29617 39.90634
1202047394 116.29309 39.90645
1202047694 116.28897 39.90124
1202047994 116.28889 39.89162
1202048138 116.28726 39.88848
1202048438 116.29938 39.88868
1202048738 116.29676 39.88518
1202048973 116.29761 39.88859
1202049230 116.30486 39.87742
1202049530 116.30889 39.85835
1202049530 116.30889 39.85835
1202049532 116.30903 39.85818
1202049532 116.30903 39.85818
1202049832 116.32254 39.84735
1202049848 116.32246 39.84706
1202050148 116.35329 39.85194
1202050247 116.36641 39.85541
1202050547 116.3943 39.85893
1202050603 116.39432 39.86096
1202050891 116.39258 39.88197
1202051191 116.41292 39.89023
1202051791 116.42863 39.91578
1202052091 116.41216 39.94793
1202052391 116.38385 39.95132
1202052394 116.38358 39.95128
1202052694 116.38394 39.95121
1202053199 116.38712 39.95365
1202053499 116.38875 39.9608
1202053799 116.38814 39.98415
1202054099 116.4015 39.99559
1202054271 116.39994 40.00156
1202054571 116.40138 39.99732
1202054871 116.39505 39.99015
1202054972 116.40039 39.99344
1202055272 116.41101 39.98078
1202055572 116.4114 39.97061
1202055872 116.41203 39.96769
1202056172 116.41213 39.95714
1202056472 116.41032 39.94607
1202056772 116.41055 39.94215
1202057072 116.41063 39.9375
1202057072 116.41063 39.9375
1202057245 116.4107 39.93506
1202057417 116.40772 39.93204
1202057717 116.38796 39.93211
1202058017 116.37346 39.92748
1202058070 116.37352 39.92733
1202058370 116.38195 39.93183
1202058670 116.39951 39.93121
1202058865 116.39979 39.92635
1202059165 116.39641 39.92214
1202059465 116.38968 39.90221
1202059765 116.3721 39.89856
1202060065 116.35855 39.8984
1202060365 116.32405 39.89601
1202060646 116.31527 39.89629
1202060946 116.31538 39.90966
1202061246 116.31489 39.90748
1202061487 116.31493 39.89979
1202061787 116.27671 39.89589
1202062387 116.27613 39.92557
1202062399 116.2761 39.92557
1202062699 116.29115 39.92264
1202062999 116.30437 39.92099
1202063299 116.31655 39.93099
1202063599 116.32455 39.92694
1202063899 116.33445 39.93104
1202064022 116.34268 39.93096
1202064227 116.33886 39.9221
1202064335 116.33533 39.92199
1202064635 116.32514 39.92683
1202064935 116.33253 39.93668
1202065142 116.34591 39.93872
1202065442 116.33583 39.94614
1202065742 116.33623 39.95654
1202065901 116.34548 39.95663
1202066201 116.36396 39.95658
1202066501 116.37286 39.95538
1202066801 116.37288 39.95182
1202067101 116.37918 39.94423
1202067401 116.38825 39.93925
1202067701 116.38986 39.9364
1202067785 116.38989 39.93396
1202068085 116.38135 39.93424
1202068085 116.38135 39.93424
1202068192 116.37805 39.93882
1202068492 116.37361 39.93346
1202068792 116.38965 39.93191
1202069392 116.40631 39.91397
1202069505 116.40806 39.91266
1202069992 116.41045 39.9142
1202070292 116.41153 39.91211
1202070592 116.40987 39.90548
1202070892 116.43467 39.90705
1202071192 116.45396 39.90687
1202071492 116.45373 39.90726
1202071792 116.45475 39.90962
1202072092 116.47175 39.91073
1202072207 116.47252 39.90934
1202072507 116.47547 39.90972
1202072656 116.47415 39.90983
1202072956 116.45546 39.91865
1202073256 116.46154 39.94275
1202073556 116.46272 39.94536
1202073670 116.46261 39.94655
1202073970 116.47659 39.95568
1202074270 116.47657 39.95569
1202074570 116.47656 39.95568
1202075170 116.47657 39.95568
1202075470 116.47657 39.95568
1202075770 116.47653 39.95567
1202076070 116.46642 39.95126
1202076335 116.46816 39.95214
1202076546 116.45989 39.95773
1202076846 116.4486 39.95165
1202077146 116.45508 39.94778
1202077746 116.46602 39.93299
1202077887 116.46093 39.92822
1202078187 116.46149 39.93218
1202078487 116.48322 39.93232
1202078648 116.49593 39.93399
1202078787 116.49593 39.92958
1202078976 116.49762 39.92131
1202079552 116.47897 39.92173
1202079852 116.45884 39.92206
1202080152 116.44072 39.92204
1202080452 116.42829 39.92767
1202080752 116.40291 39.9321
1202081052 116.37827 39.93182
1202081317 116.35163 39.93381
1202081503 116.35263 39.93764
1202081896 116.32741 39.93197
1202082196 116.32772 39.93658
1202082220 116.32989 39.93659
1202082496 116.35077 39.93867
1202082796 116.35489 39.93904
1202082989 116.36202 39.93376
1202083121 116.36582 39.93107
1202083328 116.36732 39.91941
1202083628 116.35547 39.91715
1202083899 116.33889 39.91726
1202084092 116.34526 39.92207
1202084334 116.33842 39.91514
1202084454 116.34643 39.91708
1202084754 116.35042 39.90145
1202085054 116.34235 39.867
1202085354 116.37409 39.85563
1202085654 116.43582 39.8573
1202085954 116.44069 39.83322
1202086254 116.44116 39.83131
1202086554 116.48138 39.86069
1202086971 116.48005 39.89864
1202087154 116.48396 39.8998
1202087454 116.48384 39.94835
1202087710 116.47326 39.97553
1202087998 116.48351 39.97131
1202088298 116.52156 39.97643
1202088345 116.52493 39.97668
1202088598 116.5132 39.9767
1202088898 116.49348 39.97059
1202089198 116.48357 39.98633
1202089797 116.53315 40.05085
1202090097 116.55171 40.07952
1202090397 116.55521 40.09946
1202090415 116.55521 40.09946
1202090415 116.55521 40.09946
1202091015 116.56438 40.07023
1202091315 116.58034 40.0624
1202091615 116.58637 40.07742
1202091915 116.58649 40.07755
1202092215 116.58649 40.07755
1202092515 116.58652 40.07733
1202092815 116.58333 40.07949
1202093115 116.58037 40.0761
1202093415 116.58065 40.07434
1202093715 116.58099 40.07144
1202094015 116.58099 40.07143
1202094315 116.58106 40.07755
1202094615 116.5802 40.07622
1202094915 116.58042 40.07609
1202095215 116.58034 40.07612
1202095514 116.58025 40.07617
1202095815 116.58025 40.07623
1202096114 116.58022 40.07622
1202096414 116.58022 40.0762
1202096714 116.58022 40.07619
1202097014 116.58021 40.07619
1202097314 116.58022 40.07619
1202097614 116.58549 40.07705
1202097914 116.58159 40.07677
1202098214 116.58401 40.07647
1202098514 116.58619 40.07674
1202098815 116.58777 40.07768
1202099115 116.58777 40.07768
1202099115 116.58777 40.07768
1202099414 116.58706 40.07988
1202099512 116.58598 40.08
1202099812 116.56783 40.03594
1202100112 116.49637 40.00067
1202100412 116.43557 40.02018
1202100671 116.42256 40.04004
1202100971 116.41131 40.03152
1202101271 116.4088 40.00789
1202101571 116.40237 40.00132
1202101593 116.4029 40.0012
1202101871 116.41211 39.99945
1202102171 116.41168 39.99942
1202102471 116.40203 39.99752
1202102771 116.41782 39.98787
1202103071 116.41869 39.9647
1202103371 116.4182 39.95822
1202103671 116.41256 39.95792
1202103971 116.40987 39.95774
1202104271 116.41052 39.94125
1202104571 116.41083 39.93287
1202104871 116.40671 39.91713
1202105171 116.40679 39.91698
1202105270 116.40743 39.91715
1202105569 116.40668 39.91721
1202105719 116.40573 39.91735
1202106019 116.42235 39.90362
1202106319 116.45245 39.88653
1202106378 116.45396 39.88652
1202106626 116.44735 39.88322
1202106926 116.42836 39.91993
1202107226 116.39479 39.94765
1202107526 116.33665 39.93714
1202107526 116.33665 39.93714
1202107826 116.31723 39.95511
1202108002 116.31344 39.95566
1202108302 116.31842 39.95025
1202108602 116.31841 39.95026
1202108902 116.31843 39.95021
1202109202 116.3184 39.95034
1202109502 116.31837 39.95039
1202109802 116.31837 39.95035
1202110102 116.31836 39.95035
1202110402 116.31836 39.95034
1202110702 116.31835 39.95032
1202110843 116.31789 39.95145
1202111143 116.34501 39.96644
1202111443 116.41347 39.96778
1202111743 116.46523 39.97165
1202112043 116.51839 40.01697
1202112343 116.57534 40.04337
1202113074 116.5866 40.07795
1202113374 116.5813 40.07923
1202113674 116.58157 40.06798
1202113974 116.56296 40.07006
1202114274 116.56707 40.06382
1202114574 116.58234 40.06424
1202114874 116.58234 40.06428
1202115174 116.58234 40.06428
1202115474 116.58235 40.06427
1202115774 116.58235 40.06426
1202116074 116.58235 40.06425
1202116374 116.58235 40.06424
1202116674 116.58235 40.06424
1202116974 116.58179 40.06777
1202117274 116.58179 40.06779
1202117574 116.58181 40.06785
1202117874 116.58182 40.06784
1202118174 116.58187 40.06587
1202118474 116.5642 40.07019
1202118774 116.56716 40.07154
1202119074 116.56716 40.07154
1202119674 116.56411 40.07136
1202119974 116.56412 40.07135
1202120035 116.56412 40.07135
1202120274 116.56717 40.07155
1202120574 116.56716 40.07155
1202120574 116.56716 40.07155
1202120874 116.56841 40.0636
1202121174 116.5805 40.07582
1202121474 116.58169 40.07636
1202121774 116.58167 40.07635
1202122074 116.58169 40.07638
1202122374 116.5815 40.07584
1202122674 116.58295 40.07486
1202122974 116.58295 40.07485
1202123274 116.58303 40.07425
1202123537 116.47134 39.96545
1202123575 116.58307 40.07463
1202123875 116.58342 40.07596
1202124175 116.58739 40.07748
1202124475 116.58739 40.07748
1202124775 116.58739 40.07748
1202125074 116.58739 40.07748
1202125374 116.58739 40.07748
1202125674 116.58641 40.07759
1202125974 116.5864 40.07783
1202126355 116.58723 40.07897
1202126655 116.57946 40.04764
1202126955 116.51675 40.01649
1202126955 116.51675 40.01649
1202127255 116.46428 39.97122
1202127555 116.48375 39.92704
1202127855 116.48977 39.90639
1202139223 116.45561 39.92832
1202139457 116.44497 39.94113
1202139594 116.44907 39.94315
1202139894 116.44466 39.93999
1202140194 116.42794 39.94437
1202140494 116.38868 39.9476
1202140794 116.35428 39.94363
1202141094 116.34965 39.93224
1202141394 116.35132 39.91791
1202141694 116.35189 39.91398
1202142055 116.35798 39.91702
1202142355 116.3608 39.92641
1202142655 116.36187 39.93019
1202142954 116.38617 39.93197
1202143254 116.39629 39.92104
1202143397 116.39955 39.91388
1202143697 116.41035 39.91367
1202143997 116.41397 39.91401
1202144297 116.41993 39.92264
1202144597 116.42546 39.93916
1202144897 116.44901 39.93991
1202145135 116.44642 39.94546
1202145435 116.45648 39.94787
1202145735 116.45664 39.94808
1202145787 116.45843 39.94878
1202146087 116.45489 39.95421
1202146184 116.45263 39.95433
1202146484 116.4569 39.95588
1202146784 116.46697 39.96547
1202147084 116.47669 39.96953
1202147384 116.47719 39.96953
1202147684 116.48981 39.9704
1202147984 116.48984 39.97043
1202148284 116.48984 39.97044
1202148884 116.48984 39.97046
1202149184 116.48983 39.97045
1202149484 116.48983 39.97045
1202149784 116.48983 39.97044
1202150084 116.48983 39.97044
1202150384 116.48983 39.97043
1202150684 116.48983 39.97043
1202150984 116.48983 39.97042
1202151284 116.48982 39.97042
1202151584 116.48982 39.97041
1202151884 116.48982 39.97041
1202152184 116.48982 39.97041
1202152184 116.48982 39.97041
1202152484 116.48982 39.97041
1202152784 116.48982 39.97041
1202153084 116.48982 39.97041
1202153384 116.48982 39.97042
1202153684 116.48982 39.97042
1202164970 116.5044 40.00945
1202165270 116.50442 40.00945
1202165569 116.50444 40.00945
1202165869 116.50445 40.00946
1202166169 116.50447 40.00946
1202166769 116.50448 40.00946
1202167069 116.50448 40.00946
1202167369 116.50448 40.00946
1202167669 116.50449 40.00944
1202167969 116.50448 40.00944
1202168269 116.50448 40.00943
1202168569 116.50448 40.00943
1202168869 116.50448 40.00943
1202169169 116.50448 40.00943
1202170069 116.50448 40.00943
1202170369 116.50448 40.00943
1202170669 116.50448 40.00943
1202170969 116.50448 40.00943
1202171269 116.50448 40.00943
1202171569 116.50436 40.00936
1202171869 116.50437 40.00936
1202172469 116.50438 40.00937
1202172769 116.50441 40.00936
1202173069 116.50445 40.00941
1202173069 116.50445 40.00941
1202173369 116.50446 40.00942
1202173969 116.50447 40.00942
1202174569 116.50447 40.00942
1202174869 116.50448 40.00942
1202175169 116.50448 40.00942
1202175469 116.50448 40.00943
1202175768 116.50448 40.00943
1202176068 116.50449 40.00943
1202176368 116.50449 40.00943
1202176668 116.50449 40.00943
1202176968 116.5045 40.00943
1202178768 116.50449 40.00943
1202179668 116.50449 40.00943
1202179968 116.50449 40.00943
1202180268 116.50449 40.00943
1202180568 116.50449 40.00943
1202180868 116.5045 40.00943
1202192325 116.50446 40.00941
1202192625 116.50443 40.00941
1202192925 116.50443 40.00941
1202193225 116.50443 40.00941
1202193525 116.50443 40.00942
1202193825 116.50443 40.00942
1202194125 116.50442 40.00943
1202194725 116.50443 40.00943
1202195025 116.50443 40.00943
1202195325 116.50444 40.00944
1202195925 116.50444 40.00944
1202196225 116.50445 40.00945
1202196525 116.50445 40.00945
1202196825 116.50445 40.00945
1202197125 116.50446 40.00945
1202197425 116.50451 40.00931
1202197425 116.50451 40.00931
1202197725 116.50452 40.00935
1202198025 116.50451 40.00938
1202198325 116.50451 40.00939
1202198625 116.50451 40.0094
1202198925 116.5045 40.00941
1202199225 116.5045 40.00942
1202199525 116.5045 40.00942
1202199824 116.50449 40.00942
1202200125 116.50449 40.00942
1202200425 116.50451 40.00942
1202200725 116.50455 40.00936
1202201025 116.50455 40.00936
1202201325 116.50455 40.00937
1202201624 116.50456 40.00939
1202201924 116.50458 40.0094
1202202224 116.50457 40.0094
1202202524 116.50456 40.0094
1202202824 116.50455 40.0094
1202203124 116.50455 40.0094
1202203424 116.50455 40.0094
1202203724 116.50454 40.0094
1202204024 116.50454 40.0094
1202204324 116.50453 40.0094
1202204624 116.50453 40.0094
1202205224 116.50452 40.0094
1202205524 116.50452 40.0094
1202205824 116.50452 40.0094
1202206124 116.50452 40.0094
1202206424 116.50451 40.0094
1202206724 116.50451 40.0094
1202207024 116.50451 40.00941
1202207324 116.5045 40.00941
1202207624 116.5045 40.00942
1202207924 116.5045 40.00942
1202208224 116.5045 40.00942
1202208524 116.5045 40.00942
1202208824 116.5045 40.00942
1202209124 116.5045 40.00942
1202209724 116.5045 40.00943
1202209970 116.50443 40.00948
1202210025 116.50457 40.00952
1202210324 116.50457 40.00955
1202210624 116.50456 40.00953
1202210924 116.50457 40.00953
1202211224 116.50456 40.00952
1202211524 116.50455 40.00952
1202211824 116.50454 40.00951
1202212124 116.50454 40.0095
1202212424 116.50454 40.00948
1202212724 116.50453 40.00947
1202213024 116.50453 40.00946
1202213324 116.50453 40.00945
1202213624 116.50453 40.00945
1202213924 116.50453 40.00945
1202214224 116.50453 40.00945
1202214524 116.50453 40.00945
1202214824 116.50143 40.00582
1202214824 116.50143 40.00582
1202215124 116.48237 39.98829
1202215596 116.47374 39.97129
1202215896 116.4846 39.96527
1202215918 116.48462 39.96524
1202216218 116.4736 39.97058
1202216485 116.45887 39.95769
1202216785 116.45555 39.92849
1202217085 116.45024 39.8924
1202217385 116.41673 39.89208
1202217985 116.379 39.88821
1202218285 116.36025 39.88809
1202218466 116.35234 39.88827
1202218766 116.34744 39.88186
1202219022 116.35768 39.87626
1202219239 116.35151 39.86847
1202219539 116.36689 39.86853
1202219839 116.38057 39.85936
1202219981 116.38905 39.85545
1202220281 116.39678 39.85067
1202220308 116.39681 39.8507
1202220608 116.4074 39.85538
1202220817 116.41344 39.85563
1202221117 116.40984 39.85607
1202221417 116.40732 39.86679
1202221717 116.38273 39.87087
1202222017 116.35671 39.86882
1202222317 116.35296 39.8791
1202222501 116.3525 39.88672
1202222801 116.36033 39.88188
1202223101 116.36804 39.87603
1202223401 116.38063 39.86932
1202223701 116.38203 39.85557
1202224001 116.40721 39.85488
1202224301 116.43077 39.85733
1202224601 116.44064 39.83769
1202224635 116.44072 39.83555
1202224935 116.44081 39.85742
1202225535 116.41271 39.89119
1202225835 116.38951 39.88928
1202226135 116.36601 39.88808
1202226135 116.36601 39.88808
1202226202 116.36385 39.88813
1202226435 116.3573 39.89713
1202226735 116.36794 39.90546
1202226972 116.36801 39.90711
1202227272 116.36916 39.90762
1202227339 116.36857 39.90597
1202227639 116.35048 39.90601
1202227939 116.34246 39.89064
1202228239 116.33341 39.88487
1202228539 116.32065 39.8833
1202228583 116.31978 39.8842
1202228839 116.34263 39.88256
1202229139 116.38091 39.86973
1202229385 116.39022 39.86611
1202229685 116.39019 39.86614
1202229985 116.38734 39.86382
1202230285 116.38043 39.85762
1202230585 116.39119 39.85548
1202230885 116.40649 39.85544
1202231185 116.42539 39.85689
1202231485 116.43977 39.8471
1202231785 116.44354 39.82531
1202232085 116.4435 39.82525
1202232385 116.44614 39.82414
1202232685 116.44095 39.83549
1202232985 116.44108 39.85742
1202233285 116.45027 39.8628
1202233585 116.44981 39.87141
1202233595 116.44985 39.87223
1202233895 116.43905 39.88444
1202234195 116.4217 39.89228
1202234495 116.39842 39.8912
1202234795 116.38184 39.88841
1202235395 116.35978 39.88799
1202235647 116.35718 39.88274
1202235947 116.36611 39.88789
1202236247 116.36233 39.88811
1202236496 116.35735 39.89243
1202236796 116.35477 39.89809
1202237096 116.33797 39.90691
1202237096 116.33797 39.90691
1202237396 116.33706 39.92203
1202237527 116.33128 39.92592
1202237783 116.34789 39.93101
1202238083 116.3656 39.93123
1202238212 116.37191 39.93138
1202238480 116.38884 39.93199
1202238780 116.41023 39.9321
1202239080 116.43624 39.93242
1202239380 116.44159 39.93236
1202239680 116.44247 39.9323
1202239980 116.45233 39.93232
1202240280 116.45634 39.95554
1202240383 116.46094 39.95955
1202240683 116.47797 39.97488
1202240829 116.4785 39.97553
1202241129 116.48823 39.9623
1202241429 116.49163 39.95455
1202241499 116.49069 39.95543
1202241799 116.49019 39.96089
1202241799 116.49019 39.96089
1202242399 116.46166 39.96022
1202242561 116.45413 39.95344
1202242861 116.44511 39.9399
1202243161 116.42719 39.93835
1202243460 116.40916 39.92301
1202243699 116.39741 39.92339
1202243999 116.401 39.92288
1202244299 116.41127 39.9212
1202244599 116.40506 39.91732
1202244899 116.40493 39.91884
1202245199 116.40493 39.91884
1202245499 116.40492 39.91884
1202245799 116.41256 39.91407
1202245954 116.42035 39.91707
1202246254 116.42793 39.93282
1202246554 116.38418 39.94765
1202247398 116.38725 39.97927
1202247698 116.38915 39.95146
1202247998 116.40218 39.94141
1202248298 116.41872 39.9396
1202248598 116.43313 39.93242
1202248898 116.44354 39.93996
1202249198 116.44804 39.94672
1202249224 116.44895 39.9469
1202249524 116.44618 39.95782
1202249824 116.38754 39.96718
1202250442 116.28511 39.9567
1202250566 116.28385 39.95633
1202250866 116.3139 39.96513
1202251166 116.32749 39.9661
1202251766 116.39433 39.96709
1202252066 116.4476 39.95668
1202252366 116.48359 39.98144
1202252666 116.4828 39.98848
1202252966 116.48303 39.98869
1202253266 116.51234 40.01666
1202253566 116.53029 40.04623
1202253866 116.55173 40.07936
1202254166 116.57432 40.11664
1202254466 116.6229 40.11634
1202254766 116.67207 40.11456
1202255066 116.73708 40.12436
1202255366 116.80143 40.14721
1202255666 116.86413 40.15211
1202255966 116.92742 40.1514
1202256266 116.99203 40.14042
1202256566 117.04835 40.14538
1202256866 117.09865 40.14416
1202257166 117.11221 40.15067
1202257166 117.11221 40.15067
1202257466 117.11217 40.15068
1202257766 117.11218 40.15068
1202258366 117.11219 40.15067
1202258666 117.11219 40.15067
1202258966 117.11219 40.15066
1202259566 117.11219 40.15067
1202259866 117.11219 40.15067
1202260166 117.11219 40.15067
1202260466 117.11219 40.15068
1202261066 117.11219 40.15069
1202261366 117.11219 40.15069
1202261666 117.11232 40.15064
1202261966 117.1123 40.15067
1202262266 117.11228 40.15068
1202262566 117.11226 40.15069
1202262866 117.11225 40.1507
1202263166 117.11224 40.1507
1202264066 117.11688 40.15599
1202264366 117.1454 40.16135
1202264666 117.12195 40.14437
1202264966 117.11737 40.13608
1202265266 117.107 40.13547
1202265566 117.11242 40.14899
1202265866 117.13331 40.15704
1202266165 117.161 40.16246
1202266466 117.16098 40.16245
1202266765 117.16098 40.16247
1202267065 117.16097 40.16247
1202267365 117.16096 40.16247
1202267665 117.16097 40.16247
1202267965 117.16097 40.16246
1202268265 117.16098 40.16245
1202268565 117.16098 40.16245
1202268865 117.16099 40.16245
1202269465 117.161 40.16245
1202269765 117.161 40.16244
1202270065 117.161 40.16245
1202270365 117.161 40.16245
1202270665 117.161 40.16245
1202270965 117.161 40.16244
1202271265 117.161 40.16244
1202271565 117.161 40.16244
1202271865 117.161 40.16244
1202272165 117.161 40.16244
1202272465 117.161 40.16244
1202272765 117.161 40.16244
1202273065 117.161 40.16244
1202273365 117.161 40.16244
1202273665 117.161 40.16244
1202273965 117.161 40.16227
1202274265 117.16098 40.16233
1202274565 117.1609 40.16249
1202274565 117.1609 40.16249
1202274865 117.16095 40.16248
1202275165 117.16097 40.16248
1202275465 117.16096 40.16251
1202275765 117.16096 40.16252
1202276065 117.16096 40.16252
1202276365 117.16096 40.16251
1202276665 117.16096 40.16251
1202276965 117.16096 40.16251
1202277265 117.16097 40.16251
1202277565 117.16097 40.1625
1202277865 117.16097 40.1625
1202278165 117.16096 40.16251
1202278465 117.16096 40.16251
1202278765 117.16097 40.1625
1202279065 117.16097 40.1625
1202279365 117.16097 40.1625
1202279665 117.16097 40.1625
1202279965 117.16098 40.1625
1202280265 117.16098 40.16249
1202280565 117.16098 40.16249
1202280865 117.16098 40.16249
1202281165 117.16099 40.16249
1202281465 117.16099 40.1625
1202281765 117.16099 40.1625
1202282065 117.16099 40.1625
1202282365 117.16099 40.1625
1202282665 117.161 40.1625
1202282965 117.161 40.1625
1202283265 117.161 40.1625
1202283265 117.161 40.1625
1202283565 117.161 40.1625
1202283865 117.161 40.1625
1202284165 117.16101 40.1625
1202284465 117.16101 40.1625
1202284765 117.161 40.1625
1202285065 117.16101 40.16249
1202285365 117.16101 40.16249
1202285665 117.16101 40.16249
1202285965 117.16101 40.16249
1202286265 117.16101 40.16249
1202286565 117.16101 40.16249
1202286864 117.16102 40.16249
1202287164 117.16102 40.16249
1202287464 117.16102 40.16249
1202287764 117.16102 40.16249
1202288064 117.16102 40.16249
1202288364 117.16102 40.16249
1202288664 117.16101 40.16248
1202288964 117.16101 40.16248
1202289264 117.16099 40.16247
1202289864 117.16099 40.16244
1202290164 117.161 40.16243
1202290464 117.14044 40.15944
1202290764 117.11658 40.14415
1202291064 117.11739 40.13623
1202291364 117.11741 40.13622
1202291664 117.11742 40.13622
1202291964 117.1174 40.13623
1202291964 117.1174 40.13623
1202292264 117.1174 40.13622
1202292564 117.1174 40.13621
1202292564 117.1174 40.13621
1202292864 117.11741 40.13622
1202293164 117.11742 40.13623
1202293464 117.11742 40.13623
1202293764 117.11741 40.13623
1202294064 117.11734 40.13621
1202294364 117.11742 40.13616
1202294664 117.11744 40.13764
1202294964 117.11711 40.13941
1202295264 117.11305 40.12327
1202295564 117.10018 40.08669
1202307023 117.28333 40.19533
1202307322 117.28333 40.19532
1202307922 117.28461 40.19462
1202307922 117.28461 40.19462
1202308222 117.28463 40.19462
1202308522 117.28501 40.19484
1202308822 117.28457 40.19461
1202309122 117.28467 40.19446
1202309422 117.28467 40.19447
1202309722 117.28467 40.1945
1202310022 117.28467 40.19451
1202310322 117.28466 40.19452
1202310622 117.26844 40.19598
1202310922 117.26658 40.19656
1202311222 117.26888 40.19609
1202311821 117.29161 40.1878
1202312121 117.2846 40.19469
1202312421 117.28459 40.19467
1202312721 117.28459 40.19466
1202313021 117.28459 40.19465
1202313321 117.28459 40.19464
1202313621 117.2846 40.19464
1202313921 117.28461 40.19465
1202314221 117.28461 40.19465
1202314521 117.28462 40.19465
1202314821 117.28463 40.19464
1202315421 117.28463 40.19461
1202315721 117.28464 40.19462
1202316021 117.28464 40.19463
1202316321 117.28464 40.19463
1202316621 117.28464 40.19463
1202316621 117.28464 40.19463
1202316921 117.28453 40.19426
1202317221 117.28448 40.19423
1202317521 117.2847 40.19468
1202318121 117.28462 40.1946
1202318587 117.31566 40.19967
1202318887 117.32061 40.20445
1202319187 117.32886 40.21621
1202319487 117.32887 40.2162
1202319787 117.32887 40.2162
1202320087 117.32889 40.21619
1202320387 117.3289 40.21619
1202320687 117.32891 40.21618
1202320987 117.3289 40.21618
1202321287 117.3289 40.21618
1202321587 117.3289 40.21619
1202321887 117.32889 40.21619
1202322187 117.32889 40.21618
1202322487 117.32888 40.21618
1202322787 117.32888 40.21618
1202323087 117.32887 40.21617
1202323387 117.32887 40.21617
1202323687 117.32887 40.21616
1202323987 117.32887 40.21616
1202324287 117.32886 40.21616
1202324587 117.32886 40.21616
1202324887 117.32886 40.21615
1202325187 117.32886 40.21614
1202325487 117.32886 40.21614
1202325787 117.32886 40.21614
1202326087 117.32886 40.21613
1202326387 117.32886 40.21613
1202326686 117.32886 40.21613
1202326986 117.32891 40.21598
1202327286 117.31829 40.20056
1202327586 117.2887 40.18949
1202327886 117.28435 40.19405
1202328186 117.28448 40.19408
1202328486 117.28447 40.19408
1202328786 117.28447 40.19408
1202329086 117.28447 40.19409
1202329086 117.28447 40.19409
1202329386 117.28447 40.19408
1202329686 117.28448 40.19408
1202329986 117.28433 40.1941
1202330286 117.27314 40.19707
1202330586 117.26442 40.19222
1202330886 117.2467 40.17546
1202331186 117.19534 40.16747
1202331486 117.14634 40.1614
1202331786 117.11696 40.14432
1202332086 117.10518 40.13596
1202332386 117.10863 40.13258
1202332686 117.11284 40.1442
1202332986 117.1426 40.16072
1202333286 117.16099 40.16234
1202333586 117.16101 40.16233
1202333886 117.16101 40.16233
1202334186 117.16098 40.16235
1202334486 117.16096 40.16237
1202334786 117.16095 40.16238
1202335086 117.16095 40.16238
1202335386 117.16095 40.16238
1202335686 117.16095 40.16238
1202335986 117.16096 40.16238
1202336586 117.16098 40.16237
1202336886 117.161 40.16242
1202337186 117.161 40.1624
1202337486 117.161 40.1624
1202337786 117.16098 40.16238
1202337786 117.16098 40.16238
1202338086 117.16099 40.16239
1202338386 117.16099 40.16239
1202338686 117.16099 40.1624
1202338986 117.16099 40.1624
1202339286 117.16099 40.1624
1202339586 117.16099 40.16241
1202339886 117.16099 40.16242
1202340186 117.16099 40.16242
1202340486 117.16099 40.16242
1202340786 117.16099 40.16242
1202341086 117.16098 40.16242
1202341386 117.16098 40.16242
1202341686 117.16098 40.16242
1202341986 117.16098 40.16242
1202342286 117.16098 40.16242
1202342586 117.16098 40.16242
1202342886 117.16098 40.16242
1202343186 117.16099 40.16242
1202343486 117.16099 40.16242
1202343786 117.16099 40.16242
1202344086 117.16099 40.16242
1202344386 117.16099 40.16242
1202344686 117.16099 40.16242
1202344986 117.16099 40.16243
1202345286 117.16098 40.16243
1202345586 117.16098 40.16243
1202345886 117.16098 40.16243
1202346186 117.16098 40.16243
1202346485 115.84592 39.57959
1202346485 115.84592 39.57959
1202346486 117.16098 40.16243
1202346486 117.16098 40.16243
1202346786 117.16099 40.16242
1202347086 117.16099 40.16242
1202347385 117.16099 40.16242
1202347685 117.16099 40.16242
1202347985 117.16099 40.16242
1202348285 117.161 40.16242
1202348585 117.16098 40.16219
1202348885 117.16099 40.16218
1202349185 117.16102 40.16222
1202349485 117.16103 40.16225
1202350385 117.16107 40.16232
1202351585 117.16115 40.16251
1202351885 117.16112 40.16248
1202352185 117.1611 40.16247
1202352485 117.16108 40.16246
1202352785 117.16107 40.16245
1202353085 117.16107 40.16246
1202353385 117.16106 40.16245
1202353985 117.16105 40.16245
1202354285 117.16105 40.16244
1202354585 117.16104 40.16243
1202354885 117.16104 40.16243
1202355185 117.16103 40.16242
1202355185 117.16103 40.16242
1202355485 117.16102 40.16242
1202355785 117.16102 40.16242
1202356085 117.16102 40.16242
1202356385 117.16101 40.16241
1202356685 117.16101 40.16241
1202356985 117.16101 40.1624
1202357285 117.16101 40.1624
1202357585 117.16101 40.1624
1202357885 117.16101 40.1624
1202358185 117.16101 40.16239
1202358485 117.16102 40.16239
1202358785 117.16102 40.1624
1202359085 117.16102 40.1624
1202359385 117.16102 40.1624
1202359685 117.16102 40.1624
1202359985 117.16102 40.1624
1202360285 117.16102 40.16241
1202360585 117.16101 40.16241
1202360885 117.16101 40.16241
1202361185 117.16101 40.16241
1202361485 117.16101 40.16241
1202361785 117.16101 40.16241
1202362085 117.16101 40.16241
1202362385 117.16101 40.16241
1202362685 117.16101 40.16241
1202363285 117.16101 40.16242
1202363585 117.16059 40.16236
1202363885 117.16101 40.16247
1202363885 117.16101 40.16247
1202364185 117.16094 40.16248
1202364485 117.16062 40.16256
1202364785 117.16092 40.16249
1202365085 117.16094 40.16247
1202365385 117.1609 40.16245
1202365685 117.1609 40.16245
1202365985 117.16108 40.16245
1202366285 117.16103 40.16243
1202366585 117.161 40.16243
1202366885 117.161 40.16242
1202367184 117.16103 40.1623
1202367484 117.16102 40.16232
1202367784 117.161 40.1623
1202368084 117.16098 40.16232
1202368384 117.16096 40.16235
1202368684 117.16097 40.16235
1202369284 117.16096 40.16236
1202369584 117.16095 40.16237
1202370184 117.16095 40.16237
1202370484 117.16094 40.16237
1202371084 117.16094 40.16238
1202371384 117.16094 40.16239
1202371684 117.16094 40.1624
1202371984 117.16094 40.1624
1202372284 117.16095 40.1624
1202372584 117.16095 40.16241
1202372584 117.16095 40.16241
1202372884 117.16095 40.16241
1202373184 117.16095 40.16241
1202373484 117.16095 40.16241
1202373784 117.16095 40.16241
1202374084 117.16096 40.16241
1202374384 117.16096 40.16241
1202374684 117.16096 40.16241
1202374984 117.16096 40.16241
1202375284 117.16096 40.16241
1202375584 117.16096 40.16241
1202375884 117.16096 40.16241
1202376184 117.16096 40.1624
1202376784 117.16097 40.1624
1202377084 117.16097 40.1624
1202377384 117.16097 40.1624
1202377684 117.16097 40.1624
1202377984 117.16097 40.1624
1202378284 117.16097 40.1624
1202378884 117.16097 40.1624
1202379184 117.16097 40.1624
1202379484 117.16097 40.1624
1202379784 117.16097 40.1624
1202380084 117.16098 40.1624
1202380384 117.16098 40.1624
1202380684 117.16098 40.1624
1202380984 117.16098 40.1624
1202381284 117.16098 40.1624
1202381584 117.16077 40.16198
1202381884 117.16083 40.16229
1202382184 117.16115 40.16227
1202382485 117.16106 40.16252
1202382785 117.16106 40.16252
1202383084 117.16106 40.16252
1202383384 117.16105 40.16251
1202383984 117.16093 40.16243
1202384284 117.16095 40.16247
1202384584 117.16095 40.16248
1202384884 117.16094 40.16249
1202385184 117.16345 40.16466
1202385484 117.12792 40.15704
1202386084 117.09247 40.14048
1202386684 117.08492 40.13563
1202386984 117.08497 40.13568
1202387284 117.08497 40.13568
1202387584 117.08499 40.13569
1202387884 117.085 40.13569
1202388184 117.08497 40.1357
1202388483 117.08493 40.13546
1202388783 117.08971 40.13795
1202389083 117.08974 40.14218
1202389383 117.04287 40.14468
1202389683 117.04046 40.14451
1202389983 117.03052 40.15494
1202390283 117.03055 40.15496
1202390583 117.03057 40.15494
1202390883 117.03058 40.15491
1202391183 117.03061 40.15489
1202391483 117.03062 40.15489
1202391783 117.03062 40.15491
1202392083 117.03062 40.15492
1202392383 117.03062 40.15492
1202392683 117.03063 40.15493
1202392983 117.03063 40.15492
1202393283 117.03063 40.15491
1202393583 117.03063 40.15491
1202393883 117.03062 40.15491
1202394183 117.03062 40.15491
1202394483 117.03061 40.15491
1202394783 117.03061 40.1549
1202395083 117.03062 40.15491
1202395383 117.03062 40.1549
1202395683 117.03062 40.1549
1202395983 117.03084 40.15515
1202396283 117.03067 40.15493
1202396583 117.03067 40.15493
1202396883 117.03066 40.15493
1202397183 117.03078 40.15488
1202397483 117.03237 40.14789
1202397783 117.07722 40.14395
1202398083 117.08277 40.13672
1202398383 117.08918 40.14844
1202398683 117.10471 40.17232
1202398683 117.10471 40.17232
1202398983 117.15405 40.19636
1202398983 117.15405 40.19636
1202399283 117.20393 40.20675
1202399583 117.24154 40.20342
1202399883 117.24199 40.20365
1202400183 117.24197 40.20364
1202400483 117.24196 40.20364
1202400783 117.24196 40.20366
1202401083 117.24195 40.20367
1202401383 117.24195 40.2037
1202401683 117.24195 40.20372
1202401983 117.24195 40.20374
1202402283 117.24194 40.20373
1202402583 117.24193 40.20372
1202402883 117.24192 40.20372
1202403183 117.24192 40.20371
1202403483 117.24191 40.2037
1202403783 117.24169 40.20342
1202404083 117.24174 40.20351
1202404383 117.24172 40.2035
1202404683 117.24173 40.20356
1202404983 117.24211 40.20385
1202405283 117.24206 40.20383
1202405583 117.242 40.20382
1202405883 117.24198 40.2038
1202406183 117.23893 40.20584
1202406483 117.2408 40.20551
1202406783 117.24295 40.17545
1202407083 117.25784 40.16246
1202407383 117.25612 40.16216
1202407383 117.25612 40.16216
1202407683 117.25615 40.16216
1202407983 117.25672 40.16234
1202408282 117.25782 40.16248
1202408582 117.25614 40.1682
1202408882 117.23843 40.20224
1202409182 117.25293 40.21409
1202409482 117.24605 40.2082
1202409482 117.24605 40.2082
1202409782 117.24181 40.20375
1202410082 117.24181 40.20373
1202410382 117.24182 40.20372
1202410682 117.24166 40.20372
1202410982 117.24164 40.2037
1202411282 117.24164 40.20369
1202411582 117.24167 40.20369
1202411882 117.24168 40.20368
1202412182 117.24171 40.20367
1202412482 117.24173 40.20367
1202412782 117.24175 40.20366
1202413082 117.24177 40.20365
1202413382 117.24178 40.20365
1202413682 117.24179 40.20365
1202413982 117.24179 40.20366
1202414282 117.24179 40.20367
1202414582 117.2418 40.20367
1202414882 117.2418 40.20367
1202415182 117.2418 40.20368
1202415482 117.2418 40.20368
1202415782 117.2418 40.20368
1202416082 117.2418 40.20369
1202416082 117.2418 40.20369
1202416382 117.2418 40.20369
1202416382 117.2418 40.20369
1202416682 117.2418 40.2037
1202416982 117.2418 40.2037
1202417282 117.2418 40.2037
1202417582 117.2418 40.20371
1202417882 117.2418 40.20371
1202418182 117.2418 40.20371
1202418482 117.2418 40.20371
1202418782 117.2418 40.20371
1202419082 117.2418 40.20371
1202419382 117.2418 40.20371
1202419682 117.2418 40.20371
1202419982 117.2418 40.20371
1202420282 117.2418 40.20371
1202420582 117.2418 40.20371
1202420882 117.2418 40.20371
1202421182 117.24179 40.20371
1202421482 117.24179 40.20371
1202421782 117.24179 40.20371
1202422082 117.24179 40.20371
1202422382 117.24179 40.20371
1202422682 117.24179 40.20371
1202422982 117.24191 40.20377
1202423282 117.24188 40.20373
1202423582 117.24183 40.20372
1202423882 117.24165 40.20361
1202424182 117.24174 40.20366
1202424482 117.24175 40.20367
1202424482 117.24175 40.20367
1202424782 117.24175 40.20367
1202424782 117.24175 40.20367
1202425082 117.24175 40.20367
1202425382 117.24175 40.20367
1202425682 117.24175 40.20368
1202425982 117.24175 40.20368
1202426282 117.24175 40.20368
1202426582 117.24175 40.20368
1202426882 117.24173 40.20373
1202427182 117.24176 40.20381
1202427482 117.24171 40.20375
1202427782 117.2417 40.20372
1202428082 117.2417 40.20371
1202428382 117.24172 40.20371
1202428682 117.24173 40.20371
1202428981 117.24174 40.20371
1202429281 117.24174 40.20371
1202429581 117.24175 40.20371
1202429881 117.24175 40.20371
1202430181 117.24176 40.20371
1202430481 117.24176 40.2037
1202430781 117.24177 40.2037
1202431081 117.24177 40.2037
1202431381 117.24177 40.2037
1202431681 117.24178 40.2037
1202431981 117.24178 40.2037
1202432281 117.24178 40.2037
1202432581 117.24186 40.20355
1202432881 117.24185 40.20358
1202433181 117.24183 40.20358
1202433481 117.24183 40.20358
1202433481 117.24183 40.20358
1202433781 117.24183 40.20358
1202433781 117.24183 40.20358
1202434081 117.24183 40.20378
1202434381 117.24179 40.20367
1202434681 117.24177 40.20382
1202434981 117.24179 40.20378
1202435281 117.24181 40.20375
1202435581 117.24182 40.20374
1202435881 117.24184 40.20374
1202437381 117.24183 40.20375
1202438881 117.24182 40.20377
1202439181 117.24182 40.20377
1202439481 117.24182 40.20377
1202439781 117.24182 40.20377
1202440081 117.24182 40.20377
1202440381 117.24182 40.20377
1202440681 117.24201 40.20367
1202440981 117.24196 40.20367
1202441281 117.24193 40.20367
1202441581 117.24192 40.20366
1202441881 117.2419 40.20366
1202442181 117.24189 40.20366
1202442181 117.24189 40.20366
1202442481 117.24189 40.20366
1202442481 117.24189 40.20366
1202442781 117.24188 40.20366
1202443081 117.24188 40.20366
1202443381 117.24188 40.20366
1202443681 117.24188 40.20366
1202443981 117.24188 40.20366
1202444281 117.24188 40.20366
1202444581 117.24188 40.20366
1202444881 117.24188 40.20366
1202445181 117.24188 40.20367
1202445481 117.24189 40.20368
1202445781 117.24189 40.20369
1202446081 117.24189 40.20369
1202446381 117.24189 40.20369
1202446681 117.24189 40.2037
1202446981 117.24189 40.2037
1202447281 117.24189 40.2037
1202447581 117.24188 40.2037
1202447881 117.24188 40.2037
1202448181 117.24188 40.2037
1202448481 117.24188 40.2037
1202448781 117.24185 40.20381
1202449081 117.24179 40.20379
1202449380 117.24179 40.20379
1202449680 117.2418 40.20379
1202449980 117.24178 40.20378
1202450280 117.24176 40.20378
1202450580 117.24176 40.20378
1202450880 117.24177 40.20377
1202450880 117.24177 40.20377
1202451180 117.24178 40.20377
1202451180 117.24178 40.20377
1202451480 117.24179 40.20377
1202451780 117.24194 40.20375
1202452080 117.24194 40.20375
1202452380 117.24195 40.20375
1202452680 117.24196 40.20376
1202452980 117.24198 40.20376
1202453280 117.24198 40.20376
1202453580 117.24198 40.20375
1202453880 117.24197 40.20374
1202454180 117.24196 40.20374
1202454480 117.24196 40.20374
1202454780 117.24195 40.20374
1202455080 117.24195 40.20374
1202455380 117.24194 40.20375
1202455680 117.24194 40.20375
1202455980 117.24193 40.20375
1202456280 117.24193 40.20375
1202456580 117.24192 40.20375
1202456880 117.24192 40.20375
1202457180 117.24192 40.20375
1202457480 117.24191 40.20375
1202457780 117.24191 40.20375
1202458080 117.2419 40.20375
1202458380 117.24189 40.20375
1202458680 117.24189 40.20375
1202458980 117.24189 40.20375
1202459280 117.24189 40.20375
1202459580 117.24189 40.20375
1202459580 117.24189 40.20375
1202459880 117.24189 40.20375
1202459880 117.24189 40.20375
1202460180 117.24182 40.2036
1202460480 117.24179 40.20365
1202460780 117.24178 40.20367
1202461080 117.24177 40.20368
1202461380 117.24178 40.2037
1202461680 117.24179 40.2037
1202461980 117.24181 40.2037
1202462280 117.24148 40.20359
1202462580 117.2416 40.20362
1202462880 117.2416 40.20358
1202463180 117.2416 40.20358
1202463480 117.24162 40.20358
1202463780 117.24164 40.20357
1202464080 109.53418 19.53646
1202464080 109.53418 19.53646
1202464380 117.2418 40.20356
1202464680 117.23946 40.19289
1202464980 117.20645 40.16729
1202465280 117.16053 40.16224
1202465580 117.15972 40.16303
1202465880 117.15762 40.16532
1202466180 117.22223 40.17119
1202466480 117.28352 40.18168
1202466780 117.32072 40.20397
1202467080 117.3285 40.21603
1202467080 117.3285 40.21603
1202467380 117.31982 40.1992
1202467680 117.28806 40.18312
1202467980 117.24041 40.17539
1202468280 117.18093 40.16724
1202468280 117.18093 40.16724
1202468533 117.16114 40.16226
1202468581 117.16093 40.16273
1202468881 117.16103 40.16235
1202469180 117.16104 40.16236
1202469480 117.16104 40.16239
1202469780 117.16101 40.16237
1202470380 117.161 40.16239
1202470680 117.161 40.1624
1202470980 117.161 40.16241
1202471280 117.161 40.16241
1202471580 117.161 40.16241
1202471879 117.161 40.16241
1202472179 117.161 40.16241
1202472479 117.161 40.16242
1202472779 117.16101 40.16241
1202473079 117.16102 40.1624
1202473379 117.16102 40.1624
1202473679 117.16103 40.16239
1202473979 117.16103 40.16238
1202474279 117.16097 40.16242
1202474579 117.16096 40.16244
1202474879 117.16095 40.16245
1202475179 117.16093 40.16246
1202475479 117.16095 40.16245
1202475779 117.16096 40.16245
1202476379 117.16097 40.16244
1202476679 117.16097 40.16244
1202476979 117.16098 40.16244
1202476979 117.16098 40.16244
1202477279 117.16099 40.16244
1202477279 117.16099 40.16244
1202477579 117.161 40.16244
1202477879 117.161 40.16244
1202478179 117.16101 40.16243
1202478479 117.16101 40.16243
1202478779 117.16101 40.16243
1202479079 117.16101 40.16244
1202479379 117.16101 40.16243
1202479679 117.16101 40.16243
1202479979 117.16102 40.16244
1202480279 117.16102 40.16244
1202480579 117.16102 40.16244
1202480879 117.16102 40.16244
1202481179 117.16102 40.16244
1202481479 117.16102 40.16244
1202481779 117.16102 40.16243
1202482079 117.16102 40.16243
1202482379 117.16103 40.16243
1202482679 117.16103 40.16243
1202482979 117.16103 40.16243
1202483279 117.16103 40.16243
1202483579 117.16103 40.16243
1202483879 117.16103 40.16244
1202484179 117.16103 40.16244
1202484479 117.16103 40.16244
1202484779 117.16103 40.16244
1202485079 117.16103 40.16245
1202485379 117.16103 40.16245
1202485679 117.16103 40.16245
1202485679 117.16103 40.16245
1202485979 117.16103 40.16245
1202485979 117.16103 40.16245
1202486279 117.16103 40.16245
1202486579 117.16103 40.16245
1202486879 117.16104 40.16245
1202487179 117.16104 40.16245
1202487479 117.16103 40.16245
1202488079 117.16104 40.16245
1202488379 117.16104 40.16245
1202488679 117.16104 40.16244
1202488979 117.16104 40.16244
1202489279 117.16077 40.16183
1202489579 117.1611 40.16251
1202489878 117.16107 40.1625
1202490178 117.16106 40.16245
1202490478 117.16106 40.16247
1202490778 117.16037 40.16251
1202491078 117.13383 40.15515
1202491378 117.0992 40.14884
1202491678 117.04838 40.1459
1202491978 117.06862 40.14394
1202492278 117.10288 40.14391
