UTS Latitude Longitude
1201960088 116.4077 39.90929
1201960688 116.41155 39.91265
1201960935 116.46955 39.92961
1201961288 116.41167 39.90951
1201961888 116.38143 39.90601
1201963088 116.35576 39.87677
1201963688 116.36812 39.90204
1201963688 116.36812 39.90204
1201964288 116.41803 39.90696
1201964888 116.45429 39.90727
1201965488 116.45991 39.91223
1201966088 116.44433 39.92251
1201966688 116.44946 39.9494
1201967288 116.47154 39.96905
1201967888 116.48995 39.97048
1201969579 116.48108 39.97301
1201969687 116.47643 39.97595
1201970287 116.46011 39.97704
1201970887 116.45908 39.97676
1201971487 116.45862 39.97637
1201972087 116.44415 39.99773
1201972687 116.43314 40.03058
1201973287 116.45851 40.01925
1201974487 116.4665 39.99851
1201975087 116.4599 39.98314
1201976287 116.45042 39.97876
1201976887 116.48325 39.90875
1201977487 116.43196 39.88301
1201978087 116.41814 39.89592
1201978687 116.42143 39.89908
1201979287 116.43736 39.92212
1201979887 116.45399 39.90641
1201980487 116.45128 39.90719
1201981087 116.4555 39.92175
1201981087 116.4555 39.92175
1201981687 116.45599 39.94636
1201982287 116.4544 39.95391
1201982887 116.44259 39.95982
1201984087 116.46207 39.97789
1201984687 116.47606 39.99157
1201985287 116.44423 39.95461
1201985887 116.43415 39.93981
1201986487 116.42858 39.91894
1201987087 116.4274 39.9069
1201987686 116.43443 39.90722
1201988286 116.41915 39.95176
1201988886 116.41103 39.94986
1201989486 116.34986 39.92703
1201990086 116.3504 39.90907
1201990686 116.35742 39.88892
1201991286 116.39771 39.89107
1201991886 116.45353 39.89251
1201992486 116.45598 39.90593
1201993086 116.48185 39.91433
1201993686 116.53243 39.91534
1201994286 116.5264 39.9226
1201995486 116.52454 39.92196
1201996086 116.5239 39.92114
1201996686 116.52407 39.92142
1201997286 116.52385 39.9211
1201998486 116.50431 39.8672
1201998486 116.50431 39.8672
1201999086 116.48383 39.89178
1201999686 116.47121 39.8855
1202000286 116.48496 39.87483
1202000886 116.45597 39.89906
1202001486 116.45619 39.90992
1202002086 116.47239 39.93115
1202002686 116.46889 39.93581
1202003886 116.46154 39.93251
1202005361 116.33007 39.96626
1202006285 116.30158 39.96069
1202006885 116.37928 39.96674
1202007485 116.46637 39.94385
1202008085 116.4958 39.9264
1202008685 116.5229 39.92098
1202009285 116.52293 39.92047
1202009884 116.52361 39.92084
1202011085 116.52341 39.9211
1202011685 116.52328 39.92206
1202012284 116.52357 39.92065
1202012885 116.52324 39.92129
1202013485 116.52176 39.92079
1202014085 116.52324 39.92032
1202014685 116.52318 39.92035
1202015885 116.52346 39.92025
1202016485 116.52421 39.92014
1202017085 116.52456 39.91997
1202017685 116.52374 39.9206
1202018285 116.52375 39.92052
1202018885 116.52377 39.9208
1202019485 116.52363 39.9208
1202020085 116.52402 39.92036
1202021285 116.52388 39.92045
1202021885 116.52379 39.92048
1202022484 116.52359 39.92113
1202023084 116.52309 39.92065
1202024284 116.52396 39.92058
1202024884 116.52377 39.92159
1202025484 116.5237 39.92168
1202026084 116.52333 39.9216
1202026684 116.52396 39.92078
1202027284 116.52342 39.92072
1202027884 116.52339 39.92114
1202028484 116.52374 39.92072
1202029084 116.52331 39.92116
1202029684 116.52385 39.92043
1202031484 116.52381 39.92038
1202032084 116.52374 39.92042
1202032684 116.52367 39.92055
1202033284 116.52344 39.92073
1202033884 116.52385 39.92123
1202034484 116.52352 39.92101
1202035084 116.52101 39.92262
1202035684 116.4745 39.93275
1202036884 116.47395 39.93222
1202037484 116.45789 39.93254
1202038084 116.43449 39.9256
1202038684 116.43482 39.91404
1202039283 116.44123 39.90591
1202039883 116.44136 39.90653
1202040483 116.44165 39.90667
1202041083 116.43787 39.90635
1202041683 116.42751 39.94085
1202042283 116.37337 39.95666
1202042283 116.37337 39.95666
1202042883 116.40104 39.96074
1202043483 116.40509 39.96514
1202044083 116.43199 39.96696
1202044683 116.45952 39.95821
1202045283 116.47541 39.99688
1202045883 116.48246 39.98731
1202046483 116.49002 39.97045
1202047083 116.4897 39.97049
1202047683 116.48969 39.97049
1202048283 116.4902 39.97063
1202048883 116.47903 39.97432
1202049483 116.46196 39.98948
1202050083 116.46011 39.9773
1202050683 116.45965 39.97677
1202050683 116.45965 39.97677
1202051283 116.4587 39.9769
1202051883 116.45842 39.97654
1202052483 116.45722 39.96562
1202053083 116.429 39.93874
1202053683 116.42568 39.92784
1202054283 116.44443 39.92559
1202054883 116.45566 39.92635
1202055483 116.41576 39.96781
1202056083 116.36589 39.9668
1202056683 116.36386 39.96646
1202057282 116.32173 39.96611
1202057883 116.31643 39.98402
1202058482 116.31024 39.98254
1202059082 116.31327 39.97176
1202059682 116.28906 39.94627
1202059682 116.28906 39.94627
1202060282 116.24766 39.94774
1202060882 116.25935 39.94563
1202061482 116.28542 39.95638
1202062082 116.298 39.95181
1202062682 116.31057 39.95568
1202063282 116.34184 39.95049
1202063882 116.33272 39.93727
1202064482 116.34822 39.93975
1202065082 116.34747 39.98448
1202065682 116.34563 40.02006
1202066282 116.33955 40.03292
1202066882 116.32351 40.05338
1202067482 116.3217 40.05447
1202068082 116.36986 39.9922
1202068682 116.37315 39.9511
1202069282 116.36463 39.95957
1202069882 116.37108 39.9627
1202070482 116.37298 39.95228
1202071082 116.41617 39.94798
1202071682 116.43083 39.95812
1202072282 116.45549 39.9306
1202072882 116.45526 39.89301
1202073482 116.42307 39.85438
1202074082 116.44648 39.85957
1202074681 116.45535 39.88253
1202075281 116.45983 39.89939
1202075881 116.4536 39.90666
1202076481 116.51534 39.90677
1202077081 116.52234 39.91619
1202077081 116.52234 39.91619
1202077681 116.52343 39.92056
1202078281 116.5235 39.92158
1202078881 116.52365 39.92075
1202079481 116.52331 39.92211
1202080081 116.52332 39.92181
1202080681 116.52324 39.92158
1202081281 116.50736 39.92203
1202081881 116.4787 39.92396
1202082481 116.47948 39.93093
1202083081 116.47985 39.9307
1202083681 116.44055 39.9399
1202084281 116.36031 39.94557
1202084881 116.36032 39.93704
1202085481 116.38267 39.93183
1202086081 116.38837 39.89489
1202086681 116.41945 39.90348
1202087281 116.44135 39.90594
1202087881 116.4281 39.92854
1202088481 116.37297 39.9838
1202089081 116.34616 40.00675
1202089681 116.38459 39.98632
1202090281 116.46176 39.96906
1202091480 116.52411 39.92082
1202092080 116.52412 39.92085
1202092680 116.52462 39.92074
1202093280 116.52449 39.92095
1202093880 116.52424 39.92114
1202094480 116.5242 39.92077
1202094480 116.5242 39.92077
1202095080 116.52422 39.92092
1202095680 116.52417 39.92082
1202096280 116.52418 39.92102
1202096880 116.5242 39.92068
1202097480 116.52403 39.92049
1202098080 116.52426 39.92067
1202098680 116.52412 39.92075
1202099280 116.5241 39.92074
1202099880 116.52401 39.92067
1202100480 116.52428 39.92066
1202101080 116.52415 39.92048
1202101680 116.52429 39.92083
1202102280 116.52429 39.92096
1202102880 116.52444 39.92074
1202103480 116.52441 39.92075
1202104080 116.52435 39.92075
1202104680 116.52432 39.9208
1202105280 116.5243 39.92091
1202105880 116.5241 39.92076
1202106480 116.52421 39.92088
1202107080 116.52426 39.92081
1202107680 116.52336 39.92079
1202108280 116.52367 39.92101
1202108879 116.52419 39.92058
1202109479 116.52413 39.92098
1202110079 116.52433 39.92084
1202110679 116.52423 39.92089
1202111279 116.52406 39.92086
1202111879 116.52456 39.92113
1202112479 116.52434 39.92087
1202113079 116.52426 39.92086
1202113679 116.52419 39.9208
1202114879 116.5237 39.92072
1202115479 116.52323 39.92055
1202116079 116.52345 39.92061
1202116679 116.52434 39.92088
1202117279 116.50713 39.92195
1202117879 116.47003 39.92164
1202118479 116.44426 39.93202
1202119079 116.42949 39.93947
1202119679 116.41986 39.92546
1202120279 116.41155 39.90963
1202120879 116.4204 39.90486
1202121479 116.42048 39.90483
1202122079 116.41298 39.89992
1202122679 116.40527 39.90848
1202123279 116.42997 39.907
1202123890 116.44169 39.90594
1202124479 116.44145 39.9068
1202125079 116.45176 39.90992
1202125679 116.45158 39.91899
1202126278 116.42842 39.92869
1202126878 116.42584 39.93985
1202127478 116.42068 39.93511
1202128078 116.4025 39.9304
1202128678 116.40044 39.91403
1202129278 116.41153 39.91717
1202129278 116.41153 39.91717
1202129878 116.43216 39.92387
1202130478 116.4667 39.92155
1202131078 116.51339 39.91748
1202131678 116.51476 39.91851
1202132278 116.52383 39.92061
1202132878 116.52413 39.92047
1202133478 116.52394 39.92063
1202133746 116.48976 39.97045
1202134078 116.52391 39.92079
1202134678 116.52387 39.92059
1202135278 116.5236 39.91999
1202135878 116.52393 39.92077
1202136478 116.52393 39.92079
1202137078 116.52395 39.92082
1202137678 116.52379 39.92043
1202138278 116.52389 39.92083
1202139478 116.52396 39.92083
1202140078 116.52396 39.92083
1202140678 116.52391 39.92081
1202141278 116.52383 39.92062
1202141878 116.5238 39.9204
1202142478 116.54771 39.91655
1202143677 116.53372 39.93442
1202144277 116.52367 39.91617
1202144877 116.51133 39.94007
1202145477 116.49695 39.96971
1202146077 116.48355 39.98641
1202146677 116.46267 39.97928
1202146677 116.46267 39.97928
1202147277 116.45965 39.9768
1202147877 116.45872 39.9767
1202148477 116.44427 39.97461
1202149077 116.35689 39.96643
1202149677 116.34917 39.94052
1202150277 116.34981 39.92188
1202150877 116.33814 39.90763
1202151477 116.33593 39.89905
1202152077 116.33281 39.89565
1202152677 116.35464 39.89787
1202153277 116.35732 39.89044
1202153877 116.36798 39.88328
1202154477 116.39303 39.86609
1202155077 116.39158 39.86327
1202155677 116.40787 39.85533
1202156277 116.40691 39.85545
1202156877 116.41393 39.88473
1202157477 116.41785 39.90309
1202158077 116.42048 39.90335
1202158677 116.42133 39.90342
1202159277 116.42593 39.90366
1202171895 116.52287 39.92056
1202173095 116.52298 39.92052
1202174895 116.52295 39.92054
1202175495 116.52301 39.92034
1202176095 116.52334 39.92066
1202176695 116.52325 39.92065
1202179095 116.52315 39.92079
1202179695 116.52284 39.92037
1202180295 116.5217 39.91953
1202180895 116.52304 39.92054
1202180895 116.52304 39.92054
1202181495 116.52305 39.92053
1202182095 116.52304 39.92066
1202182695 116.52334 39.92083
1202183295 116.52305 39.92039
1202184494 116.52276 39.92115
1202185094 116.52293 39.92053
1202185694 116.523 39.92066
1202185694 116.523 39.92066
1202185694 116.523 39.92066
1202187494 116.52276 39.92117
1202188094 116.52308 39.92044
1202189294 116.52385 39.92108
1202189894 116.52311 39.92062
1202190494 116.5223 39.92064
1202191094 116.52259 39.92045
1202191694 116.52339 39.91998
1202192294 116.52313 39.9204
1202192894 116.52276 39.92057
1202193494 116.52334 39.92015
1202194094 116.52312 39.92027
1202194694 116.52304 39.92039
1202195894 116.52237 39.92197
1202196494 116.52307 39.92034
1202197094 116.52244 39.92181
1202197694 116.52396 39.9208
1202198294 116.52375 39.92003
1202198294 116.52375 39.92003
1202198894 116.52355 39.92131
1202199494 116.52273 39.9212
1202200094 116.52317 39.92049
1202200694 116.52093 39.90935
1202201293 116.47893 39.8482
1202201893 116.44345 39.82537
1202202493 116.44338 39.82532
1202203693 116.44339 39.82534
1202204293 116.44339 39.82535
1202204893 116.4434 39.82529
1202206093 116.44342 39.8253
1202206693 116.44342 39.82531
1202207293 116.44353 39.82541
1202207293 116.44353 39.82541
1202207893 116.4435 39.82542
1202208493 116.44349 39.8244
1202209093 116.4435 39.82534
1202209693 116.44348 39.82535
1202210293 116.44359 39.82553
1202210893 116.45012 39.7895
1202211493 116.33504 39.77742
1202212093 116.3186 39.76967
1202212693 116.319 39.76983
1202213293 116.31902 39.76985
1202213893 116.31876 39.76982
1202214493 116.31876 39.7698
1202215093 116.32622 39.7523
1202215693 116.33206 39.75212
1202215693 116.33206 39.75212
1202216293 116.33786 39.73306
1202216893 116.33426 39.73033
1202217493 116.33961 39.72366
1202218093 116.3209 39.60675
1202218692 116.36815 39.59168
1202219292 116.36815 39.59169
1202219892 116.36815 39.59169
1202220492 116.36816 39.59168
1202220743 116.52292 39.92253
1202221092 116.36817 39.59169
1202221692 116.36817 39.5917
1202222292 116.35552 39.59095
1202222892 116.31936 39.67606
1202223492 116.32654 39.7319
1202224092 116.31873 39.76991
1202224692 116.31873 39.76994
1202224692 116.31873 39.76994
1202225292 116.34189 39.79356
1202225892 116.42086 39.83083
1202226492 116.4838 39.90467
1202227092 116.51358 39.91831
1202227692 116.51357 39.91837
1202228292 116.51384 39.91844
1202228892 116.52232 39.92186
1202229492 116.52302 39.9212
1202230092 116.523 39.92079
1202231292 116.52388 39.92048
1202231892 116.49837 39.93527
1202232492 116.49845 39.93438
1202233092 116.49847 39.93441
1202233692 116.47759 39.93257
1202234292 116.47387 39.93214
1202234892 116.47397 39.9322
1202235491 116.474 39.93223
1202236091 116.47406 39.93214
1202236691 116.47284 39.93187
1202237291 116.47158 39.90552
1202237891 116.47134 39.89896
1202238491 116.45908 39.89215
1202239091 116.43557 39.88805
1202239691 116.39411 39.89044
1202240291 116.36852 39.89369
1202240891 116.36862 39.89603
1202241491 116.36905 39.90466
1202242091 116.36984 39.90753
1202242091 116.36984 39.90753
1202243291 116.37295 39.94045
1202243891 116.39023 39.93913
1202244491 116.41881 39.93955
1202245091 116.43034 39.92298
1202245691 116.44882 39.92451
1202246291 116.46584 39.91217
1202246891 116.49707 39.91433
1202247491 116.50819 39.90937
1202248091 116.52241 39.92164
1202248691 116.52424 39.92133
1202249291 116.52361 39.92053
1202249891 116.52416 39.92111
1202250491 116.52407 39.92106
1202251091 116.52376 39.92087
1202251691 116.52416 39.92154
1202252291 116.52386 39.92087
1202252891 116.49037 39.9219
1202253490 116.47396 39.93219
1202254090 116.46386 39.93252
1202254690 116.43285 39.96031
1202255290 116.42609 39.94811
1202255890 116.35038 39.90352
1202256490 116.24076 39.89585
1202257090 116.25865 39.90436
1202257690 116.30649 39.90582
1202258890 116.36956 39.94966
1202259490 116.33149 39.89612
1202260170 116.31174 39.88651
1202261290 116.40198 39.89126
1202261890 116.42005 39.92039
1202262490 116.46463 39.9148
1202263090 116.51234 39.91538
1202264290 116.52392 39.91594
1202264890 116.52151 39.91619
1202265490 116.52508 39.92162
1202266090 116.52412 39.92145
1202266690 116.52428 39.92064
1202267290 116.52353 39.92045
1202267890 116.52298 39.9206
1202268490 116.52364 39.92041
1202269090 116.52302 39.9206
1202269690 116.52365 39.92055
1202270290 116.52369 39.92033
1202270890 116.52378 39.92079
1202271489 116.5237 39.92053
1202272089 116.52347 39.92045
1202272689 116.52317 39.92075
1202273289 116.52351 39.92086
1202273889 116.52317 39.9211
1202274489 116.52336 39.92107
1202275689 116.5236 39.92074
1202276289 116.52362 39.92072
1202276889 116.52378 39.9211
1202277489 116.52378 39.92102
1202278089 116.52374 39.92066
1202278689 116.52392 39.92014
1202279289 116.52373 39.92063
1202279889 116.52371 39.9207
1202280489 116.5236 39.92137
1202281089 116.5228 39.92099
1202281689 116.52325 39.92106
1202282289 116.52366 39.92066
1202282889 116.52381 39.92089
1202283489 116.52357 39.92123
1202284689 116.52354 39.92136
1202285289 116.5237 39.92127
1202285889 116.52355 39.92057
1202286489 116.52326 39.92129
1202287089 116.52347 39.92137
1202287689 116.52342 39.92137
1202288288 116.52357 39.92065
1202288888 116.52374 39.92064
1202289488 116.52374 39.92062
1202290688 116.52346 39.92067
1202291288 116.52371 39.92046
1202291888 116.52351 39.9208
1202292488 116.52367 39.92129
1202293088 116.52409 39.9213
1202293688 116.52381 39.9214
1202294288 116.52262 39.92233
1202294288 116.52262 39.92233
1202294888 116.47595 39.93261
1202295488 116.47394 39.93209
1202296088 116.47435 39.93027
1202296688 116.50103 40.00405
1202297288 116.58254 40.07582
1202297928 116.56448 40.06129
1202298488 116.56555 40.07199
1202299088 116.56555 40.07199
1202299688 116.56555 40.072
1202300288 116.56555 40.072
1202300888 116.56555 40.072
1202301488 116.56556 40.07199
1202302088 116.56555 40.07198
1202302088 116.56555 40.07198
1202302688 116.56555 40.07197
1202303288 116.56555 40.07196
1202303888 116.56295 40.06709
1202304488 116.56294 40.0671
1202305088 116.56374 40.0643
1202305687 116.56378 40.06426
1202306287 116.57209 40.06325
1202307150 116.54664 40.02685
1202307488 116.58296 40.06108
1202308087 116.58291 40.06102
1202308687 116.58279 40.06085
1202309287 116.58242 40.06333
1202309887 116.58189 40.06729
1202310487 116.5808 40.07442
1202311087 116.5814 40.07645
1202311687 116.58252 40.07449
1202311687 116.58252 40.07449
1202312287 116.58403 40.07651
1202312887 116.5874 40.07755
1202313487 116.57394 40.04218
1202314087 116.44568 39.98176
1202314687 116.34723 39.98914
1202315287 116.3609 39.99995
1202315887 116.37633 39.98665
1202316487 116.32252 39.96643
1202317087 116.40641 39.96724
1202317687 116.4837 39.94402
1202318287 116.51349 39.9183
1202318887 116.5151 39.92146
1202319487 116.52368 39.92051
1202320087 116.52396 39.92077
1202320687 116.5238 39.92051
1202321287 116.52321 39.92035
1202321887 116.52324 39.9203
1202322488 116.52319 39.92041
1202323087 116.52312 39.92056
1202323686 116.52391 39.91904
1202324286 116.52321 39.92063
1202324886 116.52342 39.91977
1202325486 116.52288 39.92178
1202326086 116.52324 39.92049
1202326686 116.52126 39.92224
1202327286 116.5232 39.91973
1202327886 116.52331 39.92019
1202328486 116.5234 39.92178
1202329086 116.52296 39.9219
1202329086 116.52296 39.9219
1202329686 116.52327 39.92011
1202330286 116.52327 39.92011
1202330886 116.52327 39.92011
1202331486 116.52313 39.92091
1202332086 116.52319 39.92066
1202332686 116.52201 40.01813
1202333286 116.52267 39.92174
1202333886 116.52269 39.92172
1202334486 116.52236 39.92199
1202335086 116.52325 39.92078
1202335686 116.52305 39.92141
1202336886 116.52313 39.921
1202337486 116.52302 39.92046
1202338086 116.52338 39.9176
1202338686 116.52317 39.92082
1202339286 116.52288 39.92148
1202339886 116.52211 39.92191
1202340486 116.52296 39.92122
1202341085 116.52395 39.92206
1202341685 116.52358 39.9212
1202342285 116.52553 39.92299
1202342885 116.52553 39.92299
1202343485 116.5233 39.92079
1202344085 116.52335 39.92064
1202344685 116.5231 39.92103
1202345285 116.52317 39.92026
1202345885 116.52323 39.92047
1202346485 116.52327 39.92051
1202346485 116.52327 39.92051
1202347085 116.52327 39.9205
1202347685 116.5233 39.92038
1202348285 116.52336 39.92131
1202348885 116.52348 39.92133
1202349485 116.52347 39.92118
1202350685 116.52378 39.92217
1202351285 116.52306 39.92071
1202351885 116.52362 39.92091
1202352486 116.52324 39.92052
1202353085 116.52315 39.92097
1202354285 116.5246 39.92095
1202354885 116.52423 39.92095
1202355485 116.52286 39.92082
1202356085 116.52318 39.92045
1202356685 116.52289 39.92132
1202357285 116.52317 39.92144
1202357884 116.52265 39.92174
1202358484 116.52272 39.92151
1202359084 116.5247 39.92113
1202359684 116.5239 39.91959
1202360284 116.52339 39.92013
1202360884 116.52345 39.91998
1202361484 116.52361 39.92032
1202362084 116.52281 39.92164
1202362684 116.52098 39.92299
1202363284 116.52411 39.91889
1202363884 116.52639 39.92509
1202363884 116.52639 39.92509
1202364484 116.36376 39.86563
1202365084 116.52092 39.92266
1202365684 116.52308 39.92062
1202366284 116.52393 39.91808
1202366884 116.52397 39.91827
1202367484 116.5231 39.92113
1202368084 116.52327 39.92053
1202368684 116.52343 39.92109
1202369284 116.52319 39.92057
1202369884 116.52376 39.9199
1202370484 116.52305 39.92064
1202371084 116.52354 39.92147
1202371684 116.52319 39.92119
1202372284 116.52263 39.9223
1202372884 116.5227 39.92155
1202373484 116.5237 39.91989
1202374084 116.52259 39.92134
1202374684 116.52312 39.92075
1202375283 116.52326 39.9206
1202375883 116.52311 39.92053
1202376483 116.52261 39.92173
1202377083 116.52287 39.9212
1202377683 116.52366 39.92085
1202378283 116.52275 39.92161
1202378883 116.52251 39.92213
1202379483 116.47834 39.93628
1202380083 116.4783 39.93631
1202380683 116.47824 39.93635
1202381283 116.47823 39.93637
1202381883 116.47822 39.93641
1202382483 116.47832 39.93652
1202383083 116.47832 39.93647
1202384283 116.47835 39.93646
1202384883 116.47839 39.93648
1202385483 116.47839 39.93647
1202386083 116.47839 39.93646
1202386683 116.47839 39.93645
1202387283 116.47839 39.93644
1202387883 116.4784 39.93643
1202388483 116.47842 39.93639
1202389083 116.47836 39.93631
1202389683 116.47835 39.93631
1202390283 116.47836 39.93632
1202390283 116.47836 39.93632
1202390883 116.47837 39.93634
1202391483 116.47837 39.93635
1202392083 116.47837 39.93636
1202392682 116.47837 39.93637
1202393282 116.47838 39.9364
1202393550 116.52328 39.92051
1202393883 116.47834 39.93641
1202394482 116.47834 39.93639
1202395082 116.47834 39.93637
1202395682 116.47834 39.93636
1202396282 116.47834 39.93635
1202396882 116.47834 39.93636
1202397482 116.47835 39.93636
1202398082 116.47835 39.93636
1202398682 116.47835 39.93636
1202399282 116.47835 39.93636
1202399882 116.47835 39.93636
1202400482 116.47835 39.93638
1202401082 116.47835 39.93638
1202401682 116.47833 39.93659
1202402282 116.4783 39.93646
1202402882 116.4783 39.9364
1202403482 116.47833 39.93638
1202404082 116.4787 39.93694
1202404682 116.47843 39.93648
1202405282 116.47843 39.93646
1202405882 116.47842 39.93644
1202406482 116.47842 39.93644
1202407082 116.47842 39.93643
1202407682 116.47842 39.93643
1202407682 116.47842 39.93643
1202408282 116.47842 39.93643
1202408882 116.47841 39.93642
1202409482 116.47841 39.93642
1202410082 116.47838 39.93637
1202410682 116.47837 39.93636
1202411282 116.47837 39.93638
1202411881 116.50609 39.92189
1202412481 116.52392 39.92126
1202413081 116.52327 39.9207
1202413681 116.5239 39.9211
1202414281 116.52392 39.92109
1202414881 116.52365 39.92071
1202415481 116.5239 39.9211
1202416081 116.52386 39.92081
1202416681 116.52375 39.92074
1202417281 116.52379 39.92079
1202417881 116.52409 39.92049
1202418481 116.52397 39.92054
1202419081 116.524 39.92057
1202419681 116.52369 39.92055
1202420281 116.52342 39.92084
1202420881 116.52377 39.92088
1202421481 116.52412 39.9213
1202422081 116.52411 39.92099
1202422681 116.52407 39.92095
1202423281 116.52387 39.9206
1202423881 116.52397 39.92087
1202424481 116.52391 39.92076
1202425081 116.52393 39.92072
1202425081 116.52393 39.92072
1202425681 116.52407 39.92117
1202426281 116.52366 39.92064
1202426881 116.52374 39.92069
1202427481 116.5241 39.92101
1202428080 116.52427 39.92123
1202428680 116.52412 39.92108
1202429280 116.52388 39.92086
1202429880 116.52391 39.92078
1202430480 116.52385 39.92074
1202431080 116.52388 39.92073
1202431680 116.52397 39.92091
1202432280 116.52392 39.9212
1202432880 116.52389 39.92137
1202433480 116.52388 39.92105
1202434080 116.52384 39.92107
1202434680 116.52395 39.92068
1202435280 116.52428 39.92131
1202435880 116.52386 39.92059
1202438880 116.52376 39.92053
1202439480 116.52381 39.92057
1202440080 116.52388 39.92084
1202440680 116.52395 39.92071
1202441280 116.52377 39.92064
1202441880 116.52372 39.92084
1202442480 116.52567 39.92019
1202442480 116.52567 39.92019
1202443080 116.528 39.91942
1202443680 116.52408 39.9207
1202443680 116.52408 39.9207
1202444280 116.52435 39.92084
1202444880 116.52404 39.92104
1202445479 116.524 39.92092
1202446079 116.52408 39.92082
1202446679 116.52419 39.92116
1202447279 116.5242 39.92092
1202447879 116.52397 39.92107
1202448479 116.52399 39.92113
1202449079 116.52402 39.92103
1202449679 116.52387 39.92121
1202450279 116.52384 39.92106
1202450879 116.5238 39.92117
1202451479 116.52373 39.92133
1202452079 116.52383 39.92109
1202452679 116.52387 39.9211
1202453279 116.52389 39.92063
1202453879 116.52373 39.92093
1202454479 116.52382 39.92049
1202455079 116.52373 39.92069
1202455679 116.52367 39.92122
1202456279 116.52407 39.92117
1202456879 116.52432 39.92126
1202457479 116.52404 39.92042
1202458079 116.52376 39.92054
1202458679 116.52386 39.92126
1202459279 116.5238 39.92088
1202459879 116.52351 39.92116
1202459879 116.52351 39.92116
1202460479 116.52353 39.92135
1202461079 116.52371 39.92107
1202461679 116.52361 39.92089
1202462279 116.52384 39.92093
1202462878 116.52423 39.92131
1202463478 116.52363 39.92091
1202464078 116.52394 39.92104
1202464678 116.524 39.9206
1202465278 116.52375 39.92078
1202465878 116.52379 39.92081
1202466478 116.5239 39.9209
1202467078 116.52438 39.92197
1202467678 116.52405 39.92106
1202468278 116.51487 39.92252
1202468878 116.54124 39.94079
1202469478 116.57788 39.95549
1202470078 116.52237 39.94044
1202470678 116.51038 39.90683
1202471278 116.5124 39.92185
1202483562 116.52357 39.9203
1202484162 116.508 39.92203
1202484762 116.46721 39.96797
1202485362 116.45585 39.98677
1202485962 116.45343 39.95309
1202486562 116.45507 39.9064
1202487162 116.39486 39.90658
1202487762 116.3379 39.90595
1202489562 116.37122 39.91317
1202490162 116.3994 39.92284
1202490762 116.43121 39.92576
1202491362 116.47126 39.92908
