UTS Latitude Longitude
1201959251 116.46771 39.90697
1201959384 116.47179 39.90674
1201959686 116.49989 39.90645
1201959855 116.49861 39.907
1201959986 116.4843 39.90914
1201960457 116.48342 39.89003
1201960759 116.50455 39.86929
1201961362 116.55659 39.86711
1201961965 116.49648 39.87515
1201962098 116.48683 39.88013
1201962098 116.48683 39.88013
1201962569 116.45113 39.88308
1201963003 116.42179 39.90716
1201964084 116.41755 39.92333
1201964084 116.41755 39.92333
1201964084 116.41755 39.92333
1201965531 116.39401 39.92209
1201965547 116.39338 39.92274
1201965833 116.38985 39.93629
1201965849 116.38977 39.93764
1201966134 116.37383 39.94678
1201966151 116.37363 39.94782
1201966452 116.37357 39.94986
1201966737 116.35914 39.94506
1201966753 116.35748 39.94456
1201967038 116.33428 39.9371
1201967055 116.33371 39.93718
1201967340 116.32511 39.93468
1201967356 116.32316 39.93436
1201967642 116.30314 39.93111
1201967658 116.29962 39.93113
1201967943 116.27577 39.927
1201967960 116.27452 39.92717
1201968245 116.26645 39.92815
1201968261 116.26583 39.9288
1201968547 116.26888 39.92638
1201968848 116.28152 39.92289
1201968865 116.28292 39.92285
1201969150 116.29439 39.92256
1201969166 116.29437 39.92254
1201969452 116.30337 39.92251
1201969468 116.30486 39.92274
1201969753 116.31671 39.93769
1201969770 116.32026 39.93739
1201970055 116.34956 39.93954
1201970071 116.34955 39.94026
1201970071 116.34955 39.94026
1201970357 116.38141 39.94748
1201970357 116.38141 39.94748
1201970373 116.38263 39.94748
1201970658 116.39958 39.94752
1201970960 116.41931 39.94319
1201970976 116.41937 39.94175
1201971262 116.40282 39.93933
1201971278 116.40238 39.93927
1201971563 116.4024 39.93634
1201971580 116.40246 39.93543
1201971865 116.40262 39.93296
1201971881 116.40255 39.93295
1201972167 116.40868 39.92295
1201972183 116.40859 39.92292
1201972468 116.41379 39.92285
1201972485 116.41463 39.92288
1201972770 116.42056 39.91129
1201973072 116.41458 39.90193
1201973088 116.41434 39.90206
1201973373 116.40556 39.89961
1201973675 116.39435 39.89892
1201973691 116.39412 39.89888
1201973993 116.36883 39.89848
1201974278 116.35765 39.89802
1201974295 116.35774 39.89804
1201974580 116.31737 39.89596
1201974596 116.31682 39.896
1201974882 116.30989 39.89594
1201974898 116.30854 39.89594
1201975485 116.29891 39.89557
1201975501 116.30074 39.8957
1201975787 116.3626 39.89818
1201976088 116.37604 39.89863
1201976105 116.376 39.89864
1201976390 116.39221 39.89875
1201976692 116.39665 39.90632
1201976708 116.39663 39.90632
1201976993 116.41107 39.90672
1201977010 116.413 39.90672
1201977295 116.41706 39.9027
1201977393 116.41603 39.90191
1201977393 116.41603 39.90191
1201978094 116.41079 39.89991
1201978143 116.40936 39.89976
1201978396 116.39502 39.89909
1201978445 116.39383 39.89891
1201978697 116.38592 39.90182
1201978746 116.38968 39.90128
1201978999 116.37584 39.89879
1201979048 116.37171 39.89857
1201979301 116.36864 39.89845
1201979350 116.36449 39.89842
1201979350 116.36449 39.89842
1201979602 116.35449 39.89811
1201979651 116.34607 39.89666
1201979904 116.3426 39.88078
1201979953 116.34272 39.87741
1201980206 116.33947 39.87238
1201980255 116.33945 39.87239
1201980507 116.33161 39.87178
1201980507 116.33161 39.87178
1201980556 116.33003 39.87163
1201980809 116.33011 39.86863
1201980858 116.33008 39.86846
1201981111 116.32999 39.86758
1201981160 116.32989 39.86748
1201981461 116.30998 39.85716
1201981763 116.29786 39.85634
1201982016 116.28771 39.8577
1201982065 116.28797 39.8576
1201982317 116.2843 39.86221
1201982366 116.28634 39.86458
1201982619 116.31735 39.86674
1201982668 116.32176 39.86674
1201982921 116.32552 39.86676
1201982970 116.32551 39.8687
1201983222 116.32065 39.87695
1201983271 116.3205 39.87991
1201983524 116.32208 39.87578
1201983573 116.32855 39.87594
1201983826 116.33384 39.87512
1201983875 116.33421 39.87458
1201984127 116.3207 39.87585
1201984176 116.32055 39.87903
1201984429 116.32041 39.886
1201984478 116.32036 39.88627
1201984780 116.34034 39.88948
1201985032 116.33927 39.88844
1201985081 116.3376 39.88843
1201985334 116.31538 39.88833
1201985383 116.31211 39.88687
1201985636 116.30476 39.8802
1201985685 116.30546 39.87445
1201985937 116.30367 39.85857
1201985986 116.30332 39.86051
1201986239 116.30758 39.86763
1201986288 116.30585 39.87327
1201986541 116.31591 39.88817
1201986590 116.31929 39.88862
1201987144 116.32353 39.88875
1201987193 116.31734 39.88864
1201987446 116.30241 39.88254
1201987495 116.29215 39.87908
1201987747 116.23506 39.8578
1201987796 116.22913 39.8498
1201988049 116.20744 39.82041
1201988098 116.20256 39.81358
1201988351 116.15817 39.77462
1201988400 116.14977 39.76515
1201988652 116.13557 39.74171
1201988701 116.13005 39.73827
1201988954 116.12967 39.72992
1201989003 116.12976 39.72657
1201989244 116.1289 39.71824
1201989424 116.11724 39.70449
1201989559 116.10083 39.68794
1201989864 116.0994 39.69028
1201990275 116.09931 39.69035
1201990275 116.09931 39.69035
1201990275 116.09931 39.69035
1201990275 116.09931 39.69035
1201990275 116.09931 39.69035
1201990275 116.09931 39.69035
1201990275 116.09931 39.69035
1201990275 116.09931 39.69035
1201990275 116.09931 39.69035
1201990275 116.09931 39.69035
1201990275 116.09931 39.69035
1201990275 116.09931 39.69035
1201994075 116.09937 39.69036
1201994382 116.09931 39.6903
1201994382 116.09931 39.6903
1201994382 116.09931 39.6903
1201994382 116.09931 39.6903
1201994382 116.09931 39.6903
1201994382 116.09931 39.6903
1201994382 116.09931 39.6903
1201994382 116.09931 39.6903
1201994382 116.09931 39.6903
1201994382 116.09931 39.6903
1201994382 116.09931 39.6903
1201994382 116.09931 39.6903
1201994382 116.09931 39.6903
1201994382 116.09931 39.6903
1201994382 116.09931 39.6903
1201994382 116.09931 39.6903
1201994382 116.09931 39.6903
1201994382 116.09931 39.6903
1201994382 116.09931 39.6903
1201994382 116.09931 39.6903
1201994382 116.09931 39.6903
1201994382 116.09931 39.6903
1201994382 116.09931 39.6903
1202029635 116.09937 39.69034
1202029928 116.09937 39.69035
1202029937 116.09938 39.69036
1202030531 116.1014 39.69069
1202030833 116.12612 39.71418
1202030842 116.12642 39.7145
1202031134 116.13502 39.72514
1202031144 116.13601 39.72537
1202031436 116.13582 39.74592
1202031445 116.13585 39.74593
1202031738 116.1614 39.77691
1202032049 116.20697 39.82566
1202032341 116.22631 39.84829
1202032350 116.22807 39.84917
1202032643 116.25857 39.87198
1202032652 116.25858 39.87336
1202032944 116.27339 39.87047
1202032954 116.27421 39.86931
1202033246 116.28001 39.83778
1202033255 116.28003 39.83779
1202033548 116.28051 39.83572
1202033557 116.28069 39.83512
1202033849 116.33275 39.82942
1202033859 116.33563 39.82956
1202034151 116.405 39.83074
1202034160 116.40619 39.83062
1202034160 116.40619 39.83062
1202034452 116.41195 39.8264
1202034452 116.41195 39.8264
1202034462 116.41145 39.82673
1202034754 116.39501 39.83511
1202035056 116.39408 39.85281
1202035065 116.39396 39.85436
1202035357 116.39239 39.88456
1202035367 116.39242 39.88456
1202035960 116.37827 39.89471
1202035969 116.37824 39.89552
1202036261 116.36792 39.90582
1202036271 116.36794 39.90633
1202036563 116.36391 39.91321
1202036572 116.36302 39.91303
1202036865 116.35025 39.91237
1202036874 116.35027 39.91137
1202037166 116.32916 39.90748
1202037770 116.30355 39.95072
1202037779 116.30345 39.95195
1202038071 116.28943 39.99339
1202038081 116.28915 39.99496
1202038373 116.28117 40.01094
1202038382 116.28116 40.01095
1202038675 116.28165 40.00788
1202038684 116.28175 40.00748
1202038976 116.29311 39.98879
1202038986 116.29333 39.98787
1202039580 116.36301 40.00139
1202039589 116.36224 40.00244
1202041132 116.31005 39.98462
1202041201 116.31 39.98465
1202041735 116.34957 39.94887
1202041804 116.3498 39.94821
1202042037 116.34893 39.94165
1202042106 116.34878 39.94049
1202042338 116.34287 39.93111
1202042407 116.33978 39.93115
1202042709 116.3205 39.93112
1202042942 116.31584 39.92688
1202043011 116.31534 39.92393
1202043243 116.31554 39.92264
1202043312 116.31555 39.92256
1202043671 116.31546 39.92265
1202043671 116.31546 39.92265
1202043671 116.31546 39.92265
1202044829 116.30381 39.92195
1202044877 116.30386 39.91749
1202045130 116.3041 39.9069
1202045178 116.30263 39.90508
1202045178 116.30263 39.90508
1202045432 116.31507 39.89999
1202045480 116.31507 39.89711
1202045782 116.27967 39.89591
1202046341 116.25705 39.97168
1202046341 116.25705 39.97168
1202046442 116.26033 39.97393
1202046744 116.25526 39.97362
1202046928 116.26951 39.95609
1202047662 116.26936 39.94935
1202048554 116.30397 39.93522
1202048554 116.30397 39.93522
1202048738 116.30398 39.92506
1202049040 116.30408 39.90794
1202049156 116.30422 39.89289
1202049458 116.31857 39.88851
1202049760 116.32038 39.88547
1202049944 116.32042 39.88329
1202050849 116.33666 39.89135
1202051150 116.33632 39.89537
1202051268 116.3297 39.89617
1202051268 116.3297 39.89617
1202051452 116.33299 39.89635
1202051885 116.31523 39.89197
1202052055 116.31062 39.88612
1202052173 116.30553 39.88416
1202052357 116.30461 39.88942
1202052475 116.30456 39.88942
1202052659 116.30447 39.8916
1202052960 116.34249 39.88998
1202053078 116.34268 39.8704
1202053262 116.37719 39.86934
1202053379 116.37851 39.86811
1202053564 116.39529 39.86956
1202053681 116.39437 39.87546
1202054167 116.34786 39.86721
1202054167 116.34786 39.86721
1202054284 116.34294 39.87898
1202054586 116.31649 39.896
1202054770 116.31524 39.89723
1202054888 116.308 39.896
1202055072 116.3049 39.90754
1202055374 116.30409 39.94489
1202055491 116.30341 39.95521
1202055675 116.31349 39.95555
1202055793 116.31149 39.95566
1202056094 116.30377 39.94156
1202056279 116.30401 39.91846
1202056396 116.30409 39.90974
1202056580 116.31264 39.90613
1202056698 116.31526 39.8963
1202056882 116.31491 39.89613
1202056999 116.30541 39.89626
1202057184 116.30521 39.90737
1202057787 116.30415 39.93112
1202057904 116.29654 39.94376
1202058089 116.29003 39.95751
1202058206 116.28402 39.9567
1202058390 116.26975 39.95797
1202058508 116.26946 39.95628
1202058692 116.26867 39.92963
1202058809 116.26481 39.92765
1202058809 116.26481 39.92765
1202058994 116.25781 39.92792
1202059111 116.25522 39.93033
1202059295 116.25468 39.928
1202059413 116.25882 39.92775
1202059714 116.26829 39.91503
1202060200 116.30401 39.88692
1202060318 116.30439 39.88211
1202060921 116.30871 39.87368
1202061105 116.30562 39.87546
1202062128 116.33888 39.82419
1202062613 116.33537 39.82165
1202062915 116.33289 39.82924
1202063032 116.32861 39.82958
1202063518 116.30079 39.82957
1202063636 116.29137 39.83043
1202063820 116.28702 39.83267
1202064239 116.27781 39.84562
1202064423 116.27226 39.87394
1202064842 116.27254 39.89909
1202065157 116.27664 39.8992
1202065446 116.27735 39.91139
1202065932 116.29467 39.91506
1202066049 116.2961 39.91217
1202066351 116.31095 39.90986
1202066351 116.31095 39.90986
1202066652 116.31484 39.90668
1202066837 116.31523 39.89626
1202066954 116.31518 39.899
1202067138 116.31974 39.8983
1202067256 116.32085 39.89838
1202067440 116.32129 39.89874
1202067742 116.32283 39.89791
1202067859 116.33156 39.89589
1202068043 116.33423 39.89601
1202068345 116.34646 39.89652
1202068948 116.34215 39.89266
1202069066 116.3412 39.88842
1202069551 116.3299 39.88339
1202069852 116.31808 39.88314
1202070154 116.31555 39.89167
1202070271 116.31463 39.8919
1202070757 116.34288 39.87231
1202070875 116.36059 39.86821
1202071059 116.39089 39.8702
1202071176 116.3977 39.87051
1202071361 116.4085 39.87077
1202071964 116.41801 39.86421
1202072081 116.4155 39.86486
1202072266 116.43748 39.87012
1202072567 116.44035 39.89449
1202072685 116.44087 39.89344
1202072869 116.43808 39.89063
1202072986 116.43891 39.87477
1202073171 116.41233 39.86972
1202073472 116.35184 39.86708
1202073590 116.32883 39.86688
1202073774 116.31845 39.86679
1202073891 116.29413 39.86536
1202073891 116.29413 39.86536
1202074076 116.24695 39.86267
1202074495 116.19644 39.80497
1202074679 116.16087 39.77681
1202075282 116.12981 39.7298
1202075400 116.12969 39.72239
1202075701 116.12875 39.71814
1202076003 116.10565 39.69256
1202076305 116.1085 39.65706
1202077194 116.09879 39.68048
1202081192 116.09938 39.69038
1202081571 116.09934 39.69035
1202081571 116.09934 39.69035
1202081571 116.09934 39.69035
1202081571 116.09934 39.69035
1202081571 116.09934 39.69035
1202081571 116.09934 39.69035
1202081571 116.09934 39.69035
1202081571 116.09934 39.69035
1202081571 116.09934 39.69035
1202081571 116.09934 39.69035
1202081571 116.09934 39.69035
1202081571 116.09934 39.69035
1202081571 116.09934 39.69035
1202081571 116.09934 39.69035
1202081571 116.09934 39.69035
1202081571 116.09934 39.69035
1202081571 116.09934 39.69035
1202081571 116.09934 39.69035
1202081571 116.09934 39.69035
1202081571 116.09934 39.69035
1202081571 116.09934 39.69035
1202081571 116.09934 39.69035
1202081571 116.09934 39.69035
1202115607 116.09935 39.69035
1202115617 116.09935 39.69035
1202115909 116.09938 39.69037
1202115918 116.09937 39.69036
1202116211 116.10104 39.6905
1202116220 116.10129 39.69063
1202116512 116.12815 39.71641
1202116522 116.12935 39.71775
1202116522 116.12935 39.71775
1202116814 116.13527 39.74134
1202116823 116.13534 39.74138
1202117115 116.1629 39.77791
1202117125 116.1656 39.77933
1202117417 116.20659 39.82811
1202117426 116.20632 39.82993
1202117426 116.20632 39.82993
1202117719 116.23186 39.85278
1202117728 116.23228 39.8545
1202118020 116.26061 39.87976
1202118030 116.26142 39.87978
1202118322 116.2683 39.88715
1202118331 116.26826 39.88817
1202118624 116.30334 39.89563
1202118633 116.30457 39.89565
1202118925 116.30606 39.9066
1202118935 116.30587 39.90676
1202119227 116.2974 39.896
1202119236 116.29617 39.89601
1202119529 116.3109 39.90617
1202119538 116.31245 39.90619
1202120910 116.32285 39.9064
1202120976 116.31679 39.90651
1202121211 116.31503 39.89836
1202121278 116.31512 39.89697
1202121513 116.30447 39.90113
1202121579 116.3061 39.90575
1202121815 116.30426 39.89216
1202121881 116.30465 39.88159
1202122116 116.30157 39.8789
1202122183 116.30147 39.87932
1202122418 116.30171 39.88211
1202122484 116.30795 39.88478
1202122720 116.30458 39.88624
1202122786 116.30458 39.88949
1202123021 116.3045 39.88932
1202123088 116.30455 39.88941
1202123323 116.30459 39.88932
1202123389 116.30452 39.88997
1202123625 116.27576 39.89579
1202123696 116.25875 39.89574
1202123926 116.20381 39.89088
1202123993 116.20179 39.87913
1202124294 116.20524 39.84094
1202124530 116.1962 39.80361
1202124596 116.19088 39.78879
1202124831 116.16164 39.77134
1202124898 116.15948 39.76452
1202125133 116.1687 39.75044
1202125199 116.16848 39.75019
1202125435 116.15896 39.7636
1202125501 116.16519 39.77095
1202125736 116.18737 39.79613
1202125803 116.18986 39.80517
1202125803 116.18986 39.80517
1202126038 116.20301 39.81999
1202126114 116.20317 39.82834
1202126338 116.21167 39.84382
1202126405 116.21486 39.84425
1202126640 116.2289 39.84938
1202126710 116.23329 39.85621
1202126942 116.25862 39.87826
1202127008 116.26382 39.87971
1202127243 116.26952 39.87909
1202127243 116.26952 39.87909
1202127310 116.26946 39.88193
1202127545 116.26829 39.90241
1202127847 116.27189 39.90598
1202127913 116.27732 39.90587
1202128148 116.27732 39.90551
1202128215 116.27732 39.90547
1202128450 116.27744 39.91116
1202128517 116.27739 39.9166
1202128752 116.28517 39.92266
1202128818 116.29047 39.92264
1202129053 116.30292 39.92259
1202129120 116.30431 39.92507
1202129422 116.31925 39.94183
1202129657 116.3111 39.94467
1202129723 116.30842 39.94659
1202129958 116.31744 39.95236
1202130025 116.31819 39.94681
1202130260 116.31953 39.93392
1202130327 116.31959 39.93154
1202130562 116.31553 39.92266
1202130628 116.31551 39.92259
1202131051 116.31557 39.92261
1202131051 116.31557 39.92261
1202131051 116.31557 39.92261
1202131051 116.31557 39.92261
1202132513 116.30606 39.92304
1202132679 116.30377 39.92427
1202132815 116.30338 39.92203
1202132981 116.30387 39.91428
1202133117 116.30387 39.90923
1202133282 116.30387 39.9079
1202133584 116.30439 39.91194
1202133720 116.30421 39.92074
1202133886 116.30404 39.92602
1202134022 116.30414 39.93216
1202134187 116.30264 39.9576
1202134323 116.31484 39.96535
1202134489 116.31078 39.97737
1202134625 116.31044 39.97897
1202134791 116.30944 39.98083
1202134791 116.30944 39.98083
1202134927 116.31041 39.97648
1202135092 116.31211 39.97243
1202135228 116.31379 39.96547
1202135394 116.29966 39.9599
1202135530 116.28981 39.95742
1202135696 116.27821 39.95812
1202135832 116.27445 39.95984
1202136133 116.28187 39.95606
1202136299 116.28945 39.9408
1202136435 116.29011 39.92265
1202136737 116.30394 39.91401
1202136902 116.30415 39.90517
1202137043 116.30414 39.89503
1202137204 116.3044 39.88292
1202137340 116.30966 39.88576
1202137506 116.31732 39.88847
1202137807 116.34072 39.89072
1202138109 116.32257 39.88871
1202138249 116.3112 39.88641
1202138411 116.30459 39.88927
1202138547 116.30463 39.8893
1202138712 116.30454 39.88928
1202138848 116.30461 39.8893
1202139150 116.30447 39.90066
1202139452 116.30452 39.9092
1202139617 116.30455 39.92166
1202139753 116.29289 39.92278
1202139919 116.27886 39.9257
1202140055 116.27759 39.92716
1202140220 116.27884 39.92337
1202140356 116.2822 39.92276
1202140521 116.29062 39.91698
1202140657 116.29606 39.91178
1202140823 116.30875 39.90999
1202140959 116.30681 39.90685
1202141261 116.30439 39.90794
1202141562 116.31893 39.92222
1202141728 116.32851 39.92142
1202141864 116.33305 39.91699
1202142166 116.34639 39.91709
1202142331 116.34856 39.91699
1202142467 116.35008 39.91335
1202142633 116.35028 39.91101
1202142769 116.35012 39.90852
1202142934 116.3388 39.90569
1202143071 116.32983 39.9063
1202143236 116.31585 39.90639
1202143372 116.31069 39.90814
1202143538 116.29833 39.91165
1202143676 116.30133 39.91377
1202143839 116.29612 39.914
1202143976 116.30541 39.91072
1202144141 116.30653 39.90698
1202144277 116.30246 39.90682
1202144443 116.29711 39.89579
1202144579 116.28394 39.89605
1202144744 116.26951 39.89712
1202144883 116.2671 39.89227
1202145046 116.26764 39.88678
1202145182 116.26893 39.88362
1202145348 116.27282 39.89564
1202145508 116.30368 39.89565
1202145649 116.313 39.8956
1202145951 116.32279 39.90341
1202146087 116.32658 39.90591
1202146253 116.31844 39.90644
1202146389 116.31487 39.90733
1202146389 116.31487 39.90733
1202146554 116.31523 39.89618
1202146690 116.31076 39.89598
1202146856 116.30425 39.9054
1202146992 116.30416 39.92573
1202147158 116.30328 39.9312
1202147459 116.30327 39.94127
1202147595 116.31365 39.93294
1202147897 116.29043 39.93108
1202148063 116.26949 39.93137
1202148199 116.26981 39.95308
1202148666 116.24018 39.984
1202148802 116.24032 39.98381
1202148968 116.24557 39.98603
1202149104 116.25523 39.97358
1202149269 116.2684 39.96321
1202149405 116.26842 39.94784
1202149571 116.26802 39.94623
1202149707 116.26789 39.94268
1202149873 116.26821 39.93308
1202149873 116.26821 39.93308
1202150009 116.26727 39.92384
1202150174 116.26868 39.91865
1202150476 116.28345 39.92273
1202150612 116.2898 39.91754
1202150778 116.28898 39.91377
1202150914 116.28889 39.91321
1202151079 116.29487 39.91175
1202151215 116.29591 39.90855
1202151381 116.29611 39.90676
1202151517 116.28898 39.90536
1202151683 116.28889 39.89516
1202151819 116.2889 39.88806
1202151984 116.28863 39.8738
1202152120 116.28812 39.86527
1202152286 116.28782 39.85828
1202152422 116.28781 39.85261
1202152648 116.29226 39.85281
1202152726 116.28784 39.8552
1202152949 116.29057 39.86489
1202153028 116.30004 39.86553
1202153330 116.30623 39.87009
1202153553 116.30516 39.87976
1202153631 116.30747 39.88106
1202153854 116.31624 39.8743
1202153933 116.31987 39.87374
1202153933 116.31987 39.87374
1202154156 116.32047 39.88032
1202154235 116.32058 39.88114
1202154458 116.32047 39.88218
1202154536 116.32039 39.88663
1202154759 116.33118 39.89605
1202154838 116.33677 39.89634
1202155140 116.3568 39.89802
1202155363 116.36543 39.89823
1202155441 116.36779 39.89817
1202155664 116.36821 39.8956
1202155664 116.36821 39.8956
1202155743 116.36811 39.89417
1202155966 116.36814 39.89203
1202156045 116.36812 39.89063
1202156268 116.3681 39.88835
1202156348 116.36804 39.88365
1202156569 116.36562 39.87717
1202156648 116.36456 39.87723
1202156871 116.35874 39.88199
1202156950 116.3574 39.88706
1202157173 116.34888 39.8883
1202157251 116.34592 39.88844
1202157474 116.34145 39.88835
1202157553 116.34213 39.88623
1202157776 116.34055 39.88791
1202157855 116.33914 39.88842
1202158077 116.32067 39.88878
1202158156 116.31871 39.8887
1202158379 116.31111 39.88642
1202158458 116.30599 39.88417
1202158681 116.26818 39.87218
1202158760 116.25333 39.86521
1202158982 116.21539 39.84347
1202159363 116.19005 39.78743
1202159586 116.14522 39.7608
1202159665 116.13929 39.75632
1202159887 116.12979 39.73502
1202160491 116.12898 39.71829
1202160570 116.12802 39.71634
1202160792 116.10951 39.69648
1202160871 116.10258 39.69106
1202161094 116.09934 39.69037
1202161396 116.09931 39.69036
1202161474 116.09933 39.69038
1202161697 116.0993 39.69037
1202161776 116.0993 39.69038
1202161999 116.09934 39.69038
1202162078 116.09931 39.69036
1202162301 116.09931 39.69037
1202162379 116.09932 39.69039
1202162602 116.09931 39.69036
1202162681 116.0993 39.69039
1202162904 116.09935 39.69038
1202162983 116.09936 39.69038
1202163206 116.09936 39.69036
1202163206 116.09936 39.69036
1202163284 116.09933 39.69036
1202163585 116.09936 39.69036
1202163808 116.09934 39.69037
1202163887 116.09935 39.69035
1202164110 116.09936 39.69037
1202164188 116.09936 39.69037
1202164411 116.09934 39.69035
1202164490 116.09935 39.69034
1202164713 116.09935 39.69034
1202164792 116.09932 39.69035
1202165015 116.09933 39.69036
1202165093 116.09934 39.69037
1202165316 116.09935 39.69037
1202165395 116.09934 39.69037
1202165618 116.09935 39.69036
1202165697 116.09934 39.69037
1202166107 116.09933 39.69035
1202166107 116.09933 39.69035
1202166107 116.09933 39.69035
1202166107 116.09933 39.69035
1202166107 116.09933 39.69035
1202166107 116.09933 39.69035
1202166107 116.09933 39.69035
1202166107 116.09933 39.69035
1202166107 116.09933 39.69035
1202166107 116.09933 39.69035
1202166107 116.09933 39.69035
1202166107 116.09933 39.69035
1202166107 116.09933 39.69035
1202166107 116.09933 39.69035
1202166107 116.09933 39.69035
1202166107 116.09933 39.69035
1202169676 116.09932 39.69036
1202169787 116.09929 39.69035
1202169908 116.09935 39.69035
1202170215 116.09938 39.69035
1202170215 116.09938 39.69035
1202170215 116.09938 39.69035
1202170215 116.09938 39.69035
1202170215 116.09938 39.69035
1202170215 116.09938 39.69035
1202170215 116.09938 39.69035
1202170215 116.09938 39.69035
1202170215 116.09938 39.69035
1202170215 116.09938 39.69035
1202170215 116.09938 39.69035
1202170215 116.09938 39.69035
1202170215 116.09938 39.69035
1202170215 116.09938 39.69035
1202170215 116.09938 39.69035
1202170215 116.09938 39.69035
1202170215 116.09938 39.69035
1202170215 116.09938 39.69035
1202170215 116.09938 39.69035
1202170215 116.09938 39.69035
1202201837 116.09935 39.69036
1202201846 116.09937 39.69036
1202202148 116.09935 39.69035
1202202440 116.09938 39.69033
1202202450 116.09934 39.69034
1202202742 116.10871 39.6956
1202202751 116.10972 39.69662
1202203044 116.12978 39.72326
1202203053 116.1298 39.72429
1202203345 116.13529 39.74138
1202203355 116.13526 39.74137
1202203647 116.14888 39.76389
1202203656 116.15061 39.76569
1202203958 116.20754 39.82092
1202204250 116.23606 39.8582
1202204260 116.23813 39.85908
1202204561 116.26705 39.8795
1202204854 116.26865 39.89435
1202204863 116.26914 39.89509
1202205155 116.27676 39.89899
1202205165 116.27737 39.89918
1202205457 116.27729 39.91534
1202205466 116.27733 39.91658
1202205759 116.29264 39.9225
1202206060 116.30043 39.92248
1202206362 116.30042 39.92247
1202206371 116.30043 39.92248
1202206664 116.30044 39.92249
1202206673 116.30045 39.92249
1202206965 116.30319 39.92216
1202206975 116.30383 39.92151
1202207267 116.30402 39.882
1202207276 116.30389 39.88257
1202207569 116.33027 39.88347
1202207578 116.33024 39.88318
1202207578 116.33024 39.88318
1202207870 116.32805 39.87765
1202207870 116.32805 39.87765
1202207880 116.32805 39.87823
1202208172 116.31622 39.88315
1202208181 116.31619 39.88315
1202208474 116.32243 39.89232
1202208483 116.32311 39.89281
1202208775 116.3176 39.90062
1202208785 116.31759 39.90039
1202209077 116.3045 39.89931
1202209086 116.30447 39.89999
1202209388 116.30458 39.90785
1202209680 116.30454 39.90786
1202209690 116.30454 39.90785
1202210356 116.30417 39.92915
1202210468 116.30399 39.94708
1202210657 116.32541 39.96617
1202210770 116.34865 39.96635
1202210770 116.34865 39.96635
1202210959 116.38949 39.96713
1202211071 116.40845 39.96756
1202211261 116.41131 39.97828
1202211562 116.40161 39.98169
1202211675 116.40109 39.97925
1202211864 116.39997 39.96772
1202211976 116.39434 39.96755
1202213313 116.31053 39.97733
1202213377 116.31036 39.97652
1202213377 116.31036 39.97652
1202214282 116.31118 39.97511
1202214821 116.34877 39.95608
1202214886 116.35002 39.9465
1202215123 116.34938 39.93261
1202215123 116.34938 39.93261
1202215791 116.31582 39.93116
1202215791 116.31582 39.93116
1202216028 116.3187 39.9374
1202216092 116.31921 39.94096
1202216394 116.31315 39.97085
1202216631 116.31054 39.98201
1202216696 116.31131 39.98399
1202216933 116.34335 39.98521
1202217235 116.36237 39.99242
1202217536 116.36344 39.97818
1202217838 116.35973 39.97534
1202217902 116.35962 39.97532
1202218140 116.35936 39.97228
1202218762 116.35954 39.97166
1202218933 116.35482 39.96663
1202219014 116.35462 39.96664
1202219368 116.35383 39.96662
1202219597 116.33108 39.9666
1202219670 116.33102 39.9667
1202219971 116.33105 39.96663
1202220200 116.33105 39.96669
1202220273 116.32891 39.96646
1202220502 116.30578 39.96264
1202220575 116.30295 39.96186
1202220804 116.29624 39.96355
1202221105 116.29163 39.96695
1202221406 116.29159 39.96691
1202221479 116.29166 39.96695
1202221708 116.29166 39.96705
1202222009 116.29157 39.96698
1202222082 116.29526 39.96719
1202222082 116.29526 39.96719
1202222311 116.30178 39.96079
1202222384 116.30277 39.95459
1202222612 116.30375 39.94166
1202222685 116.3038 39.93357
1202222987 116.30393 39.91496
1202223216 116.3039 39.90842
1202223289 116.30383 39.90784
1202223517 116.30426 39.88881
1202223590 116.30491 39.87873
1202223819 116.30865 39.86707
1202223819 116.30865 39.86707
1202223892 116.30717 39.86801
1202224121 116.30558 39.8758
1202224193 116.3055 39.87657
1202224422 116.30484 39.88117
1202224495 116.30303 39.88288
1202224724 116.25774 39.87105
1202224797 116.25845 39.86434
1202225026 116.24908 39.85861
1202225098 116.25085 39.85914
1202225327 116.27304 39.86366
1202225400 116.28236 39.86424
1202225629 116.27387 39.87095
1202225702 116.27322 39.87216
1202225931 116.26837 39.88678
1202226003 116.26838 39.89311
1202226232 116.26837 39.90319
1202226309 116.27064 39.90601
1202226534 116.26847 39.90652
1202226607 116.26848 39.90651
1202226836 116.26928 39.92116
1202226908 116.26906 39.93149
1202227137 116.27173 39.94249
1202227210 116.26863 39.94165
1202227439 116.26842 39.93155
1202227512 116.26742 39.92733
1202227741 116.2688 39.9196
1202227813 116.27614 39.92294
1202228042 116.29398 39.92263
1202228344 116.32752 39.92178
1202228646 116.33764 39.92178
1202228718 116.33997 39.922
1202228947 116.34985 39.92933
1202229020 116.34938 39.93515
1202229249 116.35296 39.9507
1202229322 116.35412 39.95083
1202229551 116.36287 39.95113
1202229623 116.36055 39.95103
1202229623 116.36055 39.95103
1202229852 116.35482 39.95088
1202229925 116.3546 39.9508
1202230154 116.34953 39.95101
1202230227 116.34874 39.9604
1202230456 116.33813 39.98552
1202230528 116.33433 39.98592
1202230833 116.33885 39.98508
1202230878 116.34642 39.98524
1202231135 116.36638 39.98602
1202231180 116.37642 39.98626
1202231437 116.3882 39.96874
1202231482 116.38662 39.96673
1202231738 116.41329 39.96756
1202231783 116.41323 39.96801
1202232040 116.41075 39.96801
1202232085 116.40444 39.9678
1202232342 116.3945 39.96764
1202232387 116.39442 39.96764
1202232643 116.39073 39.96744
1202232688 116.38416 39.96709
1202232945 116.34666 39.9671
1202232990 116.34718 39.96285
1202233247 116.34994 39.94365
1202233292 116.34993 39.94266
1202233548 116.34961 39.93229
1202233592 116.34957 39.9308
1202233849 116.34746 39.92247
1202233894 116.34126 39.92203
1202234151 116.33872 39.92189
1202234196 116.33849 39.92195
1202234452 116.33803 39.90799
1202234497 116.33846 39.9076
1202234754 116.32716 39.90638
1202236301 116.29928 39.93867
1202236455 116.29447 39.9362
1202236602 116.29622 39.93236
1202236756 116.27916 39.93095
1202237693 116.26807 39.91233
1202237702 116.26793 39.91082
1202238994 116.13579 39.74898
1202239060 116.13574 39.74612
1202239295 116.13583 39.73279
1202239362 116.13579 39.7304
1202239667 116.13617 39.72562
1202239718 116.13586 39.72932
1202239937 116.13587 39.72494
1202240507 116.13004 39.72826
1202240686 116.1297 39.72532
1202240815 116.12975 39.72059
1202241121 116.1297 39.71774
1202241478 116.12959 39.71786
1202242145 116.12969 39.7178
1202242997 116.12967 39.71784
1202243230 116.11539 39.70246
1202243299 116.10789 39.6948
1202243499 116.10119 39.69205
1202244019 116.10135 39.69192
1202244326 116.10141 39.69195
1202244326 116.10141 39.69195
1202244326 116.10141 39.69195
1202244326 116.10141 39.69195
1202244326 116.10141 39.69195
1202244326 116.10141 39.69195
1202244326 116.10141 39.69195
1202244326 116.10141 39.69195
1202244326 116.10141 39.69195
1202244326 116.10141 39.69195
1202247584 116.09944 39.69023
1202247885 116.10079 39.68594
1202247885 116.10079 39.68594
1202247897 116.1006 39.68399
1202248106 116.09358 39.67479
1202248435 116.09363 39.67482
1202248435 116.09363 39.67482
1202248435 116.09363 39.67482
1202248435 116.09363 39.67482
1202248435 116.09363 39.67482
1202248435 116.09363 39.67482
1202248435 116.09363 39.67482
1202248435 116.09363 39.67482
1202248435 116.09363 39.67482
1202248435 116.09363 39.67482
1202248435 116.09363 39.67482
1202248435 116.09363 39.67482
1202248435 116.09363 39.67482
1202248435 116.09363 39.67482
1202248435 116.09363 39.67482
1202248435 116.09363 39.67482
1202248435 116.09363 39.67482
1202248435 116.09363 39.67482
1202254417 116.09514 39.67589
1202254649 116.09983 39.68995
1202254719 116.09937 39.69036
1202255138 116.09938 39.69036
1202255138 116.09938 39.69036
1202255138 116.09938 39.69036
1202255138 116.09938 39.69036
1202255138 116.09938 39.69036
1202255138 116.09938 39.69036
1202255138 116.09938 39.69036
1202255138 116.09938 39.69036
1202255138 116.09938 39.69036
1202255138 116.09938 39.69036
1202255138 116.09938 39.69036
1202255138 116.09938 39.69036
1202255138 116.09938 39.69036
1202255138 116.09938 39.69036
1202255138 116.09938 39.69036
1202255138 116.09938 39.69036
1202255138 116.09938 39.69036
1202255138 116.09938 39.69036
1202255138 116.09938 39.69036
1202255138 116.09938 39.69036
1202255138 116.09938 39.69036
1202255138 116.09938 39.69036
1202255138 116.09938 39.69036
1202255138 116.09938 39.69036
1202255138 116.09938 39.69036
1202255138 116.09938 39.69036
1202255138 116.09938 39.69036
1202255138 116.09938 39.69036
1202255138 116.09938 39.69036
1202255138 116.09938 39.69036
1202255138 116.09938 39.69036
1202255138 116.09938 39.69036
1202255138 116.09938 39.69036
1202255138 116.09938 39.69036
1202255138 116.09938 39.69036
1202255138 116.09938 39.69036
1202255138 116.09938 39.69036
1202255138 116.09938 39.69036
1202255138 116.09938 39.69036
1202255138 116.09938 39.69036
1202255138 116.09938 39.69036
1202255138 116.09938 39.69036
1202255138 116.09938 39.69036
1202255138 116.09938 39.69036
1202255138 116.09938 39.69036
1202255138 116.09938 39.69036
1202255138 116.09938 39.69036
1202300640 116.09925 39.69039
1202300654 116.09924 39.69039
1202300942 116.09935 39.69032
1202300956 116.09934 39.69033
1202300956 116.09934 39.69033
1202301243 116.09938 39.69036
1202301243 116.09938 39.69036
1202301258 116.09937 39.69035
1202301545 116.09938 39.69035
1202301559 116.09937 39.69035
1202301847 116.09937 39.69036
1202301861 116.09936 39.69036
1202302148 116.10204 39.69103
1202302163 116.10206 39.69102
1202302450 116.12492 39.7129
1202302464 116.12636 39.7145
1202302752 116.12994 39.72916
1202302766 116.12997 39.72916
1202303053 116.13586 39.74532
1202303068 116.1359 39.74642
1202303355 116.1756 39.78243
1202303369 116.17959 39.78313
1202303657 116.20498 39.83976
1202303671 116.20549 39.84058
1202303958 116.25159 39.86442
1202303973 116.25495 39.86576
1202304260 116.26933 39.87914
1202304274 116.26937 39.87914
1202304562 116.26839 39.8984
1202304576 116.26842 39.89838
1202304863 116.27669 39.90624
1202304878 116.27664 39.90629
1202305165 116.28875 39.91162
1202305179 116.28917 39.91169
1202305467 116.30496 39.91076
1202305481 116.30602 39.9105
1202305768 116.31479 39.90687
1202305783 116.31479 39.9069
1202306070 116.30615 39.90738
1202306084 116.30464 39.90776
1202306372 116.30439 39.92194
1202306386 116.30438 39.92196
1202306673 116.30044 39.92248
1202306688 116.30042 39.92249
1202306975 116.30041 39.92243
1202306989 116.3004 39.92239
1202307277 116.30041 39.92241
1202307349 116.30041 39.92243
1202307578 116.3039 39.91611
1202307651 116.30408 39.90656
1202307880 116.31522 39.89615
1202307953 116.31519 39.89889
1202308182 116.30445 39.90347
1202308254 116.30537 39.9073
1202312047 116.30252 39.95824
1202312237 116.32837 39.96612
1202312349 116.33296 39.96627
1202312538 116.331 39.96653
1202312651 116.33102 39.9666
1202312840 116.33098 39.96659
1202312952 116.33097 39.96662
1202313141 116.33108 39.96663
1202313253 116.33104 39.96658
1202313555 116.33102 39.96663
1202313856 116.33102 39.96666
1202314046 116.33104 39.96654
1202314158 116.33109 39.96652
1202314347 116.31583 39.9659
1202314460 116.3158 39.96603
1202314649 116.31432 39.96567
1202314761 116.31429 39.96564
1202314951 116.31422 39.96569
1202315063 116.30779 39.96322
1202315252 116.30244 39.96113
1202315365 116.29597 39.95827
1202315554 116.28251 39.95785
1202315968 116.26972 39.95732
1202316157 116.26794 39.93839
1202316269 116.26888 39.92752
1202316571 116.25891 39.91936
1202316761 116.26009 39.91972
1202316873 116.26188 39.92075
1202317062 116.25862 39.91574
1202317364 116.25856 39.89996
1202317476 116.25856 39.89613
1202317665 116.25798 39.88078
1202317778 116.25836 39.87994
1202317778 116.25836 39.87994
1202317967 116.25981 39.87957
1202318079 116.26561 39.87973
1202318269 116.2919 39.87892
1202318381 116.30996 39.88588
1202318570 116.32583 39.88865
1202318683 116.34203 39.8881
1202318872 116.34698 39.88852
1202318984 116.3501 39.89115
1202319174 116.34392 39.88894
1202319286 116.34218 39.89658
1202319475 116.33227 39.90186
1202319588 116.32965 39.90679
1202319777 116.32486 39.90641
1202319889 116.31896 39.90652
1202320079 116.31897 39.90649
1202320191 116.31898 39.90649
1202320380 116.31904 39.90648
1202320493 116.31896 39.90645
1202320682 116.31895 39.90651
1202320682 116.31895 39.90651
1202320794 116.31743 39.90647
1202320984 116.31524 39.89619
1202321096 116.3153 39.89696
1202321285 116.31692 39.90594
1202321398 116.3202 39.90609
1202321699 116.33538 39.89605
1202321889 116.33311 39.88852
1202322001 116.32844 39.89282
1202322190 116.32522 39.89369
1202322303 116.32852 39.89249
1202322492 116.32066 39.88872
1202322794 116.31949 39.88869
1202322906 116.33578 39.88841
1202323095 116.35109 39.86703
1202323208 116.37832 39.86959
1202323397 116.41525 39.8667
1202323509 116.41302 39.86403
1202323699 116.40084 39.86372
1202323811 116.39643 39.8669
1202324000 116.39426 39.87516
1202324113 116.39254 39.88235
1202324689 116.35804 39.8878
1202324716 116.35799 39.88789
1202324716 116.35799 39.88789
1202324958 116.35119 39.88836
1202325514 116.35125 39.88823
1202325746 116.32089 39.88868
1202325816 116.31517 39.88891
1202326048 116.32163 39.88867
1202326117 116.33577 39.88842
1202326349 116.3588 39.86788
1202326419 116.36806 39.86713
1202326651 116.36506 39.85044
1202326721 116.36498 39.8496
1202326953 116.35906 39.84448
1202327022 116.35572 39.84453
1202327254 116.34069 39.84687
1202327324 116.33624 39.84792
1202327324 116.33624 39.84792
1202327556 116.30698 39.86271
1202327626 116.29816 39.86566
1202327858 116.23965 39.85974
1202327927 116.2301 39.85027
1202327927 116.2301 39.85027
1202328159 116.20668 39.81791
1202328229 116.1967 39.80614
1202328461 116.15452 39.77063
1202328531 116.14302 39.7589
1202329064 116.12973 39.72379
1202329134 116.12979 39.72182
1202329366 116.12895 39.71835
1202329436 116.1255 39.71355
1202329668 116.11186 39.69884
1202329668 116.11186 39.69884
1202329737 116.10793 39.69484
1202329969 116.10458 39.66912
1202330039 116.10724 39.66092
1202330271 116.10862 39.64782
1202330341 116.10859 39.6478
1202330573 116.09353 39.64247
1202330921 116.09239 39.6402
1202331242 116.09237 39.64021
1202331792 116.09351 39.64151
1202332024 116.09355 39.66199
1202332094 116.09984 39.67042
1202332326 116.1029 39.68976
1202332396 116.10023 39.69002
1202332567 116.09937 39.69033
1202332567 116.09937 39.69033
1202468234 116.09936 39.69036
1202468300 116.09939 39.69038
1202468535 116.09938 39.69035
1202468602 116.09938 39.69037
1202468836 116.09942 39.69035
1202468903 116.09942 39.69038
1202469138 116.09941 39.6903
1202469205 116.09937 39.69034
1202469439 116.10026 39.68903
1202469439 116.10026 39.68903
1202469507 116.10185 39.68933
1202469741 116.10131 39.68785
1202469808 116.09795 39.67945
1202470043 116.10841 39.6583
1202470110 116.10866 39.64803
1202470344 116.09351 39.65186
1202470412 116.09031 39.65453
1202470646 116.07613 39.65742
1202471020 116.07616 39.65744
1202471020 116.07616 39.65744
1202471020 116.07616 39.65744
1202471020 116.07616 39.65744
1202471020 116.07616 39.65744
1202471020 116.07616 39.65744
1202471020 116.07616 39.65744
1202471020 116.07616 39.65744
1202471020 116.07616 39.65744
1202471020 116.07616 39.65744
1202474288 116.08562 39.66454
1202474399 116.0975 39.67891
1202474589 116.11714 39.70439
1202474701 116.12517 39.71317
1202474891 116.12987 39.72943
1202475002 116.1299 39.73344
1202475193 116.13587 39.74357
1202475304 116.13773 39.75452
1202475494 116.17927 39.78306
1202475606 116.19599 39.8011
1202475907 116.21913 39.84433
1202476098 116.25188 39.86452
1202476209 116.25857 39.87069
1202476399 116.26953 39.87909
1202476399 116.26953 39.87909
1202476511 116.26826 39.8878
1202476701 116.2683 39.90305
1202476812 116.26829 39.90567
1202477003 116.25868 39.90751
1202477114 116.2587 39.91553
1202477304 116.25872 39.91871
1202477416 116.24977 39.92376
1202477606 116.23412 39.92482
1202477717 116.22476 39.9237
1202477908 116.20569 39.92506
1202478019 116.19563 39.92643
1202478209 116.18661 39.92803
1202478321 116.18184 39.92973
1202478511 116.18474 39.92798
1202478622 116.18031 39.92419
1202478813 116.18052 39.91023
1202478924 116.18961 39.90613
1202479113 116.20965 39.90615
1202479225 116.2158 39.90258
1202479415 116.23429 39.89931
1202479526 116.23605 39.89839
1202479717 116.23234 39.89558
1202479828 116.2469 39.89555
1202480018 116.24837 39.90592
1202480130 116.25786 39.90616
1202480320 116.2688 39.90612
1202480431 116.28047 39.90621
1202480622 116.29831 39.90609
1202480733 116.30507 39.90763
1202482428 116.30596 39.94279
1202482728 116.32016 39.93353
1202483717 116.28287 39.95632
1202484320 116.30155 39.9606
1202484386 116.30158 39.96059
1202484622 116.32883 39.95798
1202484687 116.32922 39.95519
1202484923 116.33795 39.94479
1202484989 116.33516 39.94654
1202485225 116.33354 39.94622
1202485291 116.33351 39.94629
1202485527 116.33351 39.94627
1202485592 116.33354 39.94633
1202485828 116.32998 39.95082
1202485894 116.32768 39.95085
1202486130 116.3265 39.94586
1202486196 116.32654 39.94522
1202486432 116.33104 39.94907
1202486497 116.32922 39.95595
1202486733 116.31356 39.96526
1202486799 116.30372 39.96191
1202487035 116.2942 39.95797
1202487101 116.29421 39.95804
1202487337 116.27933 39.95839
1202487402 116.28213 39.95773
1202487638 116.29727 39.9583
1202487704 116.30152 39.96067
1202487940 116.2939 39.98504
1202488005 116.28951 39.99317
1202488005 116.28951 39.99317
1202488241 116.27042 40.02689
1202488307 116.27181 40.02509
1202488543 116.28158 40.00862
1202488609 116.28173 40.00762
1202488845 116.27694 39.99815
1202488911 116.27702 39.99769
1202489146 116.27552 39.99371
1202489212 116.27488 39.98995
1202489448 116.27677 39.9991
1202489514 116.27649 40.00031
1202489750 116.26108 40.01497
1202489815 116.26088 40.01896
1202490051 116.25914 40.02951
1202490117 116.25832 40.03691
1202490353 116.23756 40.04455
1202490419 116.23695 40.04509
1202490655 116.23692 40.04539
1202490720 116.24269 40.04454
1202490956 116.25879 40.03486
1202491022 116.25902 40.02974
1202491313 116.2605 40.01587
1202491875 116.26414 40.00601
1202491987 116.26738 40.00341
1202492176 116.27766 40.0004
1202492289 116.28375 39.99746
