UTS Latitude Longitude
1201959473 116.32133 39.96634
1201959731 116.31551 39.96881
1201960076 116.30323 39.97456
1201960239 116.29982 39.98056
1201960541 116.28924 39.98271
1201960679 116.27094 39.96991
1201961144 116.27723 39.92138
1201961446 116.27501 39.92263
1201964253 116.39609 39.85561
1201964253 116.39609 39.85561
1201965161 116.27512 39.92256
1201965692 116.31256 39.92244
1201966295 116.35282 39.92234
1201966295 116.35282 39.92234
1201968189 116.36262 39.9392
1201968222 116.36192 39.93708
1201968524 116.35129 39.93108
1201968793 116.34372 39.92223
1201969997 116.31681 39.96559
1201969999 116.31681 39.96559
1201970524 116.31524 39.96862
1201970602 116.31933 39.96853
1201971205 116.3137 39.94478
1201971235 116.3137 39.94478
1201971808 116.31815 39.94907
1201971808 116.31815 39.94907
1201972412 116.33287 39.96618
1201972856 116.38299 39.96583
1201973015 116.38824 39.96627
1201973460 116.36554 39.96702
1201974222 116.44844 39.95628
1201974825 116.45537 39.92214
1201975482 116.47195 39.90762
1201976032 116.49471 39.92163
1201976148 116.5009 39.92141
1201976449 116.47933 39.92175
1201976449 116.47933 39.92175
1201976635 116.47225 39.92852
1201976751 116.47223 39.93211
1201977053 116.4534 39.93243
1201977238 116.44729 39.93241
1201977354 116.44342 39.93241
1201977841 116.42792 39.92649
1201978445 116.42947 39.90661
1201978702 116.44173 39.9066
1201979048 116.43515 39.90722
1201979651 116.43832 39.87317
1201980255 116.38384 39.87
1201981461 116.32272 39.89831
1201981930 116.31726 39.89689
1201982065 116.31524 39.89895
1201982232 116.31517 39.90578
1201982532 116.31563 39.90706
1201982532 116.31563 39.90706
1201982729 116.32054 39.90971
1201983331 116.33318 39.91596
1201983934 116.34941 39.91709
1201984197 116.35871 39.91749
1201984538 116.36168 39.9297
1201984933 116.35328 39.93121
1201985201 116.35275 39.93489
1201985235 116.35291 39.93313
1201985536 116.34931 39.92273
1201985805 116.33997 39.92203
1201986408 116.32997 39.90628
1201986817 116.32464 39.90102
1201987011 116.32288 39.90525
1201987119 116.31963 39.90645
1201987421 116.29988 39.91177
1201987615 116.29026 39.91716
1201987722 116.28916 39.91589
1201988218 116.27804 39.91841
1201988326 116.27833 39.92198
1201988423 116.27803 39.92206
1201991063 116.29018 39.95498
1201991195 116.28492 39.95668
1201991666 116.26832 39.94401
1201992137 116.24689 39.91548
1201992269 116.25385 39.91638
1201992873 116.26533 39.94573
1201993059 116.2664 39.95557
1201993295 116.26773 39.94397
1201993476 116.26899 39.92636
1201994066 116.26088 39.92331
1201994683 116.26733 39.92316
1201995286 116.30862 39.89561
1201995523 116.31385 39.89557
1201995824 116.31515 39.90525
1201995889 116.31515 39.90527
1201996126 116.31519 39.90548
1201996428 116.30651 39.90727
1201996463 116.30447 39.90771
1201996463 116.30447 39.90771
1201996493 116.30132 39.90666
1201996764 116.29684 39.91298
1201996959 116.2955 39.90629
1201997096 116.28906 39.90311
1201997261 116.27962 39.89905
1201997699 116.26875 39.93203
1201998027 116.27832 39.9574
1201998303 116.26917 39.96083
1201998443 116.28557 39.97996
1201998744 116.34985 39.98555
1202000387 116.41813 39.98773
1202001929 116.30286 39.9562
1202002026 116.30374 39.94265
1202002327 116.28656 39.92289
1202002532 116.27685 39.91676
1202002628 116.27697 39.91673
1202002930 116.27732 39.90875
1202003135 116.27697 39.89996
1202024143 116.3851 39.906
1202024487 116.42057 39.90402
1202024745 116.39937 39.89943
1202025091 116.35628 39.89829
1202025349 116.34456 39.90601
1202025392 116.33714 39.90608
1202025869 116.31516 39.90489
1202025952 116.31726 39.90598
1202026171 116.31642 39.89608
1202026472 116.31711 39.90599
1202026555 116.31752 39.90108
1202026774 116.31519 39.89889
1202027377 116.3117 39.89596
1202027943 116.30658 39.89818
1202028590 116.31701 39.90582
1202028590 116.31701 39.90582
1202028668 116.31701 39.90582
1202029194 116.31865 39.90421
1202029271 116.31757 39.90081
1202029797 116.29604 39.90763
1202029874 116.2911 39.9078
1202030099 116.29149 39.90811
1202030099 116.29149 39.90811
1202030400 116.29149 39.90811
1202030702 116.29149 39.90811
1202031004 116.28933 39.91583
1202031081 116.28996 39.915
1202031305 116.29606 39.91195
1202031607 116.28691 39.90629
1202031684 116.27833 39.90626
1202031909 116.27857 39.92183
1202032287 116.31569 39.92234
1202032841 116.34928 39.92191
1202033493 116.32797 39.92677
1202034096 116.2931 39.94492
1202034525 116.2561 39.94768
1202034700 116.25461 39.94542
1202034930 116.26691 39.93648
1202035303 116.26474 39.92764
1202035906 116.26894 39.88239
1202036410 116.30853 39.86717
1202036510 116.30579 39.87361
1202037113 116.30051 39.88872
1202037265 116.29988 39.89207
1202037567 116.28948 39.88845
1202037716 116.28526 39.89609
1202038170 116.26835 39.9066
1202038320 116.26829 39.90688
1202039781 116.26935 39.91828
1202039835 116.26951 39.91982
1202040246 116.28413 39.93092
1202040246 116.28413 39.93092
1202040548 116.30026 39.94184
1202040988 116.27871 39.94863
1202041075 116.27465 39.94998
1202041377 116.28217 39.94221
1202041591 116.29422 39.94439
1202042195 116.32172 39.96054
1202042255 116.32297 39.96063
1202042798 116.3035 39.94864
1202044004 116.30794 39.89563
1202044434 116.31474 39.89499
1202044607 116.31862 39.89586
1202044736 116.31521 39.90193
1202045038 116.31694 39.90601
1202045210 116.3187 39.90591
1202045430 116.31617 39.89694
1202045814 116.31702 39.90581
1202046033 116.31704 39.90593
1202046335 116.31727 39.89733
1202046335 116.31727 39.89733
1202046417 116.3171 39.89695
1202046637 116.31694 39.90593
1202046938 116.3176 39.90091
1202047020 116.31738 39.89785
1202047240 116.31506 39.90335
1202047542 116.31759 39.89983
1202047624 116.31717 39.89708
1202048145 116.31724 39.90604
1202048227 116.31863 39.90216
1202048447 116.31721 39.897
1202048830 116.31545 39.89687
1202049434 116.31702 39.90582
1202050037 116.31752 39.89861
1202050433 116.3136 39.89594
1202050640 116.27496 39.89583
1202050734 116.26813 39.90322
1202051036 116.27554 39.92293
1202051243 116.27729 39.9158
1202051337 116.2773 39.90789
1202051639 116.27717 39.90012
1202051907 116.27011 39.90647
1202051941 116.26853 39.90651
1202053358 116.31907 39.92221
1202053765 116.33229 39.93669
1202053962 116.31782 39.9377
1202054565 116.29008 39.96252
1202054604 116.29005 39.96251
1202055168 116.27412 39.97128
1202055638 116.30552 39.98109
1202055772 116.30709 39.98117
1202056375 116.31367 39.99106
1202056438 116.31222 39.99181
1202057478 116.30037 39.92247
1202057582 116.29864 39.92275
1202058185 116.31304 39.93096
1202058788 116.34468 39.93103
1202059132 116.35142 39.92722
1202059306 116.35009 39.92758
1202059608 116.34997 39.92029
1202059909 116.35039 39.90024
1202059995 116.34386 39.89684
1202060211 116.3188 39.89593
1202060513 116.31518 39.90483
1202060598 116.31515 39.90525
1202060814 116.31562 39.90705
1202061322 116.29602 39.90823
1202061346 116.29602 39.90797
1202063433 116.35107 39.96627
1202063467 116.35355 39.96627
1202063735 116.39058 39.96719
1202063735 116.39058 39.96719
1202064037 116.44201 39.96048
1202064071 116.44623 39.9577
1202064640 116.4681 39.94388
1202064674 116.46802 39.94425
1202064942 116.45702 39.94844
1202065242 116.44418 39.95978
1202065544 116.44521 39.96054
1202065880 116.43615 39.95833
1202066219 116.4131 39.95796
1202068429 116.26146 39.97358
1202068802 116.26371 39.97058
1202069093 116.27197 39.96509
1202069295 116.27347 39.95919
1202069696 116.28147 39.95599
1202070300 116.3128 39.95204
1202070389 116.31614 39.95238
1202070755 116.30879 39.95018
1202070903 116.30365 39.95246
1202071057 116.29779 39.95389
1202072110 116.30306 39.95528
1202072713 116.27502 39.92313
1202073316 116.24951 39.92094
1202073345 116.24951 39.92094
1202073541 116.24886 39.92017
1202074608 116.2678 39.90954
1202074717 116.26834 39.90723
1202075121 116.26962 39.92632
1202075381 116.27715 39.92682
1202075423 116.27881 39.92606
1202075724 116.27886 39.92441
1202075984 116.27731 39.91428
1202076588 116.28865 39.89557
1202076737 116.28984 39.88978
1202077039 116.28901 39.90591
1202077169 116.28525 39.9063
1202077471 116.27735 39.9002
1202077773 116.27485 39.89904
1202077794 116.27427 39.899
1202078074 116.27408 39.89903
1202078376 116.27738 39.90349
1202078398 116.27732 39.90519
1202078563 116.26827 39.90658
1202078865 116.26937 39.93649
1202079001 116.26778 39.94407
1202079444 116.25621 39.92787
1202079603 116.25854 39.9236
1202079746 116.27815 39.92303
1202080047 116.27878 39.92375
1202080207 116.26829 39.94066
1202080398 116.2706 39.95712
1202080810 116.26146 39.94575
1202081413 116.20633 39.94385
1202081743 116.19348 39.93531
1202082017 116.21616 39.93182
1202082620 116.26869 39.92293
1202083223 116.31518 39.89869
1202083292 116.31526 39.89634
1202083332 116.31519 39.89778
1202083634 116.30416 39.92271
1202083766 116.30433 39.9309
1202083827 116.30214 39.93116
1202083936 116.29894 39.93781
1202084237 116.29654 39.93303
1202084430 116.29403 39.92283
1202084450 116.29234 39.92281
1202084752 116.25384 39.92294
1202085033 116.26275 39.91635
1202085054 116.26411 39.91633
1202085355 116.26834 39.90684
1202085637 116.26832 39.90666
1202085657 116.26832 39.90666
1202085951 116.26831 39.90807
1202086240 116.27005 39.8792
1202086252 116.27086 39.877
1202087447 116.2897 39.83464
1202088050 116.27588 39.86769
1202088271 116.26894 39.86882
1202088572 116.26827 39.88785
1202088653 116.26808 39.89948
1202088874 116.27724 39.91666
1202089176 116.27729 39.91039
1202089256 116.27734 39.90452
1202089256 116.27734 39.90452
1202110216 116.27639 39.9007
1202110445 116.29295 39.90621
1202110943 116.30765 39.86766
1202111048 116.30529 39.87844
1202111244 116.30561 39.89513
1202111651 116.30426 39.90617
1202112255 116.37705 39.96681
1202112858 116.44446 39.94119
1202113258 116.45279 39.9525
1202113461 116.44377 39.94527
1202113559 116.43643 39.94175
1202113861 116.43143 39.9398
1202114065 116.41472 39.94814
1202114501 116.37077 39.94767
1202114668 116.34941 39.93543
1202114803 116.35034 39.91378
1202115105 116.31774 39.90647
1202115271 116.31552 39.90904
1202115875 116.28971 39.92303
1202116477 116.29016 39.91855
1202116517 116.29253 39.91609
1202116517 116.29253 39.91609
1202116818 116.29148 39.90817
1202117080 116.29109 39.90787
1202117120 116.28902 39.9082
1202117422 116.29005 39.91495
1202117684 116.291 39.93423
1202117723 116.29038 39.94117
1202118025 116.29088 39.98301
1202118287 116.34913 39.98552
1202118327 116.3581 39.98582
1202118628 116.41434 39.98727
1202118890 116.41863 39.99023
1202118930 116.41776 39.99213
1202119231 116.418 39.9926
1202119494 116.41355 39.99285
1202119533 116.41355 39.99285
1202119835 116.41355 39.99285
1202120097 116.41355 39.99285
1202120136 116.41363 39.9928
1202120700 116.41171 39.96827
1202121304 116.41917 39.94567
1202121907 116.42016 39.9182
1202122147 116.41891 39.90777
1202122510 116.40224 39.90669
1202123114 116.3961 39.9065
1202124937 116.3039 39.92045
1202125029 116.30395 39.91311
1202125349 116.3145 39.90609
1202125540 116.31699 39.90573
1202125632 116.31699 39.90573
1202125749 116.31747 39.90599
1202126051 116.31523 39.89751
1202126143 116.3152 39.90463
1202126353 116.31765 39.90608
1202126654 116.31542 39.89694
1202127584 116.3178 39.90124
1202127597 116.31763 39.90076
1202127886 116.31513 39.89882
1202128188 116.31702 39.90585
1202128200 116.31702 39.90585
1202128489 116.31721 39.89694
1202128791 116.31684 39.90608
1202128803 116.31697 39.90608
1202129093 116.31533 39.90577
1202129397 116.31531 39.90581
1202129528 116.31532 39.9058
1202129699 116.31694 39.90593
1202130130 116.32279 39.89224
1202130179 116.3223 39.8921
1202130733 116.32086 39.88351
1202130733 116.32086 39.88351
1202131337 116.32934 39.90841
1202131940 116.34593 39.91264
1202132543 116.35716 39.91266
1202133146 116.37734 39.9317
1202133278 116.38296 39.93185
1202133579 116.38386 39.93208
1202133750 116.36951 39.93146
1202134353 116.32916 39.95619
1202134414 116.32897 39.95782
1202136226 116.26841 39.90654
1202136400 116.26933 39.92043
1202136652 116.25861 39.92651
1202136954 116.27553 39.92292
1202137255 116.27553 39.92292
1202137607 116.27733 39.90364
1202137861 116.27732 39.90273
1202138163 116.26848 39.90653
1202138331 116.26848 39.90653
1202139537 116.29587 39.94385
1202140059 116.3257 39.94431
1202140140 116.32565 39.94439
1202140361 116.31884 39.94483
1202140663 116.30629 39.94994
1202140712 116.30527 39.94981
1202140744 116.30377 39.95026
1202141014 116.30402 39.92696
1202141315 116.30174 39.90584
1202141347 116.30684 39.90613
1202141617 116.31541 39.89667
1202141950 116.31529 39.9026
1202142554 116.32761 39.93685
1202142959 116.35143 39.93308
1202143157 116.35302 39.93541
1202143261 116.35294 39.93136
1202143270 116.35257 39.93114
1202143572 116.37772 39.94747
1202143760 116.40101 39.94736
1202143873 116.402 39.95475
1202144175 116.40135 39.97254
1202144364 116.40673 39.98626
1202144477 116.40504 39.98345
1202144778 116.401 39.96907
1202144967 116.39415 39.96757
1202145080 116.39415 39.96757
1202145382 116.38488 39.96728
1202145570 116.36783 39.96689
1202145683 116.36455 39.9669
1202145987 116.34634 39.96647
1202146294 116.34686 39.97511
1202146573 116.36325 39.97508
1202146874 116.34435 39.96655
1202146897 116.34435 39.96655
1202147176 116.33932 39.9665
1202147478 116.32916 39.96643
1202147500 116.32916 39.96643
1202147779 116.31516 39.96595
1202148081 116.3181 39.96871
1202148104 116.31934 39.96847
1202148383 116.31012 39.96419
1202148684 116.30635 39.96279
1202148707 116.30635 39.96279
1202148707 116.30635 39.96279
1202148986 116.30246 39.96122
1202149288 116.3037 39.9416
1202149288 116.3037 39.9416
1202149310 116.30367 39.94135
1202149325 116.30382 39.94025
1202149626 116.31849 39.93109
1202149928 116.32574 39.92166
1202150230 116.33441 39.917
1202150517 116.34474 39.91704
1202150531 116.34479 39.91705
1202151120 116.34939 39.93798
1202151724 116.34859 39.98526
1202151985 116.35937 39.97645
1202152287 116.33963 39.97521
1202152327 116.33664 39.97523
1202152890 116.30587 39.97451
1202152930 116.30363 39.97448
1202153192 116.29906 39.98426
1202153534 116.28271 39.96574
1202153927 116.28024 39.9491
1202153927 116.28024 39.9491
1202154137 116.28214 39.94444
1202154740 116.31392 39.96511
1202155053 116.31461 39.97135
1202155355 116.31027 39.96429
1202155946 116.29789 39.95912
1202156549 116.27407 39.96163
1202156584 116.27405 39.96167
1202156885 116.26808 39.93986
1202157153 116.27734 39.91877
1202157187 116.27726 39.91715
1202157489 116.27732 39.90722
1202185710 116.33515 39.91003
1202185710 116.33515 39.91003
1202196466 116.27738 39.91182
1202196574 116.2784 39.92144
1202197177 116.29253 39.90622
1202197781 116.34067 39.84855
1202198163 116.40364 39.8555
1202198384 116.4077 39.86079
1202198571 116.41537 39.86181
1202198873 116.39362 39.86628
1202198873 116.39362 39.86628
1202198987 116.39436 39.87547
1202199174 116.38987 39.88226
1202199476 116.37234 39.88803
1202199590 116.35793 39.88807
1202199777 116.35714 39.89773
1202199990 116.35422 39.89822
1202200193 116.33994 39.89823
1202200292 116.32943 39.89604
1202200593 116.31693 39.90574
1202200796 116.31699 39.90586
1202200895 116.31699 39.90586
1202201197 116.31722 39.89685
1202201197 116.31722 39.89685
1202201399 116.31683 39.90604
1202201498 116.31696 39.90593
1202201800 116.31692 39.90585
1202202003 116.31771 39.90122
1202202102 116.3165 39.89597
1202202606 116.3183 39.90607
1202202705 116.31755 39.90064
1202202888 116.31524 39.89867
1202203190 116.31702 39.90597
1202203209 116.31702 39.90597
1202203491 116.31517 39.90475
1202203793 116.31531 39.90577
1202203813 116.31531 39.90577
1202203813 116.31531 39.90577
1202203881 116.31597 39.90607
1202204183 116.31727 39.89692
1202204416 116.31531 39.9057
1202204996 116.31864 39.90405
1202205019 116.31861 39.90248
1202205297 116.31511 39.90433
1202205599 116.31702 39.90577
1202205623 116.31702 39.90577
1202205901 116.31536 39.89694
1202206202 116.31758 39.90086
1202206226 116.31746 39.8987
1202206504 116.31694 39.90597
1202206806 116.31858 39.90364
1202206829 116.31859 39.9016
1202207107 116.31512 39.90514
1202207409 116.31522 39.9043
1202207433 116.31503 39.90532
1202207711 116.30347 39.91122
1202208012 116.29613 39.91321
1202208036 116.29613 39.91321
1202208314 116.31203 39.90978
1202208616 116.31862 39.90598
1202208639 116.31862 39.90598
1202208917 116.31868 39.9059
1202209219 116.31874 39.90581
1202209243 116.31875 39.90566
1202209846 116.31723 39.89613
1202210398 116.30132 39.87972
1202210449 116.3009 39.88018
1202210700 116.30442 39.89256
1202211053 116.31381 39.90612
1202211053 116.31381 39.90612
1202211656 116.31522 39.89865
1202212259 116.31518 39.89839
1202212863 116.31572 39.89699
1202213466 116.31694 39.90602
1202214068 116.31872 39.90548
1202214672 116.31702 39.90581
1202215183 116.3152 39.89753
1202215275 116.31257 39.89596
1202215878 116.27857 39.92299
1202216080 116.27661 39.92283
1202216381 116.26962 39.90649
1202216482 116.26834 39.90887
1202216993 116.25658 39.92329
1202217085 116.25394 39.92278
1202217294 116.27558 39.92294
1202217596 116.27731 39.9073
1202217688 116.27733 39.90419
1202217898 116.27739 39.90174
1202218199 116.27729 39.91519
1202218292 116.27858 39.92188
1202218412 116.2781 39.92213
1202219019 116.27568 39.92222
1202223924 116.2821 39.92193
1202224274 116.30413 39.93076
1202224877 116.38703 39.94744
1202225226 116.39902 39.95583
1202225406 116.3994 39.95009
1202225481 116.39407 39.95008
1202225708 116.38869 39.96231
1202227059 116.32446 39.96634
1202227173 116.32307 39.96626
1202227360 116.32196 39.96621
1202227662 116.31317 39.97072
1202227777 116.31318 39.96538
1202227855 116.30828 39.96349
1202228157 116.34368 39.96622
1202228380 116.33732 39.96658
1202228458 116.33732 39.96658
1202228458 116.33732 39.96658
1202228885 116.31883 39.96606
1202228983 116.31883 39.96606
1202229587 116.30402 39.93429
1202230190 116.31654 39.8989
1202230431 116.32298 39.89976
1202230733 116.31165 39.90654
1202230793 116.3109 39.90655
1202231034 116.30439 39.9147
1202231336 116.29224 39.92287
1202231397 116.28348 39.92292
1202231638 116.28082 39.92307
1202231939 116.293 39.9226
1202231939 116.293 39.9226
1202232000 116.29441 39.92253
1202232602 116.30426 39.88497
1202233206 116.38077 39.85562
1202233486 116.3967 39.85085
1202233809 116.40603 39.85541
1202233910 116.40798 39.85259
1202234212 116.40809 39.85288
1202234412 116.40799 39.85507
1202234514 116.40799 39.85507
1202234815 116.39433 39.85693
1202235016 116.3939 39.87102
1202235117 116.38996 39.87113
1202235172 116.39183 39.87103
1202235474 116.39647 39.86071
1202235619 116.39427 39.86221
1202235757 116.39413 39.86642
1202236282 116.3965 39.86576
1202236886 116.3901 39.8708
1202237036 116.3891 39.87356
1202238880 116.35039 39.90538
1202239362 116.34984 39.93325
1202239484 116.34962 39.93903
1202241154 116.33673 39.90315
1202241224 116.3367 39.90276
1202241525 116.3181 39.89599
1202241810 116.31513 39.90575
1202242129 116.29507 39.90637
1202242413 116.27736 39.91134
1202242430 116.27736 39.91267
1202242655 116.27815 39.92211
1202245927 116.27798 39.92218
1202246398 116.27877 39.92452
1202247061 116.31554 39.93104
1202247145 116.31951 39.92964
1202247665 116.29032 39.92283
1202248268 116.22909 39.92389
1202248871 116.15837 39.92335
1202249475 116.10664 39.95968
1202249725 116.09982 39.95645
1202250027 116.10782 39.95911
1202250078 116.11576 39.95718
1202250329 116.13573 39.93985
1202250630 116.15669 39.92495
1202250668 116.15924 39.92496
1202250969 116.18855 39.92854
1202251271 116.20057 39.91592
1202251285 116.20055 39.91505
1202251676 116.22294 39.90168
1202251888 116.24093 39.90269
1202251978 116.24803 39.90618
1202252279 116.26847 39.91161
1202252491 116.27273 39.92291
1202252987 116.30444 39.93803
1202253095 116.31373 39.93748
1202253289 116.30837 39.93117
1202253758 116.2696 39.92584
1202253858 116.2649 39.92325
1202254362 116.24697 39.90911
1202254540 116.25282 39.90621
1202256245 116.23518 39.90617
1202256848 116.29248 39.90624
1202257101 116.31525 39.89675
1202257402 116.31838 39.90601
1202257451 116.31838 39.90601
1202257704 116.32263 39.90621
1202257970 116.31525 39.89668
1202258054 116.31518 39.90496
1202258272 116.30324 39.90762
1202258574 116.28834 39.90635
1202258658 116.2819 39.9085
1202258875 116.27746 39.91995
1202259177 116.28214 39.92189
1202259261 116.28214 39.92189
1202259864 116.32784 39.92799
1202259964 116.32407 39.9302
1202260152 116.32155 39.92683
1202260454 116.30449 39.92321
1202260767 116.29592 39.90632
1202261071 116.25916 39.9063
1202261313 116.23478 39.90273
1202274775 110.19479 25.05636
1202274775 110.19479 25.05636
1202282932 116.29056 39.90621
1202283161 116.2998 39.90642
1202283233 116.29609 39.90868
1202283535 116.28145 39.9117
1202283764 116.27876 39.9219
1202284327 116.31525 39.89507
1202284629 116.3166 39.89598
1202284970 116.33603 39.89613
1202285523 116.34732 39.91445
1202285573 116.34701 39.91337
1202285825 116.32717 39.90645
1202287392 116.31858 39.90287
1202287507 116.31727 39.89695
1202288111 116.30803 39.88528
1202288276 116.30526 39.88421
1202288577 116.31047 39.90614
1202288714 116.31704 39.90592
1202288879 116.31844 39.90605
1202289181 116.31523 39.90583
1202289317 116.31698 39.9058
1202289482 116.31698 39.9058
1202289784 116.31858 39.90182
1202289921 116.31555 39.89707
1202290086 116.31693 39.90592
1202290387 116.31859 39.90157
1202290524 116.31668 39.897
1202290524 116.31668 39.897
1202290689 116.31702 39.90596
1202290947 116.31705 39.90598
1202291295 116.3172 39.89699
1202291902 116.31722 39.89703
1202292153 116.31506 39.90591
1202292505 116.27731 39.91828
1202292756 116.2749 39.92268
1202292795 116.2749 39.92268
1202292803 116.2749 39.92268
1202305086 116.27571 39.92266
1202305386 116.27592 39.92233
1202305555 116.28204 39.92198
1202305659 116.28207 39.92191
1202306049 116.26985 39.92402
1202306350 116.26783 39.94172
1202306464 116.26871 39.92946
1202306464 116.26871 39.92946
1202306652 116.27495 39.92707
1202308911 116.34742 39.92245
1202309515 116.30392 39.92287
1202309989 116.2803 39.94054
1202310118 116.28212 39.94184
1202310290 116.26846 39.94028
1202310592 116.26221 39.94002
1202310721 116.2652 39.94487
1202310894 116.26789 39.94098
1202311571 116.3267 39.93114
1202311873 116.33037 39.9312
1202311927 116.33565 39.93106
1202312060 116.34044 39.93105
1202312362 116.35067 39.93105
1202312663 116.3485 39.92244
1202312965 116.3485 39.92244
1202313134 116.34827 39.92244
1202313134 116.34827 39.92244
1202313267 116.34709 39.9224
1202313594 116.33775 39.92773
1202314340 116.32402 39.92807
1202314944 116.35719 39.9058
1202315547 116.41067 39.89935
1202315590 116.41079 39.89936
1202315891 116.4122 39.89551
1202316150 116.40818 39.8984
1202317357 116.41248 39.95447
1202317600 116.41105 39.9598
1202317925 116.39694 39.95039
1202318230 116.38134 39.95015
1202318684 116.35627 39.95121
1202318748 116.35509 39.95112
1202319233 116.33999 39.93724
1202319233 116.33999 39.93724
1202319287 116.34477 39.93848
1202319891 116.30355 39.95205
1202320184 116.29326 39.96254
1202320494 116.28572 39.95839
1202320816 116.29844 39.93679
1202321097 116.29509 39.92428
1202321118 116.29455 39.92277
1202321352 116.28259 39.92926
1202321701 116.291 39.91677
1202321852 116.29601 39.907
1202322304 116.26064 39.90628
1202322494 116.24899 39.90717
1202322796 116.24685 39.9058
1202322907 116.24678 39.8963
1202323214 116.25554 39.88583
1202323516 116.25607 39.89299
1202333362 116.25606 39.89346
1202333895 116.25866 39.91235
1202333974 116.25899 39.91632
1202334275 116.26924 39.9167
1202334498 116.27533 39.92317
1202334647 116.27019 39.93134
1202335101 116.32652 39.92182
1202335705 116.38392 39.93191
1202335771 116.38702 39.93197
1202336308 116.42809 39.92586
1202336593 116.44211 39.90607
1202336911 116.43488 39.91355
1202337043 116.43526 39.91922
1202337432 116.41103 39.92887
1202337515 116.41331 39.93219
1202338118 116.46254 39.9466
1202338152 116.46252 39.94672
1202338859 116.42655 39.94917
1202339325 116.45585 39.94108
1202339418 116.45686 39.94457
1202339719 116.43932 39.94198
1202339928 116.42774 39.94288
1202340531 116.41918 39.95806
1202340810 116.40185 39.95272
1202341134 116.42777 39.93441
1202341296 116.42819 39.91426
1202341340 116.42851 39.9132
1202341642 116.42776 39.93544
1202341737 116.42367 39.94843
1202341943 116.3754 39.94753
1202342245 116.3481 39.97225
1202342340 116.34734 39.98515
1202342547 116.32733 39.98618
1202343004 116.33636 39.98551
1202343004 116.33636 39.98551
1202343087 116.33514 39.9873
1202343579 116.37286 39.96556
1202343607 116.37286 39.96554
1202344192 116.34726 39.93288
1202344211 116.34729 39.93139
1202344798 116.31812 39.9715
1202344814 116.31774 39.97151
1202345213 116.30062 39.97014
1202345332 116.30129 39.96391
1202345417 116.30292 39.95501
1202345634 116.29417 39.94454
1202345940 116.26299 39.94574
1202346021 116.25062 39.94573
1202346237 116.22232 39.95358
1202346539 116.20294 39.94298
1202346624 116.19841 39.9429
1202346841 116.19419 39.94303
1202347142 116.19179 39.92258
1202347227 116.19243 39.91613
1202347444 116.20191 39.9061
1202347746 116.22357 39.8959
1202347831 116.23243 39.89558
1202348047 116.25396 39.89214
1202348194 116.25632 39.893
1202350744 116.25864 39.90263
1202351034 116.27374 39.92298
1202351348 116.27544 39.92284
1202351637 116.27846 39.92291
1202351649 116.27846 39.92291
1202351951 116.30322 39.92262
1202352240 116.30225 39.96003
1202352253 116.30402 39.96178
1202352554 116.37205 39.96671
1202352602 116.38333 39.96698
1202352844 116.41053 39.96994
1202352856 116.41053 39.96978
1202353447 116.33967 39.95574
1202354050 116.3496 39.93131
1202354654 116.37788 39.88805
1202355216 116.42497 39.89367
1202355257 116.42493 39.89257
1202355408 116.41346 39.89176
1202355710 116.41702 39.86423
1202355860 116.42876 39.86779
1202356011 116.42966 39.86906
1202356464 116.41477 39.87902
1202356615 116.40705 39.88698
1202357067 116.40664 39.87175
1202357158 116.39618 39.87147
1202357459 116.37852 39.8876
1202357670 116.35925 39.88807
1202357761 116.35727 39.89462
1202358063 116.34807 39.90002
1202358274 116.33108 39.90195
1202358364 116.32656 39.90643
1202358666 116.28553 39.91164
1202358666 116.28553 39.91164
1202358877 116.27691 39.91687
1202358968 116.27728 39.9168
1202359269 116.27777 39.92063
1202359480 116.27592 39.92222
1202359571 116.27593 39.9222
1202359842 116.27589 39.92215
1202388102 116.27618 39.9221
1202388403 116.27618 39.9221
1202388574 116.27836 39.92145
1202388705 116.27218 39.92314
1202389007 116.25884 39.91882
1202389176 116.25893 39.9227
1202389378 116.28271 39.92278
1202389473 116.28851 39.9227
1202389775 116.2992 39.93853
1202389780 116.29934 39.93888
1202390239 116.30379 39.92405
1202392569 116.256 39.86166
1202392586 116.25587 39.86171
1202392888 116.25855 39.8708
1202392888 116.25855 39.8708
1202393172 116.25855 39.8939
1202393190 116.2585 39.89372
1202393974 116.25857 39.89897
1202394384 116.24873 39.90619
1202394750 116.23081 39.90128
1202394987 116.24671 39.90262
1202395052 116.2537 39.90256
1202395353 116.25858 39.90784
1202395590 116.2684 39.91131
1202395655 116.26925 39.91676
1202395957 116.28234 39.92125
1202396063 116.28222 39.92211
1202397771 116.28254 39.92715
1202398072 116.27884 39.92324
1202398371 116.27925 39.92305
1202398741 116.24981 39.91917
1202398975 116.26856 39.92171
1202398975 116.26856 39.92171
1202399578 116.34198 39.98528
1202400064 116.41279 39.99037
1202400181 116.41236 39.98892
1202400365 116.41581 39.99214
1202400491 116.4178 39.98692
1202400784 116.41166 39.96888
1202400793 116.41169 39.96847
1202401094 116.41155 39.95788
1202401388 116.4012 39.95745
1202401396 116.4012 39.95745
1202401698 116.40688 39.96747
1202401871 116.41027 39.96963
1202405569 116.4104 39.96955
1202405871 116.39501 39.96761
1202406100 116.38192 39.96715
1202407267 116.33523 39.92688
1202407681 116.34942 39.9409
1202407681 116.34942 39.9409
1202407911 116.3742 39.9539
1202408645 116.40059 39.94406
1202408950 116.40053 39.94406
1202409069 116.39666 39.94261
1202409251 116.39083 39.93939
1202409553 116.3899 39.933
1202409672 116.38566 39.93211
1202409986 116.36656 39.93698
1202410276 116.34945 39.92966
1202410521 116.34317 39.91671
1202410823 116.34306 39.91277
1202410879 116.33944 39.91263
1202411482 116.3048 39.93112
1202411973 116.28233 39.95247
1202412086 116.28239 39.94807
1202412371 116.29852 39.94272
1202412672 116.29517 39.92662
1202412750 116.29572 39.92682
1202412976 116.29386 39.92296
1202413344 116.30385 39.90848
1202413352 116.30385 39.9081
1202413744 116.29893 39.88123
1202413955 116.29312 39.88957
1202414422 116.31518 39.90582
1202414559 116.31434 39.90985
1202414930 116.29477 39.9225
1202414930 116.29477 39.9225
1202415222 116.29305 39.92288
1202415222 116.29305 39.92288
1202415235 116.29177 39.92288
1202415826 116.26795 39.88656
1202416429 116.29314 39.83287
1202416928 116.28788 39.83252
1202417032 116.2815 39.83516
1202417636 116.25229 39.85597
1202417702 116.25401 39.85485
1202418299 116.27252 39.87155
1202418693 116.31148 39.87871
1202418693 116.31148 39.87871
1202418903 116.31307 39.88291
1202419375 116.34271 39.87706
1202419506 116.34217 39.87625
1202419676 116.34326 39.87627
1202419978 116.34024 39.89106
1202420109 116.33688 39.89612
1202420713 116.37324 39.95539
1202420798 116.37158 39.95755
1202421100 116.36452 39.95874
1202421316 116.36526 39.95051
1202421755 116.37109 39.93382
1202421919 116.37381 39.93184
1202422252 116.36785 39.91337
1202422523 116.35396 39.9127
1202422912 116.33309 39.91383
1202423126 116.32267 39.90903
1202423214 116.31861 39.90647
1202423515 116.30274 39.90756
1202423729 116.28892 39.90751
1202424333 116.36817 39.8945
1202424825 116.40141 39.88851
1202424936 116.39314 39.88521
1202425539 116.37661 39.90468
1202426143 116.37373 39.93319
1202426746 116.3595 39.96961
1202426754 116.3595 39.96961
1202427058 116.35137 39.96653
1202427360 116.32622 39.96637
1202427469 116.31959 39.96616
1202427484 116.31812 39.96605
1202427785 116.37704 39.96683
1202428072 116.39408 39.96752
1202428087 116.39267 39.96761
1202428389 116.39137 39.96747
1202428676 116.35561 39.96647
1202429030 116.33809 39.97519
1202429279 116.32911 39.97521
1202429332 116.3277 39.97521
1202429882 116.35008 39.939
1202430486 116.42764 39.92309
1202430714 116.44235 39.9216
1202431016 116.40803 39.92304
1202431089 116.40067 39.92298
1202431318 116.37731 39.92132
1202431619 116.35341 39.92242
1202431692 116.34829 39.92245
1202431921 116.34829 39.92245
1202432223 116.34829 39.92245
1202432296 116.34829 39.92245
1202432899 116.28035 39.92304
1202432990 116.27419 39.92293
1202433292 116.27702 39.9169
1202433502 116.27728 39.90687
1202433593 116.27713 39.9
1202465334 116.27725 39.90597
1202465386 116.27734 39.9059
1202465386 116.27734 39.9059
1202465636 116.27955 39.92288
1202465989 116.29597 39.91379
1202466239 116.29203 39.91176
1202466541 116.27737 39.90631
1202466541 116.27737 39.90631
1202466593 116.27181 39.90649
1202466842 116.26845 39.90654
1202467026 116.26767 39.91648
1202467196 116.26764 39.908
1202467374 116.2586 39.90962
1202467799 116.23457 39.90625
1202468100 116.2126 39.9071
1202468402 116.21175 39.89869
1202468403 116.21168 39.89864
1202469006 116.18044 39.92328
1202469264 116.16193 39.92563
1202469565 116.17731 39.92762
1202469609 116.17897 39.92756
1202470146 116.2005 39.91235
1202470212 116.19629 39.91253
1202470447 116.2003 39.90611
1202470749 116.22834 39.90614
1202470815 116.23276 39.90615
1202471050 116.25144 39.90616
1202471418 116.27675 39.91848
1202472022 116.32888 39.93679
1202472714 116.37406 39.98323
1202473228 116.40159 39.99689
1202473832 116.42477 40.02579
1202473966 116.42655 40.02656
1202474435 116.40725 40.03139
1202475038 116.35549 40.03352
1202475329 116.34674 40.03268
1202475641 116.34549 40.02072
1202476245 116.31299 39.98443
1202476848 116.27928 39.93097
1202476981 116.2761 39.92698
1202476981 116.2761 39.92698
1202477283 116.27648 39.92154
1202477451 116.27597 39.92265
1202479942 116.27586 39.92234
1202480244 116.28207 39.92229
1202480533 116.25863 39.92046
1202480546 116.25866 39.91961
1202480847 116.2588 39.91883
1202481137 116.25867 39.92123
1202481149 116.25868 39.92239
1202481451 116.26226 39.92334
1202481740 116.26227 39.92333
1202481752 116.26227 39.92333
1202482054 116.26227 39.92333
1202482343 116.26227 39.92333
1202482356 116.26227 39.92333
1202482657 116.25889 39.91883
1202482947 116.25889 39.91883
1202482959 116.25889 39.91883
1202483261 116.25889 39.91883
1202483550 116.25889 39.91883
1202483562 116.25889 39.91883
1202483864 116.25889 39.91883
1202484153 116.26026 39.91634
1202484165 116.26229 39.91637
1202484466 116.26838 39.91531
1202484756 116.2677 39.90664
1202484768 116.2677 39.90664
1202485265 116.26517 39.88013
1202485359 116.25862 39.88135
1202485566 116.25863 39.89545
1202485868 116.24922 39.90626
1202485962 116.247 39.91361
1202486170 116.2354 39.92054
1202486566 116.24897 39.90615
1202487169 116.3115 39.90616
1202487772 116.38716 39.90606
1202488376 116.47436 39.90687
1202488979 116.59432 39.91001
1202489083 116.59007 39.91095
1202489384 116.56517 39.91446
1202489582 116.5507 39.91483
1202489686 116.54083 39.91497
1202489988 116.51525 39.91577
1202490186 116.51162 39.92168
1202490289 116.49625 39.92195
1202490789 116.52922 39.94028
1202491016 116.54614 39.94465
1202491318 116.54031 39.94062
1202491392 116.53087 39.94035
1202491996 116.49924 39.93573
