UTS Latitude Longitude
1201959847 116.56428 40.07021
1201960149 116.56651 40.07044
1201960453 116.56538 40.07198
1201960855 116.56459 40.07201
1201960855 116.56459 40.07201
1201960855 116.56459 40.07201
1201960855 116.56459 40.07201
1201960855 116.56459 40.07201
1201960855 116.56459 40.07201
1201960855 116.56459 40.07201
1201960855 116.56459 40.07201
1201960855 116.56459 40.07201
1201960855 116.56459 40.07201
1201960855 116.56459 40.07201
1201960855 116.56459 40.07201
1201960855 116.56459 40.07201
1201960855 116.56459 40.07201
1201960855 116.56459 40.07201
1201960855 116.56459 40.07201
1201960855 116.56459 40.07201
1201960855 116.56459 40.07201
1201960855 116.56459 40.07201
1201960855 116.56459 40.07201
1201960855 116.56459 40.07201
1201960855 116.56459 40.07201
1201960855 116.56459 40.07201
1201969917 116.56452 40.07209
1201970219 116.56346 40.07009
1201970521 116.56786 40.06367
1201970822 116.58162 40.06897
1201971124 116.581 40.07226
1201971429 116.58058 40.07513
1201971718 116.58177 40.0764
1201972578 116.58633 40.08007
1201972880 116.5802 40.04792
1201973182 116.5373 40.02384
1201973785 116.47837 39.97544
1201974389 116.45536 39.94993
1201974690 116.45636 39.95129
1201975294 116.45307 39.94001
1201975596 116.4339 39.93241
1201975898 116.43016 39.93943
1201976501 116.43287 39.93943
1201976803 116.43764 39.93374
1201977105 116.44616 39.93234
1201977407 116.45523 39.92635
1201977708 116.45484 39.9061
1201978010 116.48358 39.90445
1201978312 116.51008 39.90642
1201978614 116.48803 39.90689
1201978915 116.44421 39.91167
1201979217 116.44527 39.92093
1201979519 116.44538 39.92163
1201979821 116.43173 39.92302
1201980123 116.42777 39.93875
1201980424 116.41941 39.94842
1201980726 116.41897 39.95778
1201981028 116.41879 39.96624
1201981330 116.41839 39.97581
1201982556 116.39549 39.97143
1201982858 116.39653 39.97558
1201983160 116.39943 39.97563
1201983462 116.41124 39.9754
1201983764 116.40739 39.9679
1201984064 116.38745 39.96766
1201984366 116.38454 39.96176
1201984668 116.39069 39.96192
1201984970 116.40171 39.96368
1201985277 116.40123 39.9806
1201985573 116.41153 39.98713
1201985875 116.44779 39.9799
1201986177 116.4561 39.9845
1201986479 116.46999 39.99646
1201986780 116.47272 39.99898
1201987082 116.46411 40.01048
1201987384 116.4722 40.00622
1201987686 116.4724 40.00339
1201987988 116.47214 40.01139
1201988289 116.46265 40.01028
1201988591 116.45135 39.99691
1201988893 116.44694 39.99537
1201989195 116.46369 39.99102
1201989497 116.47573 39.98784
1201989497 116.47573 39.98784
1201989798 116.46362 39.99142
1201990100 116.45632 39.98841
1201990402 116.4604 39.98185
1201990704 116.45763 39.99578
1201991005 116.45983 39.98688
1201991307 116.45662 39.99179
1201991609 116.4616 39.97821
1201991911 116.44746 39.95755
1201992213 116.44233 39.93992
1201992514 116.42744 39.93671
1201992816 116.42039 39.9143
1201993118 116.40567 39.91451
1201993420 116.39634 39.9214
1201993722 116.39003 39.93291
1201994023 116.38923 39.94981
1201994325 116.38031 39.96176
1201994627 116.36374 39.96694
1201995163 116.35524 39.95493
1201995538 116.35512 39.95138
1201995840 116.35534 39.95105
1201996142 116.34665 39.92211
1201996443 116.34989 39.92374
1201996745 116.33887 39.91716
1201996745 116.33887 39.91716
1201997047 116.34168 39.91713
1201997952 116.44822 39.95631
1201998254 116.45093 39.98273
1201998556 116.45655 39.99337
1201998857 116.4617 39.98385
1201999159 116.45925 39.98668
1201999461 116.45395 39.98793
1201999763 116.45676 39.97416
1202000065 116.48355 39.93254
1202000366 116.49786 39.93447
1202000668 116.48737 39.93266
1202000970 116.46116 39.93243
1202001271 116.45524 39.92628
1202001573 116.45488 39.87261
1202001874 116.39636 39.85569
1202002176 116.38061 39.85126
1202002464 116.37674 39.84866
1202002770 116.37688 39.84861
1202003623 116.36569 39.84939
1202003925 116.36507 39.85368
1202004227 116.3802 39.84387
1202005928 116.35589 39.84908
1202006229 116.3536 39.84882
1202006534 116.35586 39.84894
1202007137 116.38643 39.85944
1202007439 116.3754 39.86951
1202007741 116.34396 39.88951
1202008043 116.33355 39.88361
1202008344 116.35268 39.88689
1202008344 116.35268 39.88689
1202009006 116.3471 39.88718
1202009307 116.34579 39.88823
1202010819 116.40574 39.89144
1202011121 116.42151 39.89354
1202011423 116.42881 39.92272
1202011725 116.4469 39.92564
1202012026 116.44928 39.93833
1202012250 116.45291 39.94751
1202012557 116.45281 39.94747
1202012557 116.45281 39.94747
1202012557 116.45281 39.94747
1202013713 116.45288 39.94825
1202014683 116.45389 39.94846
1202015039 116.45392 39.94861
1202015039 116.45392 39.94861
1202015039 116.45392 39.94861
1202015039 116.45392 39.94861
1202015039 116.45392 39.94861
1202015039 116.45392 39.94861
1202017101 116.453 39.9479
1202017403 116.45309 39.94787
1202017705 116.4549 39.9477
1202018006 116.46053 39.93235
1202018308 116.48998 39.93314
1202018610 116.5074 39.92899
1202018912 116.51114 39.92668
1202019214 116.49514 39.91474
1202019515 116.47222 39.91445
1202019817 116.45516 39.91564
1202020723 116.43515 39.85758
1202021024 116.41119 39.85914
1202021326 116.41724 39.8643
1202021628 116.4341 39.86457
1202022536 116.41728 39.89915
1202022838 116.42594 39.90359
1202023140 116.44159 39.88316
1202023140 116.44159 39.88316
1202023441 116.4409 39.87495
1202023797 116.44086 39.87496
1202023797 116.44086 39.87496
1202023797 116.44086 39.87496
1202023797 116.44086 39.87496
1202026463 116.43972 39.87494
1202026765 116.43868 39.88723
1202027368 116.38676 39.89897
1202027961 116.35342 39.89862
1202028515 116.3531 39.89857
1202028817 116.35087 39.90381
1202029121 116.35018 39.94548
1202029723 116.37264 39.96641
1202030024 116.39195 39.97125
1202030326 116.40738 39.96741
1202030930 116.41922 39.94439
1202031231 116.41109 39.93229
1202031533 116.40249 39.93134
1202031835 116.41873 39.93226
1202032137 116.41933 39.94571
1202032439 116.41172 39.94803
1202032740 116.37327 39.95226
1202033042 116.36161 39.96654
1202033344 116.32773 39.97259
1202033948 116.33262 39.96607
1202034249 116.37222 39.96676
1202034551 116.42487 39.96808
1202034853 116.44043 39.96149
1202035457 116.49116 39.98767
1202035758 116.5058 40.00746
1202035931 116.51032 40.01117
1202036358 116.5067 40.00797
1202036665 116.50674 40.00795
1202036665 116.50674 40.00795
1202036665 116.50674 40.00795
1202036665 116.50674 40.00795
1202036665 116.50674 40.00795
1202036665 116.50674 40.00795
1202036665 116.50674 40.00795
1202036665 116.50674 40.00795
1202039933 116.50145 40.0036
1202040235 116.48289 39.98717
1202040537 116.46704 40.00635
1202040537 116.46704 40.00635
1202040839 116.461 40.019
1202041140 116.45386 40.0322
1202041442 116.44756 40.04647
1202041744 116.45678 40.04542
1202042046 116.45389 40.03329
1202042347 116.46066 40.01949
1202042649 116.46162 39.99778
1202042951 116.45223 39.98361
1202043981 116.44339 39.97369
1202044282 116.44316 39.96388
1202044583 116.44371 39.9591
1202044885 116.44043 39.9452
1202044885 116.44043 39.9452
1202045187 116.42883 39.93982
1202045489 116.39527 39.9477
1202045791 116.37322 39.9475
1202046092 116.35533 39.94418
1202046696 116.34999 39.92199
1202046998 116.3502 39.90821
1202047300 116.32208 39.89591
1202047601 116.31522 39.8967
1202047903 116.31605 39.89645
1202048074 116.31612 39.89643
1202048074 116.31612 39.89643
1202048932 116.31044 39.89583
1202049234 116.30574 39.87052
1202049234 116.30574 39.87052
1202049536 116.34386 39.84944
1202050964 116.40714 39.85551
1202051265 116.40754 39.86338
1202051265 116.40754 39.86338
1202051643 116.41003 39.87039
1202052250 116.39844 39.88646
1202052552 116.41488 39.87502
1202052853 116.41546 39.8657
1202053155 116.41377 39.88521
1202053457 116.41926 39.89191
1202053759 116.43632 39.89747
1202054060 116.42891 39.91293
1202054362 116.43225 39.93961
1202054664 116.44518 39.93998
1202054966 116.42767 39.94001
1202055268 116.4283 39.91751
1202055568 116.42069 39.91021
1202056172 116.41172 39.91378
1202056474 116.41311 39.91413
1202056779 116.41281 39.91354
1202056779 116.41281 39.91354
1202057081 116.41121 39.92548
1202057382 116.41103 39.931
1202057684 116.41057 39.94141
1202057986 116.41566 39.94793
1202058288 116.43892 39.94825
1202058442 116.44595 39.95148
1202058749 116.44582 39.95134
1202058749 116.44582 39.95134
1202058749 116.44582 39.95134
1202058749 116.44582 39.95134
1202060041 116.44919 39.94286
1202060041 116.44919 39.94286
1202060343 116.44634 39.93255
1202060645 116.43811 39.93241
1202060947 116.43109 39.93249
1202061248 116.43656 39.94642
1202061550 116.43342 39.93993
1202061852 116.42792 39.92346
1202062154 116.42119 39.9143
1202062456 116.40895 39.9142
1202062757 116.40967 39.90814
1202063059 116.4121 39.90207
1202063361 116.41267 39.88747
1202063663 116.41444 39.88334
1202063965 116.42422 39.88277
1202064266 116.4136 39.8858
1202064568 116.4136 39.8858
1202064757 116.4136 39.8858
1202065175 116.42104 39.89196
1202065477 116.45573 39.90305
1202065778 116.48377 39.91453
1202066381 116.49542 39.99884
1202066683 116.57091 40.03851
1202066985 116.58537 40.07683
1202067588 116.56436 40.06436
1202067890 116.56469 40.07022
1202068192 116.5662 40.07139
1202068605 116.56623 40.07133
1202068605 116.56623 40.07133
1202068605 116.56623 40.07133
1202068605 116.56623 40.07133
1202068605 116.56623 40.07133
1202068605 116.56623 40.07133
1202068605 116.56623 40.07133
1202070967 116.56617 40.0714
1202071269 116.56617 40.0714
1202071571 116.56617 40.0714
1202071571 116.56617 40.0714
1202071742 116.56617 40.0714
1202072109 116.56617 40.07143
1202072109 116.56617 40.07143
1202072109 116.56617 40.07143
1202072109 116.56617 40.07143
1202072109 116.56617 40.07143
1202072109 116.56617 40.07143
1202072109 116.56617 40.07143
1202074472 116.56618 40.07145
1202074472 116.56618 40.07145
1202074773 116.56394 40.0702
1202075075 116.5678 40.0637
1202075377 116.57335 40.06309
1202075679 116.57977 40.06245
1202075980 116.57973 40.06246
1202076281 116.57973 40.06246
1202077132 116.58307 40.05988
1202077434 116.58251 40.06338
1202077736 116.58201 40.06629
1202078037 116.58169 40.06835
1202078339 116.58169 40.06835
1202079008 116.58155 40.06969
1202079309 116.58104 40.07217
1202079611 116.58182 40.07579
1202079913 116.58639 40.0769
1202080215 116.58631 40.08008
1202080517 116.57906 40.04737
1202081120 116.47695 39.96085
1202081724 116.50215 39.92876
1202082327 116.46871 39.93669
1202082629 116.45718 39.94409
1202082931 116.4559 39.94479
1202083233 116.48496 39.95816
1202083535 116.44182 39.98413
1202083836 116.41602 39.99757
1202084138 116.41784 39.98571
1202084440 116.41152 39.96822
1202084742 116.4125 39.95214
1202085043 116.41075 39.93436
1202085345 116.40701 39.91735
1202085416 116.40672 39.91741
1202085942 116.40645 39.91772
1202085942 116.40645 39.91772
1202085942 116.40645 39.91772
1202085942 116.40645 39.91772
1202085942 116.40645 39.91772
1202085942 116.40645 39.91772
1202085942 116.40645 39.91772
1202088612 116.40983 39.91736
1202088913 116.40485 39.91695
1202089215 116.3904 39.93212
1202089517 116.35848 39.93925
1202089819 116.36169 39.93137
1202090121 116.35693 39.90854
1202090422 116.35709 39.89678
1202090422 116.35709 39.89678
1202091026 116.36186 39.93076
1202091328 116.36664 39.93465
1202091630 116.39024 39.92721
1202091931 116.40472 39.91823
1202092073 116.40691 39.91728
1202092404 116.40693 39.91706
1202092404 116.40693 39.91706
1202093079 116.40665 39.91735
1202093433 116.40708 39.91729
1202093433 116.40708 39.91729
1202093433 116.40708 39.91729
1202093433 116.40708 39.91729
1202093433 116.40708 39.91729
1202093433 116.40708 39.91729
1202093433 116.40708 39.91729
1202093433 116.40708 39.91729
1202093433 116.40708 39.91729
1202093433 116.40708 39.91729
1202093433 116.40708 39.91729
1202093433 116.40708 39.91729
1202093433 116.40708 39.91729
1202093433 116.40708 39.91729
1202098209 116.41312 39.93954
1202098511 116.41095 39.93057
1202098813 116.40683 39.91736
1202099114 116.40254 39.93487
1202099114 116.40254 39.93487
1202099416 116.40055 39.95781
1202099718 116.40173 39.96362
1202100020 116.41198 39.96078
1202100322 116.41076 39.93585
1202100623 116.40686 39.91729
1202100981 116.40699 39.91706
1202100981 116.40699 39.91706
1202100981 116.40699 39.91706
1202100981 116.40699 39.91706
1202100981 116.40699 39.91706
1202100981 116.40699 39.91706
1202100981 116.40699 39.91706
1202100981 116.40699 39.91706
1202100981 116.40699 39.91706
1202100981 116.40699 39.91706
1202100981 116.40699 39.91706
1202100981 116.40699 39.91706
1202100981 116.40699 39.91706
1202100981 116.40699 39.91706
1202100981 116.40699 39.91706
1202100981 116.40699 39.91706
1202100981 116.40699 39.91706
1202100981 116.40699 39.91706
1202100981 116.40699 39.91706
1202100981 116.40699 39.91706
1202100981 116.40699 39.91706
1202100981 116.40699 39.91706
1202100981 116.40699 39.91706
1202108775 116.40701 39.91722
1202109077 116.40699 39.91724
1202109379 116.40699 39.91724
1202109680 116.40699 39.91724
1202109982 116.40697 39.91726
1202110284 116.40693 39.91726
1202110586 116.40693 39.91725
1202110887 116.40698 39.91723
1202111189 116.40695 39.9172
1202111491 116.41762 39.92294
1202111793 116.42749 39.94683
1202112095 116.48423 39.98871
1202112396 116.55412 40.02921
1202113000 116.58236 40.07459
1202113603 116.58363 40.07742
1202113904 116.58798 40.054
1202113904 116.58798 40.054
1202114206 116.58473 40.04852
1202114508 116.5698 40.03443
1202114810 116.5363 40.02193
1202115111 116.51298 40.02325
1202115413 116.47926 40.02123
1202115715 116.46469 40.01983
1202115887 116.46508 40.01466
1202116322 116.45651 39.99627
1202116624 116.48084 39.98836
1202116926 116.46554 39.9721
1202117228 116.42737 39.93859
1202117529 116.42894 39.90669
1202117831 116.4345 39.90815
1202118133 116.43759 39.90261
1202118435 116.43174 39.90736
1202118737 116.428 39.93538
1202119038 116.44174 39.93983
1202119340 116.46221 39.95126
1202119642 116.46813 39.96617
1202119871 116.4766 39.96902
1202120248 116.4838 39.97468
1202120549 116.49254 39.9954
1202120851 116.50026 40.00204
1202121153 116.50675 40.00797
1202121153 116.50675 40.00797
1202121433 116.50663 40.00802
1202121994 116.50652 40.00808
1202122296 116.50652 40.00808
1202122593 116.50652 40.00808
1202122958 116.50663 40.00803
1202122958 116.50663 40.00803
1202123812 116.49214 39.99509
1202124416 116.48388 39.97296
1202124717 116.47975 39.9767
1202125019 116.46731 39.96579
1202125321 116.46036 39.9591
1202125623 116.45532 39.94865
1202125924 116.45909 39.94591
1202126226 116.46283 39.94353
1202126528 116.45527 39.93314
1202126830 116.45276 39.93228
1202127132 116.45548 39.91771
1202127433 116.46124 39.91219
1202127735 116.45557 39.92447
1202128037 116.43993 39.96209
1202128339 116.41717 39.96766
1202128641 116.42265 39.96458
1202128942 116.42708 39.96702
1202129234 116.42598 39.96122
1202129790 116.42712 39.96669
1202130093 116.42856 39.96845
1202130394 116.4182 39.97889
1202130696 116.43109 39.99196
1202130997 116.39046 39.98684
1202131300 116.34826 39.98581
1202131601 116.36355 39.98079
1202131601 116.36355 39.98079
1202131904 116.36348 39.97771
1202132205 116.35948 39.96836
1202132507 116.34869 39.9754
1202132808 116.33844 39.99184
1202133111 116.34479 39.99961
1202133412 116.37419 39.99951
1202133715 116.37409 39.99532
1202134015 116.3817 39.97573
1202134319 116.37609 39.97141
1202134619 116.38178 39.96821
1202134922 116.38946 39.96173
1202135222 116.41197 39.94783
1202135526 116.43776 39.93209
1202135826 116.44023 39.92563
1202136129 116.42883 39.92341
1202136430 116.40458 39.91707
1202136732 116.39529 39.9065
1202137033 116.36798 39.90691
1202137336 116.3678 39.9061
1202137637 116.37788 39.90091
1202137939 116.36874 39.8985
1202138240 116.35414 39.89824
1202138544 116.34684 39.89179
1202138847 116.35001 39.89109
1202139259 116.3499 39.89098
1202139259 116.3499 39.89098
1202140112 116.34686 39.89359
1202140414 116.35722 39.88942
1202140716 116.34372 39.89023
1202141018 116.31545 39.89604
1202141320 116.32128 39.89842
1202141621 116.3232 39.90596
1202141923 116.3509 39.90584
1202142225 116.38273 39.906
1202142527 116.39928 39.90648
1202142829 116.41684 39.90689
1202143130 116.42871 39.91603
1202143432 116.4282 39.92929
1202143734 116.44278 39.95129
1202144036 116.49333 39.99696
1202144337 116.56103 40.03239
1202144639 116.58329 40.07627
1202144941 116.58241 40.0793
1202144941 116.58241 40.0793
1202145243 116.58233 40.06368
1202145545 116.56183 40.06134
1202145846 116.53726 40.0552
1202146148 116.5222 40.0316
1202146450 116.50617 40.01021
1202146752 116.48191 39.988
1202147054 116.46147 39.96947
1202147355 116.44007 39.95562
1202147657 116.43625 39.9466
1202147959 116.43409 39.93987
1202148261 116.42374 39.94843
1202148562 116.40169 39.95776
1202148864 116.40146 39.97376
1202150507 116.43369 39.95836
1202150809 116.42612 39.95255
1202151111 116.42921 39.93935
1202151714 116.44928 39.95727
1202152016 116.47392 39.98057
1202152318 116.47568 39.99184
1202152921 116.46706 40.00369
1202153223 116.45996 39.98746
1202153525 116.46578 39.98284
1202154150 116.48391 39.9751
1202154437 116.48379 39.97882
1202154732 116.47362 39.97807
1202155034 116.47231 39.97878
1202155336 116.46378 39.99106
1202155637 116.45788 39.98822
1202155938 116.45372 39.98392
1202156240 116.46975 39.98036
1202156542 116.47837 39.95992
1202156542 116.47837 39.95992
1202156844 116.48342 39.91506
1202157145 116.48957 39.91007
1202157749 116.47177 39.91491
1202158051 116.47165 39.90621
1202158353 116.47128 39.89251
1202158654 116.46676 39.88323
1202158956 116.45017 39.8749
1202159258 116.44592 39.88313
1202159560 116.45003 39.88093
1202159862 116.44974 39.8865
1202160465 116.45028 39.86299
1202161069 116.45133 39.84479
1202161487 116.45175 39.84485
1202161487 116.45175 39.84485
1202161487 116.45175 39.84485
1202162529 116.44527 39.85711
1202163132 116.44584 39.89243
1202163434 116.42036 39.89925
1202163736 116.42152 39.9036
1202164038 116.43803 39.89099
1202164340 116.44461 39.87718
1202164644 116.44461 39.87289
1202164945 116.44432 39.88041
1202164945 116.44432 39.88041
1202165247 116.45445 39.88339
1202165549 116.46158 39.87586
1202165851 116.4499 39.87742
1202166152 116.45002 39.88285
1202166454 116.42527 39.88307
1202167732 116.35164 39.88827
1202168033 116.32769 39.89599
1202168335 116.31913 39.89829
1202168637 116.31565 39.89692
1202168939 116.30403 39.89546
1202169342 116.32253 39.86654
1202169946 116.34387 39.88171
1202170248 116.35113 39.90441
1202170549 116.34728 39.90001
1202170851 116.34698 39.88841
1202171153 116.35302 39.87686
1202171455 116.376 39.86928
1202171756 116.38061 39.85269
1202172058 116.37665 39.85067
1202172360 116.38406 39.8594
1202172662 116.38073 39.85003
1202172964 116.37016 39.8363
1202173265 116.37256 39.84058
1202173567 116.38067 39.85509
1202173869 116.38174 39.85942
1202174171 116.40977 39.87041
1202174473 116.44514 39.88026
1202174728 116.44464 39.88145
1202175034 116.44468 39.88149
1202175890 116.44462 39.87518
1202176192 116.4493 39.88021
1202176494 116.43713 39.88321
1202176795 116.43257 39.89661
1202177096 116.45501 39.88969
1202178605 116.46067 39.88657
1202178907 116.45548 39.88981
1202179510 116.47139 39.89236
1202179812 116.47187 39.91217
1202180114 116.47227 39.9281
1202180416 116.4666 39.94385
1202180718 116.453 39.94755
1202180887 116.45266 39.94752
1202181194 116.45287 39.948
1202181736 116.45289 39.94775
1202181979 116.45305 39.94774
1202182652 116.45317 39.9477
1202182652 116.45317 39.9477
1202183507 116.45332 39.94747
1202183507 116.45332 39.94747
1202183798 116.45329 39.94746
1202183798 116.45329 39.94746
1202184355 116.44232 39.96176
1202184958 116.45292 39.94752
1202184958 116.45292 39.94752
1202185928 116.45522 39.93439
1202186230 116.45535 39.91379
1202186531 116.455 39.89841
1202186833 116.44996 39.88049
1202187125 116.44137 39.87496
1202187431 116.44156 39.87495
1202187431 116.44156 39.87495
1202187431 116.44156 39.87495
1202187431 116.44156 39.87495
1202187431 116.44156 39.87495
1202187431 116.44156 39.87495
1202187431 116.44156 39.87495
1202187431 116.44156 39.87495
1202187431 116.44156 39.87495
1202187431 116.44156 39.87495
1202187431 116.44156 39.87495
1202192811 116.44139 39.87498
1202193113 116.44139 39.87498
1202193415 116.44139 39.87498
1202193717 116.44139 39.87498
1202194018 116.44139 39.87498
1202194375 116.44136 39.87484
1202196135 116.44118 39.87505
1202196437 116.43686 39.89739
1202196739 116.40013 39.89945
1202197041 116.36698 39.8985
1202197271 116.35372 39.8985
1202197577 116.3538 39.89885
1202198433 116.35275 39.89836
1202198735 116.34291 39.87309
1202199037 116.34772 39.82962
1202199339 116.39516 39.82386
1202199641 116.3891 39.80148
1202199942 116.39165 39.78919
1202200244 116.39641 39.80743
1202200546 116.39518 39.83126
1202200848 116.38889 39.84396
1202201150 116.38069 39.85877
1202201451 116.35745 39.86781
1202201753 116.35058 39.90025
1202203000 116.34911 39.95411
1202203302 116.3573 39.96615
1202203604 116.38186 39.96671
1202204509 116.40269 39.92783
1202204811 116.39671 39.9139
1202205415 116.40953 39.93205
1202205716 116.42772 39.93565
1202206018 116.45676 39.96396
1202206320 116.48369 39.98028
1202206622 116.49112 39.98921
1202206914 116.50031 40.00222
1202207228 116.50022 40.00201
1202207820 116.51018 40.01105
1202212502 116.50812 40.00962
1202212804 116.49108 39.98676
1202213105 116.477 39.99109
1202213407 116.46164 40.00329
1202213709 116.45916 40.00355
1202214011 116.46688 39.99732
1202214175 116.46691 39.99728
1202214617 116.46049 39.98804
1202214919 116.42989 39.98794
1202215522 116.40111 39.98198
1202215824 116.40721 39.96742
1202216126 116.43698 39.95834
1202216729 116.44097 39.96769
1202217031 116.44127 39.96179
1202217333 116.45526 39.93338
1202217635 116.48194 39.93244
1202217937 116.49412 39.92704
1202218238 116.47839 39.92182
1202218540 116.4573 39.92219
1202218842 116.4551 39.91601
1202219065 116.45142 39.9122
1202219689 116.45475 39.91176
1202220293 116.48846 39.99259
1202220595 116.56294 40.03337
1202220897 116.58629 40.07689
1202221500 116.58798 40.05406
1202221500 116.58798 40.05406
1202221802 116.58863 40.04808
1202221905 116.58863 40.04808
1202222331 116.58865 40.04802
1202222331 116.58865 40.04802
1202223188 116.58803 40.0479
1202223490 116.56628 40.03271
1202223792 116.52627 40.01839
1202224094 116.49413 39.99613
1202224396 116.46686 39.97329
1202224396 116.46686 39.97329
1202224697 116.42685 39.94081
1202224999 116.42108 39.91432
1202225301 116.40698 39.91713
1202225606 116.40782 39.9174
1202225907 116.4134 39.91512
1202226209 116.39942 39.9139
1202226511 116.3947 39.9064
1202226813 116.37829 39.90599
1202227114 116.37033 39.90599
1202227416 116.36798 39.89967
1202227718 116.36815 39.88848
1202228020 116.3588 39.86901
1202228322 116.34641 39.87226
1202228623 116.34673 39.88043
1202229342 116.34694 39.88008
1202229342 116.34694 39.88008
1202230195 116.34687 39.88044
1202230195 116.34687 39.88044
1202230798 116.34963 39.89586
1202231100 116.32651 39.88862
1202231402 116.31469 39.88288
1202231703 116.31978 39.88325
1202232005 116.32007 39.88306
1202232307 116.3203 39.8878
1202232609 116.31455 39.89596
1202232911 116.31065 39.906
1202233212 116.3077 39.90633
1202233514 116.30393 39.94606
1202233816 116.35009 39.96629
1202234118 116.40036 39.96719
1202234420 116.40594 39.98175
1202234721 116.41131 39.97338
1202235023 116.37096 39.96679
1202235325 116.35179 39.95698
1202235627 116.36047 39.95658
1202235928 116.35561 39.95663
1202236230 116.34883 39.93949
1202236532 116.32052 39.93758
1202236834 116.31956 39.93142
1202237136 116.31654 39.91985
1202237307 116.31731 39.92086
1202237863 116.31972 39.92852
1202238165 116.32748 39.9368
1202238467 116.35019 39.94607
1202238769 116.36504 39.95561
1202239071 116.37761 39.96053
1202239376 116.37914 39.96145
1202239677 116.38919 39.9483
1202239979 116.42762 39.93721
1202240281 116.43001 39.90085
1202240583 116.4217 39.89215
1202240884 116.41826 39.88527
1202241186 116.41567 39.88273
1202241488 116.43168 39.89225
1202241790 116.45456 39.8921
1202242092 116.4556 39.90378
1202242092 116.4556 39.90378
1202242393 116.45695 39.94374
1202242695 116.45527 39.94059
1202242997 116.45533 39.89801
1202243299 116.43803 39.88432
1202243601 116.42931 39.86714
1202243902 116.4202 39.86682
1202244204 116.4177 39.86432
1202244506 116.4118 39.8687
1202244807 116.41191 39.86867
1202245108 116.409 39.85933
1202245410 116.4133 39.86399
1202245712 116.44069 39.87289
1202246014 116.43028 39.91533
1202246316 116.44603 39.95433
1202246617 116.48656 39.99193
1202246919 116.50673 40.011
1202247335 116.50672 40.01107
1202247335 116.50672 40.01107
1202248196 116.50682 40.01097
1202248498 116.50682 40.01097
1202248799 116.50682 40.01097
1202249101 116.52019 40.02848
1202249403 116.54888 40.06398
1202249705 116.55598 40.10495
1202250007 116.61032 40.1164
1202250308 116.6711 40.11446
1202250610 116.72232 40.12117
1202250912 116.78753 40.14593
1202251214 116.84701 40.15173
1202251515 116.92477 40.15157
1202251817 116.9981 40.13925
1202252119 117.06655 40.1439
1202252421 117.09206 40.13271
1202252723 117.11339 40.13232
1202253024 117.15409 40.12455
1202253325 117.188 40.13487
1202253611 117.19067 40.13431
1202253918 117.19059 40.13428
1202253918 117.19059 40.13428
1202253918 117.19059 40.13428
1202253918 117.19059 40.13428
1202253918 117.19059 40.13428
1202253918 117.19059 40.13428
1202253918 117.19059 40.13428
1202253918 117.19059 40.13428
1202253918 117.19059 40.13428
1202253918 117.19059 40.13428
1202253918 117.19059 40.13428
1202292798 117.1905 40.13434
1202293401 117.1905 40.13434
1202293703 117.17747 40.1314
1202293703 117.17747 40.1314
1202294005 117.16481 40.12437
1202294306 117.16481 40.12437
1202294607 117.16481 40.12437
1202294909 117.16481 40.12437
1202295211 117.16481 40.12437
1202295513 117.16481 40.12437
1202295814 117.14148 40.13417
1202295919 117.14063 40.13524
1202296779 117.16868 40.12524
1202297080 117.1798 40.13185
1202297314 117.19065 40.13428
1202297620 117.19063 40.13435
1202297620 117.19063 40.13435
1202297620 117.19063 40.13435
1202297620 117.19063 40.13435
1202297620 117.19063 40.13435
1202297620 117.19063 40.13435
1202297620 117.19063 40.13435
1202297620 117.19063 40.13435
1202297620 117.19063 40.13435
1202297620 117.19063 40.13435
1202297620 117.19063 40.13435
1202297620 117.19063 40.13435
1202297620 117.19063 40.13435
1202297620 117.19063 40.13435
1202297620 117.19063 40.13435
1202297620 117.19063 40.13435
1202297620 117.19063 40.13435
1202297620 117.19063 40.13435
1202297620 117.19063 40.13435
1202314166 117.18783 40.13465
1202314468 117.15047 40.14459
1202314770 117.11724 40.14011
1202323619 117.11773 40.1348
1202323815 117.12756 40.13493
1202324226 117.17226 40.1273
1202324527 117.19068 40.13424
1202324908 117.19056 40.13424
1202324908 117.19056 40.13424
1202324908 117.19056 40.13424
1202324908 117.19056 40.13424
1202324908 117.19056 40.13424
1202324908 117.19056 40.13424
1202324908 117.19056 40.13424
1202324908 117.19056 40.13424
1202324908 117.19056 40.13424
1202324908 117.19056 40.13424
1202324908 117.19056 40.13424
1202324908 117.19056 40.13424
1202324908 117.19056 40.13424
1202324908 117.19056 40.13424
1202324908 117.19056 40.13424
1202324908 117.19056 40.13424
1202324908 117.19056 40.13424
1202324908 117.19056 40.13424
1202324908 117.19056 40.13424
1202324908 117.19056 40.13424
1202324908 117.19056 40.13424
1202324908 117.19056 40.13424
1202324908 117.19056 40.13424
1202356838 116.50595 39.88293
1202356838 116.50595 39.88293
1202415387 117.17986 40.132
1202415689 117.12819 40.13497
1202415991 117.10712 40.13205
1202416293 117.13459 40.13311
1202416594 117.17457 40.12924
1202416896 117.18624 40.13285
1202417198 117.1372 40.13195
1202417500 117.10527 40.13352
1202417914 117.10521 40.13351
1202417914 117.10521 40.13351
1202417914 117.10521 40.13351
1202417914 117.10521 40.13351
1202417914 117.10521 40.13351
1202417914 117.10521 40.13351
1202417914 117.10521 40.13351
1202417914 117.10521 40.13351
1202417914 117.10521 40.13351
1202417914 117.10521 40.13351
1202417914 117.10521 40.13351
1202417914 117.10521 40.13351
1202421792 117.10497 40.13947
1202422094 117.10525 40.13383
1202422398 117.10262 40.13898
1202422807 117.10269 40.13897
1202422807 117.10269 40.13897
1202422807 117.10269 40.13897
1202423953 117.10511 40.13368
1202424258 117.10504 40.13363
1202424258 117.10504 40.13363
1202424258 117.10504 40.13363
1202424258 117.10504 40.13363
1202424258 117.10504 40.13363
1202424258 117.10504 40.13363
1202424258 117.10504 40.13363
1202424258 117.10504 40.13363
1202424258 117.10504 40.13363
1202424258 117.10504 40.13363
1202424258 117.10504 40.13363
1202424258 117.10504 40.13363
1202424258 117.10504 40.13363
1202424258 117.10504 40.13363
1202424258 117.10504 40.13363
1202424258 117.10504 40.13363
1202424258 117.10504 40.13363
1202424258 117.10504 40.13363
1202424258 117.10504 40.13363
1202424258 117.10504 40.13363
1202424258 117.10504 40.13363
1202424258 117.10504 40.13363
1202424258 117.10504 40.13363
1202463133 117.10532 40.13379
1202463435 117.10481 40.14411
1202463736 117.065 40.14401
1202464038 117.01678 40.14147
1202464340 116.96127 40.14811
1202464642 116.89913 40.15258
1202464944 116.83573 40.15107
1202465245 116.79402 40.14655
1202465547 116.74247 40.12753
1202465849 116.68384 40.11717
1202466151 116.6255 40.11649
1202466453 116.58268 40.11712
1202466754 116.55572 40.10463
1202467056 116.54999 40.06939
1202467358 116.5292 40.04429
1202467660 116.51472 40.02056
1202467961 116.49795 40.0004
1202468262 116.48383 39.98665
1202468564 116.47075 39.96857
1202468866 116.45528 39.9487
1202468866 116.45528 39.9487
1202469039 116.45324 39.94765
1202469594 116.45533 39.93267
1202469895 116.4761 39.93241
1202470196 116.45835 39.93255
1202470498 116.45524 39.9337
1202470800 116.44418 39.93025
1202471102 116.44414 39.91469
1202471403 116.42872 39.91602
1202471705 116.41152 39.94801
1202472007 116.41039 39.95777
1202472309 116.39463 39.94773
1202472611 116.34915 39.93852
1202472912 116.34993 39.92467
1202473214 116.34901 39.9059
1202473214 116.34901 39.9059
1202473516 116.31644 39.90624
1202473818 116.29611 39.90857
1202473818 116.29611 39.90857
1202474120 116.31492 39.90674
1202474421 116.326 39.90086
1202474723 116.32296 39.89736
1202475025 116.33537 39.89605
1202475327 116.33944 39.88524
1202475622 116.33951 39.88373
1202475934 116.34029 39.88963
1202476235 116.32606 39.89735
1202476537 116.31574 39.89917
1202476839 116.32574 39.89553
1202477141 116.33767 39.89625
1202477443 116.34333 39.86577
1202477744 116.34614 39.86648
1202478046 116.35715 39.86744
1202478348 116.35769 39.87514
1202478650 116.35254 39.88683
1202478952 116.35707 39.89466
1202479252 116.34664 39.89943
1202479554 116.36663 39.89823
1202479856 116.37653 39.8986
1202480158 116.40091 39.8993
1202480460 116.40668 39.89156
1202480460 116.40668 39.89156
1202480761 116.39394 39.89898
1202481063 116.36737 39.89848
1202481365 116.3263 39.89589
1202481667 116.32275 39.89911
1202481968 116.33293 39.91279
1202482270 116.35027 39.91216
1202482572 116.34671 39.89709
1202482874 116.33663 39.89657
1202483176 116.32104 39.89847
1202484136 116.34992 39.89106
1202484136 116.34992 39.89106
1202484989 116.34393 39.89503
1202485290 116.33112 39.89624
1202485592 116.30444 39.92114
1202485894 116.28264 39.9229
1202486196 116.28236 39.92136
1202486501 116.29033 39.92261
1202486803 116.30344 39.90763
1202487105 116.29621 39.90489
1202487406 116.32472 39.90605
1202487708 116.36735 39.90565
1202488010 116.36804 39.90775
1202488312 116.36731 39.92031
1202488614 116.36763 39.92112
1202488915 116.36708 39.93134
1202489217 116.3502 39.93099
1202489519 116.33004 39.95045
1202489821 116.33614 39.95685
1202490122 116.36032 39.95667
1202490424 116.38624 39.95015
1202490726 116.40091 39.95023
1202491028 116.37944 39.94756
1202491630 116.35783 39.93718
1202491932 116.35793 39.93701
1202492234 116.36182 39.93139
