UTS Latitude Longitude
1201959378 116.3873 39.87924
1201959678 116.39339 39.88515
1201959978 116.4163 39.89177
1201960278 116.44932 39.89195
1201960578 116.47074 39.89188
1201960878 116.47169 39.90168
1201961178 116.47189 39.90908
1201961478 116.46852 39.9218
1201961605 116.46085 39.92609
1201961905 116.4561 39.93252
1201962205 116.44146 39.93241
1201962505 116.41671 39.93238
1201963105 116.35707 39.93111
1201963105 116.35707 39.93111
1201963842 116.31971 39.93664
1201964142 116.34525 39.93862
1201964326 116.34581 39.94066
1201964829 116.31801 39.9556
1201964934 116.31163 39.95568
1201965234 116.30393 39.93231
1201965420 116.29374 39.92292
1201965720 116.30443 39.9224
1201965720 116.30443 39.9224
1201965851 116.30418 39.93008
1201966151 116.27945 39.92309
1201966386 116.26781 39.91244
1201966686 116.25868 39.90902
1201966986 116.26142 39.92312
1201967286 116.30201 39.92275
1201967586 116.3047 39.92682
1201967834 116.31368 39.93433
1201968135 116.34152 39.938
1201968434 116.36084 39.94575
1201968734 116.38932 39.94966
1201968935 116.40056 39.95569
1201969235 116.39604 39.95579
1201969535 116.3891 39.95725
1201969835 116.38906 39.95725
1201970135 116.38864 39.96339
1201970435 116.37707 39.96721
1201970547 116.37558 39.96697
1201970847 116.35059 39.96643
1201971147 116.31777 39.9661
1201971447 116.31701 39.95703
1201972566 116.37235 39.96668
1201972683 116.38753 39.96655
1201972683 116.38753 39.96655
1201972983 116.38922 39.94805
1201973283 116.40218 39.94013
1201973583 116.40231 39.93733
1201973883 116.40238 39.93496
1201974483 116.40459 39.92321
1201974783 116.41165 39.91167
1201974821 116.41158 39.91152
1201975083 116.41172 39.90708
1201975383 116.4212 39.89618
1201975497 116.42719 39.89607
1201975797 116.43482 39.89227
1201976097 116.45424 39.89191
1201976397 116.47165 39.89785
1201976697 116.4858 39.90644
1201976997 116.49231 39.93378
1201977597 116.51321 39.95926
1201977897 116.52731 39.96651
1201977897 116.52731 39.96651
1201978197 116.52743 39.96672
1201978497 116.52744 39.9667
1201978797 116.52743 39.9667
1201979097 116.52744 39.96668
1201979397 116.51623 39.96171
1201979567 116.50676 39.96403
1201979867 116.49704 39.97056
1201980082 116.48381 39.97352
1201980167 116.48359 39.97497
1201980467 116.47491 39.96539
1201980767 116.45643 39.9747
1201981067 116.42285 39.98773
1201981367 116.38894 39.98683
1201981667 116.37372 39.9803
1201981667 116.37372 39.9803
1201981928 116.36507 39.97378
1201982054 116.37031 39.97374
1201982354 116.35302 39.9664
1201982654 116.32369 39.96613
1201982954 116.31672 39.95886
1201983253 116.31849 39.94527
1201983553 116.31952 39.93393
1201983853 116.31954 39.92698
1201984119 116.31426 39.92016
1201984419 116.30906 39.92247
1201984719 116.32077 39.92208
1201984741 116.32131 39.92205
1201985041 116.32847 39.9206
1201985341 116.32921 39.90758
1201985641 116.33487 39.90592
1201985941 116.34788 39.90585
1201986241 116.35909 39.90587
1201986541 116.3707 39.90581
1201986841 116.38279 39.90597
1201987141 116.39186 39.90622
1201987441 116.40553 39.9066
1201987926 116.45452 39.90737
1201988041 116.45165 39.90778
1201988123 116.452 39.91039
1201988423 116.45153 39.91416
1201988688 116.44423 39.92319
1201988987 116.44435 39.93881
1201989287 116.43928 39.95062
1201989961 116.48333 39.97144
1201990174 116.49202 39.97917
1201990474 116.48994 39.97529
1201990774 116.47677 39.96968
1201991045 116.46009 39.95896
1201991387 116.45242 39.95344
1201991645 116.45531 39.94033
1201991945 116.45542 39.90411
1201992245 116.44582 39.85951
1201992545 116.39465 39.85572
1201992845 116.33762 39.84803
1201993145 116.30433 39.85882
1201993488 116.30865 39.86495
1201993633 116.31434 39.86638
1201993933 116.34212 39.86524
1201994233 116.3386 39.81722
1201994533 116.34194 39.78979
1201994726 116.35194 39.78812
1201995026 116.33957 39.8051
1201995326 116.34214 39.84829
1201995343 116.34375 39.8492
1201995643 116.40074 39.85561
1201995943 116.41465 39.88148
1201996268 116.40902 39.89371
1201996543 116.41255 39.89894
1201996843 116.44682 39.90246
1201997143 116.45603 39.91132
1201997443 116.47072 39.91425
1201998043 116.51437 39.91562
1201998343 116.54065 39.92239
1201998877 116.57061 39.91378
1201999177 116.54862 39.91039
1201999177 116.54862 39.91039
1201999477 116.5243 39.9086
1201999777 116.51281 39.91547
1202000077 116.49597 39.92294
1202000182 116.49598 39.92992
1202000890 116.48469 39.92185
1202001102 116.47845 39.9043
1202001102 116.47845 39.9043
1202001402 116.43315 39.89243
1202001555 116.42462 39.89436
1202001855 116.43051 39.8995
1202002155 116.43483 39.90852
1202002242 116.43433 39.90711
1202002542 116.42829 39.94343
1202002625 116.43269 39.94539
1202002925 116.43186 39.95335
1202003225 116.43974 39.95514
1202003525 116.45087 39.95439
1202003825 116.44664 39.94463
1202003838 116.44818 39.94474
1202004136 116.45525 39.92211
1202005089 116.47319 39.89919
1202005389 116.45576 39.90416
1202005989 116.4467 39.90748
1202006616 116.44712 39.9295
1202006705 116.44922 39.93178
1202007005 116.455 39.89326
1202007163 116.45754 39.88964
1202007305 116.46231 39.89207
1202007527 116.44088 39.89249
1202007707 116.43002 39.90313
1202007937 116.42306 39.90393
1202008237 116.43183 39.90537
1202008537 116.43257 39.90469
1202008837 116.43304 39.90467
1202009137 116.43349 39.90481
1202009437 116.43387 39.90476
1202009737 116.43506 39.90466
1202009999 116.43465 39.90661
1202010729 116.44432 39.93241
1202010889 116.44381 39.92561
1202011189 116.45559 39.93229
1202011489 116.41987 39.96806
1202012079 116.41168 39.96812
1202012079 116.41168 39.96812
1202012379 116.43357 39.95964
1202012603 116.43477 39.96124
1202012902 116.45538 39.92454
1202013091 116.44932 39.90735
1202013344 116.4442 39.90822
1202013644 116.42831 39.92651
1202013944 116.42566 39.95796
1202014133 116.42958 39.96552
1202014433 116.43302 39.96045
1202014433 116.43302 39.96045
1202014733 116.43302 39.95999
1202014733 116.43302 39.95999
1202015033 116.43306 39.96014
1202015063 116.43337 39.95905
1202015363 116.41916 39.94707
1202015936 116.43031 39.93378
1202016181 116.43797 39.93508
1202016181 116.43797 39.93508
1202016481 116.45116 39.93035
1202016781 116.45106 39.93038
1202017081 116.45088 39.93039
1202017681 116.45108 39.93034
1202017980 116.4506 39.93047
1202018281 116.45225 39.93008
1202018581 116.45132 39.93027
1202018715 116.45103 39.93058
1202019014 116.45561 39.94572
1202019314 116.39912 39.96752
1202019614 116.32956 39.96631
1202019991 116.3144 39.96685
1202020794 116.34744 39.96624
1202021307 116.39609 39.94759
1202021897 116.41856 39.90358
1202022197 116.45568 39.90729
1202022497 116.45619 39.95533
1202022797 116.48131 39.96978
1202023396 116.52451 39.97664
1202023996 116.52731 39.96651
1202024296 116.52771 39.96654
1202024296 116.52771 39.96654
1202024596 116.52769 39.96654
1202024896 116.52768 39.96655
1202025196 116.5277 39.96652
1202025496 116.5108 39.95405
1202025796 116.4959 39.93046
1202026096 116.49595 39.93456
1202026474 116.4561 39.93238
1202026774 116.45333 39.91946
1202026794 116.45331 39.91945
1202027394 116.46022 39.93232
1202027923 116.46084 39.90706
1202028223 116.44942 39.86222
1202028718 116.40482 39.85242
1202029318 116.41503 39.85572
1202029618 116.45417 39.86607
1202029918 116.47131 39.87302
1202030048 116.47129 39.87994
1202030348 116.45551 39.88309
1202030648 116.43843 39.88329
1202030947 116.41491 39.88017
1202031465 116.4555 39.88721
1202031763 116.45549 39.90301
1202032695 116.47194 39.91909
1202032937 116.4716 39.90721
1202033837 116.41168 39.90731
1202034137 116.41001 39.90285
1202034143 116.40997 39.90284
1202034443 116.41178 39.91025
1202034443 116.41178 39.91025
1202034574 116.41504 39.91437
1202034874 116.41971 39.93287
1202034979 116.42566 39.93526
1202035279 116.41932 39.94771
1202035579 116.41994 39.95803
1202036119 116.42255 39.956
1202036535 116.41257 39.95245
1202036719 116.39253 39.9478
1202037013 116.39671 39.94045
1202037313 116.41304 39.9395
1202037336 116.41544 39.93956
1202037636 116.45484 39.93999
1202037636 116.45484 39.93999
1202037936 116.47669 39.95471
1202038305 116.4884 39.96341
1202038905 116.48438 39.97087
1202039205 116.46889 39.96695
1202039433 116.45418 39.95361
1202039733 116.44195 39.94532
1202039768 116.43887 39.94526
1202040368 116.4308 39.9616
1202040437 116.42941 39.96582
1202040737 116.44668 39.95735
1202040978 116.4598 39.95858
1202041278 116.45693 39.94845
1202041578 116.43903 39.94977
1202041878 116.43773 39.9588
1202042178 116.43029 39.96819
1202042478 116.43019 39.9682
1202042778 116.43024 39.96824
1202043078 116.43028 39.96822
1202043337 116.42691 39.96847
1202044076 116.35348 39.96652
1202044237 116.3474 39.98409
1202044828 116.32693 39.98583
1202045127 116.32756 39.97274
1202046072 116.35564 39.94501
1202046327 116.35562 39.94508
1202046570 116.35517 39.95097
1202047470 116.42669 39.94752
1202047770 116.4284 39.91833
1202048126 116.43468 39.90567
1202048426 116.44828 39.90689
1202048872 116.46911 39.91939
1202049209 116.46093 39.92795
1202049509 116.47251 39.93238
1202049809 116.49817 39.93025
1202049863 116.49741 39.93031
1202050163 116.48395 39.94715
1202050463 116.47123 39.95305
1202050763 116.4705 39.95199
1202051063 116.46754 39.95188
1202051363 116.44433 39.94636
1202051663 116.42704 39.93945
1202051963 116.42942 39.90874
1202052263 116.42346 39.8962
1202052563 116.41208 39.89593
1202052603 116.41202 39.8959
1202052877 116.41142 39.89966
1202053177 116.4326 39.89645
1202053250 116.43317 39.89512
1202053550 116.42202 39.89606
1202053550 116.42202 39.89606
1202053850 116.41261 39.89828
1202054150 116.43285 39.89627
1202054450 116.45147 39.89603
1202054509 116.45499 39.89522
1202054809 116.44381 39.85843
1202055109 116.41724 39.85652
1202055409 116.40935 39.8559
1202055548 116.40794 39.85404
1202055848 116.41304 39.85024
1202056023 116.415 39.85568
1202056323 116.45457 39.86695
1202056623 116.45572 39.89424
1202056923 116.45565 39.9135
1202057219 116.46125 39.92808
1202057519 116.46509 39.92919
1202057819 116.46722 39.92958
1202057903 116.47235 39.93199
1202058203 116.45565 39.94267
1202058503 116.43791 39.96331
1202058803 116.42656 39.96821
1202058803 116.42656 39.96821
1202059103 116.40881 39.96773
1202059103 116.40881 39.96773
1202059703 116.36385 39.97453
1202060111 116.35363 39.98036
1202060302 116.34934 39.97526
1202060602 116.33037 39.97525
1202060902 116.31531 39.97967
1202061130 116.31014 39.97957
1202061130 116.31014 39.97957
1202061430 116.30861 39.98128
1202061730 116.32083 39.98427
1202062030 116.35664 39.98575
1202062330 116.39729 39.98687
1202062630 116.45798 39.97331
1202062930 116.47916 39.9742
1202064469 116.51049 39.97564
1202064769 116.53316 39.96954
1202065055 116.52744 39.96668
1202065355 116.52744 39.96667
1202065655 116.52742 39.96673
1202065955 116.52741 39.9667
1202066255 116.52741 39.96668
1202066555 116.52743 39.96669
1202066855 116.52743 39.96669
1202067155 116.52779 39.96582
1202067389 116.51526 39.96051
1202067689 116.51106 39.94641
1202067810 116.50417 39.93725
1202068110 116.48544 39.9344
1202068124 116.4855 39.93318
1202068424 116.47007 39.93252
1202068724 116.45661 39.93252
1202069024 116.44388 39.9324
1202069324 116.42544 39.93722
1202069390 116.42459 39.93873
1202069690 116.42549 39.93635
1202069830 116.42546 39.93775
1202069830 116.42546 39.93775
1202070131 116.41938 39.94527
1202070134 116.41937 39.94527
1202070434 116.41906 39.95056
1202070729 116.4188 39.96516
1202071029 116.41835 39.97576
1202071247 116.41436 39.98218
1202071547 116.41538 39.98605
1202071663 116.4153 39.98718
1202071963 116.41789 39.99192
1202072169 116.41887 40.00207
1202072289 116.41985 40.00088
1202072589 116.42998 39.99227
1202073189 116.43048 39.96768
1202073489 116.44203 39.94757
1202073789 116.4417 39.9456
1202074089 116.43462 39.941
1202074495 116.41926 39.94759
1202074689 116.41043 39.94812
1202074989 116.41077 39.93458
1202075289 116.38678 39.93219
1202075386 116.38223 39.93233
1202075589 116.36666 39.93444
1202075888 116.36593 39.9466
1202076061 116.36534 39.95463
1202076212 116.3598 39.95671
1202076212 116.3598 39.95671
1202076512 116.34149 39.95172
1202076669 116.34373 39.944
1202076969 116.33723 39.96094
1202077269 116.32572 39.96638
1202077469 116.31937 39.96821
1202077769 116.31545 39.96598
1202078069 116.3034 39.95007
1202078369 116.30403 39.91545
1202078669 116.29986 39.90632
1202078969 116.28907 39.90729
1202079269 116.28902 39.91545
1202079295 116.28907 39.91542
1202080169 116.25861 39.92788
1202080406 116.25559 39.93204
1202081006 116.27204 39.93989
1202081095 116.27967 39.94047
1202081578 116.27981 39.92089
1202081695 116.28366 39.92278
1202081995 116.2953 39.92787
1202082295 116.27945 39.92307
1202082295 116.27945 39.92307
1202082595 116.25689 39.92861
1202082625 116.25694 39.92866
1202082925 116.26851 39.93661
1202083128 116.28046 39.9406
1202083428 116.3172 39.9376
1202083728 116.3503 39.93863
1202083768 116.35028 39.93864
1202084028 116.3398 39.94425
1202084328 116.32841 39.96345
1202084328 116.32841 39.96345
1202084365 116.32808 39.9658
1202084628 116.31317 39.97078
1202084928 116.3346 39.97504
1202085107 116.33859 39.9713
1202085343 116.33948 39.97411
1202085643 116.31618 39.97487
1202085866 116.30969 39.9747
1202086166 116.3008 39.98372
1202086466 116.31863 39.98294
1202086766 116.32632 39.99133
1202087066 116.33097 39.99071
1202087073 116.33086 39.99121
1202087373 116.37086 39.98611
1202087673 116.43822 39.98535
1202087973 116.45723 39.98495
1202088273 116.46873 39.99626
1202088486 116.47305 39.98524
1202088643 116.47973 39.98088
1202088943 116.46495 39.97091
1202089243 116.44348 39.96408
1202089315 116.44357 39.96345
1202089615 116.44268 39.96363
1202089778 116.4433 39.95854
1202090078 116.45539 39.91649
1202090378 116.43689 39.90541
1202090394 116.43691 39.90531
1202090694 116.43737 39.90267
1202090994 116.4415 39.90678
1202091294 116.44137 39.90681
1202091594 116.44037 39.91344
1202091894 116.44665 39.92847
1202092133 116.446 39.92794
1202092433 116.46192 39.91555
1202092733 116.46996 39.90804
1202092733 116.46996 39.90804
1202092758 116.47002 39.908
1202093058 116.45513 39.90757
1202093358 116.44422 39.91188
1202093658 116.44707 39.92867
1202093764 116.44725 39.92952
1202094064 116.45121 39.91623
1202094072 116.45122 39.91625
1202094372 116.44728 39.92897
1202094672 116.45048 39.92951
1202094972 116.45113 39.93045
1202095272 116.44931 39.93198
1202095555 116.44926 39.93533
1202095904 116.45449 39.9525
1202096204 116.44077 39.94387
1202096504 116.41428 39.93962
1202096504 116.41428 39.93962
1202096804 116.40147 39.93426
1202097104 116.39685 39.93852
1202097404 116.39684 39.93849
1202097553 116.39678 39.93937
1202097853 116.36572 39.94791
1202097994 116.36351 39.95321
1202098294 116.37335 39.94355
1202098594 116.38547 39.93838
1202098894 116.38705 39.9377
1202099194 116.38674 39.93771
1202099494 116.38669 39.93768
1202099794 116.38668 39.93773
1202100094 116.3867 39.93768
1202100394 116.38671 39.93771
1202100694 116.38669 39.93772
1202100994 116.38671 39.93766
1202101294 116.38774 39.93634
1202101384 116.38815 39.93734
1202101684 116.41292 39.93223
1202101984 116.4552 39.9323
1202102143 116.46412 39.93025
1202102443 116.45345 39.93247
1202102743 116.44798 39.93474
1202102925 116.44801 39.93452
1202103225 116.42725 39.94001
1202103466 116.41428 39.93953
1202103466 116.41428 39.93953
1202104066 116.44795 39.93577
1202104366 116.44788 39.93569
1202104889 116.41993 39.93237
1202105489 116.39935 39.93205
1202105789 116.44047 39.93236
1202105789 116.44047 39.93236
1202106025 116.45312 39.9353
1202106325 116.45427 39.95284
1202106625 116.48385 39.97068
1202106925 116.49018 39.97058
1202107225 116.4903 39.97058
1202107525 116.49032 39.97056
1202107525 116.49032 39.97056
1202107825 116.49313 39.97061
1202108125 116.5245 39.97659
1202108425 116.52432 39.9766
1202108725 116.52436 39.97654
1202109025 116.52439 39.97653
1202109325 116.5244 39.97653
1202109625 116.52439 39.97649
1202109925 116.53417 39.97319
1202110525 116.52766 39.96671
1202110825 116.52763 39.96653
1202111125 116.5231 39.96345
1202111425 116.50417 39.93722
1202111478 116.4966 39.93509
1202111942 116.46463 39.94345
1202112242 116.47417 39.9323
1202112523 116.49594 39.9313
1202112823 116.47778 39.96048
1202113123 116.5037 40.0064
1202113423 116.56404 40.03381
1202113723 116.57845 40.04615
1202114023 116.58405 40.05697
1202114323 116.58253 40.06672
1202114625 116.58242 40.07941
1202114627 116.58242 40.07941
1202115527 116.56212 40.03117
1202115827 116.55747 40.01053
1202116127 116.55635 39.9708
1202116427 116.54075 39.94057
1202116727 116.49878 39.93571
1202117027 116.49711 39.927
1202117272 116.49139 39.92193
1202117572 116.48291 39.90478
1202117872 116.47126 39.89783
1202117901 116.4713 39.89772
1202118201 116.47184 39.907
1202118501 116.47854 39.92166
1202118801 116.47687 39.93235
1202119101 116.49558 39.9302
1202119400 116.49211 39.93387
1202119700 116.47204 39.92656
1202120001 116.47189 39.9222
1202120001 116.47189 39.9222
1202120011 116.47189 39.92204
1202120311 116.47193 39.92975
1202120611 116.46778 39.94525
1202120794 116.46149 39.95682
1202121094 116.45327 39.95347
1202121394 116.44224 39.95757
1202121694 116.43216 39.96085
1202121994 116.43369 39.96412
1202122294 116.42613 39.95811
1202122594 116.41903 39.95148
1202122894 116.42264 39.96095
1202122894 116.42264 39.96095
1202123638 116.41856 39.9718
1202123801 116.41815 39.97983
1202124101 116.41209 39.96796
1202124401 116.37856 39.96693
1202124701 116.3272 39.96623
1202125001 116.30348 39.94946
1202125288 116.29438 39.93888
1202125588 116.30439 39.94168
1202126082 116.3221 39.96599
1202126301 116.35846 39.96614
1202126601 116.33366 39.96649
1202126699 116.32793 39.96924
1202126999 116.32717 39.98411
1202127122 116.32683 39.99107
1202127299 116.3134 39.99615
1202127491 116.3126 40.01034
1202127599 116.3124 40.01079
1202127899 116.30239 39.99772
1202128199 116.30111 39.99661
1202128499 116.29968 39.99637
1202128799 116.29562 39.99602
1202129099 116.29393 39.99604
1202129399 116.29294 39.98933
1202129699 116.26919 39.95111
1202129883 116.26994 39.9453
1202129999 116.27439 39.94519
1202130301 116.30554 39.94029
1202130599 116.3203 39.95055
1202130623 116.32025 39.95056
1202131121 116.33074 39.96603
1202131223 116.33275 39.96608
1202131523 116.33742 39.96591
1202131823 116.33748 39.96592
1202132122 116.33756 39.96594
1202132422 116.33752 39.96584
1202132722 116.3375 39.96574
1202133022 116.35756 39.96612
1202133322 116.36036 39.96609
1202133622 116.36044 39.96614
1202133874 116.36291 39.96613
1202134174 116.38843 39.96351
1202134474 116.402 39.94764
1202134774 116.42821 39.9228
1202135074 116.4268 39.90376
1202135074 116.4268 39.90376
1202135251 116.42049 39.9042
1202135551 116.41192 39.90695
1202135851 116.41989 39.91417
1202136151 116.42211 39.93221
1202136451 116.43351 39.92554
1202136751 116.42681 39.93988
1202136798 116.42299 39.9397
1202137098 116.40367 39.94776
1202138032 116.31665 39.96554
1202138186 116.31775 39.96565
1202138802 116.3187 39.96576
1202139317 116.31911 39.96558
1202140229 116.35048 39.91046
1202140516 116.34143 39.88966
1202141116 116.32306 39.90608
1202141869 116.32803 39.92676
1202142016 116.32721 39.9346
1202142138 116.32364 39.93454
1202142438 116.33428 39.93108
1202142738 116.34825 39.93095
1202142921 116.35033 39.93094
1202143408 116.35036 39.91393
1202144330 116.34745 39.91549
1202144375 116.34743 39.91552
1202144675 116.34696 39.92261
1202144677 116.34697 39.92261
1202144975 116.34976 39.92485
1202145754 116.38512 39.8988
1202145874 116.39317 39.89875
1202146174 116.41147 39.89957
1202146581 116.43809 39.89038
1202146774 116.44842 39.88299
1202147070 116.45456 39.87333
1202147370 116.45534 39.8826
1202147670 116.45946 39.89191
1202147827 116.47101 39.89173
1202148127 116.46518 39.87156
1202148127 116.46518 39.87156
1202148609 116.4713 39.88254
1202148755 116.47151 39.89283
1202149055 116.4718 39.90581
1202149355 116.47201 39.91349
1202149655 116.48418 39.93059
1202149955 116.51151 39.9461
1202150255 116.51297 39.94599
1202150555 116.51296 39.94597
1202150855 116.51297 39.94597
1202151155 116.51115 39.95307
1202151455 116.52725 39.96655
1202151755 116.52726 39.96667
1202152055 116.52726 39.96666
1202152355 116.52724 39.96671
1202152655 116.52725 39.96667
1202152955 116.51801 39.96232
1202153255 116.49742 39.96509
1202153555 116.48617 39.97525
1202153766 116.4836 39.97322
1202154066 116.48192 39.95697
1202154366 116.48821 39.93269
1202154494 116.49309 39.93016
1202154779 116.4963 39.93039
1202155079 116.48436 39.93252
1202155379 116.46122 39.93243
1202155379 116.46122 39.93243
1202155679 116.45673 39.93261
1202155979 116.44426 39.93634
1202156149 116.43874 39.93997
1202156449 116.43926 39.9453
1202156619 116.44193 39.9505
1202156918 116.48498 39.9895
1202157218 116.5546 40.02944
1202157518 116.58601 40.05327
1202157649 116.58857 40.04841
1202158249 116.54878 40.02459
1202158548 116.5358 40.00769
1202158848 116.50819 39.99445
1202159038 116.49824 39.98677
1202159338 116.51669 39.97635
1202159639 116.52801 39.96596
1202159824 116.5247 39.96037
1202160124 116.51086 39.95818
1202160424 116.49732 39.96332
1202160458 116.49658 39.96299
1202160758 116.48201 39.95703
1202161205 116.46839 39.93557
1202161505 116.46694 39.92873
1202161805 116.4668 39.92879
1202162105 116.46401 39.93034
1202162405 116.45868 39.92203
1202162705 116.45135 39.91406
1202163005 116.4495 39.9076
1202163461 116.45479 39.90344
1202163641 116.4521 39.89525
1202163772 116.45208 39.89386
1202164072 116.45567 39.90953
1202164530 116.47358 39.9792
1202164672 116.50078 40.0037
1202164972 116.57618 40.04434
1202165272 116.5868 40.07781
1202165349 116.5866 40.07862
1202165649 116.58236 40.06329
1202165949 116.55711 40.0606
1202166249 116.56161 40.04066
1202166549 116.55504 40.02864
1202166849 116.54276 40.00772
1202167024 116.5224 40.00272
1202167324 116.49782 39.98668
1202167624 116.47555 39.97286
1202167924 116.45293 39.95268
1202168199 116.44414 39.94305
1202168365 116.44028 39.94178
1202168665 116.43346 39.95421
1202168965 116.41895 39.96067
1202169265 116.41864 39.96281
1202169565 116.41279 39.95791
1202169764 116.4076 39.95785
1202170064 116.40174 39.96006
1202170364 116.41851 39.96075
1202170664 116.40443 39.96781
1202170964 116.39589 39.96974
1202171067 116.39562 39.96756
1202172030 116.44184 39.94779
1202172261 116.43278 39.94558
1202172286 116.43271 39.94558
1202172560 116.40531 39.94776
1202172860 116.34934 39.9376
1202173160 116.34068 39.89664
1202173304 116.31708 39.89601
1202173604 116.31731 39.90375
1202173773 116.32048 39.90601
1202174073 116.31502 39.88802
1202174122 116.31496 39.88638
1202174422 116.33334 39.88342
1202174722 116.33662 39.89078
1202175022 116.33761 39.90563
1202175322 116.34686 39.92186
1202175622 116.3568 39.937
1202175922 116.37342 39.93393
1202176222 116.38697 39.93779
1202176522 116.38709 39.93748
1202176822 116.38715 39.93749
1202176870 116.38674 39.93764
1202178615 116.40567 39.93198
1202178915 116.42873 39.91285
1202179591 116.43025 39.90053
1202179890 116.43218 39.90539
1202180191 116.43248 39.90488
1202180494 116.4327 39.90475
1202180791 116.43325 39.90465
1202181091 116.43361 39.90473
1202181391 116.43414 39.90474
1202181691 116.43449 39.90476
1202181991 116.43495 39.90467
1202182291 116.43535 39.9047
1202182591 116.43503 39.9056
1202182842 116.43464 39.90664
1202183142 116.45553 39.92451
1202183442 116.47222 39.92274
1202183773 116.47264 39.92999
1202184073 116.45585 39.91794
1202184373 116.45517 39.9066
1202184373 116.45517 39.9066
1202184373 116.45517 39.9066
1202184373 116.45517 39.9066
1202184753 116.46047 39.87949
1202184973 116.45678 39.8832
1202185515 116.45465 39.90302
1202185815 116.43486 39.91028
1202186115 116.43594 39.92125
1202186115 116.43594 39.92125
1202186415 116.44401 39.9256
1202186415 116.44401 39.9256
1202186715 116.4504 39.92965
1202187015 116.45121 39.92985
1202187247 116.45145 39.93063
1202188098 116.45243 39.95226
1202188936 116.45184 39.93001
1202189236 116.45534 39.89917
1202189536 116.43826 39.85772
1202189732 116.44578 39.85599
1202190032 116.45454 39.86637
1202190332 116.46164 39.87435
1202190632 116.47103 39.88307
1202190932 116.45551 39.89275
1202191029 116.45856 39.89938
1202191329 116.48685 39.89782
1202191369 116.48648 39.89791
1202191669 116.47194 39.90241
1202191969 116.47191 39.91271
1202192269 116.46653 39.93273
1202192569 116.47333 39.95361
1202192869 116.49733 39.96395
1202193169 116.51248 39.97665
1202193469 116.52443 39.97662
1202193769 116.52447 39.97665
1202194069 116.5243 39.97662
1202194369 116.5243 39.97664
1202194669 116.52432 39.97662
1202194969 116.52432 39.97661
1202195269 116.52431 39.97657
1202195569 116.52435 39.97661
1202195869 116.52431 39.97657
1202196169 116.52434 39.97657
1202196469 116.52665 39.97675
1202197368 116.52767 39.9667
1202197968 116.52767 39.96673
1202198268 116.51258 39.959
1202198410 116.50796 39.95647
1202198690 116.48334 39.95742
1202198990 116.4875 39.93252
1202199290 116.48003 39.93249
1202199590 116.46236 39.94861
1202199890 116.4542 39.95211
1202200490 116.40269 39.93947
1202200726 116.3899 39.93442
1202201026 116.35846 39.93112
1202201325 116.3437 39.89656
1202201514 116.34231 39.86957
1202201814 116.34232 39.86953
1202202114 116.34225 39.86956
1202202414 116.33022 39.86694
1202202714 116.30967 39.86674
1202203014 116.30446 39.88585
1202203314 116.30451 39.90342
1202203614 116.30437 39.92746
1202203914 116.30543 39.9498
1202204212 116.30248 39.96054
1202204336 116.30467 39.96177
1202204636 116.32134 39.96042
1202204936 116.32182 39.95589
1202205536 116.34972 39.92896
1202205836 116.34863 39.89708
1202205836 116.34863 39.89708
1202206136 116.36446 39.8686
1202206487 116.3968 39.85088
1202206529 116.39697 39.85038
1202206829 116.40726 39.85548
1202207129 116.43634 39.85748
1202207911 116.45601 39.90517
1202208164 116.45522 39.90017
1202208464 116.45248 39.89619
1202208518 116.45209 39.89372
1202208818 116.43066 39.90224
1202209109 116.43488 39.90712
1202209409 116.45028 39.9126
1202209708 116.46318 39.91102
1202210008 116.4633 39.91104
1202210185 116.45671 39.90734
1202210185 116.45671 39.90734
1202210485 116.45569 39.93918
1202210785 116.44521 39.95802
1202211133 116.4335 39.95757
1202211750 116.43079 39.96804
1202212033 116.43079 39.96812
1202212131 116.42794 39.96858
1202212431 116.45448 39.98412
1202212731 116.45674 39.9988
1202212786 116.45682 40.00001
1202213086 116.46271 39.99217
1202213086 116.46271 39.99217
1202213386 116.45058 39.98218
1202213529 116.44393 39.97428
1202213686 116.43278 39.96686
1202213986 116.43079 39.968
1202214286 116.43055 39.96801
1202214419 116.42773 39.96847
1202214634 116.41225 39.96798
1202214934 116.39296 39.96748
1202215234 116.36841 39.96993
1202215283 116.36743 39.96866
1202215591 116.36498 39.9545
1202216435 116.35583 39.94496
1202216735 116.35375 39.94686
1202217035 116.35514 39.95524
1202217834 116.34914 39.94284
1202217887 116.34878 39.94289
1202218187 116.33397 39.93726
1202218487 116.31935 39.94165
1202218787 116.319 39.94271
1202219257 116.34808 39.9363
1202219390 116.34928 39.93496
1202219530 116.34979 39.93697
1202219690 116.35896 39.94493
1202219990 116.42352 39.9483
1202220290 116.42854 39.9148
1202220590 116.43716 39.90706
1202220890 116.48347 39.90374
1202221463 116.48329 39.87709
1202221763 116.48329 39.87711
1202221867 116.48322 39.87566
1202222167 116.47132 39.88284
1202222467 116.47162 39.89882
1202222749 116.45584 39.90415
1202222822 116.45635 39.90529
1202223122 116.44667 39.90718
1202223422 116.4219 39.90716
1202223722 116.3937 39.90646
1202224022 116.36834 39.90591
1202224322 116.35018 39.92452
1202224370 116.35014 39.92641
1202224670 116.35014 39.92747
1202225270 116.35015 39.92748
1202225270 116.35015 39.92748
1202225358 116.35003 39.9309
1202225658 116.36633 39.93123
1202225958 116.39665 39.93209
1202226258 116.42366 39.93229
1202226844 116.42647 39.93986
1202227080 116.41932 39.95063
1202227317 116.41215 39.96064
1202227617 116.41186 39.96736
1202227929 116.41108 39.9963
1202228217 116.4219 40.00072
1202228475 116.41825 39.99734
1202228741 116.39831 40.00072
1202229041 116.40117 39.98735
1202229041 116.40117 39.98735
1202229320 116.41049 39.98219
1202229732 116.45372 39.97625
1202229920 116.48358 39.95006
1202230220 116.49152 39.93011
1202230266 116.49309 39.93029
1202230566 116.47894 39.92179
1202230694 116.47865 39.92231
1202230994 116.49843 39.92378
1202231015 116.4984 39.92376
1202231615 116.4937 39.93434
1202231915 116.48415 39.94751
1202232215 116.46801 39.95203
1202232355 116.46213 39.95076
1202232655 116.45578 39.94494
1202232955 116.4553 39.93258
1202233255 116.45525 39.91509
1202233555 116.43833 39.90797
1202233599 116.43925 39.90796
1202234199 116.47204 39.91357
1202234499 116.48311 39.91425
1202234799 116.49456 39.93438
1202235399 116.52777 39.96603
1202235698 116.52742 39.96671
1202235998 116.52743 39.96671
1202236298 116.52743 39.96671
1202236598 116.52742 39.96672
1202236898 116.52741 39.96669
1202237198 116.52743 39.96668
1202237798 116.49752 39.96505
1202238098 116.49204 39.97525
1202238156 116.49037 39.97525
1202238456 116.47859 39.96974
1202238756 116.48368 39.94949
1202239056 116.47322 39.92161
1202239321 116.47174 39.91817
1202239620 116.46095 39.9215
1202239740 116.46087 39.92589
1202240040 116.44625 39.93996
1202240340 116.42722 39.94006
1202240640 116.40952 39.93954
1202240640 116.40952 39.93954
1202240787 116.40226 39.94156
1202241087 116.40331 39.96062
1202241136 116.40783 39.96061
1202241436 116.41188 39.96739
1202241736 116.41776 39.97411
1202242036 116.4262 39.98212
1202242196 116.42835 39.98227
1202242408 116.42484 39.9762
1202242498 116.42477 39.97721
1202242800 116.44822 39.97864
1202242937 116.45357 39.97603
1202243237 116.45684 39.98478
1202243537 116.47765 39.97514
1202243537 116.47765 39.97514
1202243620 116.4789 39.9744
1202243920 116.46446 39.96353
1202244220 116.45546 39.93052
1202244520 116.43605 39.91198
1202244662 116.43139 39.91438
1202244962 116.43087 39.91574
1202245073 116.43536 39.91636
1202245373 116.46727 39.90685
1202245547 116.47491 39.9067
1202245847 116.4841 39.91679
1202246147 116.47498 39.9282
1202246147 116.47498 39.9282
1202246640 116.48085 39.95634
1202246747 116.48874 39.96136
1202246992 116.49847 39.95996
1202247271 116.51767 39.9622
1202247570 116.52727 39.96536
1202247870 116.5277 39.96665
1202248170 116.52769 39.96667
1202248470 116.53227 39.96879
1202248470 116.53227 39.96879
1202248770 116.56576 39.97189
1202249070 116.59555 39.97894
1202249370 116.64056 39.98513
1202249670 116.67048 39.99207
1202249970 116.66308 40.03817
1202250270 116.68889 40.06092
1202250570 116.75315 40.06356
1202250870 116.79717 40.08192
1202251170 116.81309 40.13752
1202251472 116.85155 40.15197
1202251770 116.91563 40.15208
1202252070 116.97864 40.14381
1202252370 117.01385 40.13223
1202252670 117.01228 40.16756
1202253270 116.99254 40.24831
1202253570 116.99234 40.25058
1202253870 116.99231 40.25049
1202254170 116.99233 40.25047
1202254470 116.99231 40.25047
1202255070 116.99226 40.25052
1202255370 116.99229 40.2505
1202255670 116.99233 40.25048
1202256270 116.9923 40.25049
1202256570 116.99229 40.25049
1202256870 116.99232 40.25046
1202257170 116.99233 40.25046
1202257170 116.99233 40.25046
1202257470 116.99224 40.25047
1202257770 116.9923 40.25041
1202258070 116.9923 40.25044
1202258370 116.99229 40.25047
1202258670 116.99234 40.25044
1202258970 116.99234 40.25043
1202259270 116.99228 40.25049
1202259570 116.99229 40.25045
1202259870 116.99232 40.25045
1202260170 116.9923 40.25043
1202260470 116.9923 40.25045
1202261070 116.9923 40.25044
1202261370 116.9923 40.25045
1202261670 116.99227 40.25047
1202261970 116.99226 40.25045
1202262269 116.99228 40.25045
1202262569 116.99228 40.25047
1202262869 116.99228 40.25045
1202263169 116.99226 40.25046
1202264069 116.99228 40.25048
1202264369 116.99227 40.25048
1202264669 116.99223 40.25049
1202264969 116.99232 40.25049
1202265569 116.99231 40.25053
1202265869 116.9923 40.25048
1202265869 116.9923 40.25048
1202266169 116.99232 40.25048
1202266469 116.99237 40.25046
1202266769 116.99226 40.25052
1202267069 116.99231 40.25051
1202267369 116.99229 40.25052
1202267669 116.99231 40.25051
1202267969 116.99234 40.25049
1202268269 116.99234 40.25053
1202268569 116.9923 40.25048
1202268869 116.9923 40.25046
1202269169 116.99226 40.25052
1202269469 116.99233 40.25047
1202269769 116.99225 40.25057
1202270069 116.99232 40.25047
1202270369 116.99231 40.25047
1202270969 116.9923 40.25048
1202271269 116.99232 40.25047
1202271569 116.99232 40.25047
1202271869 116.99232 40.25048
1202272169 116.99233 40.25047
1202272469 116.99234 40.25046
1202273069 116.99234 40.25051
1202273369 116.99232 40.25046
1202273669 116.99232 40.25048
1202273969 116.99223 40.25047
1202274269 116.99227 40.25048
1202274569 116.99224 40.25049
1202274569 116.99224 40.25049
1202274869 116.99232 40.25047
1202275169 116.99221 40.25047
1202275469 116.99235 40.25046
1202275769 116.99228 40.25044
1202276069 116.99226 40.25047
1202276369 116.99231 40.25044
1202276968 116.99227 40.25044
1202277268 116.99224 40.25044
1202277568 116.99229 40.25045
1202277868 116.99228 40.25043
1202278168 116.99229 40.25047
1202278468 116.99231 40.25044
1202278768 116.99232 40.25044
1202279368 116.99233 40.25037
1202279668 116.99228 40.25044
1202279968 116.99225 40.25044
1202280268 116.99234 40.25041
1202280568 116.99236 40.25041
1202280868 116.99232 40.25043
1202281168 116.99231 40.25042
1202281468 116.99233 40.2504
1202281768 116.9923 40.25041
1202282068 116.99231 40.25042
1202282368 116.9923 40.25045
1202282668 116.99233 40.25048
1202282968 116.99234 40.2505
1202283268 116.99232 40.25049
1202283268 116.99232 40.25049
1202283568 116.99227 40.25051
1202283868 116.99226 40.2505
1202284168 116.99227 40.25046
1202284468 116.99229 40.25045
1202284768 116.99229 40.25046
1202285068 116.99233 40.25043
1202285368 116.99233 40.25046
1202285668 116.99232 40.25045
1202285968 116.9923 40.25049
1202286268 116.99236 40.25046
1202286568 116.99234 40.25048
1202286868 116.99232 40.25046
1202287168 116.99235 40.25045
1202287468 116.99231 40.25047
1202288068 116.99232 40.25043
1202288368 116.99232 40.25045
1202289568 116.99238 40.25045
1202289868 116.99236 40.25042
1202290468 116.99234 40.25045
1202290768 116.99234 40.25046
1202291068 116.99234 40.25046
1202291368 116.99229 40.2505
1202291667 116.99229 40.25048
1202291967 116.99228 40.25048
1202291967 116.99228 40.25048
1202292267 116.99232 40.25045
1202292567 116.99231 40.25049
1202292867 116.99229 40.25054
1202293167 116.99233 40.25051
1202293467 116.9923 40.25045
1202293767 116.99232 40.25051
1202294067 116.99234 40.25053
1202294367 116.99246 40.2485
1202294667 117.01486 40.22841
1202294967 117.0099 40.18154
1202295267 117.01641 40.14177
1202295567 117.06742 40.14392
1202295867 117.08709 40.13528
1202296167 117.07972 40.13677
1202296467 117.07971 40.13672
1202296767 117.07853 40.13664
1202298267 117.11526 40.14325
1202298567 117.11511 40.14296
1202298867 117.11525 40.14317
1202299167 117.11512 40.1431
1202299467 117.11509 40.14331
1202299932 117.11242 40.14684
1202300368 117.07807 40.14404
1202300667 117.02567 40.14239
1202300667 117.02567 40.14239
1202300967 117.00995 40.18121
1202301267 117.01493 40.22971
1202301567 116.99185 40.24756
1202301867 116.99213 40.24896
1202302167 116.9921 40.24898
1202302767 116.99214 40.24896
1202303067 116.99214 40.24887
1202303367 116.99212 40.24892
1202303667 116.99208 40.24894
1202303967 116.99208 40.24892
1202304267 116.99214 40.24888
1202304567 116.99212 40.24889
1202304867 116.99211 40.24893
1202305167 116.9921 40.24894
1202305467 116.99214 40.24895
1202305767 116.99219 40.24897
1202306067 116.99219 40.24894
1202306366 116.99217 40.24893
1202306666 116.99218 40.24893
1202306966 116.99217 40.24894
1202307266 116.99213 40.24891
1202307566 116.99218 40.24901
1202307866 116.99214 40.24898
1202308166 116.99215 40.24898
1202308466 116.99217 40.24896
1202308766 116.99206 40.24879
1202309066 116.99289 40.2468
1202309197 116.99239 40.25049
1202309366 116.99227 40.24959
1202309366 116.99227 40.24959
1202309666 116.99203 40.24891
1202309966 116.9917 40.24863
1202310214 116.99191 40.2476
1202310566 116.99192 40.24757
1202310866 117.01205 40.2388
1202310995 117.01157 40.23987
1202311166 117.01161 40.2399
1202311466 117.01167 40.23984
1202312066 117.01167 40.23987
1202312366 117.01164 40.23987
1202312666 117.01156 40.23992
1202312966 117.01163 40.23983
1202313266 117.01157 40.23996
1202313566 117.01157 40.23991
1202313866 117.0086 40.23823
1202314166 116.99202 40.24875
1202314466 116.99203 40.24873
1202314766 116.99199 40.2488
1202315066 116.99204 40.24874
1202315366 116.99199 40.24876
1202315666 116.992 40.24879
1202315966 116.99207 40.24872
1202316266 117.00258 40.24232
1202316566 117.00722 40.19881
1202316866 117.00969 40.1829
1202317466 117.09407 40.14408
1202317766 117.10469 40.14218
1202318066 117.10476 40.14229
1202318066 117.10476 40.14229
1202318366 117.1047 40.14219
1202318666 117.10469 40.14216
1202318966 117.10473 40.14216
1202319566 117.10474 40.14215
1202319866 117.10473 40.14217
1202320166 117.10475 40.14217
1202320466 117.10472 40.14216
1202320766 117.10472 40.14215
1202321066 117.10471 40.14212
1202321365 117.10474 40.14216
1202321665 117.10477 40.14216
1202321965 117.10471 40.14216
1202322265 117.10467 40.14216
1202322565 117.10459 40.1422
1202322865 117.10472 40.14226
1202323165 117.10474 40.14217
1202323465 117.10473 40.14219
1202323765 117.10474 40.14222
1202324065 117.10471 40.14216
1202324365 117.10475 40.14216
1202324665 117.1047 40.14215
1202324965 117.10472 40.14218
1202325265 117.10472 40.14216
1202325565 117.10473 40.14221
1202325865 117.10301 40.14422
1202326465 117.01617 40.13476
1202326765 117.01137 40.17263
1202326765 117.01137 40.17263
1202333713 116.99214 40.24903
1202333965 116.99212 40.24897
1202334265 116.99211 40.24896
1202334565 116.99213 40.249
1202334865 116.99216 40.24899
1202335165 116.99215 40.24897
1202335465 116.99213 40.24897
1202335465 116.99213 40.24897
1202335764 116.9921 40.24892
1202336064 116.99212 40.24899
1202336364 116.99216 40.249
1202336664 116.99216 40.24898
1202336964 116.99212 40.24896
1202337264 116.99217 40.24896
1202337564 116.99217 40.24895
1202337864 116.99212 40.24896
1202338164 116.99218 40.24899
1202338464 116.99216 40.24897
1202339064 116.99215 40.24901
1202339364 116.99213 40.24898
1202339664 116.99211 40.249
1202339964 116.99212 40.24896
1202340264 116.99212 40.24897
1202340564 116.99213 40.24897
1202340864 116.99206 40.24896
1202341164 116.99212 40.24895
1202341464 116.99213 40.24896
1202341764 116.99209 40.24891
1202342064 116.99209 40.24891
1202342364 116.99212 40.24891
1202342664 116.99215 40.24896
1202342964 116.99211 40.24891
1202343264 116.99212 40.24892
1202343564 116.99214 40.24893
1202343864 116.99214 40.24894
1202344164 116.99211 40.24897
1202344164 116.99211 40.24897
1202344464 116.99214 40.24893
1202344464 116.99214 40.24893
1202344764 116.99214 40.24894
1202345064 116.99213 40.24892
1202345364 116.99215 40.24894
1202345664 116.99216 40.24892
1202345964 116.9921 40.24892
1202346564 116.99213 40.24901
1202347164 116.99212 40.24892
1202347464 116.99216 40.24894
1202347764 116.99216 40.24893
1202348064 116.99206 40.24897
1202348664 116.9921 40.24897
1202349264 116.99213 40.24897
1202349564 116.99207 40.24897
1202350464 116.99207 40.24895
1202350763 116.9921 40.24898
1202351063 116.99207 40.24896
1202351363 116.99211 40.24897
1202351663 116.99205 40.24896
1202351963 116.99212 40.24897
1202352263 116.99217 40.249
1202352563 116.99211 40.24903
1202352863 116.99196 40.24901
1202352863 116.99196 40.24901
1202353163 116.99214 40.24899
1202353163 116.99214 40.24899
1202353463 116.99215 40.249
1202353763 116.99216 40.24898
1202354063 116.99215 40.24897
1202354363 116.99208 40.24897
1202354663 116.99211 40.24898
1202354963 116.99213 40.24898
1202355263 116.9921 40.24895
1202355563 116.99211 40.24899
1202355863 116.99215 40.24896
1202356463 116.99214 40.24898
1202356763 116.99215 40.24898
1202357063 116.99211 40.24898
1202357363 116.99214 40.24896
1202357963 116.99213 40.24899
1202358263 116.99209 40.24899
1202358563 116.99206 40.24896
1202358863 116.99214 40.24896
1202359163 116.99212 40.249
1202359463 116.99215 40.24896
1202359763 116.99217 40.24895
1202360063 116.99214 40.24901
1202360363 116.99213 40.24896
1202360963 116.99213 40.24896
1202361263 116.99214 40.24899
1202361563 116.99213 40.24899
1202361863 116.99216 40.24902
1202361863 116.99216 40.24902
1202362163 116.99218 40.24898
1202362463 116.99211 40.24894
1202362763 116.99214 40.24899
1202363063 116.99211 40.24889
1202363363 116.99214 40.24902
1202363663 116.99213 40.24897
1202363963 116.99212 40.24896
1202364263 116.99214 40.24896
1202364563 116.99211 40.24893
1202364863 116.99214 40.24895
1202365163 116.99209 40.24893
1202365463 116.99212 40.24894
1202365762 116.99213 40.24893
1202366062 116.99215 40.24896
1202366062 116.99215 40.24896
1202366362 116.99207 40.24897
1202366662 116.9921 40.24892
1202366962 116.99211 40.24894
1202367262 116.99212 40.24893
1202367562 116.99211 40.24898
1202367862 116.99209 40.24895
1202368162 116.99208 40.24895
1202368462 116.99211 40.24896
1202368762 116.99212 40.24892
1202369062 116.99211 40.24895
1202369362 116.9921 40.24897
1202369662 116.99209 40.24894
1202369962 116.99207 40.24894
1202370262 116.99214 40.24896
1202370562 116.99214 40.24892
1202370562 116.99214 40.24892
1202370862 116.99216 40.24888
1202371162 116.99218 40.2489
1202371462 116.99214 40.24895
1202371762 116.99211 40.2489
1202372062 116.99213 40.24895
1202372362 116.99218 40.2489
1202372662 116.9921 40.2489
1202372962 116.99212 40.24894
1202373262 116.99215 40.24896
1202373562 116.99213 40.24894
1202373862 116.99216 40.24894
1202374162 116.99223 40.24893
1202374462 116.99224 40.24891
1202374762 116.99224 40.24897
1202375362 116.99218 40.24895
1202375662 116.9922 40.24897
1202376262 116.99213 40.24895
1202376562 116.99217 40.24899
1202376862 116.99214 40.24897
1202377162 116.99215 40.24895
1202377462 116.99216 40.24895
1202377762 116.99217 40.24895
1202377762 116.99217 40.24895
1202378362 116.9921 40.24894
1202378962 116.99212 40.24896
1202379262 116.99216 40.24897
1202379262 116.99216 40.24897
1202379562 116.99215 40.24899
1202379862 116.99218 40.24898
1202380162 116.99218 40.24898
1202380461 116.99216 40.24903
1202380761 116.99216 40.24898
1202381061 116.9922 40.24901
1202381361 116.9922 40.24902
1202381661 116.99216 40.24897
1202381961 116.99213 40.24898
1202382261 116.99216 40.249
1202382561 116.99212 40.24897
1202382861 116.99213 40.24897
1202383161 116.99217 40.24901
1202383461 116.99217 40.24901
1202384061 116.99211 40.24899
1202384361 116.99215 40.24897
1202384661 116.99214 40.24895
1202384961 116.99214 40.24901
1202385261 116.99212 40.24898
1202385561 116.99209 40.24904
1202386161 116.99215 40.24897
1202386761 116.9922 40.24895
1202387061 116.99214 40.249
1202387361 116.99212 40.24894
1202387961 116.99213 40.24896
1202387961 116.99213 40.24896
1202388561 116.99215 40.24895
1202388861 116.99208 40.24895
1202389161 116.99211 40.24896
1202389461 116.99208 40.24895
1202389761 116.99212 40.24898
1202390061 116.99214 40.24895
1202390361 116.99213 40.24901
1202390661 116.99218 40.249
1202390961 116.99214 40.249
1202391261 116.99215 40.24899
1202391561 116.99217 40.24896
1202391861 116.99211 40.24897
1202392161 116.99212 40.24893
1202392461 116.99212 40.24891
1202392761 116.99214 40.24896
1202393061 116.99213 40.24898
1202393361 116.99214 40.24902
1202393661 116.99215 40.24898
1202393961 116.99216 40.24899
1202394261 116.99213 40.24901
1202394561 116.99215 40.24899
1202394861 116.99215 40.24898
1202395160 116.99216 40.24899
1202395460 116.99215 40.24899
1202395760 116.99214 40.24897
1202396060 116.99214 40.24899
1202396360 116.99214 40.24901
1202396660 116.99214 40.24899
1202396660 116.99214 40.24899
1202396960 116.99212 40.24897
1202397260 116.99211 40.24895
1202397560 116.99211 40.24899
1202397860 116.99209 40.24898
1202398160 116.99211 40.24898
1202398460 116.99217 40.249
1202398760 116.99219 40.24897
1202399060 116.99216 40.24896
1202399360 116.99215 40.24899
1202399660 116.99212 40.24899
1202399960 116.99214 40.24901
1202400260 116.99212 40.24897
1202400560 116.99212 40.24897
1202400860 116.99179 40.24784
1202401160 116.99218 40.24919
1202401460 117.01505 40.21947
1202401760 117.00922 40.18817
1202402060 117.00921 40.18818
1202402360 117.00923 40.18817
1202402660 117.0089 40.18801
1202402960 117.01643 40.14168
1202403260 117.06862 40.14387
1202403560 117.10472 40.142
1202403860 117.1052 40.14228
1202404160 117.1052 40.14233
1202404460 117.10527 40.14229
1202404760 117.10522 40.14228
1202405060 117.10512 40.14228
1202405360 117.10518 40.14226
1202405360 117.10518 40.14226
1202405660 117.10517 40.14225
1202405960 117.10523 40.14226
1202406260 117.10519 40.14222
1202406560 117.10518 40.14227
1202406860 117.10516 40.14226
1202407160 117.10521 40.14226
1202407460 117.10517 40.14226
1202407760 117.1052 40.14228
1202408060 117.10512 40.14226
1202408360 117.10512 40.14229
1202408660 117.10517 40.14231
1202408960 117.10517 40.14228
1202409260 117.10523 40.14222
1202409560 117.10525 40.14229
1202409860 117.10522 40.14225
1202410159 117.10521 40.14232
1202410459 117.10523 40.14231
1202410759 117.10523 40.14228
1202411059 117.10522 40.14231
1202411359 117.1052 40.14234
1202411659 117.1052 40.14226
1202411959 117.10536 40.14226
1202412259 117.10541 40.14233
1202412559 117.10522 40.14239
1202412859 117.10529 40.14233
1202413159 117.10533 40.14233
1202413459 117.10524 40.14236
1202413759 117.10531 40.14237
1202414059 117.10525 40.14233
1202414059 117.10525 40.14233
1202414359 117.10522 40.14235
1202414659 117.10522 40.1423
1202414959 117.10522 40.14232
1202415259 117.10525 40.14232
1202415559 117.10509 40.14283
1202415859 117.06373 40.14405
1202416159 117.01561 40.14772
1202416459 117.00717 40.19757
1202416759 117.00611 40.23889
1202417059 116.99221 40.24897
1202417359 116.99215 40.24893
1202417659 116.99215 40.24894
1202417959 116.9922 40.24895
1202418259 116.99211 40.24892
1202418559 116.99211 40.24898
1202418859 116.99211 40.24896
1202419159 116.99215 40.24896
1202419462 116.99213 40.24896
1202419759 116.99211 40.24894
1202420059 116.99213 40.24896
1202420359 116.99212 40.24893
1202420659 116.9921 40.24893
1202420959 116.99212 40.24896
1202421259 116.9921 40.24898
1202421559 116.99213 40.24894
1202421859 116.99212 40.24896
1202422159 116.99213 40.24893
1202422459 116.99214 40.24896
1202422759 116.99215 40.24893
1202422759 116.99215 40.24893
1202423059 116.99217 40.24897
1202423359 116.99219 40.24897
1202423659 116.99218 40.24896
1202423959 116.99211 40.24895
1202424259 116.99217 40.24894
1202424559 116.99214 40.2489
1202424858 116.99216 40.24893
1202425158 116.9922 40.24894
1202425458 116.99215 40.24889
1202425758 116.9921 40.24888
1202426058 116.99214 40.24894
1202426358 116.9921 40.24892
1202426658 116.9921 40.24891
1202426958 116.99211 40.24891
1202427258 116.99214 40.24893
1202427558 116.99212 40.24892
1202427858 116.99214 40.24892
1202428158 116.99216 40.24893
1202428458 116.99213 40.24893
1202428758 116.9921 40.24889
1202429058 116.99213 40.24893
1202429358 116.99212 40.24893
1202429658 116.99215 40.24892
1202429958 116.99214 40.24894
1202430558 116.99213 40.24889
1202430858 116.99212 40.2489
1202431158 116.99215 40.24891
1202431458 116.99213 40.24891
1202431458 116.99213 40.24891
1202431758 116.9921 40.24888
1202432058 116.99212 40.24889
1202432358 116.99211 40.24887
1202432658 116.99209 40.2489
1202432958 116.99206 40.24896
1202433258 116.9921 40.24896
1202433558 116.99205 40.24894
1202433858 116.99211 40.2489
1202434158 116.99216 40.24892
1202434458 116.99206 40.24892
1202434758 116.99217 40.24891
1202435058 116.99208 40.24894
1202435358 116.99212 40.24889
1202435658 116.9922 40.24888
1202435958 116.99214 40.2489
1202437458 116.99215 40.24893
1202438958 116.99214 40.24894
1202439258 116.99215 40.24895
1202439557 116.99215 40.24894
1202439857 116.99216 40.24896
1202440157 116.99214 40.24894
1202440157 116.99214 40.24894
1202440457 116.99212 40.24892
1202440757 116.99214 40.24895
1202441057 116.99218 40.24894
1202441357 116.9922 40.24897
1202441657 116.99216 40.24896
1202441957 116.99217 40.24896
1202442257 116.99218 40.24893
1202442557 116.99216 40.24894
1202442857 116.99214 40.24893
1202443157 116.99215 40.24894
1202443457 116.99217 40.24896
1202443757 116.99216 40.24895
1202444057 116.99213 40.24895
1202444357 116.99215 40.24895
1202444657 116.99218 40.249
1202444957 116.99215 40.24889
1202445257 116.99217 40.24894
1202445557 116.99217 40.24892
1202445857 116.99218 40.24898
1202446157 116.99215 40.24897
1202446457 116.99217 40.24892
1202446757 116.99214 40.24892
1202447057 116.99214 40.24888
1202447357 116.99217 40.24892
1202447657 116.99218 40.24891
1202447957 116.99218 40.24893
1202448257 116.99219 40.24892
1202448557 116.99216 40.24895
1202448857 116.99219 40.24895
1202448857 116.99219 40.24895
1202449157 116.99218 40.24896
1202449457 116.99218 40.24891
1202449757 116.99218 40.24893
1202450057 116.99217 40.24893
1202450357 116.99214 40.24891
1202450657 116.99216 40.24893
1202450957 116.99214 40.24894
1202451257 116.99214 40.24894
1202451557 116.99215 40.24894
1202451857 116.99216 40.24895
1202452157 116.99219 40.2489
1202452457 116.99206 40.2489
1202452757 116.99212 40.24888
1202453057 116.99212 40.2489
1202453357 116.9922 40.24893
1202453657 116.99213 40.24893
1202453957 116.99208 40.24889
1202454257 116.9922 40.2489
1202454556 116.99219 40.24889
1202454856 116.99215 40.24889
1202455156 116.99212 40.24893
1202455456 116.99213 40.24891
1202455756 116.99214 40.24892
1202456056 116.99213 40.24892
1202456656 116.99215 40.24891
1202456956 116.99216 40.24888
1202457256 116.99214 40.24888
1202457556 116.99211 40.2489
1202457556 116.99211 40.2489
1202457856 116.99213 40.24889
1202458156 116.9922 40.24892
1202458456 116.99212 40.24888
1202458756 116.99216 40.24887
1202459056 116.99214 40.2489
1202459356 116.99219 40.24891
1202459656 116.99222 40.24883
1202459956 116.99223 40.24891
1202460256 116.9922 40.24892
1202460556 116.99214 40.24893
1202460856 116.99211 40.24892
1202461156 116.99215 40.24893
1202461456 116.99218 40.24892
1202461756 116.99216 40.24891
1202462056 116.99215 40.24893
1202462356 116.99218 40.24891
1202462656 116.99221 40.24897
1202462956 116.99212 40.24891
1202463256 116.99218 40.24889
1202463556 116.99215 40.24891
1202463856 116.99216 40.24892
1202464156 116.99212 40.24894
1202464456 116.99215 40.24892
1202464756 116.99217 40.24893
1202465056 116.99215 40.24893
1202465356 116.99217 40.24894
1202465656 116.99218 40.24895
1202465956 116.99213 40.24899
1202466256 116.99219 40.24893
1202466256 116.99219 40.24893
1202466556 116.99213 40.24893
1202466856 116.9922 40.24896
1202467156 116.99215 40.24895
1202467456 116.99214 40.24894
1202467757 116.99214 40.24891
1202468056 116.99214 40.24887
1202468356 116.99215 40.24892
1202468656 116.99216 40.24891
1202468956 116.99216 40.24899
1202469256 116.99219 40.24899
1202469555 116.99216 40.24896
1202469855 116.9922 40.24898
1202470155 116.99216 40.24892
1202470455 116.99218 40.24893
1202470755 116.99211 40.24896
1202471055 116.99212 40.24897
1202471355 116.99214 40.24897
1202471655 116.99217 40.24895
1202471955 116.9922 40.24891
1202472255 116.99217 40.24895
1202472555 116.99215 40.24894
1202472855 116.99219 40.24895
1202472871 116.99217 40.24898
1202473155 116.99213 40.24893
1202473455 116.9921 40.2489
1202473755 116.99213 40.24895
1202474055 116.99214 40.24895
1202474055 116.99214 40.24895
1202474355 116.99212 40.24893
1202474655 116.99215 40.24893
1202474955 116.99216 40.24885
1202474955 116.99216 40.24885
1202475255 116.9921 40.24896
1202475555 116.9921 40.24894
1202475855 116.99214 40.24894
1202476155 116.99212 40.24888
1202476455 116.99215 40.24888
1202476755 116.99217 40.24887
1202477055 116.99216 40.24888
1202477355 116.99208 40.24888
1202477655 116.99212 40.24896
1202477955 116.99214 40.24896
1202478255 116.99214 40.24891
1202478555 116.99217 40.24891
1202478855 116.99218 40.24894
1202479155 116.99216 40.24894
1202479455 116.99216 40.24893
1202479755 116.99215 40.24895
1202480055 116.99216 40.24898
1202480355 116.99216 40.24896
1202480655 116.99215 40.24896
1202480955 116.99215 40.24896
1202481255 116.99217 40.24898
1202481555 116.99217 40.24898
1202481855 116.99217 40.24898
1202482155 116.99217 40.24898
1202482455 116.99216 40.24897
1202482755 116.99213 40.24898
1202483055 116.99216 40.24895
1202483355 116.99216 40.24897
1202483655 116.99217 40.24895
1202483655 116.99217 40.24895
1202483955 116.99219 40.24893
1202484254 116.99217 40.24895
1202484554 116.99215 40.24892
1202484854 116.99212 40.24889
1202485154 116.99214 40.24892
1202485454 116.99219 40.24889
1202485754 116.99213 40.24898
1202486054 116.99213 40.249
1202486354 116.99216 40.24896
1202486654 116.99214 40.25022
1202486954 116.99203 40.25041
1202487254 116.99177 40.2487
1202487554 116.99177 40.24871
1202487854 116.99177 40.24874
1202488154 116.99254 40.24625
1202488454 117.01038 40.20599
1202488754 117.01394 40.15738
1202489054 116.97575 40.14461
1202489354 116.91193 40.15226
1202489654 116.84441 40.15148
1202489954 116.79111 40.14629
1202490254 116.73429 40.1333
1202490554 116.68582 40.13131
1202490854 116.6478 40.1289
1202491154 116.65006 40.1248
1202491454 116.64908 40.12489
1202491754 116.64903 40.12499
1202492054 116.64899 40.12491
1202492354 116.64904 40.12505
