UTS Latitude Longitude
1201975918 116.46892 40.03939
1201975990 116.47414 40.03764
1201976219 116.4756 40.02027
1201976292 116.48745 40.02117
1201976521 116.48966 40.01039
1201976594 116.48966 40.01039
1201976823 116.48966 40.01039
1201976896 116.48966 40.01039
1201977185 116.48966 40.01039
1201978094 116.48963 40.01043
1201978942 116.48736 40.00862
1201979002 116.48605 40.00734
1201979244 116.47661 40.0043
1201979304 116.47233 40.00461
1201979546 116.45661 40.00064
1201979606 116.4515 39.99928
1201979907 116.43867 39.98771
1201980150 116.41825 39.98781
1201980209 116.41787 39.98819
1201980451 116.41111 39.99678
1201980511 116.41108 39.99679
1201980511 116.41108 39.99679
1201980753 116.41086 39.98237
1201980813 116.41096 39.98165
1201981055 116.41145 39.97141
1201981115 116.41145 39.97138
1201981357 116.39959 39.96752
1201981416 116.39524 39.96739
1201981718 116.36919 39.96677
1201981960 116.36492 39.95544
1201981960 116.36492 39.95544
1201982020 116.36506 39.95425
1201982262 116.36532 39.94976
1201982322 116.36546 39.9494
1201982564 116.36559 39.94854
1201982624 116.36561 39.94837
1201982866 116.36578 39.94701
1201982925 116.36598 39.94538
1201983168 116.36211 39.93519
1201983227 116.36179 39.93239
1201983469 116.35284 39.93415
1201983529 116.35289 39.93619
1201983771 116.35248 39.93856
1201983831 116.35272 39.94008
1201984073 116.35253 39.93833
1201984375 116.35929 39.93097
1201984434 116.36171 39.93057
1201984677 116.35845 39.91806
1201984736 116.35839 39.91549
1201984978 116.357 39.90949
1201985038 116.35704 39.90758
1201985279 116.35707 39.9021
1201985339 116.3571 39.90177
1201985581 116.3571 39.901
1201985641 116.3571 39.901
1201985883 116.35716 39.89974
1201985942 116.35716 39.89974
1201986185 116.35719 39.89907
1201986244 116.35717 39.89869
1201986486 116.35727 39.89189
1201986546 116.3573 39.89068
1201986788 116.35733 39.88904
1201986848 116.35733 39.88892
1201987090 116.35753 39.88119
1201987150 116.35775 39.87915
1201987392 116.35307 39.87763
1201987451 116.35288 39.88134
1201987694 116.35742 39.88711
1201987753 116.35735 39.88748
1201987753 116.35735 39.88748
1201987995 116.34509 39.89679
1201988055 116.3505 39.90202
1201988297 116.34835 39.92232
1201988357 116.33895 39.92214
1201988599 116.32168 39.9221
1201988659 116.32117 39.92213
1201988901 116.31671 39.92237
1201988960 116.31525 39.92241
1201989203 116.28261 39.92293
1201989203 116.28261 39.92293
1201989262 116.28073 39.92299
1201989504 116.26794 39.90945
1201989564 116.26789 39.90001
1201989806 116.26523 39.88091
1201989866 116.08327 39.78321
1201990108 116.09196 39.78127
1201990168 116.09378 39.78092
1201990410 116.10081 39.77919
1201990469 116.26974 39.87946
1201990712 116.27823 39.8883
1201990771 116.28513 39.8883
1201991013 116.28907 39.89495
1201991073 116.28907 39.89495
1201991315 116.30755 39.89547
1201991375 116.31006 39.89558
1201991617 116.32288 39.89568
1201991677 116.3229 39.89872
1201991978 116.32931 39.91018
1201992221 116.34118 39.91277
1201992280 116.34626 39.91262
1201992522 116.35638 39.91274
1201992582 116.35674 39.91275
1201992824 116.36274 39.9131
1201992884 116.36369 39.91298
1201993126 116.37563 39.9155
1201993186 116.37623 39.92122
1201993428 116.38759 39.92181
1201993487 116.39339 39.92202
1201993730 116.41335 39.92293
1201993789 116.42173 39.92305
1201994091 116.43425 39.92283
1201994333 116.44211 39.92163
1201994393 116.44349 39.92156
1201994635 116.45458 39.92196
1201994695 116.45936 39.92198
1201994996 116.47331 39.92274
1201995239 116.47258 39.92701
1201995298 116.47228 39.93058
1201995298 116.47228 39.93058
1201995540 116.46584 39.94148
1201995600 116.46286 39.94211
1201995842 116.45587 39.94752
1201995902 116.45581 39.94956
1201996144 116.42823 39.96845
1201996204 116.419 39.96824
1201996446 116.41132 39.97853
1201996505 116.41093 39.98499
1201996748 116.41144 40.0013
1201996748 116.41144 40.0013
1201996807 116.41041 40.00786
1201997049 116.41135 40.02531
1201997351 116.39666 40.0038
1201997411 116.39784 40.00382
1201997653 116.40122 39.99417
1201997713 116.4013 39.99237
1201998014 116.40143 39.96142
1201998257 116.40199 39.94539
1201998316 116.4022 39.93954
1201998558 116.38775 39.94193
1201998618 116.38856 39.94746
1201998860 116.39039 39.96671
1201999162 116.43477 39.98311
1201999222 116.44334 39.9829
1201999464 116.45094 39.9878
1201999523 116.45085 39.99128
1201999765 116.46051 39.99582
1201999824 116.46198 39.99586
1202000066 116.46229 40.00038
1202000126 116.45706 39.99967
1202000368 116.45407 39.99898
1202000428 116.45764 39.9997
1202000670 116.46099 40.01916
1202000730 116.46036 40.02315
1202000972 116.46342 40.03903
1202001031 116.46593 40.04042
1202001079 116.46563 40.04042
1202001081 116.46563 40.04042
1202072542 116.4554 40.03892
1202072566 116.4544 40.03889
1202072867 116.45931 40.02392
1202073145 116.46337 40.01018
1202073169 116.46641 40.01015
1202073447 116.47268 39.99938
1202073471 116.47266 40.00039
1202073749 116.46134 40.01059
1202073773 116.46118 40.01335
1202074075 116.41041 40.02114
1202074353 116.40855 40.02659
1202074377 116.40854 40.02775
1202074654 116.41071 40.01512
1202074678 116.40998 40.01149
1202074971 116.41742 40.01378
1202074980 116.41742 40.01378
1202075258 116.41062 40.00367
1202075282 116.41118 40.00092
1202075574 116.40146 39.99457
1202075584 116.40148 39.99522
1202075862 116.40635 39.99975
1202075885 116.40634 40.00026
1202076163 116.4018 40.00755
1202076187 116.40186 40.00835
1202076465 116.40602 40.02577
1202076489 116.40533 40.02617
1202076767 116.40835 40.02553
1202076791 116.40763 40.02551
1202076791 116.40763 40.02551
1202077069 116.41132 40.0253
1202077093 116.41135 40.02473
1202077371 116.38898 40.02145
1202077371 116.38898 40.02145
1202077394 116.38772 40.02187
1202077672 116.39314 40.03306
1202077696 116.39507 40.03453
1202077974 116.40853 40.02682
1202077998 116.4084 40.02588
1202078276 116.40148 40.00158
1202078300 116.40143 40.00129
1202078578 116.40113 39.97623
1202078602 116.4011 39.97592
1202078880 116.4016 39.94782
1202078903 116.40198 39.94608
1202079181 116.4025 39.93252
1202079205 116.40059 39.93212
1202079507 116.38486 39.92132
1202079785 116.37062 39.91103
1202079809 116.37029 39.91012
1202080087 116.37558 39.91099
1202080111 116.37556 39.91263
1202080389 116.3867 39.92179
1202080412 116.3868 39.9218
1202080690 116.3898 39.93828
1202080714 116.3898 39.93829
1202080992 116.38931 39.94871
1202081016 116.38925 39.95023
1202081294 116.3881 39.97516
1202081318 116.38801 39.97636
1202081596 116.4153 39.98855
1202081620 116.4156 39.99059
1202081921 116.41771 39.98821
1202083162 116.40303 39.9557
1202083350 116.40175 39.9582
1202083464 116.40124 39.96635
1202083652 116.40119 39.97807
1202083766 116.40138 39.99071
1202083954 116.40166 40.00112
1202084067 116.40196 40.01193
1202084256 116.40388 40.029
1202084369 116.40009 40.03352
1202084558 116.40257 40.04273
1202084671 116.39876 40.04723
1202084869 116.40171 40.05176
1202084973 116.40137 40.05176
1202085161 116.39876 40.055
1202085275 116.40279 40.06046
1202085463 116.40658 40.07142
1202085576 116.40682 40.07349
1202085765 116.40286 40.07536
1202086180 116.40713 40.06041
1202086368 116.40714 40.04207
1202086482 116.41579 40.04005
1202086670 116.41958 40.03682
1202086784 116.41087 40.03628
1202087991 116.41905 39.94857
1202088296 116.41961 39.92917
1202088490 116.42041 39.91434
1202088598 116.4208 39.90528
1202088791 116.41631 39.90189
1202088900 116.41204 39.90449
1202089093 116.40797 39.91423
1202089201 116.40475 39.91834
1202089395 116.40277 39.9259
1202089503 116.40423 39.93195
1202089697 116.41063 39.93891
1202089805 116.41865 39.93963
1202089999 116.41915 39.95232
1202090107 116.41914 39.95232
1202090300 116.41915 39.95231
1202090409 116.41915 39.95231
1202090602 116.41914 39.95239
1202090710 116.41914 39.95239
1202091012 116.4192 39.95234
1202091206 116.41914 39.95231
1202091314 116.41913 39.95236
1202091508 116.41915 39.95241
1202091616 116.41916 39.95239
1202091809 116.41916 39.95239
1202091918 116.41917 39.9524
1202092111 116.41915 39.9524
1202092219 116.41903 39.95336
1202092413 116.41875 39.96471
1202092521 116.42932 39.9679
1202092715 116.43338 39.95905
1202092823 116.42606 39.9582
1202093017 116.41941 39.95195
1202093158 116.41919 39.952
1202094819 116.41909 39.95232
1202095422 116.41053 39.94155
1202096026 116.39109 39.90625
1202096931 116.39021 39.88937
1202097069 116.40123 39.89114
1202097233 116.41247 39.89921
1202097371 116.42104 39.90657
1202098276 116.41915 39.95262
1202098440 116.41915 39.95262
1202098742 116.40171 39.94771
1202098880 116.36849 39.94747
1202099346 116.34651 39.90815
1202099484 116.34888 39.91709
1202099647 116.35004 39.92839
1202099785 116.35252 39.93666
1202099949 116.35785 39.94443
1202100553 116.38575 39.95008
1202100691 116.38575 39.95006
1202100993 116.38575 39.95006
1202101156 116.38575 39.95006
1202101596 116.38575 39.95007
1202101760 116.38575 39.95007
1202102200 116.38575 39.95007
1202102363 116.38577 39.95001
1202102502 116.38577 39.95001
1202102665 116.38577 39.95001
1202104476 116.40175 39.95031
1202104614 116.40147 39.95013
1202105080 116.41074 39.93532
1202105821 116.41899 39.95258
1202106287 116.41896 39.95256
1202107192 116.41895 39.95256
1202107934 116.41899 39.95254
1202108700 116.41899 39.95254
1202109442 116.40252 39.94806
1202109744 116.40122 39.97949
1202109907 116.39994 39.99341
1202110347 116.40186 39.95107
1202111253 116.42032 39.91734
1202111416 116.41998 39.92686
1202111718 116.41929 39.94792
1202112158 116.41913 39.94968
1202112460 116.35262 39.94311
1202112460 116.35262 39.94311
1202112624 116.3503 39.91479
1202112762 116.33403 39.90619
1202112925 116.31327 39.90619
1202113063 116.28901 39.90829
1202113227 116.28201 39.91324
1202113365 116.2776 39.91842
1202113529 116.26608 39.91652
1202113667 116.26777 39.91163
1202113831 116.26764 39.90661
1202113969 116.27483 39.899
1202114133 116.28831 39.89899
1202114271 116.2945 39.89555
1202114434 116.3125 39.89555
1202115706 116.317 39.89556
1202115960 116.35058 39.89875
1202116008 116.35048 39.9029
1202116261 116.3497 39.93003
1202116309 116.34942 39.93677
1202116563 116.34766 39.9799
1202116611 116.34853 39.98538
1202116865 116.40353 39.98707
1202116913 116.41429 39.98737
1202117167 116.45089 39.98483
1202117215 116.45105 39.98814
1202117469 116.44803 39.99118
1202117517 116.44966 39.99115
1202117770 116.46493 39.99806
1202117818 116.46638 39.99957
1202117939 116.4662 40.00021
1202118361 116.46686 40.00901
1202118377 116.46663 40.01023
1202118663 116.4593 40.01034
1202118679 116.4593 40.01034
1202118965 116.4578 40.01034
1202118981 116.45655 40.00999
1202119266 116.46172 39.99598
1202119281 116.46172 39.99441
1202119568 116.45717 39.98861
1202119583 116.45641 39.98857
1202119869 116.45087 39.99081
1202119885 116.45085 39.99021
1202120171 116.4661 39.98271
1202120187 116.46684 39.98287
1202120473 116.46856 39.9847
1202120489 116.46856 39.9847
1202120775 116.46175 39.97835
1202120790 116.46175 39.97835
1202121077 116.48084 39.95727
1202121092 116.48215 39.95524
1202121378 116.48618 39.92157
1202121394 116.48828 39.92166
1202121680 116.5153 39.91944
1202121696 116.515 39.92006
1202121982 116.51631 39.91004
1202121998 116.51658 39.90847
1202122284 116.48789 39.90723
1202122299 116.48617 39.90756
1202122586 116.49677 39.91442
1202122601 116.49792 39.91445
1202122887 116.48372 39.91426
1202122903 116.48129 39.91435
1202122903 116.48129 39.91435
1202123189 116.45676 39.91753
1202123189 116.45676 39.91753
1202123205 116.45676 39.91753
1202123491 116.4449 39.92149
1202123507 116.4449 39.92149
1202123793 116.42915 39.92325
1202123808 116.42915 39.92325
1202124095 116.41149 39.92296
1202124110 116.41149 39.92296
1202124396 116.41177 39.91267
1202124412 116.41168 39.91253
1202124698 116.41124 39.91418
1202124714 116.41124 39.91418
1202125000 116.42019 39.9229
1202125016 116.42177 39.92294
1202125121 116.42805 39.92283
1202125302 116.43462 39.92232
1202125317 116.43462 39.92232
1202125604 116.44634 39.92564
1202125619 116.44661 39.92562
1202125905 116.45525 39.92282
1202125921 116.45519 39.92249
1202126207 116.46092 39.92577
1202126223 116.46084 39.92623
1202126509 116.46325 39.92866
1202126525 116.46347 39.9287
1202126826 116.46695 39.9264
1202127113 116.47181 39.91362
1202127128 116.47176 39.91237
1202127414 116.46598 39.9088
1202127430 116.46619 39.90855
1202127716 116.47181 39.90835
1202128018 116.47161 39.90599
1202128034 116.47152 39.90465
1202128320 116.47138 39.90266
1202128335 116.47138 39.90266
1202128622 116.47147 39.89902
1202128637 116.47141 39.89776
1202128923 116.48544 39.89178
1202128939 116.48767 39.89178
1202129225 116.52322 39.89198
1202129241 116.52309 39.89216
1202129527 116.51812 39.89195
1202129543 116.51577 39.89196
1202130022 116.4845 39.89941
1202130210 116.48357 39.89235
1202130324 116.4835 39.88336
1202130511 116.4946 39.86944
1202130626 116.49919 39.8608
1202130813 116.50277 39.85472
1202130927 116.50404 39.85611
1202131115 116.49408 39.86051
1202131229 116.49411 39.86743
1202131417 116.48595 39.88064
1202131531 116.4713 39.88571
1202131719 116.46853 39.89212
1202131833 116.46479 39.89219
1202132020 116.45551 39.89556
1202132164 116.45813 39.89937
1202132165 116.45813 39.89937
1202133902 116.459 39.89941
1202134129 116.47122 39.89915
1202134204 116.47069 39.89212
1202134204 116.47069 39.89212
1202134431 116.46007 39.89212
1202134506 116.45603 39.89219
1202134733 116.45557 39.91449
1202134808 116.45541 39.92456
1202135035 116.45424 39.95359
1202135110 116.45898 39.95776
1202135337 116.46137 39.95654
1202135411 116.46184 39.9551
1202135638 116.462 39.95217
1202135713 116.462 39.95217
1202135940 116.462 39.95217
1202136015 116.462 39.95217
1202136242 116.462 39.95217
1202136242 116.462 39.95217
1202136317 116.462 39.95217
1202136543 116.462 39.95217
1202136618 116.462 39.95217
1202136845 116.462 39.95217
1202136919 116.462 39.95217
1202137146 116.462 39.95217
1202137221 116.462 39.95217
1202137448 116.462 39.95217
1202137523 116.462 39.95217
1202137750 116.462 39.95217
1202137825 116.462 39.95217
1202138052 116.462 39.95217
1202138127 116.462 39.95217
1202138354 116.46046 39.94954
1202138428 116.4568 39.94824
1202138656 116.4462 39.94361
1202138730 116.44617 39.94235
1202139259 116.43261 39.93983
1202139334 116.42802 39.93994
1202139561 116.40855 39.93952
1202139636 116.40313 39.9394
1202139863 116.40246 39.93317
1202139937 116.4025 39.93228
1202140164 116.40474 39.91852
1202140239 116.4019 39.91703
1202140466 116.40446 39.91403
1202140768 116.40288 39.9301
1202140843 116.40643 39.93196
1202140843 116.40643 39.93196
1202141070 116.41106 39.92622
1202141145 116.41112 39.92524
1202141372 116.40535 39.92298
1202141446 116.40468 39.92307
1202141748 116.40031 39.91665
1202141748 116.40031 39.91665
1202141975 116.39942 39.90657
1202142050 116.39766 39.90655
1202142277 116.38704 39.90625
1202142352 116.38107 39.90604
1202142579 116.35849 39.90591
1202142654 116.35771 39.9059
1202142881 116.35053 39.90018
1202142955 116.34316 39.89626
1202143257 116.33258 39.88748
1202143484 116.335 39.8883
1202143484 116.335 39.8883
1202143559 116.34733 39.88807
1202143786 116.35408 39.88797
1202143861 116.35504 39.88791
1202144088 116.36588 39.88786
1202144163 116.36643 39.88786
1202144390 116.36774 39.88784
1202144464 116.36841 39.89165
1202144691 116.37156 39.88786
1202144766 116.37801 39.88797
1202144993 116.40159 39.89121
1202145068 116.40633 39.88736
1202145295 116.41451 39.88326
1202145370 116.41452 39.88308
1202145597 116.42271 39.88274
1202145672 116.42498 39.88284
1202145899 116.42185 39.89158
1202145973 116.42155 39.89244
1202146200 116.41341 39.89982
1202146275 116.40913 39.89986
1202146502 116.40705 39.89978
1202146577 116.40682 39.89976
1202146804 116.40536 39.90367
1202146879 116.40526 39.90462
1202147106 116.40529 39.90611
1202147181 116.41084 39.90681
1202147408 116.41983 39.90692
1202147482 116.42666 39.90706
1202147784 116.4553 39.89782
1202148011 116.45462 39.87646
1202148086 116.45054 39.87495
1202148313 116.45009 39.88109
1202148388 116.45 39.88133
1202148690 116.45466 39.88297
1202148917 116.46154 39.87855
1202148991 116.46157 39.87629
1202149218 116.46567 39.87473
1202149293 116.46289 39.8749
1202149293 116.46289 39.8749
1202149520 116.45525 39.87711
1202149595 116.45534 39.88242
1202149822 116.45546 39.88677
1202149897 116.45547 39.8911
1202150124 116.44965 39.89442
1202150199 116.44327 39.89244
1202150426 116.43139 39.90518
1202150500 116.43234 39.90512
1202150727 116.43494 39.90478
1202150802 116.43598 39.90559
1202151029 116.44144 39.90693
1202151029 116.44144 39.90693
1202151104 116.44362 39.90694
1202151330 116.45602 39.90692
1202151405 116.46449 39.9068
1202151632 116.46327 39.90899
1202151707 116.46116 39.91229
1202151934 116.45556 39.92975
1202152008 116.4556 39.94202
1202152235 116.44129 39.96105
1202152310 116.43566 39.9648
1202152537 116.40289 39.96765
1202152612 116.38876 39.96724
1202152839 116.36785 39.96685
1202152914 116.36488 39.9668
1202153141 116.34824 39.97191
1202153216 116.3481 39.97469
1202153443 116.34349 39.9721
1202153517 116.34242 39.97259
1202153744 116.34962 39.97515
1202153819 116.35462 39.97523
1202154046 116.35693 39.97526
1202154121 116.35693 39.97526
1202154348 116.35879 39.97524
1202154423 116.35879 39.97524
1202154650 116.35906 39.97525
1202154725 116.36291 39.97535
1202154952 116.37403 39.97541
1202155026 116.37533 39.97597
1202155328 116.3993 39.98692
1202155555 116.4375 39.98586
1202155630 116.44125 39.99312
1202155857 116.46602 40.01377
1202156159 116.50652 40.01037
1202156234 116.51335 40.0184
1202156461 116.5256 40.0367
1202156535 116.52791 40.0414
1202156762 116.54701 40.06161
1202156837 116.54991 40.06841
1202157064 116.55493 40.0987
1202157139 116.55686 40.10862
1202157366 116.57514 40.12798
1202157441 116.58633 40.13742
1202157668 116.61825 40.15717
1202157743 116.6311 40.16418
1202158044 116.63629 40.20823
1202158271 116.64314 40.23185
1202158346 116.63746 40.24392
1202158573 116.63435 40.27859
1202158573 116.63435 40.27859
1202158648 116.63711 40.29076
1202158875 116.63301 40.30913
1202158950 116.62765 40.31106
1202159177 116.62477 40.32085
1202159479 116.62692 40.33837
1202159780 116.6246 40.33128
1202159855 116.62463 40.32385
1202160082 116.62521 40.3108
1202160157 116.62557 40.30797
1202160504 116.63592 40.30802
1202160763 116.65719 40.30243
1202160806 116.66188 40.3003
1202161367 116.70448 40.27592
1202161410 116.70397 40.27358
1202161669 116.70248 40.27678
1202161712 116.70248 40.27678
1202161970 116.677 40.28088
1202162315 116.65888 40.30167
1202162574 116.63773 40.29436
1202162617 116.63672 40.29081
1202162876 116.59773 40.29554
1202163178 116.57012 40.29228
1202165398 116.60154 40.29634
1202165410 116.60327 40.29679
1202165699 116.62487 40.31379
1202166001 116.62465 40.33699
1202166013 116.62464 40.33803
1202166303 116.62694 40.33846
1202186137 116.10464 39.92813
1202186137 116.10464 39.92813
1202200619 116.62686 40.33843
1202200921 116.62476 40.33809
1202201117 116.62463 40.32559
1202201222 116.6248 40.31393
1202201419 116.63583 40.3008
1202201524 116.63642 40.28814
1202201721 116.63141 40.26211
1202201826 116.6355 40.24777
1202202023 116.63734 40.22009
1202202128 116.63622 40.21044
1202202325 116.63563 40.18124
1202202430 116.63192 40.16518
1202202626 116.59702 40.14626
1202202731 116.58222 40.13406
1202202928 116.56032 40.11495
1202203033 116.55529 40.10144
1202203230 116.55024 40.07091
1202203335 116.54697 40.06165
1202203532 116.52364 40.05621
1202203637 116.50568 40.05716
1202203834 116.47605 40.05755
1202203939 116.47366 40.04569
1202204196 116.46476 40.04046
1202204196 116.46476 40.04046
1202205810 116.4326 40.03095
1202205829 116.4326 40.03095
1202206112 116.43291 40.03095
1202206130 116.43291 40.03095
1202206130 116.43291 40.03095
1202206413 116.41208 40.03136
1202206413 116.41208 40.03136
1202206432 116.41178 40.03125
1202206715 116.39417 40.00829
1202206734 116.39386 40.00755
1202207017 116.38712 39.98243
1202207036 116.38715 39.9817
1202207319 116.37599 39.97308
1202207338 116.37582 39.973
1202207621 116.3741 39.98065
1202207639 116.37568 39.98081
1202207922 116.37656 39.98105
1202207941 116.37656 39.98105
1202208224 116.38819 39.96869
1202208243 116.38802 39.96654
1202208526 116.44033 39.96155
1202208545 116.44275 39.95987
1202208828 116.43384 39.95359
1202208847 116.43308 39.95354
1202209130 116.42848 39.9533
1202209148 116.42848 39.9533
1202209431 116.426 39.95537
1202209450 116.42611 39.95383
1202209733 116.4277 39.93622
1202209752 116.42782 39.93316
1202210035 116.43672 39.89725
1202210054 116.4378 39.8951
1202210337 116.43272 39.8661
1202210356 116.43272 39.8661
1202210639 116.42038 39.86324
1202210657 116.42049 39.86145
1202210940 116.416 39.86096
1202210959 116.41577 39.86105
1202211242 116.42005 39.86439
1202211261 116.42018 39.86439
1202211544 116.41756 39.86433
1202211563 116.41659 39.86438
1202211846 116.40318 39.86378
1202211865 116.4019 39.86374
1202212148 116.39321 39.86076
1202212166 116.39322 39.86072
1202212468 116.38114 39.8631
1202212751 116.36704 39.86949
1202212770 116.36555 39.86942
1202213011 116.36491 39.86954
1202213053 116.36491 39.86954
1202213072 116.36491 39.86954
1202213355 116.3579 39.87317
1202213374 116.35789 39.87337
1202213657 116.35765 39.88023
1202213675 116.3576 39.88087
1202213958 116.35741 39.89005
1202213958 116.35741 39.89005
1202213977 116.35741 39.89005
1202214260 116.34676 39.89582
1202214279 116.34676 39.89582
1202214562 116.34637 39.90736
1202214581 116.34646 39.90865
1202214864 116.34536 39.91259
1202214883 116.3424 39.9126
1202215166 116.31836 39.90616
1202215184 116.31836 39.90617
1202215467 116.29518 39.90627
1202215486 116.29437 39.90625
1202215769 116.27744 39.90908
1202215788 116.27744 39.91099
1202216071 116.28211 39.92608
1202216090 116.28257 39.92717
1202216376 116.28258 39.9285
1202216633 116.28258 39.9285
1202216677 116.28258 39.9285
1202216935 116.28258 39.9285
1202216979 116.28258 39.9285
1202217236 116.28258 39.92849
1202217281 116.28258 39.92849
1202217538 116.28268 39.93074
1202217582 116.28915 39.93098
1202217839 116.30044 39.94175
1202217884 116.30621 39.94003
1202218141 116.34575 39.93865
1202218185 116.3459 39.93866
1202218443 116.34153 39.95177
1202218487 116.34104 39.95325
1202218744 116.3295 39.95242
1202218789 116.32711 39.95086
1202219046 116.32905 39.95626
1202219091 116.33602 39.95669
1202219348 116.34802 39.95666
1202219393 116.34807 39.95663
1202219650 116.35387 39.98563
1202219694 116.36279 39.98588
1202219996 116.40134 39.99324
1202220253 116.40363 40.00421
1202220298 116.40837 40.0049
1202220555 116.40289 39.99736
1202220600 116.40232 39.9975
1202220857 116.41083 40.00503
1202220902 116.41043 40.0075
1202221159 116.41253 40.03119
1202221505 116.43272 40.03094
1202221762 116.43276 40.03097
1202221807 116.43283 40.03096
1202222064 116.43283 40.03096
1202222109 116.43283 40.03095
1202222366 116.43096 40.03363
1202222366 116.43096 40.03363
1202222411 116.42975 40.03648
1202222668 116.41964 40.03896
1202222712 116.41954 40.03956
1202222970 116.41609 40.0355
1202223014 116.416 40.03721
1202223271 116.41406 40.0426
1202223316 116.41589 40.04091
1202223573 116.41956 40.0379
1202223618 116.41956 40.0379
1202223875 116.41957 40.03711
1202223920 116.41957 40.03711
1202224177 116.41958 40.03712
1202224221 116.41958 40.03712
1202224479 116.41958 40.03712
1202224523 116.41958 40.03712
1202224780 116.41954 40.03726
1202224825 116.41954 40.03726
1202225082 116.41954 40.03726
1202225127 116.41954 40.03726
1202225429 116.41951 40.03724
1202226124 116.41972 40.03716
1202226353 116.41177 40.02642
1202226426 116.41116 40.01713
1202226426 116.41116 40.01713
1202226655 116.38133 40.00861
1202226728 116.37313 40.00858
1202226957 116.35772 40.00003
1202227030 116.34706 39.99959
1202227259 116.3572 39.99237
1202227332 116.35053 39.99217
1202227561 116.3378 39.99177
1202227633 116.3351 39.99171
1202227862 116.31702 39.99113
1202227935 116.31411 39.9952
1202228164 116.31558 39.9914
1202228164 116.31558 39.9914
1202228237 116.31607 39.9911
1202228466 116.32112 39.99047
1202228539 116.32112 39.99047
1202228768 116.32112 39.99047
1202228841 116.32112 39.99047
1202229070 116.32112 39.99047
1202229142 116.32112 39.99047
1202229371 116.32112 39.99047
1202229444 116.32112 39.99047
1202229673 116.32112 39.99047
1202229746 116.32112 39.99047
1202229975 116.32112 39.99047
1202230048 116.32112 39.99047
1202230277 116.32112 39.99047
1202230350 116.32112 39.99047
1202230651 116.32112 39.99047
1202230880 116.32112 39.99047
1202230952 116.32112 39.99047
1202231181 116.32107 39.98555
1202231254 116.31448 39.98453
1202231483 116.31046 39.98096
1202231785 116.31373 39.96886
1202231858 116.31179 39.96474
1202232087 116.30391 39.93716
1202232159 116.30396 39.93466
1202232388 116.30406 39.92699
1202232461 116.30393 39.92542
1202232690 116.30408 39.91902
1202232763 116.30409 39.91672
1202232992 116.30276 39.8951
1202233294 116.31371 39.8953
1202233367 116.3143 39.89493
1202233596 116.32267 39.89538
1202233668 116.32288 39.89972
1202233922 116.32764 39.90775
1202233923 116.32764 39.90775
1202234439 116.33491 39.91271
1202234487 116.33526 39.91271
1202234740 116.33869 39.9181
1202234788 116.3385 39.92114
1202235042 116.34693 39.9268
1202235090 116.34726 39.92859
1202235344 116.34918 39.93101
1202235392 116.34918 39.93101
1202235646 116.35294 39.93292
1202235694 116.35284 39.93113
1202235948 116.34328 39.93301
1202235996 116.34329 39.93515
1202236249 116.33771 39.92838
1202236297 116.33759 39.92689
1202236551 116.32805 39.92553
1202236599 116.32849 39.92194
1202236853 116.34676 39.92184
1202236901 116.34693 39.92119
1202237155 116.34886 39.91706
1202237155 116.34886 39.91706
1202237203 116.34901 39.91704
1202237457 116.35054 39.91716
1202237505 116.35054 39.91716
1202237758 116.35065 39.92218
1202237806 116.35017 39.92403
1202238060 116.34966 39.93528
1202238108 116.35075 39.93652
1202238362 116.35048 39.93098
1202238410 116.34938 39.92862
1202238664 116.35044 39.91265
1202238712 116.35048 39.91039
1202238966 116.34652 39.89696
1202239014 116.34243 39.89303
1202239267 116.34697 39.88795
1202239315 116.34701 39.88956
1202239569 116.34701 39.8896
1202239617 116.34698 39.88966
1202239874 116.34692 39.89195
1202240040 116.34684 39.89617
1202240176 116.34651 39.90202
1202240342 116.3466 39.91146
1202240478 116.34746 39.91667
1202240644 116.34702 39.92201
1202240780 116.35018 39.92693
1202240945 116.35017 39.92708
1202241081 116.35017 39.92708
1202241247 116.34998 39.92929
1202241383 116.35001 39.93069
1202241549 116.34936 39.93838
1202241685 116.34886 39.95773
1202241851 116.35316 39.96379
1202241987 116.35473 39.96557
1202242289 116.36513 39.96636
1202242454 116.3655 39.96648
1202242755 116.42391 39.96807
1202244984 116.41797 39.99436
1202244984 116.41797 39.99436
1202245174 116.41147 40.00126
1202245286 116.41042 40.0077
1202245475 116.41223 40.02794
1202245588 116.41112 40.03423
1202245777 116.40792 40.05259
1202245889 116.41075 40.05789
1202246079 116.41065 40.06986
1202246191 116.41107 40.07391
1202246381 116.4121 40.07392
1202246493 116.41195 40.07388
1202246683 116.41044 40.06899
1202246795 116.41086 40.06151
1202246984 116.40828 40.05669
1202247286 116.40311 40.06654
1202247398 116.38691 40.06591
1202247588 116.38102 40.06363
1202247700 116.38864 40.06594
1202247890 116.40681 40.06387
1202247890 116.40681 40.06387
1202248002 116.40743 40.05695
1202248191 116.40616 40.04369
1202248304 116.40854 40.03988
1202248493 116.40906 40.03137
1202248606 116.40359 40.02918
1202248795 116.3942 40.00837
1202249097 116.35487 40.00738
1202249209 116.34643 40.00646
1202249399 116.33074 39.99722
1202249511 116.32537 39.99144
1202249701 116.31516 39.99418
1202249933 116.3152 39.99283
1202250005 116.3152 39.99283
1202250235 116.32624 39.9914
1202250307 116.32637 39.99139
1202250537 116.3265 39.99134
1202250609 116.32631 39.99153
1202250839 116.32633 39.9921
1202250910 116.32701 39.98601
1202251140 116.33069 39.97712
1202251212 116.32901 39.97719
1202251442 116.32682 39.99019
1202251514 116.32494 39.99151
1202251744 116.32666 39.99122
1202251816 116.3271 39.98596
1202252046 116.37304 39.98628
1202252118 116.38995 39.98676
1202252348 116.44149 39.98421
1202252419 116.45491 39.9755
1202252649 116.48184 39.95688
1202252721 116.48687 39.95971
1202252951 116.49189 39.95952
1202253023 116.4894 39.96151
1202253253 116.47425 39.95408
1202253325 116.46942 39.95249
1202253555 116.44963 39.94713
1202253627 116.4493 39.94897
1202253857 116.44298 39.9602
1202253947 116.43796 39.95899
1202254158 116.4262 39.95284
1202254230 116.4263 39.95305
1202254460 116.43319 39.95833
1202254532 116.43882 39.95632
1202254762 116.44057 39.95502
1202254853 116.44057 39.95502
1202254853 116.44057 39.95502
1202255064 116.43973 39.94884
1202255136 116.4418 39.95026
1202255136 116.4418 39.95026
1202255366 116.44665 39.95107
1202257857 116.44663 39.9511
1202257964 116.44663 39.9511
1202258159 116.44417 39.94458
1202258265 116.43845 39.94014
1202258461 116.42773 39.94701
1202258763 116.37654 39.94754
1202258869 116.35843 39.94487
1202259064 116.34173 39.93578
1202259171 116.33975 39.93596
1202259366 116.32987 39.93114
1202259668 116.30402 39.92417
1202261340 116.29922 39.98516
1202261599 116.30465 39.98265
1202261642 116.30482 39.98188
1202261901 116.31099 39.97469
1202261963 116.31576 39.97484
1202262203 116.32773 39.96978
1202262245 116.32796 39.96658
1202262505 116.36024 39.96622
1202262547 116.36033 39.96623
1202262806 116.3603 39.96624
1202262849 116.3603 39.96624
1202263151 116.3603 39.96624
1202263409 116.36029 39.96624
1202263452 116.36029 39.96624
1202264013 116.36029 39.96624
1202264055 116.36029 39.96624
1202264314 116.36029 39.96624
1202264357 116.36029 39.96624
1202264659 116.36029 39.96624
1202264918 116.36029 39.96624
1202264961 116.36029 39.96624
1202265220 116.36029 39.96624
1202265522 116.36029 39.96624
1202265564 116.36029 39.96624
1202265823 116.36029 39.96624
1202265866 116.36029 39.96624
1202265866 116.36029 39.96624
1202266125 116.36033 39.96623
1202266168 116.36033 39.96623
1202266427 116.36033 39.96623
1202266470 116.36033 39.96623
1202266729 116.36033 39.96623
1202266771 116.36033 39.96623
1202267031 116.36033 39.96623
1202267031 116.36033 39.96623
1202267073 116.36033 39.96623
1202267332 116.36033 39.96623
1202267634 116.36033 39.96623
1202267677 116.36033 39.96623
1202267936 116.36033 39.96623
1202267979 116.36033 39.96623
1202268238 116.36384 39.97159
1202268280 116.36373 39.97562
1202268540 116.37796 39.98609
1202268582 116.37983 39.98608
1202268841 116.39944 39.98685
1202268884 116.40146 39.98599
1202269143 116.40181 40.00728
1202269186 116.40196 40.01245
1202269445 116.40529 40.03143
1202269488 116.41122 40.03132
1202269747 116.41593 40.04176
1202269789 116.41829 40.04004
1202270049 116.41627 40.03612
1202270091 116.41951 40.03611
1202270350 116.43546 40.03125
1202270393 116.43808 40.03099
1202270652 116.41973 40.04011
1202270954 116.41155 40.02729
1202270997 116.41158 40.0256
1202271256 116.41123 40.00055
1202271298 116.40956 39.99746
1202271558 116.39751 39.99695
1202271859 116.39748 39.99696
1202271902 116.39748 39.99696
1202272161 116.39748 39.99696
1202272204 116.39748 39.99696
1202272463 116.39744 39.99692
1202272506 116.39744 39.99692
1202272765 116.39744 39.99692
1202272807 116.39744 39.99692
1202273067 116.39744 39.99692
1202273368 116.39744 39.99692
1202273411 116.39744 39.99692
1202273411 116.39744 39.99692
1202273713 116.39744 39.99692
1202273972 116.39744 39.99692
1202274015 116.39744 39.99692
1202274274 116.39743 39.99691
1202274274 116.39743 39.99691
1202274316 116.39743 39.99691
1202274576 116.39743 39.99691
1202274618 116.39743 39.99691
1202274877 116.3983 40.00157
1202274920 116.4002 40.004
1202275179 116.39736 39.99695
1202275222 116.39736 39.99695
1202275481 116.39736 39.99695
1202275524 116.39736 39.99695
1202275783 116.39736 39.99695
1202275825 116.39736 39.99695
1202276127 116.39736 39.99695
1202276386 116.39736 39.99695
1202276429 116.39736 39.99695
1202276688 116.39734 39.99694
1202276731 116.39734 39.99694
1202276990 116.39731 39.99693
1202277033 116.39731 39.99693
1202277292 116.39731 39.99693
1202277334 116.39731 39.99693
1202277594 116.39732 39.99693
1202277636 116.39732 39.99693
1202277894 116.39732 39.99693
1202277937 116.39732 39.99693
1202278239 116.39732 39.99693
1202278498 116.39732 39.99693
1202278800 116.39732 39.99693
1202278842 116.39732 39.99693
1202279102 116.39732 39.99693
1202279144 116.39732 39.99693
1202279403 116.39732 39.99693
1202279446 116.39732 39.99693
1202279705 116.39732 39.99693
1202279748 116.39732 39.99693
1202280060 116.40061 39.99736
1202280309 116.40124 39.97146
1202280611 116.40746 39.96743
1202280653 116.41176 39.9653
1202280912 116.41492 39.94801
1202280955 116.42416 39.94836
1202281214 116.4219 39.93245
1202281257 116.4219 39.93245
1202281516 116.41937 39.94331
1202281559 116.41932 39.94694
1202281818 116.41868 39.96608
1202281818 116.41868 39.96608
1202281860 116.41847 39.97043
1202282120 116.4115 39.97589
1202282162 116.4115 39.9759
1202282421 116.41855 39.96883
1202282464 116.41856 39.96838
1202282723 116.41909 39.94919
1202282766 116.41915 39.94843
1202283025 116.42859 39.91538
1202283068 116.42946 39.90779
1202283327 116.43015 39.90698
1202283369 116.42957 39.90863
1202283629 116.42772 39.93813
1202283671 116.4276 39.94311
1202285687 116.55685 40.10856
1202285877 116.57501 40.12793
1202285877 116.57501 40.12793
1202285989 116.59068 40.14119
1202286179 116.61441 40.15532
1202286291 116.63203 40.16519
1202286592 116.6364 40.21138
1202286714 116.63641 40.21185
1202287393 116.64082 40.23673
1202287441 116.63732 40.24414
1202287695 116.64873 40.26501
1202287743 116.6561 40.26583
1202287997 116.67726 40.27563
1202288045 116.67962 40.27834
1202288299 116.70228 40.27673
1202288347 116.69532 40.27779
1202288601 116.66791 40.28205
1202288649 116.66878 40.28813
1202288902 116.64885 40.30574
1202288950 116.64491 40.30778
1202289204 116.63895 40.32522
1202289509 116.6389 40.32908
1202289796 116.62677 40.33837
1202289811 116.62669 40.33837
1202290098 116.62466 40.31886
1202290113 116.6247 40.31727
1202290399 116.63679 40.29495
1202290415 116.6376 40.29377
1202290701 116.6316 40.25928
1202290717 116.63209 40.25661
1202291002 116.63626 40.21038
1202291304 116.62523 40.16061
1202291319 116.62226 40.15918
1202291907 116.5526 40.08561
1202291923 116.55218 40.08286
1202291923 116.55218 40.08286
1202291923 116.55218 40.08286
1202292209 116.53646 40.05478
1202292225 116.53471 40.05332
1202292526 116.50713 40.04087
1202292828 116.46509 40.04049
1202293856 116.45515 40.03894
1202293965 116.45448 40.03894
1202294266 116.43641 40.03465
1202294460 116.42002 40.03126
1202294568 116.41209 40.03135
1202294762 116.40997 40.01135
1202294870 116.41066 40.0042
1202294870 116.41066 40.0042
1202295063 116.41086 39.98222
1202295172 116.41118 39.97825
1202295365 116.39803 39.96749
1202295667 116.37263 39.94972
1202295775 116.3595 39.94525
1202295969 116.35014 39.91907
1202296077 116.35045 39.90121
1202296271 116.33642 39.88876
1202296379 116.33551 39.88189
1202296572 116.32845 39.87601
1202296681 116.32822 39.87883
1202296874 116.32809 39.88287
1202296983 116.33364 39.88338
1202297176 116.33353 39.88846
1202297284 116.34028 39.88878
1202297478 116.34455 39.88783
1202297478 116.34455 39.88783
1202297586 116.34708 39.88667
1202297780 116.34745 39.8806
1202297888 116.35191 39.87664
1202298190 116.35795 39.86925
1202298383 116.3413 39.86704
1202298793 116.32508 39.84556
1202298987 116.33312 39.84744
1202299095 116.33318 39.84743
1202299289 116.33318 39.84743
1202299397 116.33318 39.84743
1202299590 116.34066 39.84804
1202299699 116.34212 39.86349
1202299892 116.34333 39.88628
1202300001 116.35081 39.88802
1202300194 116.35661 39.88683
1202300495 116.36006 39.88186
1202300797 116.35744 39.88465
1202300905 116.35745 39.88722
1202301098 116.35729 39.8913
1202301207 116.35716 39.89599
1202301400 116.35719 39.89727
1202301509 116.34992 39.89733
1202301702 116.30827 39.89586
1202301810 116.28933 39.89604
1202302004 116.27725 39.8942
1202302112 116.27402 39.8919
1202302306 116.28438 39.89598
1202302414 116.29498 39.89558
1202302607 116.32995 39.89591
1202302716 116.34223 39.89527
1202302909 116.35229 39.88796
1202303018 116.35736 39.88684
1202303211 116.35762 39.88204
1202303319 116.35752 39.88141
1202303513 116.35294 39.87951
1202303621 116.35748 39.88416
1202303815 116.3632 39.88789
1202303923 116.36922 39.88785
1202304116 116.39418 39.89034
1202304225 116.40786 39.89148
1202304418 116.43733 39.8923
1202304526 116.45271 39.8921
1202304720 116.46173 39.89194
1202304828 116.46917 39.89182
1202305022 116.47109 39.88792
1202305022 116.47109 39.88792
1202305130 116.47145 39.89169
1202305324 116.4675 39.89929
1202307259 116.46825 39.89211
1202307307 116.46701 39.89213
1202307560 116.47111 39.8874
1202307608 116.47113 39.88325
1202307862 116.48997 39.87468
1202307910 116.48946 39.87221
1202308164 116.49318 39.87381
1202308212 116.49604 39.87518
1202308212 116.49604 39.87518
1202308466 116.4707 39.88314
1202308514 116.46534 39.88309
1202308768 116.45553 39.8925
1202308816 116.45526 39.89725
1202309117 116.45542 39.95119
1202309370 116.47199 39.97887
1202309370 116.47199 39.97887
1202309418 116.4763 39.98269
1202309672 116.47733 39.99174
1202309720 116.47688 39.99578
1202309974 116.4672 40.00049
1202310022 116.46469 39.99789
1202310276 116.46966 39.98533
1202310324 116.46728 39.98192
1202310577 116.47433 39.97575
1202310625 116.47406 39.97756
1202310879 116.4733 39.97806
1202310927 116.47086 39.97958
1202311181 116.45727 39.98854
1202311229 116.4567 39.99306
1202311483 116.45052 39.9969
1202311531 116.45109 39.99895
1202311785 116.45003 39.98133
1202311833 116.44842 39.9812
1202312086 116.44175 39.98581
1202312134 116.44175 39.98581
1202312388 116.44617 39.99519
1202312436 116.45153 39.99606
1202312690 116.45066 39.99853
1202312738 116.45113 39.99881
1202312992 116.45427 39.98794
1202313040 116.45127 39.98749
1202313294 116.44475 39.97579
1202313342 116.4392 39.97538
1202313643 116.42055 39.96776
1202315444 116.35029 39.90621
1202315719 116.35181 39.89487
1202316021 116.36753 39.89831
1202316047 116.36753 39.89832
1202316349 116.36962 39.90954
1202316625 116.37012 39.90703
1202316926 116.36809 39.89454
1202316953 116.36823 39.89163
1202317228 116.39189 39.88977
1202317530 116.41209 39.89157
1202317832 116.43431 39.8806
1202318465 116.45363 39.88305
1202319371 116.4693 39.89205
1202319672 116.47462 39.90387
1202319824 116.50608 39.90661
1202319974 116.51783 39.90785
1202320126 116.51522 39.91566
1202320578 116.51382 39.92115
1202320900 116.5004 39.92196
1202321031 116.49046 39.92181
1202321333 116.46528 39.92439
1202321483 116.46299 39.9218
1202321635 116.47181 39.91756
1202321785 116.4717 39.91473
1202321937 116.47007 39.90713
1202322087 116.46929 39.90894
1202322540 116.49851 39.8996
1202322690 116.50557 39.8973
1202322991 116.48636 39.89945
1202323595 116.51228 39.91698
1202323746 116.50635 39.91502
1202323896 116.49664 39.91476
1202324048 116.4959 39.92245
1202324350 116.49594 39.93046
1202324652 116.48389 39.94551
1202325859 116.41852 40.00786
1202326462 116.40121 40.00402
1202326764 116.42377 40.00767
1202326764 116.42377 40.00767
1202326914 116.44572 40.00674
1202327216 116.45637 40.0114
1202327368 116.46382 40.01016
1202327518 116.45325 40.0141
1202327670 116.41629 40.02086
1202327820 116.37491 40.0214
1202328273 116.31231 40.06839
1202328423 116.33132 40.0699
1202328877 116.35616 40.07234
1202329179 116.33288 40.05766
1202329329 116.32361 40.05437
1202329480 116.3232 40.05289
1202329631 116.33503 40.03734
1202329782 116.3452 40.02307
1202329932 116.34627 40.0071
1202330084 116.35852 40.00027
1202330234 116.35827 40.00006
1202330536 116.36114 40.00003
1202330536 116.36114 40.00003
1202330688 116.37426 39.99749
1202330989 116.36964 40.00276
1202331140 116.36522 40.01102
1202331291 116.36889 40.00809
1202331441 116.37424 39.9965
1202331593 116.37422 39.99606
1202331743 116.38093 39.99669
1202331895 116.38055 40.00481
1202332045 116.40175 40.00822
1202332197 116.40208 40.01703
1202332347 116.40209 40.01938
1202332498 116.402 40.01378
1202332649 116.40671 40.01479
1202332800 116.40969 40.00805
1202333102 116.39595 40.00372
1202333273 116.38029 40.00854
1202333856 116.39339 40.00818
1202334007 116.39801 40.00375
1202334309 116.4011 39.97644
1202334309 116.4011 39.97644
1202334459 116.40142 39.96097
1202334611 116.40185 39.95015
1202334761 116.42385 39.9483
1202334913 116.4274 39.93169
1202335215 116.43051 39.93225
1202335818 116.46383 39.95052
1202336054 116.4759 39.9545
1202336355 116.48519 39.95617
1202336657 116.47622 39.95605
1202336903 116.47658 39.95548
1202337025 116.47674 39.9549
1202337267 116.454 39.9527
1202337327 116.44567 39.95851
1202337569 116.4416 39.96115
1202337629 116.44537 39.95819
1202337931 116.46537 39.95931
1202338172 116.46769 39.9594
1202338232 116.46574 39.95939
1202338474 116.45186 39.95443
1202338775 116.44292 39.95371
1202338835 116.44123 39.9547
1202339077 116.45877 39.96687
1202339137 116.46609 39.9735
1202339378 116.46331 39.99042
1202339680 116.46183 39.97841
1202339982 116.44331 39.95392
1202340284 116.43834 39.93891
1202340344 116.43832 39.93858
1202340646 116.43477 39.91754
1202340887 116.42879 39.90722
1202340948 116.42129 39.90715
1202341189 116.40537 39.90702
1202341249 116.40538 39.90699
1202341491 116.41147 39.91936
1202341551 116.41401 39.92299
1202341793 116.4197 39.93237
1202342095 116.41686 39.94187
1202342155 116.41937 39.94009
1202342396 116.40579 39.9479
1202342758 116.34594 39.93991
1202343302 116.3554 39.95095
1202343302 116.3554 39.95095
1202343362 116.35948 39.95115
1202343604 116.36483 39.95778
1202343664 116.36464 39.95981
1202343905 116.37889 39.96621
1202343965 116.3795 39.96155
1202344207 116.39783 39.95574
1202344267 116.39923 39.95829
1202344811 116.41778 39.98205
1202345173 116.42392 39.9821
1202345260 116.41801 39.98146
1202345474 116.41035 39.96788
1202345562 116.39014 39.96727
1202345776 116.37276 39.94977
1202345864 116.36115 39.9459
1202346078 116.34654 39.93688
1202346165 116.34934 39.93363
1202346380 116.37347 39.93153
1202346467 116.38055 39.93176
1202346682 116.39016 39.92946
1202346769 116.39357 39.92389
1202346983 116.39061 39.92703
1202347071 116.39211 39.93198
1202347071 116.39211 39.93198
1202347285 116.41179 39.93217
1202347373 116.42727 39.9321
1202347587 116.44426 39.92664
1202347674 116.44422 39.93204
1202347889 116.43221 39.93249
1202348191 116.45677 39.96403
1202348278 116.46348 39.97074
1202348492 116.47329 39.98556
1202348580 116.46592 39.99295
1202348794 116.46761 39.99699
1202348882 116.46493 39.99222
1202349096 116.45114 39.98857
1202349096 116.45114 39.98857
1202349398 116.44207 39.97219
1202349485 116.44093 39.96751
1202350303 116.43114 39.93973
1202350391 116.43003 39.93951
1202350605 116.43557 39.93506
1202350692 116.43756 39.93505
1202350907 116.4436 39.93232
1202350994 116.44939 39.93102
1202351209 116.45535 39.91348
1202351510 116.46144 39.90702
1202351598 116.44241 39.90715
1202351812 116.4154 39.90694
1202351900 116.40427 39.90666
1202352114 116.37413 39.90586
1202352201 116.35817 39.90592
1202352416 116.34355 39.8968
1202352503 116.32594 39.8958
1202352718 116.27798 39.89577
1202352805 116.26773 39.8954
1202353019 116.26463 39.87845
1202353107 116.26436 39.87901
1202353320 116.26646 39.87951
1202353408 116.27107 39.87432
1202353622 116.28611 39.87655
1202354011 116.295 39.88834
1202354226 116.30326 39.8881
1202354313 116.30226 39.88292
1202354313 116.30226 39.88292
1202354527 116.29485 39.87979
1202354615 116.27725 39.87616
1202354829 116.23415 39.85738
1202354917 116.22619 39.84849
1202355131 116.21132 39.86009
1202355218 116.20201 39.87507
1202355433 116.19104 39.8879
1202355520 116.17059 39.89017
1202355735 116.12789 39.88743
1202355822 116.10856 39.88781
1202356036 116.10544 39.9076
1202356124 116.10646 39.91243
1202356338 116.10871 39.9215
1202356426 116.11124 39.92765
1202356640 116.11396 39.92673
1202356640 116.11396 39.92673
1202356727 116.10948 39.9273
1202356942 116.10505 39.90498
1202357029 116.10422 39.89707
1202357331 116.13879 39.88856
1202357545 116.18117 39.88971
1202357633 116.19938 39.88874
1202357847 116.24306 39.89568
1202357935 116.26244 39.89571
1202358149 116.30653 39.89571
1202358236 116.32468 39.89565
1202358451 116.34473 39.89623
1202358538 116.34762 39.89647
1202358753 116.35112 39.90124
1202358840 116.35112 39.90124
1202359054 116.35112 39.90124
1202359142 116.35112 39.90124
1202359356 116.35112 39.90124
1202359658 116.35112 39.90124
1202359745 116.35112 39.90124
1202359960 116.35081 39.91226
1202360047 116.35067 39.91684
1202360262 116.34362 39.93117
1202360349 116.33827 39.93118
1202360563 116.33033 39.93137
1202360651 116.33755 39.93102
1202360953 116.35222 39.93907
1202362028 116.35047 39.94198
1202362257 116.39752 39.94758
1202362329 116.41448 39.94794
1202362559 116.41904 39.95232
1202362631 116.41903 39.95233
1202362860 116.41902 39.95228
1202362933 116.41902 39.95228
1202363162 116.40766 39.9441
1202363235 116.40203 39.94406
1202363464 116.39502 39.94619
1202363537 116.39556 39.94615
1202363766 116.41915 39.94636
1202363838 116.42132 39.94339
1202364068 116.42303 39.94203
1202364140 116.42009 39.93975
1202364369 116.41742 39.94802
1202364442 116.41909 39.95253
1202364671 116.41903 39.95761
1202364744 116.41284 39.95797
1202364973 116.39698 39.9558
1202365046 116.38962 39.95579
1202365046 116.38962 39.95579
1202365275 116.40133 39.95013
1202365347 116.40382 39.94742
1202365576 116.42418 39.94813
1202365649 116.42695 39.93947
1202365951 116.43754 39.93259
1202366180 116.42764 39.94117
1202366253 116.42643 39.94917
1202366482 116.43282 39.96539
1202366555 116.43282 39.96539
1202366784 116.42176 39.95818
1202366784 116.42176 39.95818
1202366856 116.41881 39.95367
1202367085 116.37608 39.9476
1202367158 116.3659 39.94624
1202367387 116.36979 39.93373
1202367460 116.36979 39.93373
1202367689 116.3796 39.9318
1202367762 116.39461 39.93204
1202367991 116.4002 39.91818
1202368064 116.4004 39.91411
1202368293 116.41161 39.91247
1202368365 116.41124 39.92189
1202368594 116.43956 39.92193
1202368667 116.44252 39.92162
1202368896 116.45482 39.91818
1202368969 116.45482 39.91818
1202369198 116.46559 39.91475
1202369271 116.47341 39.91427
1202369573 116.49656 39.91475
1202369802 116.47213 39.91444
1202369874 116.46513 39.91501
1202370104 116.45096 39.91919
1202370176 116.44455 39.92154
1202370405 116.42582 39.92791
1202370478 116.42325 39.92804
1202370707 116.41935 39.9433
1202372089 116.55181 40.07977
1202372350 116.55809 40.11142
1202372390 116.56345 40.1168
1202372652 116.60157 40.14898
1202372693 116.6077 40.15205
1202372954 116.6358 40.18439
1202372994 116.63592 40.19068
1202373255 116.63992 40.2227
1202373297 116.64402 40.2296
1202373457 116.63932 40.24006
1202373457 116.63932 40.24006
1202373799 116.63148 40.26409
1202373903 116.63481 40.2806
1202374101 116.63699 40.29767
1202374205 116.63403 40.30613
1202374403 116.62474 40.31729
1202374703 116.62683 40.33835
1202374807 116.62683 40.33835
1202375005 116.62677 40.33858
1202375109 116.62677 40.33858
1202375307 116.62668 40.33521
1202375411 116.63874 40.33175
1202375609 116.63951 40.32823
1202375713 116.63951 40.32823
1202375911 116.63879 40.33123
1202376212 116.63206 40.31122
1202376316 116.63206 40.31122
1202376514 116.63206 40.31122
1202376618 116.63515 40.30279
1202376816 116.6346 40.27994
1202376920 116.63143 40.26352
1202377118 116.64216 40.23364
1202377222 116.63699 40.21938
1202377420 116.63582 40.18889
1202377523 116.63534 40.17207
1202377523 116.63534 40.17207
1202377721 116.61223 40.15433
1202377825 116.59454 40.14444
1202378023 116.58057 40.13264
1202378127 116.56704 40.12123
1202378325 116.55408 40.09429
1202378429 116.55156 40.07907
1202378627 116.54062 40.05684
1202378731 116.52622 40.05556
1202378929 116.49574 40.05713
1202379032 116.47992 40.05711
1202379230 116.47395 40.0403
1202379340 116.46455 40.04047
1202379412 116.46456 40.04043
1202381166 116.42691 40.03124
1202381370 116.4047 40.0316
1202381468 116.4001 40.03256
1202381981 116.35149 40.02927
1202382072 116.3522 40.02927
1202382374 116.34532 40.02409
1202382676 116.34656 39.99797
1202382879 116.34705 39.96924
1202382977 116.34895 39.95361
1202383181 116.34933 39.93164
1202383279 116.35449 39.93535
1202383490 116.35753 39.93537
1202383581 116.35866 39.93146
1202384390 116.35686 39.90691
1202384692 116.31579 39.90621
1202384908 116.29313 39.90629
1202384994 116.28657 39.90629
1202385210 116.27938 39.89899
1202385512 116.29954 39.90606
1202385602 116.305 39.90756
1202385899 116.30413 39.93342
1202386417 116.28738 39.95698
1202386503 116.28322 39.95608
1202386719 116.28164 39.97583
1202387021 116.31067 39.97964
1202387323 116.31896 39.97731
1202387408 116.31896 39.97731
1202387710 116.33347 39.98481
1202388012 116.34677 39.99923
1202388228 116.34576 40.01772
1202388832 116.3407 40.0302
1202388832 116.3407 40.0302
1202388917 116.3454 40.02383
1202389133 116.36168 40.00273
1202389219 116.36572 40.00019
1202389435 116.37973 39.99873
1202389823 116.38267 39.98628
1202390341 116.4514 39.9941
1202390426 116.45178 39.99555
1202390642 116.45179 39.99556
1202390728 116.45152 39.99634
1202391030 116.46124 40.01242
1202391246 116.47547 40.02023
1202391548 116.48651 40.02511
1202391634 116.48592 40.02111
1202391850 116.46129 40.01933
1202391935 116.44755 40.01961
1202392151 116.43409 40.03108
1202392237 116.43045 40.03211
1202392755 116.43072 39.97839
1202393057 116.37009 39.9667
1202394629 116.32672 39.92677
1202394629 116.32672 39.92677
1202394817 116.3433 39.9255
1202394931 116.3433 39.9255
1202395119 116.3433 39.9255
1202395119 116.3433 39.9255
1202395233 116.34378 39.92686
1202395421 116.35753 39.9311
1202395534 116.35481 39.93683
1202395740 116.36044 39.94534
1202395836 116.36013 39.94565
1202396025 116.34868 39.95669
1202396138 116.33614 39.95667
1202396326 116.32795 39.96567
1202396440 116.32478 39.95607
1202396628 116.30353 39.9557
1202396742 116.29738 39.95481
1202396863 116.29672 39.95494
1202397544 116.29063 39.96774
1202397592 116.29101 39.97302
1202397845 116.31927 39.98442
1202397893 116.33167 39.9849
1202398147 116.39428 39.9868
1202398195 116.40526 39.98716
1202398449 116.43339 39.98661
1202398497 116.43199 39.9822
1202398618 116.4309 39.98231
1202399133 116.41793 39.99235
1202399406 116.41982 39.98734
1202399435 116.42627 39.98751
1202399708 116.46087 39.98819
1202399737 116.46295 39.99013
1202400009 116.46296 39.99635
1202400038 116.46234 39.99592
1202400311 116.44921 39.98014
1202400340 116.44568 39.98175
1202400613 116.40118 39.98222
1202400642 116.40118 39.9807
1202400915 116.40172 39.96122
1202400944 116.40164 39.96011
1202401217 116.40162 39.9577
1202401246 116.40177 39.95742
1202401518 116.40193 39.9553
1202401547 116.40193 39.9553
1202401820 116.40189 39.95443
1202401849 116.40167 39.9539
1202402122 116.40188 39.94867
1202402151 116.4011 39.94803
1202402424 116.34967 39.9422
1202402453 116.34923 39.93836
1202402453 116.34923 39.93836
1202402726 116.34724 39.93144
1202402754 116.34724 39.93144
1202403056 116.34013 39.9312
1202403329 116.35025 39.91472
1202403329 116.35025 39.91472
1202403358 116.35038 39.90987
1202403631 116.34272 39.87134
1202403660 116.34237 39.86733
1202403933 116.36985 39.85568
1202403962 116.37745 39.85569
1202404235 116.40493 39.8526
1202404263 116.40303 39.85262
1202404536 116.40294 39.85239
1202404565 116.40294 39.85239
1202404838 116.40781 39.85251
1202404867 116.40798 39.8548
1202405141 116.41629 39.86412
1202405260 116.42009 39.86433
1202405473 116.43156 39.86448
1202405562 116.4323 39.86449
1202405775 116.43346 39.87174
1202405864 116.43317 39.87464
1202406077 116.42883 39.8788
1202406166 116.42835 39.87928
1202406378 116.43893 39.88313
1202406468 116.44898 39.88318
1202406680 116.4596 39.88305
1202406769 116.46345 39.88295
1202406982 116.47151 39.88889
1202407071 116.4715 39.88942
1202407284 116.47166 39.89859
1202407373 116.47173 39.90613
1202407586 116.47189 39.91349
1202407675 116.47197 39.91752
1202407675 116.47197 39.91752
1202407887 116.47218 39.92662
1202407977 116.4722 39.92963
1202408189 116.46842 39.93963
1202408278 116.46388 39.94335
1202408491 116.45623 39.94816
1202408580 116.44563 39.94662
1202408793 116.43667 39.95367
1202409063 116.42859 39.95321
1202409098 116.42839 39.95611
1202409365 116.43931 39.96019
1202409399 116.44053 39.96132
1202409704 116.44005 39.97004
1202409704 116.44005 39.97004
1202409847 116.44864 39.97913
1202410006 116.44864 39.97913
1202410149 116.45643 39.9885
1202410307 116.45669 39.99925
1202410451 116.45656 39.99929
1202410609 116.45963 39.995
1202410753 116.45984 39.99585
1202410911 116.46164 40.00336
1202411055 116.45385 40.01404
1202411213 116.43554 40.03008
1202411356 116.42488 40.03901
1202411515 116.41954 40.03691
1202411658 116.41601 40.03835
1202411816 116.42191 40.04005
1202411960 116.42243 40.03987
1202412118 116.43688 40.03465
1202412262 116.44347 40.03962
1202412420 116.46602 40.03929
1202412707 116.46562 40.04047
1202414090 116.4652 40.04042
1202415710 116.45385 40.03198
1202415722 116.45383 40.03121
1202416011 116.43098 40.03225
1202416024 116.43099 40.03356
1202416313 116.42121 40.04015
1202416326 116.423 40.03984
1202416615 116.41961 40.03907
1202416627 116.4196 40.03807
1202416917 116.42193 40.04019
1202416929 116.42337 40.03959
1202417219 116.43473 40.01914
1202417231 116.43701 40.01848
1202418609 116.57848 40.05985
1202418892 116.54118 40.05713
1202418910 116.54091 40.057
1202419194 116.51206 40.03319
1202419212 116.50991 40.03311
1202419496 116.4841 40.02097
1202419514 116.48076 40.02069
1202419798 116.46095 40.01312
1202419815 116.46095 40.01312
1202420099 116.46291 39.9961
1202420117 116.46291 39.9961
1202420401 116.45673 39.99
1202420419 116.45648 39.98858
1202420703 116.43112 39.98975
1202420721 116.43104 39.99188
1202421005 116.41776 39.98898
1202421023 116.41764 39.98778
1202421307 116.38704 39.9831
1202421307 116.38704 39.9831
1202421324 116.38674 39.98124
1202421628 116.3777 39.98094
1202421928 116.3867 39.96688
1202422212 116.41129 39.96761
1202422230 116.41129 39.96761
1202422514 116.41151 39.97647
1202423000 116.41779 39.98707
1202423187 116.41139 39.98769
1202423302 116.41108 39.99568
1202423489 116.41006 40.01002
1202423604 116.41196 40.02645
1202423791 116.40933 40.03814
1202423905 116.40598 40.04619
1202424093 116.40332 40.04821
1202424207 116.40505 40.0463
1202424207 116.40505 40.0463
1202424395 116.41509 40.0401
1202424509 116.42248 40.03996
1202424696 116.41968 40.03799
1202424871 116.41019 40.03629
1202424998 116.4115 40.02569
1202425173 116.41007 40.00597
1202425300 116.41094 39.9984
1202425475 116.40581 39.98738
1202425602 116.37665 39.98642
1202425777 116.34724 39.98505
1202425904 116.3474 39.96579
1202426078 116.34923 39.94041
1202426205 116.35023 39.91769
1202426380 116.34281 39.8968
1202426507 116.31979 39.89597
1202426682 116.31326 39.89557
1202426809 116.31602 39.89514
1202426984 116.32467 39.89571
1202427111 116.34536 39.89681
1202427111 116.34536 39.89681
1202427286 116.35006 39.92323
1202427413 116.35306 39.94332
1202427587 116.37382 39.96271
1202427889 116.41099 39.98712
1202428104 116.41877 40.0
1202428191 116.4183 40.00203
1202428406 116.41776 39.98798
1202428493 116.41804 39.9826
1202428795 116.41887 39.95844
1202429009 116.41907 39.94835
1202429096 116.42706 39.94159
1202429311 116.43286 39.93935
1202429398 116.43286 39.93935
1202429613 116.42823 39.94069
1202429914 116.44419 39.94364
1202430001 116.44552 39.93986
1202430001 116.44552 39.93986
1202430216 116.45533 39.93266
1202430604 116.46604 39.92944
1202430819 116.46488 39.92914
1202431725 116.42856 39.95328
1202431932 116.42863 39.95707
1202432234 116.43021 39.96822
1202432355 116.43021 39.96822
1202432630 116.42889 39.97417
1202432838 116.42716 39.97935
1202433234 116.41785 39.99219
1202433535 116.39556 39.98704
1202433837 116.38777 39.97158
1202434648 116.41809 39.98009
1202434648 116.41809 39.98009
1202434743 116.41785 39.98716
1202434950 116.41278 39.99754
1202435252 116.40182 40.01135
1202435554 116.4048 40.03335
1202435675 116.40662 40.04274
1202435856 116.39894 40.04402
1202435976 116.40584 40.04535
1202437496 116.42944 40.03667
1202437550 116.43093 40.03211
1202438703 116.46965 39.93233
1202438757 116.47423 39.9323
1202439005 116.47409 39.93222
1202439059 116.47409 39.93222
1202439306 116.47409 39.93222
1202439361 116.47409 39.93222
1202439608 116.47409 39.93222
1202439662 116.47409 39.93222
1202439910 116.47409 39.93222
1202439964 116.47409 39.93222
1202440212 116.47106 39.93248
1202440266 116.46649 39.93251
1202440514 116.4426 39.96025
1202440568 116.43217 39.96705
1202440815 116.37007 39.96677
1202440870 116.35604 39.96644
1202441117 116.33614 39.97043
1202441172 116.33595 39.97044
1202441419 116.33255 39.971
1202441473 116.33252 39.97099
1202441721 116.33482 39.97981
1202441775 116.33611 39.98478
1202442023 116.34863 39.98015
1202442077 116.3534 39.98033
1202442324 116.3534 39.98033
1202442379 116.3534 39.98033
1202442626 116.3534 39.98033
1202442680 116.3534 39.98033
1202442928 116.3534 39.98033
1202442982 116.3534 39.98033
1202443230 116.3534 39.98033
1202443284 116.35344 39.98027
1202443532 116.35894 39.99262
1202443586 116.35861 39.99967
1202443888 116.36187 40.00017
1202444135 116.37415 39.99367
1202444437 116.40144 40.00808
1202444491 116.40207 40.01624
1202444739 116.45744 40.01374
1202444793 116.4623 40.01291
1202444793 116.4623 40.01291
1202445041 116.45752 40.01028
1202445095 116.46086 40.01008
1202445342 116.44867 40.01953
1202445397 116.44282 40.01982
1202445644 116.42737 40.03801
1202445698 116.42014 40.04018
1202445946 116.41966 40.03691
1202446000 116.41967 40.0369
1202446248 116.41958 40.03684
1202446248 116.41958 40.03684
1202446302 116.41957 40.03683
1202446550 116.41961 40.03685
1202446604 116.41962 40.03688
1202446851 116.41962 40.03688
1202446906 116.41962 40.03688
1202447153 116.41959 40.03691
1202447207 116.41959 40.03691
1202447455 116.41959 40.03691
1202447509 116.41959 40.03691
1202447757 116.41959 40.03691
1202447811 116.41958 40.03691
1202448059 116.41955 40.03692
1202448113 116.41953 40.03695
1202448360 116.41952 40.03701
1202448415 116.41952 40.03701
1202448662 116.41952 40.03701
1202448716 116.41952 40.03701
1202448964 116.41953 40.037
1202449018 116.41953 40.037
1202449266 116.41953 40.037
1202449320 116.41953 40.037
1202449568 116.41953 40.037
1202449622 116.41953 40.037
1202449869 116.41953 40.037
1202449924 116.41953 40.037
1202450171 116.41953 40.037
1202450224 116.41953 40.037
1202450472 116.41953 40.037
1202450526 116.41953 40.037
1202450774 116.41953 40.037
1202450828 116.41953 40.037
1202451076 116.41953 40.037
1202451130 116.41953 40.037
1202451377 116.41953 40.037
1202451432 116.41953 40.037
1202451679 116.41953 40.037
1202454229 116.41942 40.03706
1202454393 116.41571 40.0361
1202454531 116.41046 40.0347
1202454694 116.41128 40.01841
1202454833 116.41094 40.00207
1202454996 116.41088 39.9822
1202455133 116.41172 39.96639
1202455297 116.40991 39.94917
1202455435 116.41158 39.93951
1202455599 116.42254 39.93952
1202455737 116.44139 39.9398
1202455901 116.46278 39.94256
1202456039 116.46842 39.94445
1202456202 116.4684 39.94452
1202456642 116.46748 39.94591
1202456806 116.46176 39.9499
1202456944 116.46043 39.94621
1202457108 116.46065 39.94587
1202457246 116.46062 39.94592
1202457410 116.46058 39.94596
1202457548 116.46058 39.94596
1202457711 116.4602 39.94591
1202457850 116.4602 39.94591
1202457850 116.4602 39.94591
1202458013 116.45583 39.94767
1202458151 116.44976 39.95692
1202458315 116.47836 39.98354
1202458453 116.50557 40.00814
1202458617 116.54715 40.02704
1202458755 116.57683 40.04492
1202458919 116.58044 40.04793
1202459057 116.58243 40.07516
1202459220 116.58679 40.07771
1202459522 116.57553 40.0873
1202459660 116.58064 40.10033
1202459824 116.58191 40.11775
1202459962 116.57616 40.12887
1202460126 116.59818 40.147
1202460264 116.62481 40.16033
1202460428 116.63585 40.1886
1202460566 116.63628 40.20866
1202460729 116.63641 40.21186
1202460868 116.64273 40.22542
1202461031 116.636 40.24684
1202461031 116.636 40.24684
1202461169 116.63857 40.26364
1202461333 116.66789 40.26525
1202461471 116.67723 40.27763
1202461635 116.70175 40.27662
1202461773 116.70548 40.27309
1202461937 116.70548 40.27309
1202462075 116.70548 40.27309
1202462238 116.70548 40.27309
1202462377 116.70386 40.27703
1202462540 116.67799 40.27833
1202462678 116.66823 40.28437
1202462842 116.65709 40.30244
1202462980 116.64734 40.31181
1202463144 116.639 40.32466
1202463282 116.63954 40.32821
1202463587 116.63631 40.33428
1202463687 116.62461 40.33801
1202463889 116.62465 40.3381
1202463989 116.62457 40.32764
1202464191 116.62539 40.30857
1202464291 116.63496 40.30327
1202464491 116.6337 40.27609
1202464592 116.63138 40.26335
1202464793 116.64234 40.23327
1202464893 116.63664 40.21855
1202465095 116.63568 40.18399
1202465095 116.63568 40.18399
1202465195 116.63009 40.16344
1202465397 116.59269 40.14295
1202465497 116.576 40.12883
1202465699 116.55525 40.10154
1202465799 116.55268 40.08594
1202466000 116.54914 40.0652
1202466101 116.5417 40.05736
1202466302 116.52813 40.04206
1202466402 116.51811 40.04065
1202466604 116.47601 40.03995
1202466704 116.4653 40.04052
1202466826 116.46521 40.04048
1202468098 116.44137 40.03972
1202468110 116.44137 40.03968
1202468400 116.45077 40.04427
1202468412 116.45047 40.04245
1202468700 116.43464 40.03377
1202468713 116.43272 40.03382
1202469022 116.41585 40.04048
1202469304 116.41153 40.02713
1202469316 116.41156 40.02692
1202469606 116.40161 40.00364
1202469618 116.40157 40.00229
1202469907 116.40109 39.97878
1202469920 116.40106 39.97668
1202470209 116.40041 39.96077
1202470222 116.39935 39.96078
1202470511 116.39412 39.95852
1202470523 116.3953 39.95739
1202470813 116.40778 39.96038
1202470825 116.40778 39.96038
1202471115 116.42283 39.96806
1202471416 116.45543 39.93704
1202471731 116.46342 39.91874
1202472020 116.45612 39.91785
1202472032 116.45612 39.91785
1202472322 116.44022 39.92203
1202472334 116.43993 39.9224
1202472624 116.43762 39.93149
1202472636 116.43762 39.93149
1202472636 116.43762 39.93149
1202472925 116.43247 39.93236
1202472925 116.43247 39.93236
1202472938 116.43154 39.93246
1202473227 116.40807 39.94784
1202473240 116.40569 39.94777
1202473529 116.35177 39.94303
1202473541 116.35069 39.94274
1202473831 116.30725 39.93994
1202473843 116.30569 39.94053
1202474133 116.29467 39.93924
1202474145 116.29453 39.93922
1202474434 116.30383 39.92968
1202474447 116.30394 39.92839
1202474736 116.30325 39.90759
1202474749 116.30212 39.90733
1202475038 116.30281 39.91143
1202475340 116.32917 39.90747
1202475352 116.32916 39.90657
1202475642 116.33613 39.89786
1202475654 116.33619 39.89763
1202475943 116.34244 39.88153
1202475956 116.34246 39.87991
1202476245 116.34065 39.88155
1202476258 116.34064 39.88153
1202476547 116.34519 39.87625
1202476559 116.34633 39.8763
1202476849 116.35312 39.88182
1202476861 116.35393 39.88184
1202477151 116.36792 39.87662
1202477163 116.36798 39.87544
1202477452 116.36499 39.8517
1202477465 116.36495 39.8501
1202477754 116.35842 39.86128
1202477767 116.3584 39.86178
1202478056 116.36818 39.86827
1202478068 116.36819 39.86894
1202478358 116.35772 39.87426
1202478370 116.35778 39.87337
1202478660 116.34126 39.86736
1202478672 116.34226 39.86743
1202478961 116.33878 39.81406
1202478974 116.33892 39.81164
1202479263 116.3145 39.77943
1202479276 116.3125 39.78044
1202479565 116.31884 39.76968
1202479577 116.31884 39.76967
1202479867 116.33497 39.7748
1202479879 116.33497 39.7748
1202479879 116.33497 39.7748
1202480169 116.34185 39.79456
1202480169 116.34185 39.79456
1202480181 116.34202 39.79649
1202480470 116.3401 39.84422
1202480483 116.34085 39.84479
1202480772 116.35972 39.8445
1202480785 116.35933 39.8445
1202480893 116.35781 39.84445
1202480921 116.35781 39.84445
1202480922 116.35781 39.84445
1202482221 116.35872 39.85446
1202482330 116.35839 39.86204
1202482523 116.35816 39.86732
1202482631 116.34978 39.86829
1202482825 116.34754 39.87616
1202482933 116.3472 39.88588
1202483127 116.3609 39.8879
1202483235 116.36921 39.88783
1202483428 116.36842 39.89136
1202483537 116.37028 39.89334
1202483730 116.37238 39.89844
1202483839 116.37763 39.89865
1202484032 116.37659 39.90541
1202484140 116.37554 39.91282
1202484334 116.37394 39.93129
1202484442 116.3733 39.93664
1202484636 116.37473 39.94066
1202484744 116.37337 39.94259
1202484937 116.37317 39.95661
1202485046 116.37547 39.96694
1202485239 116.33573 39.96636
1202485348 116.30973 39.9639
1202485541 116.3019 39.96102
1202485649 116.29453 39.96278
1202485843 116.29132 39.9645
1202485951 116.29278 39.96066
1202486145 116.30188 39.96046
1202486253 116.30712 39.95566
1202486446 116.31791 39.95044
1202486555 116.31663 39.96098
1202486555 116.31663 39.96098
1202486748 116.31393 39.96836
1202486857 116.31716 39.95601
1202487050 116.31906 39.94207
1202487158 116.32021 39.93728
1202487352 116.33804 39.93745
1202487460 116.34599 39.93857
1202487654 116.35749 39.93531
1202487943 116.36008 39.92539
1202487958 116.35927 39.9238
1202488245 116.34953 39.93785
1202488260 116.34939 39.94036
1202488547 116.37074 39.94718
1202488562 116.37251 39.94714
1202488848 116.37222 39.94785
1202488864 116.37078 39.94766
1202489150 116.3501 39.9182
1202489166 116.35019 39.91544
1202489166 116.35019 39.91544
1202489452 116.33298 39.90631
1202489452 116.33298 39.90631
1202489467 116.32983 39.90638
1202489754 116.29802 39.90636
1202489769 116.29745 39.9064
1202490056 116.29432 39.91184
1202490071 116.29221 39.91188
1202490357 116.27272 39.91329
1202490373 116.27272 39.91329
1202490659 116.28702 39.91784
1202490675 116.28796 39.9177
1202490961 116.30135 39.91167
1202490976 116.30198 39.91165
1202491263 116.29075 39.93863
1202491565 116.28171 39.95823
1202491580 116.28015 39.95847
1202492168 116.28207 39.9476
1202492184 116.282 39.94652
