UTS Latitude Longitude
1201959626 116.29308 39.8804
1201959626 116.29308 39.8804
1201959926 116.29308 39.88038
1201960226 116.29296 39.88037
1201960526 116.29301 39.88031
1201960826 116.29303 39.88027
1201961126 116.29303 39.88026
1201961426 116.29302 39.88025
1201961726 116.29302 39.88025
1201962026 116.29301 39.88025
1201962326 116.29301 39.88026
1201962626 116.29302 39.88027
1201962926 116.29302 39.88029
1201963227 116.29302 39.8803
1201963527 116.29303 39.88032
1201963827 116.29302 39.88186
1201964127 116.29329 39.88218
1201964426 116.29327 39.88216
1201964726 116.29326 39.88215
1201965294 116.29306 39.88545
1201965950 116.30397 39.90359
1201966250 116.29628 39.90509
1201966334 116.2997 39.90594
1201966635 116.33692 39.90578
1201966935 116.36638 39.9058
1201967237 116.36837 39.90515
1201967535 116.36799 39.91262
1201967835 116.3571 39.91721
1201968135 116.34976 39.931
1201968435 116.32854 39.93693
1201968734 116.31148 39.94585
1201968736 116.31148 39.94585
1201969036 116.31948 39.93774
1201969336 116.33598 39.93684
1201969361 116.33651 39.93702
1201969661 116.35347 39.94312
1201970260 116.41277 39.94773
1201970533 116.42025 39.94194
1201970833 116.42264 39.9392
1201970965 116.42893 39.93964
1201971265 116.44418 39.92602
1201971372 116.44604 39.92579
1201971945 116.45525 39.90837
1201972245 116.45475 39.90737
1201972545 116.45455 39.90649
1201973146 116.44734 39.90724
1201973446 116.4408 39.9071
1201973746 116.43973 39.90592
1201973812 116.44017 39.90731
1201974112 116.44423 39.91197
1201974412 116.45516 39.89864
1201974712 116.44874 39.8618
1201975012 116.49076 39.82425
1201975313 116.5185 39.82156
1201975613 116.53338 39.8225
1201975913 116.56019 39.80536
1201976213 116.57703 39.80261
1201976512 116.57704 39.80262
1201976812 116.57727 39.80265
1201977112 116.57696 39.80261
1201977412 116.5771 39.80261
1201977712 116.57711 39.77625
1201978012 116.57571 39.77019
1201978312 116.57606 39.77033
1201978612 116.58496 39.77369
1201978913 116.58994 39.77722
1201979213 116.59293 39.77581
1201979513 116.57608 39.77175
1201979813 116.5771 39.78468
1201980113 116.5497 39.81143
1201980351 116.52897 39.82298
1201980651 116.52249 39.85254
1201980951 116.5079 39.86547
1201981135 116.4983 39.87198
1201981366 116.49418 39.8682
1201981666 116.48398 39.89123
1201981666 116.48398 39.89123
1201981966 116.45952 39.89202
1201982266 116.45749 39.8919
1201982566 116.45098 39.89229
1201982866 116.42742 39.89242
1201983166 116.41387 39.89185
1201983466 116.41216 39.89462
1201983599 116.41238 39.89568
1201983766 116.40759 39.89585
1201984065 116.412 39.89965
1201984665 116.44337 39.90701
1201984965 116.4692 39.90676
1201985265 116.47192 39.91114
1201985565 116.47228 39.92087
1201985795 116.47792 39.92306
1201986096 116.4644 39.92185
1201986370 116.46813 39.91427
1201986592 116.47211 39.90713
1201986716 116.4657 39.90723
1201987016 116.45575 39.90823
1201987316 116.45756 39.9073
1201987616 116.4556 39.92986
1201987852 116.46529 39.94352
1201988152 116.46837 39.94115
1201988452 116.4564 39.93252
1201989052 116.47036 39.90962
1201989108 116.46745 39.90854
1201989708 116.48693 39.89399
1201989731 116.48684 39.89391
1201990031 116.48336 39.87746
1201990331 116.48332 39.87742
1201990631 116.4833 39.87737
1201990740 116.48329 39.8759
1201991041 116.48389 39.90809
1201991557 116.50909 39.9337
1201991857 116.51177 39.92099
1201991977 116.5122 39.91724
1201992264 116.50643 39.92416
1201992564 116.48558 39.92193
1201992864 116.48353 39.91367
1201993016 116.47454 39.90721
1201993315 116.49643 39.89961
1201993487 116.50685 39.89782
1201993787 116.48483 39.89946
1201994086 116.47166 39.906
1201994386 116.4667 39.90745
1201994423 116.46519 39.9074
1201994423 116.46519 39.9074
1201994723 116.45619 39.92085
1201995023 116.47244 39.93205
1201995323 116.49262 39.93394
1201995623 116.51135 39.93179
1201995839 116.50595 39.92969
1201995971 116.50844 39.92992
1201996271 116.49005 39.92185
1201996871 116.47172 39.87017
1201996989 116.46446 39.87494
1201997289 116.47088 39.88304
1201997402 116.47792 39.88304
1201997798 116.50349 39.87977
1201998099 116.4972 39.87489
1201998398 116.47855 39.87624
1201998605 116.46462 39.87491
1201998905 116.44855 39.8615
1201999205 116.41746 39.85085
1201999279 116.41747 39.8496
1201999579 116.4255 39.86047
1201999879 116.439 39.85721
1202000050 116.45262 39.86432
1202000350 116.48373 39.86786
1202000541 116.49437 39.85963
1202000841 116.50798 39.86707
1202000937 116.50796 39.86057
1202001237 116.52122 39.83637
1202001545 116.52166 39.85297
1202001846 116.50706 39.86165
1202002146 116.50709 39.86164
1202002446 116.50709 39.86164
1202002746 116.50709 39.86163
1202003045 116.50709 39.86163
1202003345 116.50709 39.86163
1202003645 116.5071 39.86164
1202003945 116.5071 39.86164
1202005145 116.50707 39.86167
1202005446 116.50707 39.86168
1202005746 116.50706 39.86168
1202008567 116.50689 39.86191
1202008745 116.50689 39.8619
1202009045 116.5069 39.8619
1202009345 116.5069 39.8619
1202009645 116.5069 39.86189
1202009946 116.50691 39.86189
1202010246 116.50691 39.86189
1202010546 116.50691 39.86189
1202010846 116.50691 39.86188
1202011445 116.52209 39.85274
1202011745 116.52917 39.8223
1202012045 116.5489 39.81174
1202012045 116.5489 39.81174
1202012345 116.60107 39.80205
1202012645 116.5903 39.77616
1202012945 116.58996 39.7772
1202013245 116.58998 39.7772
1202013545 116.58997 39.7772
1202013845 116.58997 39.77721
1202014145 116.58998 39.77722
1202014145 116.58998 39.77722
1202014445 116.58999 39.77722
1202014745 116.58998 39.77722
1202015045 116.58998 39.77722
1202015345 116.58998 39.77722
1202015645 116.58998 39.77723
1202015945 116.58998 39.77723
1202016245 116.58998 39.77724
1202016545 116.58999 39.77724
1202016845 116.58999 39.77724
1202017145 116.59 39.77725
1202017445 116.59 39.77725
1202018345 116.58967 39.77739
1202018644 116.58974 39.77738
1202018944 116.58977 39.77738
1202019244 116.58979 39.77737
1202019544 116.58982 39.77737
1202020144 116.58989 39.77733
1202020444 116.5899 39.77732
1202020745 116.58991 39.77732
1202021045 116.58992 39.77731
1202021345 116.58992 39.77731
1202021645 116.58992 39.7773
1202021945 116.58993 39.7773
1202022245 116.58993 39.7773
1202022545 116.5897 39.77703
1202022845 116.58995 39.77718
1202023144 116.58995 39.77716
1202023444 116.58997 39.7771
1202023744 116.58997 39.7771
1202024044 116.58997 39.7771
1202024644 116.58997 39.77711
1202024944 116.58997 39.77711
1202025244 116.58996 39.77711
1202025545 116.58996 39.77711
1202025844 116.58996 39.77712
1202026144 116.58996 39.77712
1202026444 116.58996 39.77712
1202026745 116.58996 39.77713
1202027345 116.58996 39.77714
1202027944 116.58996 39.77714
1202028244 116.59008 39.77724
1202028544 116.59006 39.77724
1202028844 116.59005 39.77724
1202029444 116.59004 39.77723
1202029744 116.59004 39.77723
1202030044 116.59003 39.77724
1202030344 116.59003 39.77723
1202030944 116.5759 39.77023
1202031244 116.57598 39.77031
1202031844 116.60147 39.79314
1202032144 116.56439 39.80184
1202032444 116.53455 39.82623
1202032745 116.52729 39.85008
1202033345 116.50434 39.86808
1202033401 116.50425 39.86924
1202033701 116.48381 39.8925
1202034001 116.49013 39.90651
1202034601 116.47476 39.97191
1202034637 116.47442 39.97179
1202035201 116.48155 39.95612
1202035501 116.48372 39.91831
1202035801 116.44563 39.90733
1202036101 116.42055 39.90844
1202036203 116.42044 39.90487
1202036803 116.42607 39.90433
1202037104 116.42776 39.90697
1202037404 116.43686 39.90643
1202037666 116.45333 39.90826
1202037983 116.4611 39.8973
1202038267 116.45588 39.89946
1202038860 116.4546 39.905
1202039460 116.41829 39.87003
1202042457 116.41405 39.85621
1202042481 116.41353 39.85612
1202042781 116.40783 39.85258
1202042858 116.40526 39.85253
1202042858 116.40526 39.85253
1202043158 116.40638 39.85247
1202043458 116.40639 39.85246
1202043702 116.40639 39.85246
1202043758 116.40639 39.85246
1202044058 116.40644 39.8525
1202044191 116.4068 39.85252
1202050057 116.38737 39.85875
1202050231 116.38747 39.85858
1202050231 116.38747 39.85858
1202050531 116.38745 39.85891
1202050831 116.38742 39.85904
1202051131 116.38743 39.85909
1202051431 116.38742 39.85919
1202051731 116.38733 39.85924
1202052031 116.39351 39.8556
1202052237 116.39405 39.84628
1202053438 116.41221 39.79819
1202053479 116.41192 39.79768
1202053561 116.41085 39.79662
1202057105 116.49315 39.87394
1202057428 116.49828 39.87212
1202057728 116.49828 39.87212
1202058028 116.49827 39.87212
1202058328 116.49827 39.87212
1202058628 116.49827 39.87211
1202058928 116.49827 39.87211
1202059529 116.50793 39.86299
1202059529 116.50793 39.86299
1202059529 116.50793 39.86299
1202059829 116.50846 39.86316
1202060129 116.50846 39.86316
1202060429 116.50847 39.86316
1202060728 116.50845 39.86315
1202061028 116.50845 39.86315
1202061328 116.50845 39.86316
1202061628 116.50845 39.86316
1202061928 116.50854 39.86324
1202062228 116.50843 39.86312
1202062528 116.50843 39.86313
1202062828 116.50798 39.85984
1202063129 116.52171 39.84919
1202063429 116.52895 39.82231
1202063729 116.54355 39.81558
1202064029 116.5768 39.80192
1202064029 116.5768 39.80192
1202067375 116.48265 39.84319
1202067461 116.47981 39.85043
1202067761 116.48375 39.90046
1202068061 116.48806 39.90642
1202068361 116.51893 39.90751
1202068661 116.52024 39.91292
1202068961 116.52013 39.9149
1202068961 116.52013 39.9149
1202069261 116.52291 39.91567
1202069561 116.54426 39.9148
1202069753 116.54388 39.9106
1202070053 116.52455 39.90865
1202070070 116.52437 39.90865
1202070370 116.5157 39.91366
1202070670 116.51466 39.91737
1202071030 116.50013 39.92392
1202071330 116.48055 39.92171
1202071560 116.48294 39.92181
1202071860 116.46615 39.92188
1202071860 116.46615 39.92188
1202072160 116.45594 39.92204
1202072460 116.43993 39.92593
1202072532 116.43819 39.92718
1202072811 116.44933 39.93231
1202073111 116.45441 39.93248
1202073411 116.44752 39.95705
1202073661 116.43854 39.95965
1202073961 116.44253 39.95991
1202074261 116.45532 39.93975
1202074499 116.45169 39.93243
1202074800 116.44418 39.9396
1202075056 116.43271 39.94186
1202075254 116.44112 39.94961
1202075356 116.4504 39.95469
1202075656 116.45526 39.919
1202075957 116.45507 39.90339
1202076257 116.45475 39.88391
1202076556 116.47073 39.88282
1202076856 116.49451 39.8762
1202077156 116.50783 39.86277
1202077456 116.5078 39.86276
1202077756 116.5078 39.86277
1202078056 116.5078 39.86276
1202078356 116.51276 39.85752
1202078656 116.51277 39.85751
1202078956 116.51266 39.85776
1202079256 116.5079 39.86806
1202079556 116.48775 39.87963
1202079856 116.46808 39.89207
1202080156 116.45549 39.90306
1202080456 116.44665 39.90185
1202080756 116.43472 39.90122
1202081056 116.43471 39.90122
1202081356 116.43471 39.90122
1202081656 116.43471 39.90122
1202082256 116.43472 39.90123
1202082856 116.43472 39.90122
1202083156 116.43472 39.90122
1202083456 116.43472 39.90122
1202083456 116.43472 39.90122
1202083756 116.43472 39.90121
1202084056 116.43472 39.90121
1202084356 116.43472 39.90121
1202084656 116.43472 39.90121
1202084956 116.43471 39.90121
1202085256 116.43471 39.90121
1202085556 116.43471 39.90121
1202085856 116.43471 39.9012
1202086156 116.43471 39.9012
1202086456 116.43471 39.9012
1202086756 116.43484 39.90119
1202087056 116.45503 39.89315
1202087356 116.48349 39.87986
1202087656 116.50789 39.8615
1202087956 116.508 39.86657
1202088229 116.49442 39.87628
1202088529 116.48003 39.90703
1202088829 116.45569 39.94347
1202089129 116.43534 39.95857
1202089321 116.41914 39.9589
1202089621 116.44485 39.95876
1202089922 116.44919 39.93996
1202090222 116.45508 39.92251
1202090521 116.46366 39.91229
1202091287 116.47083 39.88307
1202091287 116.47083 39.88307
1202091587 116.49949 39.86933
1202091887 116.52783 39.84995
1202092187 116.55121 39.81782
1202092487 116.58591 39.80365
1202092561 116.58593 39.80646
1202092862 116.55595 39.8079
1202093162 116.53235 39.8228
1202093462 116.53136 39.82263
1202093762 116.53135 39.82266
1202094062 116.53135 39.82266
1202094362 116.53134 39.82266
1202094662 116.529 39.82397
1202094962 116.52936 39.84174
1202095261 116.52966 39.84138
1202095561 116.52936 39.8416
1202095861 116.52959 39.84156
1202096161 116.52957 39.84157
1202096461 116.52949 39.8416
1202096761 116.52954 39.84158
1202097061 116.52955 39.8416
1202097361 116.52957 39.8416
1202097662 116.52959 39.84159
1202097962 116.52958 39.84159
1202097962 116.52958 39.84159
1202098262 116.52958 39.84158
1202098562 116.52959 39.84156
1202098861 116.52959 39.84156
1202099161 116.52959 39.84156
1202099461 116.52959 39.84156
1202099761 116.52959 39.84156
1202100061 116.52959 39.84155
1202100361 116.52959 39.84155
1202100661 116.53484 39.826
1202100961 116.57606 39.80186
1202101262 116.59769 39.78361
1202101562 116.58993 39.77725
1202101862 116.58993 39.77725
1202102162 116.58992 39.77725
1202102461 116.58992 39.77725
1202102761 116.58992 39.77724
1202103061 116.58992 39.77724
1202103361 116.58991 39.77725
1202103661 116.58991 39.77725
1202103961 116.58992 39.77723
1202104261 116.58993 39.77723
1202104561 116.58993 39.77722
1202104861 116.58995 39.77722
1202105161 116.58998 39.77722
1202105461 116.59006 39.77716
1202105761 116.59005 39.77717
1202106062 116.59002 39.77719
1202106362 116.58999 39.77721
1202106662 116.58997 39.77722
1202106662 116.58997 39.77722
1202106962 116.58995 39.77723
1202107261 116.58995 39.77723
1202107561 116.58993 39.77723
1202107861 116.58993 39.77723
1202108161 116.58993 39.77723
1202108461 116.58993 39.77723
1202108761 116.58993 39.77723
1202109061 116.58993 39.77723
1202109361 116.58992 39.77724
1202109661 116.58992 39.77724
1202109961 116.58992 39.77724
1202110261 116.58991 39.77724
1202110561 116.58991 39.77724
1202110862 116.58991 39.77724
1202111162 116.58991 39.77723
1202111462 116.58991 39.77723
1202111762 116.58991 39.77723
1202112061 116.58992 39.77723
1202112361 116.58992 39.77723
1202112661 116.59004 39.77675
1202112961 116.58995 39.77717
1202113561 116.58998 39.77718
1202113861 116.58998 39.77717
1202114761 116.58998 39.77717
1202115061 116.58998 39.77717
1202115361 116.58998 39.77717
1202115361 116.58998 39.77717
1202115661 116.58998 39.77717
1202115961 116.58999 39.77716
1202116261 116.58998 39.77716
1202116561 116.58998 39.77716
1202116861 116.58998 39.77716
1202117161 116.59356 39.77365
1202117461 116.5761 39.77027
1202118061 116.59549 39.77411
1202118361 116.59478 39.78328
1202118661 116.58269 39.80194
1202118961 116.54412 39.8152
1202119261 116.52888 39.83749
1202119561 116.51136 39.85813
1202119713 116.50793 39.8635
1202119713 116.50793 39.8635
1202120013 116.48365 39.87373
1202120313 116.48109 39.90709
1202120613 116.44301 39.90722
1202120913 116.43491 39.91529
1202121212 116.4348 39.92209
1202121464 116.43027 39.92879
1202121764 116.42988 39.93951
1202122064 116.43951 39.94078
1202122142 116.43911 39.94209
1202122442 116.42742 39.93721
1202122742 116.42221 39.91418
1202123042 116.41212 39.91484
1202123235 116.41165 39.91082
1202123535 116.41677 39.91425
1202123835 116.41678 39.91427
1202124135 116.42845 39.91355
1202124435 116.42627 39.90455
1202124735 116.42615 39.90413
1202125035 116.42613 39.90708
1202125335 116.43787 39.90553
1202125379 116.43797 39.90719
1202125679 116.44867 39.90737
1202125729 116.44904 39.90678
1202125979 116.4557 39.91284
1202126133 116.45282 39.91865
1202126434 116.45753 39.91208
1202126734 116.47192 39.90891
1202127034 116.47151 39.90271
1202127334 116.46858 39.89938
1202127933 116.4686 39.89936
1202127933 116.4686 39.89936
1202128233 116.47032 39.89927
1202128533 116.46628 39.89595
1202128759 116.45566 39.89887
1202129059 116.48381 39.92046
1202129359 116.4713 39.96488
1202129659 116.50607 40.00859
1202129959 116.57507 40.04326
1202130192 116.58195 40.07159
1202130260 116.58654 40.07688
1202130328 116.58683 40.07777
1202130628 116.58064 40.07646
1202130928 116.58131 40.06961
1202134228 116.48912 39.97065
1202134229 116.48919 39.97064
1202134528 116.48959 39.97025
1202134829 116.4896 39.97024
1202135127 116.48961 39.97023
1202135428 116.4896 39.97018
1202135727 116.48961 39.97017
1202136027 116.48961 39.97018
1202136327 116.48961 39.97019
1202136627 116.48961 39.9702
1202136928 116.48677 39.97068
1202137172 116.48415 39.96495
1202137584 116.47153 39.95856
1202137794 116.46994 39.95481
1202138003 116.46202 39.95479
1202138303 116.45405 39.95274
1202138603 116.44919 39.93489
1202139203 116.44423 39.91909
1202139503 116.44418 39.90735
1202139803 116.44954 39.90286
1202139903 116.44488 39.90231
1202140130 116.47147 39.90258
1202140203 116.47153 39.90113
1202140503 116.47982 39.89921
1202140506 116.47962 39.8992
1202141106 116.46701 39.89561
1202141406 116.46701 39.89561
1202141706 116.4676 39.89435
1202142006 116.46705 39.89547
1202142306 116.46702 39.89557
1202142606 116.46701 39.89559
1202142906 116.46708 39.89547
1202142906 116.46708 39.89547
1202143206 116.46693 39.89561
1202143806 116.4548 39.88453
1202144035 116.46442 39.883
1202144335 116.47157 39.89859
1202144636 116.47169 39.90531
1202144765 116.47021 39.90719
1202145065 116.46896 39.9078
1202145365 116.47159 39.90113
1202145665 116.48338 39.89078
1202145714 116.48326 39.88842
1202146014 116.47781 39.8457
1202146314 116.43927 39.83114
1202146386 116.43626 39.83112
1202146386 116.43626 39.83112
1202146686 116.47315 39.83937
1202146986 116.51571 39.82503
1202147286 116.53092 39.82266
1202147586 116.54078 39.81941
1202147886 116.54866 39.81744
1202148187 116.54858 39.81753
1202148487 116.54856 39.81753
1202148787 116.54856 39.81753
1202149087 116.56288 39.80274
1202149386 116.57872 39.80218
1202149686 116.60563 39.80196
1202149986 116.60135 39.79594
1202150286 116.59526 39.77541
1202150586 116.59038 39.77609
1202150886 116.58916 39.77737
1202151264 116.58915 39.77737
1202151486 116.5937 39.77564
1202151786 116.57146 39.77152
1202152086 116.57702 39.79523
1202152386 116.53938 39.82164
1202152686 116.49573 39.81981
1202152986 116.47108 39.82867
1202153205 116.46297 39.8429
1202153505 116.48087 39.81843
1202153899 116.47747 39.79967
1202154199 116.44844 39.82252
1202154498 116.44091 39.83964
1202154606 116.44027 39.84443
1202154914 116.42737 39.84715
1202155206 116.42573 39.85725
1202156106 116.39577 39.81347
1202156406 116.3958 39.81306
1202157006 116.40026 39.81345
1202157306 116.39985 39.81335
1202157606 116.39591 39.82104
1202157906 116.3996 39.83565
1202158206 116.41244 39.84098
1202158506 116.42219 39.84405
1202158793 116.42594 39.84627
1202159093 116.42619 39.85575
1202159393 116.4272 39.86453
1202159993 116.43244 39.85829
1202160135 116.44224 39.85763
1202160337 116.45527 39.88118
1202160637 116.47629 39.88309
1202160937 116.48324 39.87765
1202162056 116.54894 39.87033
1202162364 116.54552 39.8717
1202162664 116.50805 39.86924
1202163791 116.48324 39.87748
1202163791 116.48324 39.87748
1202164091 116.48325 39.87749
1202164391 116.48326 39.87749
1202164691 116.48328 39.87748
1202164991 116.48329 39.87731
1202165135 116.48331 39.8761
1202165435 116.48397 39.90321
1202165735 116.45577 39.92632
1202166149 116.45528 39.93757
1202166449 116.45532 39.89661
1202166749 116.45582 39.85544
1202167049 116.4193 39.83096
1202167343 116.39001 39.82296
1202167643 116.39846 39.83448
1202167943 116.40842 39.84644
1202168244 116.42669 39.85704
1202168544 116.45253 39.86437
1202168774 116.46138 39.87489
1202169074 116.45551 39.91658
1202169374 116.45721 39.96435
1202169674 116.45095 39.98532
1202170149 116.46247 39.98504
1202170419 116.47481 39.97616
1202170719 116.46055 39.98999
1202171019 116.4698 39.99642
1202171138 116.47822 39.9972
1202171438 116.46026 39.98655
1202171596 116.46924 39.98064
1202173167 116.45353 39.95295
1202173273 116.44921 39.94451
1202173573 116.45512 39.92971
1202173597 116.45514 39.92845
1202173897 116.45026 39.88313
1202173988 116.45192 39.88249
1202174530 116.48913 39.8738
1202174830 116.50794 39.86734
1202175430 116.51278 39.85722
1202175440 116.51228 39.85627
1202175730 116.49848 39.8379
1202176030 116.51097 39.82077
1202176330 116.53268 39.82237
1202176630 116.57675 39.80195
1202176931 116.59477 39.78321
1202178730 116.58993 39.77726
1202179030 116.58991 39.77723
1202179630 116.58993 39.77722
1202180230 116.58993 39.77722
1202180531 116.58994 39.77722
1202180831 116.58994 39.77722
1202181131 116.58994 39.77722
1202181431 116.58995 39.77721
1202181730 116.58995 39.77721
1202182030 116.58995 39.77722
1202182330 116.58995 39.77722
1202183230 116.58995 39.77722
1202183530 116.58995 39.77722
1202183830 116.58996 39.77722
1202184131 116.58996 39.77722
1202184431 116.58996 39.77723
1202184731 116.58996 39.77723
1202185031 116.58996 39.77723
1202185330 116.58995 39.77723
1202185630 116.58995 39.77723
1202185930 116.58995 39.77723
1202185930 116.58995 39.77723
1202185930 116.58995 39.77723
1202186230 116.58995 39.77723
1202186230 116.58995 39.77723
1202186530 116.58995 39.77723
1202186830 116.58995 39.77723
1202187130 116.58995 39.77723
1202187730 116.58995 39.77723
1202188030 116.58995 39.77723
1202188330 116.58995 39.77722
1202188630 116.58995 39.77722
1202188931 116.58995 39.77722
1202189231 116.58995 39.77722
1202189531 116.58995 39.77722
1202189831 116.58995 39.77722
1202190130 116.58996 39.77722
1202190430 116.58995 39.77722
1202190730 116.58995 39.77722
1202191030 116.58995 39.77722
1202191330 116.58996 39.77722
1202191630 116.58996 39.77722
1202191630 116.58996 39.77722
1202192230 116.58997 39.77722
1202192530 116.58997 39.77722
1202192830 116.58996 39.77722
1202193130 116.58996 39.77722
1202193430 116.58995 39.77722
1202193730 116.58995 39.77723
1202194030 116.58994 39.77723
1202194330 116.58994 39.77723
1202194630 116.58994 39.77723
1202194930 116.58994 39.77723
1202195230 116.58994 39.77723
1202195530 116.58994 39.77723
1202195830 116.58994 39.77724
1202196130 116.58993 39.77724
1202196430 116.58993 39.77724
1202196730 116.58993 39.77724
1202197030 116.58993 39.77724
1202197329 116.58994 39.77723
1202197629 116.58994 39.77723
1202197929 116.58994 39.77723
1202198229 116.58994 39.77723
1202198530 116.58993 39.77723
1202198830 116.58993 39.77723
1202199215 116.58993 39.77723
1202199429 116.58993 39.77723
1202199729 116.58993 39.77722
1202200029 116.58993 39.77722
1202200329 116.58993 39.77722
1202200329 116.58993 39.77722
1202200629 116.58993 39.77722
1202200929 116.58993 39.77722
1202201229 116.58993 39.77723
1202201529 116.58993 39.77723
1202201830 116.58993 39.77723
1202202130 116.58993 39.77722
1202202430 116.58993 39.77722
1202202730 116.58993 39.77723
1202203030 116.58992 39.77722
1202203330 116.5917 39.77591
1202203630 116.57474 39.77142
1202203930 116.57502 39.7701
1202204230 116.58714 39.77414
1202204530 116.59224 39.77877
1202205129 116.56072 39.80512
1202205429 116.5276 39.83035
1202205729 116.51388 39.85688
1202206020 116.50414 39.86612
1202206320 116.49042 39.8579
1202206522 116.48758 39.84963
1202206822 116.48495 39.87091
1202207122 116.48739 39.87511
1202207194 116.48557 39.87503
1202207494 116.47775 39.90703
1202207794 116.43589 39.90729
1202207847 116.43501 39.90751
1202208147 116.42432 39.90369
1202208447 116.4213 39.90383
1202208447 116.4213 39.90383
1202208747 116.42899 39.90574
1202208853 116.42624 39.90527
1202209153 116.42827 39.92582
1202209453 116.41088 39.94808
1202209754 116.40426 39.94774
1202210641 116.37764 39.96152
1202211097 116.40581 39.96731
1202211697 116.41158 39.96834
1202211997 116.42698 39.96779
1202212083 116.42805 39.96807
1202212383 116.41683 39.9678
1202212962 116.38806 39.96942
1202213096 116.38834 39.96839
1202213396 116.38559 39.94767
1202213696 116.34951 39.9334
1202213996 116.34691 39.90586
1202214296 116.32752 39.90645
1202214311 116.32754 39.90641
1202214611 116.30492 39.90767
1202214911 116.30395 39.88877
1202215211 116.29441 39.88339
1202215511 116.2944 39.88345
1202215811 116.29438 39.88343
1202216111 116.29438 39.88344
1202216411 116.29441 39.88343
1202216663 116.29442 39.88344
1202216711 116.29434 39.88344
1202217011 116.29215 39.88332
1202217311 116.29218 39.88333
1202217611 116.29218 39.88335
1202217910 116.29219 39.88337
1202218210 116.29219 39.8834
1202218510 116.29219 39.88342
1202218810 116.29218 39.88337
1202219110 116.29222 39.88327
1202219411 116.2923 39.88325
1202219711 116.29217 39.88316
1202220011 116.29268 39.88329
1202220011 116.29268 39.88329
1202220311 116.2924 39.88362
1202220611 116.29227 39.8833
1202220911 116.29218 39.88299
1202221211 116.29253 39.88352
1202221211 116.29253 39.88352
1202221285 116.2916 39.88544
1202221585 116.28892 39.89612
1202221885 116.27536 39.89934
1202221890 116.27526 39.89931
1202222190 116.2747 39.89889
1202222245 116.27534 39.89907
1202222545 116.28822 39.89902
1202222760 116.296 39.89642
1202223060 116.29604 39.8995
1202223360 116.3013 39.9057
1202223372 116.30212 39.90495
1202223672 116.34002 39.90577
1202223960 116.37 39.90515
1202224260 116.36933 39.90416
1202224312 116.37021 39.90465
1202224613 116.36794 39.90081
1202224913 116.36794 39.89908
1202225213 116.36398 39.88788
1202225360 116.36105 39.88459
1202225660 116.35762 39.89075
1202225960 116.35728 39.89753
1202226166 116.35072 39.90305
1202226466 116.36808 39.90471
1202226766 116.36782 39.9098
1202227066 116.36741 39.92253
1202227207 116.37086 39.92525
1202227371 116.37095 39.92604
1202227566 116.37037 39.93183
1202227866 116.36667 39.93688
1202228040 116.36889 39.93127
1202228340 116.3954 39.93203
1202228640 116.41948 39.93208
1202228940 116.42006 39.92099
1202229240 116.42068 39.9076
1202229399 116.42063 39.90482
1202229699 116.42734 39.90707
1202229999 116.42496 39.90824
1202230299 116.46774 39.90708
1202230598 116.536 39.90804
1202230898 116.59203 39.90779
1202231198 116.62277 39.90531
1202231799 116.65124 39.90675
1202232099 116.66747 39.90767
1202232241 116.67054 39.90558
1202232541 116.6708 39.89893
1202232841 116.65369 39.89935
1202233141 116.65116 39.89837
1202233441 116.64338 39.88078
1202233741 116.62333 39.86155
1202234342 116.56909 39.81123
1202234642 116.57393 39.80712
1202234942 116.57667 39.80594
1202235242 116.57668 39.80594
1202235541 116.57669 39.80594
1202235841 116.57689 39.80507
1202236141 116.57688 39.80506
1202236441 116.57696 39.80393
1202236741 116.577 39.80301
1202237041 116.57702 39.80301
1202237341 116.58474 39.80197
1202237641 116.59489 39.78353
1202237942 116.59536 39.7754
1202238242 116.58938 39.77727
1202238542 116.59231 39.77602
1202239142 116.57319 39.77205
1202239441 116.5749 39.80195
1202239452 116.57301 39.80194
1202239752 116.54173 39.78214
1202240052 116.54334 39.76456
1202240115 116.54668 39.76198
1202240415 116.53037 39.77023
1202240595 116.5188 39.78536
1202241015 116.49702 39.80176
1202241315 116.47259 39.82684
1202241615 116.45896 39.84981
1202241915 116.45247 39.86434
1202242215 116.4618 39.87923
1202242515 116.47985 39.88295
1202242815 116.48331 39.87742
1202242904 116.48328 39.87731
1202243204 116.48387 39.89318
1202243505 116.49019 39.90672
1202243509 116.48963 39.90678
1202243805 116.46675 39.90712
1202244105 116.45361 39.93122
1202244144 116.45371 39.93127
1202244404 116.45561 39.91183
1202244404 116.45561 39.91183
1202244704 116.4139 39.90706
1202245004 116.40684 39.901
1202245178 116.40358 39.89676
1202245478 116.41045 39.8958
1202245675 116.41241 39.89472
1202245975 116.41259 39.89184
1202246275 116.45207 39.89203
1202246443 116.45543 39.89666
1202246443 116.45543 39.89666
1202246743 116.45393 39.90404
1202247043 116.45241 39.90671
1202247269 116.45302 39.90642
1202247569 116.45576 39.92819
1202247869 116.45334 39.93126
1202248170 116.45336 39.93127
1202248470 116.45325 39.93108
1202248470 116.45325 39.93108
1202248769 116.4443 39.92275
1202248870 116.44211 39.92079
1202249070 116.44408 39.91031
1202249288 116.45248 39.90813
1202249588 116.45237 39.90859
1202249888 116.45267 39.90828
1202249998 116.45425 39.90667
1202250298 116.4834 39.885
1202250585 116.50225 39.87216
1202250885 116.51252 39.85745
1202251109 116.50784 39.8612
1202251409 116.51677 39.85564
1202251709 116.55233 39.8443
1202252009 116.60029 39.85452
1202252309 116.61426 39.87638
1202252351 116.61425 39.87637
1202252609 116.61671 39.8618
1202252909 116.6399 39.87792
1202253209 116.6517 39.89972
1202253509 116.63671 39.91749
1202253532 116.63675 39.91675
1202253809 116.62522 39.90558
1202254109 116.58856 39.91081
1202254315 116.57391 39.91341
1202254615 116.54607 39.91484
1202254915 116.51914 39.91619
1202255215 116.49088 39.9146
1202255226 116.49002 39.91455
1202255526 116.49602 39.92307
1202255539 116.49587 39.92305
1202255826 116.48944 39.932
1202255935 116.48984 39.9263
1202256235 116.48335 39.91442
1202256535 116.4665 39.90812
1202256669 116.45686 39.90721
1202256969 116.44421 39.92469
1202257131 116.4376 39.92722
1202257431 116.4442 39.92187
1202257692 116.4439 39.90749
1202257950 116.42285 39.90522
1202258224 116.45384 39.90668
1202258524 116.45472 39.87311
1202258722 116.46611 39.87151
1202259022 116.46948 39.88293
1202259322 116.46945 39.88293
1202259622 116.46944 39.88294
1202260194 116.47028 39.88296
1202260495 116.48067 39.86931
1202260795 116.48334 39.84234
1202260925 116.49291 39.8332
1202261203 116.51327 39.82103
1202261503 116.4775 39.83609
1202261803 116.42582 39.85717
1202261803 116.42582 39.85717
1202261948 116.42729 39.8455
1202262247 116.44057 39.85737
1202262547 116.47817 39.84739
1202262847 116.50404 39.8231
1202263148 116.53323 39.82245
1202263448 116.57096 39.80187
1202264048 116.58995 39.77721
1202264947 116.58992 39.77722
1202265547 116.58991 39.77721
1202265847 116.58991 39.77721
1202266147 116.58989 39.77721
1202266447 116.58989 39.77721
1202266447 116.58989 39.77721
1202266748 116.58989 39.77721
1202267048 116.5899 39.77721
1202267348 116.5899 39.77721
1202267648 116.5899 39.7772
1202267947 116.5899 39.7772
1202268247 116.58989 39.77721
1202268547 116.58989 39.77721
1202268847 116.58989 39.77721
1202269147 116.58989 39.77721
1202269447 116.58989 39.77721
1202269747 116.58989 39.77722
1202270047 116.58989 39.77722
1202270347 116.58989 39.77722
1202270647 116.58989 39.77722
1202270947 116.58989 39.77722
1202271247 116.58989 39.77722
1202271848 116.58989 39.77722
1202272148 116.58989 39.77722
1202272448 116.58989 39.77722
1202272747 116.58989 39.77722
1202273047 116.58989 39.77722
1202273347 116.58989 39.77722
1202273647 116.58989 39.77722
1202273947 116.5899 39.77722
1202274247 116.5899 39.77722
1202274547 116.5899 39.77722
1202274847 116.5899 39.77722
1202275147 116.5899 39.77722
1202275147 116.5899 39.77722
1202275447 116.5899 39.77722
1202275747 116.5899 39.77722
1202276047 116.5899 39.77722
1202276348 116.5899 39.77722
1202276648 116.5899 39.77722
1202276948 116.58982 39.77718
1202277248 116.58987 39.77719
1202277547 116.58991 39.7772
1202277847 116.58992 39.7772
1202278447 116.59005 39.77711
1202278747 116.59005 39.77712
1202279047 116.59004 39.77712
1202279348 116.59004 39.77712
1202279647 116.59004 39.77713
1202279947 116.59003 39.77713
1202280247 116.59003 39.77714
1202280547 116.59002 39.77714
1202280847 116.59002 39.77715
1202281147 116.59002 39.77715
1202281447 116.59002 39.77716
1202281747 116.59001 39.77716
1202282047 116.59001 39.77716
1202282347 116.59001 39.77716
1202282647 116.59001 39.77716
1202282947 116.59 39.77716
1202283247 116.59 39.77717
1202283547 116.59 39.77717
1202283847 116.58999 39.77718
1202283847 116.58999 39.77718
1202284147 116.58999 39.77718
1202284447 116.58998 39.77719
1202284747 116.58997 39.77719
1202285047 116.58997 39.77719
1202285347 116.58997 39.77719
1202285647 116.58997 39.7772
1202285947 116.58996 39.7772
1202286247 116.58997 39.7772
1202286547 116.58997 39.7772
1202286847 116.58997 39.7772
1202287147 116.58997 39.7772
1202287447 116.58997 39.77719
1202287747 116.58997 39.77719
1202288047 116.58997 39.77719
1202288347 116.58997 39.77719
1202288647 116.58997 39.77719
1202288946 116.58996 39.77719
1202289247 116.58996 39.77719
1202289547 116.58922 39.77728
1202289847 116.57683 39.77193
1202290147 116.57591 39.77035
1202290447 116.57591 39.77038
1202291047 116.58793 39.77437
1202291347 116.5932 39.77881
1202291646 116.59857 39.80215
1202291946 116.54654 39.81334
1202292246 116.52971 39.84237
1202292546 116.5078 39.86383
1202292546 116.5078 39.86383
1202292846 116.48756 39.87477
1202293146 116.48373 39.89913
1202293446 116.47043 39.90721
1202293746 116.44457 39.90267
1202294046 116.42519 39.9037
1202294346 116.42618 39.90563
1202294647 116.42617 39.90431
1202294827 116.42937 39.90688
1202295427 116.45162 39.88786
1202295443 116.45166 39.88787
1202295743 116.45316 39.88803
1202295743 116.45316 39.88803
1202296043 116.45332 39.88812
1202296081 116.45331 39.88813
1202296344 116.45553 39.8933
1202296644 116.46275 39.91229
1202296944 116.47144 39.90923
1202297432 116.41743 39.90697
1202320921 116.52175 39.82161
1202321221 116.53334 39.82236
1202321521 116.53888 39.82206
1202321821 116.57316 39.8019
1202322122 116.57709 39.80272
1202322422 116.57707 39.80274
1202322422 116.57707 39.80274
1202322722 116.57701 39.80398
1202323022 116.57699 39.80438
1202323321 116.60147 39.80008
1202323621 116.59316 39.77568
1202323921 116.58986 39.77726
1202324221 116.58985 39.77727
1202324521 116.58276 39.77328
1202324821 116.59255 39.77585
1202325121 116.5899 39.77724
1202325421 116.58989 39.77724
1202325722 116.5899 39.77723
1202326022 116.58992 39.7772
1202326322 116.58992 39.77719
1202326622 116.58991 39.77719
1202326921 116.58991 39.77718
1202327221 116.58991 39.77719
1202327521 116.58992 39.77718
1202327821 116.58993 39.77718
1202328121 116.58993 39.77718
1202328421 116.58994 39.77719
1202328721 116.58997 39.7772
1202329021 116.58997 39.77719
1202329321 116.58997 39.77718
1202329621 116.58983 39.77712
1202329921 116.58985 39.77714
1202330221 116.5899 39.77715
1202330521 116.58993 39.77716
1202330821 116.58994 39.77716
1202331121 116.58996 39.77717
1202331121 116.58996 39.77717
1202331421 116.58994 39.77716
1202331721 116.58994 39.77717
1202332021 116.58999 39.77718
1202332321 116.58997 39.77721
1202332621 116.58996 39.77723
1202332921 116.58996 39.77723
1202333221 116.58997 39.77723
1202333521 116.58998 39.77722
1202333821 116.58997 39.77723
1202334121 116.58997 39.77723
1202334421 116.58996 39.77724
1202335021 116.58997 39.77722
1202335321 116.58997 39.77721
1202335621 116.58997 39.7772
1202335921 116.58996 39.77719
1202336221 116.59 39.77707
1202336521 116.58998 39.77709
1202336821 116.58972 39.77709
1202337121 116.58982 39.7771
1202337421 116.58936 39.77638
1202337721 116.60129 39.79205
1202338021 116.57633 39.8061
1202338321 116.54338 39.81606
1202338592 116.51254 39.82092
1202338892 116.47928 39.84648
1202339192 116.45505 39.87531
1202339481 116.44204 39.89263
1202339604 116.43743 39.89214
1202339904 116.45484 39.90711
1202340067 116.47541 39.9068
1202340367 116.45633 39.9074
1202340668 116.45296 39.90655
1202340847 116.45476 39.90672
1202341039 116.45481 39.91844
1202341339 116.4441 39.91303
1202341459 116.44309 39.90722
1202341759 116.39448 39.90645
1202341863 116.38964 39.90182
1202342061 116.39716 39.89927
1202342395 116.42131 39.89612
1202342661 116.42656 39.90194
1202342721 116.42773 39.90201
1202342721 116.42773 39.90201
1202343021 116.41234 39.89783
1202343321 116.42588 39.88279
1202343504 116.45007 39.88279
1202343804 116.43307 39.86828
1202344028 116.42321 39.86119
1202344122 116.42445 39.86215
1202344422 116.44252 39.85409
1202344502 116.44628 39.85375
1202344722 116.45362 39.85483
1202345022 116.47993 39.84578
1202345322 116.51235 39.83866
1202345372 116.51209 39.83874
1202345622 116.48955 39.83655
1202345622 116.48955 39.83655
1202345922 116.45037 39.86318
1202346689 116.42929 39.86459
1202347111 116.40917 39.8639
1202347821 116.41474 39.88248
1202347937 116.41646 39.88257
1202347937 116.41646 39.88257
1202351170 116.40171 39.95514
1202351275 116.40337 39.96068
1202351459 116.41632 39.96069
1202351759 116.41845 39.97595
1202352060 116.41862 39.99145
1202352070 116.41862 39.99145
1202352360 116.44252 39.98335
1202352660 116.45286 39.99697
1202352734 116.45308 39.99862
1202352960 116.46163 40.00287
1202353260 116.4838 40.00813
1202353560 116.53156 39.94587
1202353859 116.5662 39.90848
1202354159 116.63254 39.90131
1202354459 116.66516 39.89118
1202354729 116.68359 39.89524
1202355029 116.66484 39.89124
1202355329 116.64053 39.87856
1202355630 116.62514 39.86277
1202355930 116.60192 39.82889
1202356230 116.60128 39.78939
1202356530 116.58998 39.77719
1202356830 116.58998 39.77718
1202357130 116.58999 39.77717
1202357430 116.58999 39.77716
1202357430 116.58999 39.77716
1202357730 116.59 39.77716
1202358030 116.59 39.77716
1202358330 116.59 39.77715
1202358629 116.59001 39.77716
1202358929 116.59002 39.77716
1202359229 116.59002 39.77716
1202359529 116.59001 39.77717
1202359829 116.59001 39.77718
1202359829 116.59001 39.77718
1202360129 116.59002 39.77719
1202360429 116.59002 39.77719
1202360729 116.59002 39.77719
1202361029 116.59001 39.77719
1202361329 116.59001 39.77719
1202361629 116.59 39.77719
1202361929 116.59 39.77718
1202362229 116.59 39.77719
1202362529 116.59 39.77719
1202362830 116.58999 39.77719
1202363130 116.58999 39.77719
1202363430 116.58973 39.77719
1202363730 116.5898 39.77721
1202364029 116.5898 39.77721
1202364329 116.5898 39.7772
1202364629 116.58981 39.77721
1202364929 116.58981 39.7772
1202365229 116.58981 39.77721
1202365529 116.58981 39.77721
1202365829 116.58981 39.77721
1202366129 116.58981 39.77721
1202366429 116.58982 39.7772
1202366729 116.58982 39.77721
1202367029 116.58982 39.7772
1202367329 116.58982 39.7772
1202367629 116.58983 39.7772
1202367929 116.58983 39.7772
1202368229 116.58983 39.7772
1202368529 116.58983 39.77719
1202368829 116.58984 39.77719
1202369129 116.58984 39.77718
1202369429 116.58984 39.77718
1202369729 116.58984 39.77718
1202370029 116.58985 39.77718
1202370329 116.58985 39.77718
1202370929 116.58985 39.77718
1202371229 116.58985 39.77719
1202371529 116.58985 39.77719
1202371829 116.58986 39.77719
1202372129 116.58986 39.77719
1202372429 116.58986 39.7772
1202372729 116.58987 39.7772
1202373029 116.58987 39.7772
1202373329 116.58988 39.7772
1202373629 116.58988 39.7772
1202373929 116.58989 39.7772
1202374528 116.59003 39.77716
1202374828 116.58995 39.77722
1202375128 116.58996 39.77722
1202376029 116.58997 39.77722
1202376329 116.59031 39.77706
1202376629 116.59033 39.77703
1202376929 116.59035 39.77702
1202377229 116.59 39.77721
1202377229 116.59 39.77721
1202377529 116.59381 39.77368
1202377829 116.57595 39.77029
1202378129 116.57596 39.77029
1202378428 116.57597 39.77029
1202378728 116.57309 39.76974
1202379028 116.59517 39.77366
1202379328 116.59467 39.77877
1202379628 116.59494 39.80197
1202379928 116.5515 39.81035
1202380228 116.51544 39.821
1202380467 116.4889 39.83713
1202380717 116.46906 39.84985
1202380849 116.47286 39.84927
1202381149 116.45326 39.86454
1202381449 116.43885 39.87347
1202381509 116.4392 39.87444
1202381748 116.44748 39.88317
1202382048 116.45584 39.914
1202382348 116.46652 39.93772
1202382396 116.46579 39.93788
1202382696 116.46308 39.92878
1202382916 116.45403 39.92376
1202383216 116.43479 39.91577
1202383276 116.43462 39.91327
1202383516 116.42854 39.92128
1202383816 116.39559 39.94772
1202387032 116.35985 40.00551
1202387045 116.36118 40.00369
1202387788 116.43174 39.96103
1202387944 116.42609 39.95601
1202388244 116.41956 39.94833
1202388244 116.41956 39.94833
1202388544 116.3676 39.94738
1202388544 116.3676 39.94738
1202388844 116.31998 39.93764
1202389109 116.32098 39.93172
1202389409 116.31447 39.93809
1202389409 116.31447 39.93809
1202389564 116.30772 39.93968
1202389864 116.30217 39.9612
1202389877 116.30217 39.9612
1202389884 116.30217 39.9612
1202390164 116.31444 39.95298
1202390280 116.31056 39.95423
1202390763 116.34822 39.9732
1202390898 116.35305 39.98031
1202391070 116.35479 39.98029
1202391290 116.35962 39.96971
1202391762 116.36559 39.95056
1202391777 116.36559 39.95058
1202392062 116.34934 39.93813
1202392362 116.34782 39.89773
1202392595 116.31546 39.89682
1202392595 116.31546 39.89682
1202392895 116.31699 39.89643
1202393195 116.31702 39.89644
1202393495 116.31942 39.89771
1202393795 116.3154 39.89687
1202393821 116.3168 39.89687
1202394121 116.34241 39.89644
1202394499 116.37604 39.89848
1202394799 116.38876 39.89867
1202395099 116.39082 39.88934
1202395399 116.39113 39.87965
1202395700 116.39124 39.87877
1202396000 116.39122 39.87872
1202396300 116.39125 39.87881
1202396600 116.3912 39.87874
1202396899 116.39119 39.87872
1202397199 116.39118 39.8787
1202397499 116.39117 39.8787
1202397799 116.39117 39.87869
1202398099 116.39117 39.87868
1202398399 116.3912 39.87904
1202398399 116.3912 39.87904
1202398699 116.39172 39.87374
1202398916 116.39356 39.85504
1202399216 116.40329 39.85821
1202399294 116.40243 39.85668
1202399516 116.39579 39.8693
1202399816 116.4402 39.87794
1202400116 116.42871 39.91796
1202400322 116.42966 39.93961
1202400622 116.43651 39.92634
1202400712 116.43444 39.92601
1202401012 116.42973 39.90517
1202401012 116.42973 39.90517
1202401313 116.44971 39.89163
1202401613 116.44954 39.87499
1202401737 116.44072 39.87494
1202401979 116.45081 39.88352
1202402279 116.45454 39.8713
1202402579 116.46604 39.86665
1202402866 116.4542 39.87945
1202402977 116.45359 39.87691
1202403277 116.43798 39.88719
1202403577 116.42142 39.90688
1202403877 116.38988 39.90623
1202404030 116.38956 39.90134
1202404186 116.3887 39.89707
1202404486 116.3925 39.8796
1202404486 116.3925 39.8796
1202404786 116.39387 39.84827
1202405086 116.40051 39.8209
1202405142 116.40196 39.82034
1202405442 116.41769 39.83072
1202405742 116.48075 39.83276
1202406042 116.51691 39.82475
1202406342 116.51692 39.82475
1202406643 116.52648 39.82146
1202406943 116.5403 39.81988
1202407243 116.41715 39.58448
1202407243 116.41715 39.58448
1202407543 116.57726 39.80579
1202407842 116.57691 39.80357
1202408142 116.57691 39.80358
1202408442 116.57703 39.79298
1202408742 116.57153 39.7714
1202409042 116.57593 39.77031
1202409342 116.57447 39.77
1202409642 116.59465 39.77368
1202409942 116.58992 39.7772
1202410243 116.58987 39.77726
1202410543 116.5884 39.77427
1202410843 116.57636 39.77391
1202411143 116.55911 39.80619
1202411442 116.51296 39.82098
1202411442 116.51296 39.82098
1202411742 116.47152 39.82927
1202411742 116.47152 39.82927
1202412054 116.46924 39.83434
1202412354 116.48383 39.88131
1202412654 116.47162 39.88855
1202412687 116.47142 39.88832
1202412954 116.48389 39.87909
1202413254 116.50373 39.89949
1202413394 116.50693 39.8979
1202413554 116.49411 39.89959
1202413854 116.48421 39.93027
1202414154 116.52467 39.94033
1202414454 116.53994 39.95747
1202414665 116.53586 39.96157
1202414965 116.53916 39.94046
1202415102 116.52219 39.94048
1202415401 116.49308 39.92811
1202415450 116.49278 39.9278
1202415702 116.49601 39.93364
1202416002 116.48457 39.93257
1202416102 116.47865 39.93072
1202416402 116.47203 39.91981
1202416666 116.46285 39.90731
1202416666 116.46285 39.90731
1202416966 116.42957 39.90727
1202417266 116.40103 39.9067
1202417566 116.37571 39.89874
1202417866 116.35201 39.89795
1202418100 116.31527 39.89633
1202418400 116.33011 39.91268
1202418701 116.35196 39.9125
1202418701 116.35196 39.9125
1202419001 116.36789 39.90865
1202419007 116.36791 39.90841
1202419307 116.35005 39.89779
1202419607 116.3214 39.88863
1202419907 116.31179 39.87632
1202420207 116.32297 39.87146
1202420281 116.32389 39.87199
1202420507 116.32006 39.87309
1202420807 116.31528 39.883
1202420995 116.32081 39.87559
1202421107 116.33227 39.87584
1202421396 116.33253 39.88837
1202421424 116.33101 39.88843
1202421724 116.31523 39.88879
1202422024 116.33176 39.87995
1202422043 116.33082 39.87999
1202422324 116.32034 39.88798
1202422624 116.30423 39.90391
1202422924 116.28898 39.9093
1202423064 116.28209 39.91221
1202423224 116.28892 39.90674
1202423524 116.3041 39.88613
1202423789 116.30831 39.88124
1202424077 116.32026 39.88593
1202424377 116.32296 39.89937
1202424678 116.33856 39.91292
1202424763 116.34079 39.91166
1202425063 116.35773 39.91257
1202425401 116.36794 39.89878
1202425541 116.36799 39.88378
1202425841 116.36804 39.86896
1202426141 116.38066 39.85641
1202426441 116.38007 39.8418
1202426456 116.3802 39.84179
1202426756 116.3978 39.85546
1202427056 116.43043 39.85732
1202427356 116.4616 39.87038
1202427474 116.46159 39.87628
1202427774 116.45001 39.88308
1202428074 116.42926 39.91067
1202428787 116.36181 39.94488
1202428870 116.3577 39.94362
1202429170 116.36662 39.93818
1202429185 116.36663 39.93676
1202429470 116.36693 39.92951
1202429496 116.36703 39.92755
1202429796 116.368 39.90005
1202430096 116.36817 39.88755
1202430337 116.37233 39.88304
1202430396 116.37115 39.88286
1202430696 116.36788 39.86469
1202430908 116.36513 39.85632
1202431207 116.38025 39.84786
1202431507 116.40811 39.85548
1202431808 116.44334 39.85846
1202432016 116.44438 39.85886
1202432316 116.44438 39.85886
1202432616 116.44438 39.85886
1202432616 116.44438 39.85886
1202432872 116.44438 39.85886
1202432916 116.44438 39.85886
1202433172 116.44438 39.85886
1202433472 116.44438 39.85886
1202433772 116.53291 39.82244
1202433772 116.53291 39.82244
1202434072 116.56366 39.80191
1202434372 116.60132 39.78687
1202434672 116.5893 39.77732
1202434972 116.58953 39.77726
1202435272 116.58937 39.77737
1202435572 116.58938 39.77735
1202435872 116.58936 39.77734
1202437372 116.58996 39.77726
1202438871 116.58997 39.77728
1202439171 116.58973 39.77724
1202439471 116.58989 39.77724
1202439771 116.59041 39.77716
1202440071 116.58989 39.77716
1202440371 116.58989 39.77718
1202440671 116.5899 39.77718
1202440971 116.5901 39.77715
1202441271 116.59006 39.77718
1202441572 116.59005 39.77716
1202441872 116.59004 39.77714
1202442172 116.59003 39.77714
1202442472 116.59002 39.77716
1202442472 116.59002 39.77716
1202442772 116.59002 39.77717
1202443072 116.59002 39.77717
1202443371 116.59002 39.77717
1202443671 109.53417 19.53647
1202443671 109.53417 19.53647
1202443971 116.59002 39.77717
1202444271 116.59002 39.77717
1202444571 116.59002 39.77717
1202444871 116.59002 39.77717
1202445171 116.59002 39.77717
1202445471 116.59002 39.77718
1202446071 116.59001 39.77719
1202446372 116.59001 39.77719
1202446672 116.59001 39.7772
1202446972 116.59001 39.7772
1202447272 116.59 39.7772
1202447571 116.59 39.77719
1202447871 116.58999 39.77719
1202448171 116.58998 39.77719
1202448471 116.58998 39.77719
1202448771 116.58997 39.77719
1202449071 116.58984 39.77715
1202449371 116.58984 39.77716
1202449671 116.58984 39.77716
1202449971 116.58998 39.77718
1202450271 116.58991 39.77723
1202450571 116.58983 39.77724
1202450871 116.58985 39.77724
1202451171 116.58987 39.77724
1202451171 116.58987 39.77724
1202451471 116.58987 39.77725
1202451771 116.58988 39.77725
1202452071 116.58989 39.77728
1202452371 116.5899 39.77729
1202452671 116.5899 39.7773
1202452971 116.5899 39.7773
1202453271 116.5899 39.77731
1202453571 116.58991 39.77732
1202453871 116.58991 39.77732
1202454171 116.5899 39.77733
1202454471 116.58991 39.77736
1202454771 116.58991 39.77736
1202455071 116.58992 39.77734
1202455372 116.58992 39.77733
1202455671 116.58993 39.77732
1202455971 116.58993 39.77731
1202456271 116.58993 39.77731
1202456571 116.58993 39.77729
1202456871 116.58993 39.77729
1202457171 116.58993 39.7773
1202457471 116.58993 39.77731
1202457771 116.58993 39.77731
1202458071 116.58993 39.77731
1202458371 116.58992 39.77731
1202458671 116.58992 39.77731
1202458971 116.58993 39.77731
1202459271 116.58993 39.77731
1202459571 116.58993 39.77731
1202459871 116.58993 39.7773
1202459871 116.58993 39.7773
1202460171 116.58993 39.7773
1202460471 116.58993 39.7773
1202460771 116.58993 39.7773
1202461071 116.58993 39.77729
1202461371 116.58992 39.77729
1202461671 116.58992 39.77729
1202461971 116.58992 39.77729
1202462271 116.58992 39.77729
1202462571 116.58992 39.77729
1202462871 116.58992 39.77729
1202463171 116.58992 39.77728
1202463471 116.58992 39.77728
1202463771 116.58992 39.77728
1202464070 116.58959 39.77626
1202464370 116.5722 39.7706
1202464670 116.57602 39.77174
1202465270 116.57204 39.77055
1202465571 116.57591 39.77025
1202465871 116.57594 39.77023
1202466171 116.57639 39.76951
1202466471 116.54861 39.76514
1202466771 116.53788 39.75703
1202467071 116.53706 39.757
1202467371 116.52403 39.77863
1202467671 116.50606 39.80074
1202467971 116.48845 39.81107
1202468270 116.47086 39.84229
1202468570 116.45517 39.88551
1202468570 116.45517 39.88551
1202468870 116.45559 39.93523
1202469170 116.44052 39.96244
1202469470 116.43729 39.96389
1202469770 116.42705 39.96745
1202469986 116.43331 39.96612
1202470286 116.42255 39.96125
1202470335 116.42276 39.96169
1202470635 116.43186 39.96704
1202470646 116.4329 39.96639
1202470946 116.40818 39.95793
1202471246 116.40202 39.94592
1202471391 116.40061 39.93958
1202471691 116.38995 39.93405
1202471991 116.42139 39.93228
1202472087 116.42417 39.93226
1202472387 116.43726 39.89703
1202472687 116.43279 39.86574
1202472987 116.4399 39.84671
1202473004 116.4399 39.84671
1202473288 116.43302 39.84493
1202473589 116.43266 39.85545
1202473889 116.43264 39.85635
1202474189 116.43264 39.85697
1202474353 116.41597 39.85639
1202474489 116.41223 39.8558
1202477426 116.43606 39.83072
1202477428 116.43644 39.8307
1202477723 116.43863 39.81462
1202478023 116.4385 39.81321
1202478210 116.44066 39.81308
1202478510 116.44808 39.82231
1202478810 116.44494 39.8248
1202479110 116.44495 39.82484
1202479410 116.44495 39.82484
1202479710 116.44495 39.82486
1202480010 116.44495 39.82486
1202480310 116.44495 39.82486
1202480611 116.44495 39.82486
1202480911 116.44486 39.8248
1202481211 116.44486 39.82479
1202481511 116.44189 39.83595
1202481810 116.4419 39.83598
1202482110 116.44191 39.836
1202482410 116.44192 39.83599
1202482710 116.44193 39.836
1202483010 116.44193 39.836
1202483310 116.44193 39.83599
1202483610 116.44193 39.83599
1202483910 116.44193 39.836
1202484210 116.44193 39.83599
1202484510 116.44193 39.83599
1202484810 116.44193 39.836
1202484810 116.44193 39.836
1202485109 116.44081 39.83872
1202485109 116.44081 39.83872
1202485409 116.43262 39.86299
1202485709 116.43337 39.87068
1202486009 116.43353 39.87432
1202486309 116.42833 39.87972
1202486379 116.42834 39.87999
1202486609 116.42258 39.89068
1202486808 116.4248 39.89333
1202487108 116.41216 39.89236
1202487408 116.39253 39.88259
1202487708 116.39272 39.85635
1202488008 116.35867 39.8538
1202488008 116.35867 39.8538
1202488308 116.32619 39.8478
1202488608 116.32137 39.84769
1202488622 116.32278 39.84753
1202488923 116.34366 39.86201
1202488963 116.34385 39.86232
1202489263 116.34124 39.8597
1202489563 116.33185 39.8478
1202489863 116.32763 39.84796
1202490164 116.32761 39.84799
1202490464 116.32759 39.848
1202490764 116.32757 39.84801
1202491064 116.32758 39.84802
1202491363 116.32757 39.84802
1202491663 116.32704 39.84802
1202491963 116.32706 39.84801
1202492263 116.32706 39.84801
