UTS Latitude Longitude
1201959497 116.35846 39.95664
1201959799 116.35543 39.95318
1201960101 116.34936 39.95179
1201960403 116.36614 39.96624
1201960705 116.39699 39.96148
1201961006 116.39972 39.94795
1201961308 116.39017 39.94783
1201961912 116.40096 39.9705
1201962213 116.40099 39.97041
1201962515 116.40193 39.9456
1201962817 116.40242 39.93469
1201962817 116.40242 39.93469
1201963119 116.40245 39.93308
1201963421 116.39045 39.93207
1201963722 116.38758 39.92195
1201964024 116.40614 39.92284
1201964326 116.42684 39.92262
1201964628 116.43979 39.92185
1201964929 116.46278 39.91525
1201965230 116.47651 39.91342
1201966136 116.45404 39.95296
1201966739 116.40819 39.96779
1201967041 116.3592 39.96651
1201967343 116.34728 39.96077
1201967946 116.35014 39.94693
1201968248 116.34934 39.93805
1201968550 116.34389 39.93113
1201968852 116.32051 39.93123
1201969154 116.30425 39.93924
1201969455 116.30303 39.95274
1201969757 116.29383 39.95808
1201970059 116.28122 39.96143
1201970361 116.28191 39.95603
1201970361 116.28191 39.95603
1201970662 116.29632 39.95844
1201970964 116.30024 39.96
1201971870 116.31367 39.9697
1201972171 116.31027 39.98141
1201972473 116.31034 39.98039
1201972775 116.31499 39.97467
1201974030 116.32837 39.96174
1201974331 116.33289 39.94726
1201974633 116.34839 39.93896
1201975538 116.36378 39.97662
1201975840 116.3718 39.98598
1201976142 116.4014 39.9899
1201976745 116.41094 40.00508
1201977349 116.40827 40.04099
1201977755 116.40916 40.05506
1201978082 116.40907 40.05505
1201978082 116.40907 40.05505
1201978082 116.40907 40.05505
1201979602 116.41018 40.06578
1201979904 116.42802 40.07809
1201980205 116.42713 40.10707
1201980507 116.45815 40.12955
1201980507 116.45815 40.12955
1201980786 116.45663 40.13217
1201982081 116.46126 40.13384
1201982809 116.45709 40.13329
1201982962 116.4566 40.13224
1202031187 116.45659 40.13217
1202031489 116.4566 40.13217
1202031791 116.45075 40.11725
1202032093 116.40549 40.10642
1202032394 116.40769 40.07827
1202032998 116.42571 40.06486
1202032998 116.42571 40.06486
1202033300 116.42866 40.07149
1202033602 116.42188 40.06329
1202033903 116.41141 40.07272
1202034205 116.4227 40.06541
1202034507 116.42166 40.06264
1202035714 116.41798 40.0361
1202036016 116.40899 40.02197
1202036318 116.38998 40.02129
1202036619 116.38054 40.00011
1202036921 116.35012 39.98592
1202037223 116.34794 39.95771
1202037525 116.34858 39.93933
1202037827 116.32676 39.93566
1202038128 116.31969 39.93715
1202038732 116.3482 39.95666
1202039334 116.34973 39.94037
1202039334 116.34973 39.94037
1202040210 116.37208 39.95659
1202040512 116.38916 39.96663
1202040813 116.40111 39.96849
1202041115 116.40237 39.94727
1202041115 116.40237 39.94727
1202042020 116.43549 39.92277
1202042321 116.43091 39.9258
1202042623 116.4255 39.94847
1202042925 116.39751 39.94787
1202043532 116.4011 39.97394
1202043834 116.40103 39.97001
1202044135 116.40107 39.97002
1202044437 116.40106 39.97007
1202044739 116.40111 39.97001
1202045041 116.40097 39.97013
1202045343 116.39589 39.97114
1202045644 116.38789 39.98703
1202045946 116.36235 39.99245
1202046248 116.36072 39.99242
1202046550 116.36341 39.98068
1202046851 116.36385 39.96732
1202047153 116.39487 39.96729
1202047455 116.44894 39.95592
1202047757 116.45537 39.91782
1202048059 116.45312 39.8864
1202048360 116.43886 39.8925
1202048662 116.42919 39.9114
1202048662 116.42919 39.9114
1202048964 116.4275 39.94223
1202049266 116.41886 39.95554
1202051021 116.37087 39.96694
1202051625 116.3595 39.98009
1202051834 116.35864 39.98057
1202052161 116.35865 39.98062
1202052161 116.35865 39.98062
1202052161 116.35865 39.98062
1202052161 116.35865 39.98062
1202053618 116.35869 39.98057
1202053919 116.37078 39.98567
1202054221 116.40151 39.99038
1202054523 116.40243 40.00405
1202054825 116.41128 40.0022
1202055127 116.42155 40.02047
1202055428 116.42477 40.00758
1202055730 116.40595 40.0076
1202057311 116.36538 40.00014
1202057613 116.3807 40.00227
1202057915 116.41023 40.01084
1202058217 116.40974 40.03693
1202058518 116.40985 40.05543
1202058518 116.40985 40.05543
1202058820 116.40713 40.07398
1202058820 116.40713 40.07398
1202059122 116.41447 40.10421
1202059424 116.42713 40.10535
1202059726 116.45721 40.12622
1202060027 116.45663 40.13218
1202060333 116.45742 40.13169
1202060633 116.44895 40.1045
1202060935 116.43699 40.10121
1202061237 116.44895 40.10463
1202061539 116.45761 40.13173
1202061844 116.45715 40.13225
1202062318 116.45667 40.13216
1202062318 116.45667 40.13216
1202062318 116.45667 40.13216
1202062318 116.45667 40.13216
1202062318 116.45667 40.13216
1202062318 116.45667 40.13216
1202062318 116.45667 40.13216
1202062318 116.45667 40.13216
1202062318 116.45667 40.13216
1202062318 116.45667 40.13216
1202062318 116.45667 40.13216
1202062318 116.45667 40.13216
1202062318 116.45667 40.13216
1202062318 116.45667 40.13216
1202062318 116.45667 40.13216
1202062318 116.45667 40.13216
1202062318 116.45667 40.13216
1202062318 116.45667 40.13216
1202062318 116.45667 40.13216
1202062318 116.45667 40.13216
1202062318 116.45667 40.13216
1202062318 116.45667 40.13216
1202062318 116.45667 40.13216
1202119062 116.45653 40.13216
1202119364 116.45665 40.13218
1202119967 116.45656 40.1322
1202120269 116.45662 40.13213
1202120571 116.44939 40.14362
1202120873 116.41438 40.15566
1202120873 116.41438 40.15566
1202121175 116.40602 40.14638
1202121476 116.40582 40.10328
1202121778 116.4077 40.07826
1202122080 116.43118 40.07858
1202122382 116.42911 40.07217
1202122683 116.42166 40.06281
1202122985 116.40856 40.05665
1202124997 116.40557 39.98744
1202125299 116.40101 39.97056
1202125903 116.40104 39.97055
1202126204 116.39273 39.96915
1202126506 116.38836 39.96722
1202126808 116.3485 39.96817
1202127110 116.34312 39.97203
1202127412 116.35568 39.97519
1202127713 116.36208 39.98048
1202128015 116.39301 39.98656
1202128317 116.40113 39.97055
1202128619 116.39523 39.97382
1202128921 116.39861 39.97558
1202129222 116.40124 39.98133
1202129524 116.44584 39.9813
1202129826 116.48904 39.99311
1202130128 116.55929 40.0316
1202130429 116.58248 40.0677
1202130731 116.5809 40.0781
1202130731 116.5809 40.0781
1202131033 116.58074 40.07385
1202131335 116.58173 40.05938
1202131637 116.55689 40.06218
1202131938 116.53083 40.07603
1202132239 116.49743 40.09378
1202132541 116.47607 40.10927
1202132843 116.44831 40.11
1202133144 116.43222 40.09912
1202133446 116.45575 40.11934
1202133605 116.45771 40.1318
1202133912 116.45774 40.1318
1202133912 116.45774 40.1318
1202133912 116.45774 40.1318
1202133912 116.45774 40.1318
1202135429 116.4557 40.12068
1202135731 116.42748 40.09852
1202136033 116.43639 40.078
1202136335 116.47427 40.0913
1202136636 116.52332 40.07069
1202136938 116.55505 40.06257
1202138677 116.56404 40.0643
1202139281 116.53445 40.07219
1202139583 116.49861 40.08785
1202139884 116.47682 40.09307
1202140186 116.4413 40.0803
1202140790 116.40741 40.05853
1202141092 116.40916 40.03725
1202141393 116.40985 40.00867
1202141695 116.41059 39.99423
1202141997 116.40849 39.9819
1202142299 116.40359 39.99347
1202142601 116.41139 40.00194
1202142902 116.4119 40.02731
1202143204 116.406 40.04599
1202144108 116.43457 40.06097
1202144864 116.43335 40.06718
1202145166 116.42571 40.06492
1202145468 116.42563 40.06486
1202145770 116.42548 40.0646
1202146071 116.40815 40.06657
1202146373 116.40706 40.0519
1202146675 116.40256 40.0219
1202146675 116.40256 40.0219
1202146977 116.40145 39.99587
1202147278 116.38703 39.98566
1202147580 116.38877 39.95565
1202147882 116.38765 39.94705
1202148184 116.38891 39.96658
1202148486 116.40125 39.98102
1202148787 116.40975 39.99372
1202149089 116.41033 40.0076
1202149391 116.41158 40.01954
1202149693 116.40502 40.03145
1202149994 116.37977 40.02969
1202150296 116.3632 40.03921
1202150598 116.36322 40.05105
1202150900 116.37789 40.06656
1202151202 116.40811 40.07966
1202151503 116.42802 40.08754
1202151805 116.44874 40.10718
1202152107 116.45732 40.13205
1202152231 116.45669 40.13218
1202152582 116.45661 40.13221
1202152582 116.45661 40.13221
1202152582 116.45661 40.13221
1202152582 116.45661 40.13221
1202152582 116.45661 40.13221
1202152582 116.45661 40.13221
1202152582 116.45661 40.13221
1202152582 116.45661 40.13221
1202152582 116.45661 40.13221
1202152582 116.45661 40.13221
1202152582 116.45661 40.13221
1202152582 116.45661 40.13221
1202152582 116.45661 40.13221
1202152582 116.45661 40.13221
1202152582 116.45661 40.13221
1202152582 116.45661 40.13221
1202152582 116.45661 40.13221
1202152582 116.45661 40.13221
1202152582 116.45661 40.13221
1202152582 116.45661 40.13221
1202152582 116.45661 40.13221
1202152582 116.45661 40.13221
1202152582 116.45661 40.13221
1202204432 116.4566 40.13218
1202204733 116.45659 40.13221
1202205035 116.45653 40.13216
1202205337 116.45817 40.12824
1202205337 116.45817 40.12824
1202205639 116.42709 40.11532
1202205940 116.43372 40.07633
1202206242 116.42304 40.0654
1202206544 116.41076 40.05987
1202206846 116.40792 40.04086
1202207148 116.41127 40.0316
1202207449 116.4102 40.00684
1202207751 116.40112 39.99339
1202208053 116.37354 39.98132
1202208355 116.37282 39.95029
1202208657 116.36438 39.96114
1202208958 116.3613 39.98065
1202209118 116.35925 39.97971
1202210414 116.36359 39.98036
1202210716 116.36367 39.98071
1202211017 116.38267 39.98109
1202211319 116.39901 39.97394
1202212047 116.40522 39.96745
1202212349 116.41159 39.97217
1202212651 116.38834 39.96938
1202212952 116.37004 39.98621
1202213254 116.30294 39.98422
1202213556 116.32335 39.98437
1202213858 116.33194 39.99152
1202214160 116.3587 39.99229
1202214461 116.36822 39.98579
1202214763 116.40097 39.97902
1202215065 116.40106 39.97064
1202217243 116.40131 39.98223
1202219007 116.35939 39.98061
1202219308 116.35883 39.9806
1202219610 116.35884 39.98053
1202219912 116.35882 39.98064
1202220214 116.3659 39.98571
1202220515 116.40113 39.98457
1202220817 116.40085 39.97058
1202221119 116.40094 39.97051
1202221421 116.40746 39.96752
1202221723 116.45254 39.95322
1202222024 116.45527 39.95448
1202222326 116.41972 39.96826
1202222628 116.40142 39.96927
1202222896 116.65272 39.89178
1202222896 116.65272 39.89178
1202223598 116.40111 39.97372
1202223900 116.37969 39.96705
1202224735 116.3298 39.96722
1202224735 116.3298 39.96722
1202227458 116.34159 39.96618
1202227760 116.36393 39.97473
1202228062 116.38343 39.97547
1202228364 116.39572 39.97136
1202228666 116.39574 39.97194
1202228967 116.37943 39.9669
1202229269 116.32608 39.9662
1202229571 116.30395 39.94138
1202229873 116.30417 39.91071
1202230174 116.3041 39.89833
1202230476 116.31652 39.89503
1202230778 116.32812 39.90588
1202230778 116.32812 39.90588
1202231382 116.34528 39.91704
1202231683 116.35016 39.92465
1202231985 116.34987 39.93067
1202232287 116.35798 39.94465
1202232589 116.38873 39.94743
1202232891 116.39193 39.94781
1202233192 116.39927 39.95595
1202233494 116.39943 39.95879
1202233796 116.40158 39.96765
1202234399 116.40973 39.99376
1202234701 116.41063 40.00588
1202235003 116.41197 40.02646
1202235305 116.43576 40.03393
1202235607 116.43828 40.03482
1202235908 116.41891 40.04018
1202236519 116.41669 40.04018
1202236719 116.41546 40.04183
1202237428 116.41602 40.0412
1202237730 116.4079 40.05622
1202238032 116.40721 40.0644
1202238032 116.40721 40.0644
1202238334 116.40712 40.0651
1202238636 116.40784 40.0778
1202238937 116.40601 40.11047
1202239076 116.41004 40.11518
1202239787 116.44354 40.11732
1202240076 116.45776 40.13176
1202240503 116.45774 40.13179
1202240503 116.45774 40.13179
1202240503 116.45774 40.13179
1202240503 116.45774 40.13179
1202240503 116.45774 40.13179
1202240503 116.45774 40.13179
1202240503 116.45774 40.13179
1202240503 116.45774 40.13179
1202240503 116.45774 40.13179
1202240503 116.45774 40.13179
1202240503 116.45774 40.13179
1202240503 116.45774 40.13179
1202240503 116.45774 40.13179
1202244741 116.46044 40.13127
1202245094 116.46043 40.13126
1202245094 116.46043 40.13126
1202245094 116.46043 40.13126
1202245094 116.46043 40.13126
1202246575 116.46049 40.13128
1202248279 116.4597 40.13118
1202248476 116.4566 40.1322
1202290557 116.45659 40.1322
1202290859 116.45718 40.13225
1202291160 116.46169 40.13805
1202291349 116.45776 40.13181
1202291696 116.45778 40.13177
1202292308 116.45741 40.13169
1202292610 116.42705 40.1162
1202292911 116.41888 40.08789
1202293213 116.40781 40.07802
1202293515 116.43037 40.06564
1202293817 116.41526 40.0606
1202294119 116.40661 40.04312
1202294420 116.41149 40.03059
1202294722 116.41079 39.99643
1202295024 116.40092 39.97972
1202295326 116.39913 39.97395
1202295628 116.40092 39.96825
1202295929 116.40188 39.972
1202296231 116.40131 39.97359
1202296533 116.43811 39.96311
1202296835 116.45538 39.92069
1202297136 116.45461 39.88368
1202297438 116.46158 39.87576
1202297740 116.4394 39.87518
1202298042 116.42953 39.90802
1202298344 116.43337 39.94625
1202298645 116.43897 39.95637
1202298947 116.43488 39.96552
1202299551 116.39901 39.97395
1202300219 116.40108 39.97053
1202300521 116.40098 39.967
1202300823 116.41145 39.97392
1202301123 116.39351 39.96753
1202301425 116.40112 39.97002
1202301727 116.40111 39.96999
1202302029 116.40107 39.96997
1202302330 116.40101 39.96992
1202302934 116.42727 39.9412
1202303538 116.42778 39.94381
1202303839 116.41646 39.95802
1202304141 116.412 39.96732
1202304443 116.40131 39.98284
1202304443 116.40131 39.98284
1202304745 116.39508 39.98858
1202305046 116.40574 39.98469
1202305348 116.39585 39.97561
1202305654 116.39928 39.97382
1202305955 116.39559 39.9755
1202306257 116.4014 39.99275
1202306559 116.41097 40.00494
1202306861 116.4147 40.02702
1202307163 116.40562 40.04954
1202307464 116.40657 40.06929
1202307766 116.40707 40.09468
1202308068 116.40769 40.12565
1202308370 116.41568 40.12963
1202308671 116.40646 40.11522
1202308973 116.40739 40.0792
1202309274 116.40671 40.09948
1202309576 116.41638 40.1214
1202310186 116.4225 40.11654
1202310488 116.45762 40.12681
1202314804 116.45667 40.13214
1202315091 116.45659 40.13216
1202321345 116.45665 40.13221
1202380803 116.45677 40.13223
1202381105 116.45779 40.13181
1202381407 116.45779 40.13181
1202381708 116.45779 40.13179
1202382010 116.45781 40.13181
1202382614 116.43256 40.11753
1202382916 116.43009 40.08752
1202383217 116.43141 40.07852
1202383519 116.40229 40.0781
1202383821 116.37582 40.06364
1202384423 116.38287 40.05526
1202384725 116.40165 40.05644
1202385027 116.41122 40.05818
1202385329 116.41856 40.05963
1202385631 116.41854 40.05972
1202385932 116.41741 40.05965
1202385932 116.41741 40.05965
1202386234 116.42229 40.07707
1202386536 116.42715 40.10302
1202386838 116.45728 40.12626
1202387140 116.45861 40.16527
1202387441 116.46449 40.18352
1202387743 116.46075 40.19014
1202388045 116.45753 40.16763
1202388347 116.45732 40.13205
1202388648 116.42708 40.11506
1202388950 116.42966 40.07291
1202389252 116.41543 40.06967
1202389554 116.40703 40.06232
1202389856 116.40684 40.04295
1202390157 116.41004 40.0085
1202390459 116.41044 39.99379
1202390761 116.4116 39.96796
1202391063 116.44196 39.96057
1202391666 116.45548 39.88777
1202391968 116.4559 39.90396
1202392270 116.45569 39.91884
1202392572 116.47926 39.92162
1202392873 116.49087 39.9269
1202393175 116.49038 39.93337
1202393175 116.49038 39.93337
1202393477 116.47265 39.93254
1202393779 116.4559 39.94008
1202394081 116.43371 39.96624
1202394382 116.41216 39.9679
1202394684 116.39898 39.9739
1202394684 116.39898 39.9739
1202394986 116.399 39.97386
1202395288 116.40123 39.97053
1202395589 116.40104 39.97046
1202395891 116.38776 39.96719
1202396193 116.34878 39.95598
1202396495 116.35027 39.90706
1202396797 116.35285 39.88779
1202397098 116.35697 39.89732
1202397400 116.35716 39.9122
1202397702 116.36209 39.93323
1202398004 116.37308 39.93797
1202398306 116.38493 39.93195
1202398616 116.41958 39.93186
1202398909 116.42137 39.92055
1202399211 116.41978 39.92845
1202399513 116.39972 39.93216
1202399814 116.38151 39.93193
1202400116 116.37358 39.93462
1202400417 116.3869 39.94738
1202400719 116.38886 39.963
1202400719 116.38886 39.963
1202401021 116.42951 39.96503
1202401322 116.43179 39.96736
1202401624 116.40159 39.96996
1202401926 116.4017 39.99475
1202402228 116.41108 40.00406
1202402530 116.41085 40.0346
1202402831 116.41022 40.05593
1202403133 116.41078 40.06019
1202403435 116.42779 40.07148
1202403737 116.429 40.08473
1202404038 116.4074 40.08778
1202404400 116.36626 40.08654
1202404701 116.34356 40.07884
1202405003 116.35595 40.0857
1202405305 116.38437 40.10113
1202405607 116.41318 40.11569
1202405908 116.45819 40.12809
1202406138 116.45655 40.13221
1202466574 116.45777 40.13177
1202466875 116.45774 40.13176
1202467177 116.45778 40.13179
1202467479 116.45828 40.12887
1202467781 116.45958 40.12909
1202468083 116.45833 40.12889
1202468384 116.42705 40.11191
1202468686 116.40702 40.08779
1202468988 116.40647 40.06802
1202469290 116.40567 40.04727
1202469592 116.41008 40.03634
1202469893 116.41117 40.01757
1202470195 116.41043 39.99262
1202470500 116.4012 39.9877
1202470802 116.39591 39.96933
1202471104 116.4031 39.98039
1202471406 116.40138 39.96097
1202471708 116.40095 39.9502
1202472009 116.38833 39.95016
1202472311 116.37388 39.95201
1202472612 116.37409 39.95105
1202472914 116.38296 39.96692
1202473215 116.39673 39.96744
1202473215 116.39673 39.96744
1202473517 116.34656 39.96658
1202473819 116.34991 39.94846
1202474121 116.34931 39.9394
1202474423 116.34991 39.92592
1202474724 116.34608 39.90596
1202475026 116.31616 39.90627
1202475328 116.3044 39.92156
1202475630 116.29689 39.93335
1202475932 116.29656 39.93293
1202476233 116.31507 39.92238
1202476535 116.33895 39.91235
1202476837 116.32153 39.90616
1202477139 116.30469 39.92249
1202477440 116.28909 39.92269
1202477601 116.29736 39.92241
1202478460 116.33591 39.90587
1202478748 116.36956 39.90556
1202479053 116.40127 39.90649
1202479955 116.42738 39.94187
1202481163 116.42038 39.98787
1202481790 116.40118 39.98989
1202482068 116.40171 40.00328
1202482370 116.36929 40.00864
1202482672 116.34186 40.02959
1202482973 116.32911 40.03689
1202483275 116.32981 40.03795
1202483577 116.32285 40.044
1202483879 116.32268 40.04392
1202484180 116.32224 40.05326
1202484481 116.33321 40.06985
1202484783 116.35661 40.08558
1202485085 116.38765 40.10142
1202485387 116.40779 40.07899
1202485688 116.40744 40.05786
1202485688 116.40744 40.05786
1202485990 116.4084 40.03997
1202486292 116.41197 40.03127
1202486895 116.428 40.07155
1202487197 116.42714 40.11286
1202487499 116.45775 40.13181
1202489450 116.45664 40.13219
1202489450 116.45664 40.13219
1202489468 116.45664 40.13222
1202489469 116.45664 40.13222
1202490286 116.45422 40.12931
1202490588 116.41974 40.15302
1202490890 116.39776 40.17494
1202491087 116.39694 40.1767
1202491431 116.39697 40.17675
1202491431 116.39697 40.17675
1202491431 116.39697 40.17675
