UTS Latitude Longitude
1201959581 116.33597 39.90181
1201959883 116.33666 39.90245
1201960185 116.34214 39.89844
1201960489 116.34208 39.89475
1201960790 116.33868 39.87985
1201960790 116.33868 39.87985
1201961999 116.35274 39.88272
1201962300 116.34068 39.8731
1201962602 116.33004 39.87594
1201968136 116.31194 39.8739
1201968438 116.30561 39.87543
1201968740 116.2905 39.87904
1201969041 116.27274 39.8717
1201969343 116.26002 39.86372
1201969645 116.25585 39.86163
1201969947 116.28719 39.86473
1201970248 116.32414 39.86675
1201970550 116.3256 39.86743
1201970704 116.32682 39.87082
1201972361 116.32525 39.87579
1201972662 116.33513 39.88834
1201972964 116.36246 39.86836
1201972964 116.36246 39.86836
1201973266 116.37131 39.86781
1201973571 116.37283 39.86911
1201975395 116.4082 39.89966
1201975697 116.39551 39.89918
1201975999 116.38586 39.89912
1201976301 116.38482 39.9202
1201976602 116.39902 39.92289
1201976904 116.40168 39.93202
1201977206 116.40237 39.93795
1201977508 116.40183 39.95383
1201977809 116.3992 39.95738
1201978111 116.40194 39.94633
1201978413 116.4022 39.94043
1201978715 116.39942 39.93948
1201979020 116.3962 39.93944
1201979321 116.39213 39.93938
1201979623 116.39032 39.93906
1201979925 116.38977 39.93749
1201979925 116.38977 39.93749
1201980227 116.38118 39.9319
1201980529 116.37552 39.93168
1201980830 116.37346 39.93517
1201981132 116.36716 39.94023
1201981434 116.36175 39.9393
1201982036 116.31851 39.94552
1201982338 116.31613 39.96291
1201982640 116.3132 39.97118
1201982942 116.31914 39.97297
1201983243 116.33626 39.97506
1201983545 116.3467 39.97513
1201983847 116.36215 39.97528
1201984149 116.37389 39.97541
1201984752 116.35828 40.00801
1201985054 116.34392 40.02671
1201985356 116.33784 40.03469
1201985658 116.33173 40.04263
1201985960 116.32022 40.04746
1201986261 116.32992 40.0357
1201986563 116.34522 40.02423
1201986865 116.36499 39.99854
1201987167 116.3729 39.95749
1201987468 116.37249 39.94949
1201987468 116.37249 39.94949
1201987770 116.37322 39.9371
1201988072 116.36703 39.92693
1201988374 116.38228 39.93189
1201988676 116.40225 39.93191
1201988977 116.42613 39.93222
1201989279 116.44365 39.93229
1201989581 116.45128 39.9303
1201989883 116.44902 39.92606
1201990184 116.43387 39.92282
1201990486 116.4138 39.92301
1201990788 116.3951 39.92211
1201991090 116.37146 39.9212
1201991392 116.35826 39.91727
1201991696 116.35239 39.91719
1201991998 116.35028 39.91127
1201992299 116.34981 39.90742
1201992601 116.34673 39.89706
1201992903 116.30264 39.8958
1201993205 116.24 39.89588
1201993506 116.23548 39.90259
1201993808 116.2356 39.89825
1201994110 116.24072 39.90266
1201994426 116.25862 39.89932
1201994426 116.25862 39.89932
1201994698 116.26741 39.89365
1201995019 116.27028 39.87791
1201995321 116.27873 39.87644
1201995622 116.3053 39.87283
1201995923 116.31691 39.86659
1201996225 116.32706 39.87093
1201996371 116.32674 39.8724
1201996372 116.32674 39.8724
1202031221 116.32402 39.87143
1202031523 116.32823 39.87171
1202031824 116.32905 39.87593
1202032126 116.3202 39.8877
1202032126 116.3202 39.8877
1202032427 116.31093 39.88628
1202032729 116.26872 39.88336
1202033031 116.23683 39.89699
1202033333 116.23635 39.89598
1202034238 116.22369 39.89431
1202034540 116.24622 39.88838
1202034842 116.25827 39.89897
1202035143 116.26559 39.90617
1202035445 116.28432 39.90628
1202036049 116.31098 39.93834
1202036351 116.34589 39.93866
1202036652 116.34964 39.94895
1202036954 116.34953 39.94287
1202037256 116.35794 39.93625
1202037558 116.36598 39.93128
1202037859 116.37254 39.92118
1202038161 116.37143 39.9149
1202038463 116.36554 39.90759
1202038765 116.34906 39.89731
1202039067 116.34417 39.88932
1202039368 116.34211 39.89059
1202039670 116.34282 39.87704
1202039670 116.34282 39.87704
1202040274 116.34435 39.88846
1202040575 116.34543 39.89684
1202041481 116.34206 39.94347
1202041770 116.33702 39.94712
1202042444 116.33765 39.93119
1202042746 116.33807 39.92272
1202043048 116.34212 39.91709
1202045335 116.3493 39.93346
1202045637 116.34976 39.92611
1202045939 116.35024 39.90839
1202046241 116.36604 39.89834
1202046779 116.37562 39.89844
1202048364 116.37815 39.895
1202048364 116.37815 39.895
1202048533 116.3783 39.89065
1202049567 116.37841 39.8906
1202050241 116.36852 39.89535
1202050845 116.35023 39.9193
1202051146 116.34719 39.92902
1202051448 116.34942 39.93725
1202051750 116.3474 39.98495
1202052052 116.35861 39.99228
1202052354 116.36322 39.98485
1202052655 116.36383 39.96722
1202052957 116.36559 39.94859
1202053259 116.36674 39.93164
1202053561 116.35844 39.91775
1202053862 116.35715 39.90249
1202054164 116.35736 39.88834
1202054466 116.36203 39.88782
1202054768 116.37808 39.88799
1202055073 116.40504 39.89138
1202055371 116.42132 39.8959
1202055675 116.43018 39.90041
1202055975 116.42868 39.91447
1202056277 116.42791 39.93496
1202056578 116.43308 39.93641
1202056880 116.43335 39.93977
1202057182 116.42574 39.95822
1202057484 116.44039 39.96119
1202057786 116.41587 39.96795
1202058087 116.41271 39.95786
1202058389 116.40254 39.95767
1202058691 116.40227 39.93976
1202058993 116.40248 39.93523
1202059294 116.41869 39.93964
1202059596 116.43671 39.94889
1202059898 116.46532 39.97278
1202060200 116.47717 39.99071
1202060803 116.44968 39.95894
1202061406 116.44391 39.93561
1202062009 116.42948 39.92323
1202062311 116.41264 39.92304
1202062613 116.40038 39.91694
1202062915 116.41157 39.90681
1202063217 116.44535 39.9067
1202063518 116.45483 39.90421
1202063820 116.45144 39.88324
1202064122 116.42473 39.88729
1202064424 116.40577 39.8976
1202064726 116.40558 39.89893
1202065027 116.39661 39.89929
1202065329 116.39056 39.90633
1202065631 116.37746 39.90593
1202065933 116.37555 39.91509
1202066536 116.40013 39.92102
1202066838 116.39695 39.90892
1202067140 116.39479 39.90639
1202068901 116.37052 39.85563
1202068901 116.37052 39.85563
1202069201 116.36813 39.88897
1202069503 116.36814 39.87455
1202069805 116.36537 39.86443
1202070106 116.35314 39.85329
1202070408 116.3277 39.82936
1202070408 116.3277 39.82936
1202070710 116.29629 39.82958
1202071012 116.28042 39.83893
1202071314 116.29163 39.84125
1202071615 116.30259 39.83548
1202071917 116.29243 39.84128
1202072219 116.27777 39.84544
1202072521 116.31988 39.86673
1202072822 116.36828 39.86885
1202074584 116.4147 39.87775
1202074885 116.42826 39.86711
1202075187 116.42618 39.86723
1202075489 116.42364 39.86456
1202077127 116.41499 39.87387
1202077429 116.42499 39.88272
1202077730 116.44466 39.87812
1202078019 116.43952 39.87524
1202078695 116.45423 39.89223
1202078997 116.45594 39.9027
1202079299 116.45508 39.90683
1202079601 116.45386 39.88318
1202079903 116.42518 39.88352
1202080204 116.41288 39.89211
1202080506 116.41172 39.90876
1202080808 116.40929 39.91732
1202081109 116.40275 39.9287
1202081410 116.4105 39.94036
1202081712 116.40252 39.93154
1202082014 116.4003 39.91389
1202082316 116.38679 39.90593
1202082618 116.35923 39.90569
1202082919 116.3501 39.91935
1202083221 116.32887 39.92167
1202083523 116.29521 39.92296
1202083825 116.31488 39.92225
1202084126 116.33615 39.92191
1202084428 116.3494 39.93772
1202084730 116.3589 39.94998
1202085032 116.3515 39.95662
1202085334 116.32943 39.95629
1202085635 116.3388 39.94456
1202085937 116.34932 39.93138
1202086239 116.37082 39.92988
1202086541 116.37139 39.91595
1202087144 116.32234 39.89588
1202087446 116.31032 39.89556
1202087748 116.31374 39.89547
1202088050 116.3439 39.89634
1202088351 116.37802 39.89729
1202088525 116.37831 39.89103
1202088536 116.37829 39.89102
1202118255 116.37841 39.88857
1202118255 116.37841 39.88857
1202118557 116.37389 39.8774
1202118858 116.36839 39.88406
1202119160 116.39166 39.88975
1202119462 116.41203 39.89154
1202119764 116.42097 39.89898
1202120066 116.42948 39.90362
1202120367 116.41563 39.89573
1202120669 116.4061 39.89291
1202120971 116.41241 39.89209
1202121943 116.40888 39.88697
1202122245 116.41178 39.89947
1202122546 116.39521 39.89068
1202122848 116.39321 39.90419
1202123150 116.39079 39.9063
1202123452 116.3901 39.9063
1202123753 116.37562 39.92128
1202124055 116.37076 39.93099
1202124055 116.37076 39.93099
1202124357 116.34938 39.93917
1202124659 116.33497 39.96632
1202124961 116.32233 39.96509
1202125262 116.34921 39.96625
1202125866 116.39607 39.96221
1202126168 116.40749 39.96063
1202126469 116.41259 39.9579
1202128098 116.41238 39.94728
1202128400 116.41637 39.94602
1202128702 116.41954 39.93686
1202128702 116.41954 39.93686
1202129003 116.41961 39.93255
1202129305 116.40658 39.92296
1202129607 116.39704 39.90668
1202129909 116.38537 39.90183
1202130211 116.38875 39.88991
1202130512 116.38064 39.88833
1202130814 116.36905 39.88802
1202131116 116.35001 39.88819
1202131418 116.33372 39.87613
1202131719 116.33046 39.88853
1202132021 116.3428 39.8742
1202133132 116.34082 39.87636
1202133434 116.33862 39.87977
1202133739 116.33936 39.88367
1202134041 116.35033 39.8879
1202134342 116.35302 39.87705
1202134541 116.35781 39.8731
1202134644 116.35793 39.86911
1202134946 116.35354 39.86664
1202135248 116.35777 39.8766
1202135550 116.34917 39.88731
1202135854 116.35215 39.88693
1202136155 116.35299 39.87778
1202136457 116.35799 39.86948
1202136759 116.35398 39.86508
1202139316 116.36832 39.86604
1202139617 116.36528 39.84537
1202139919 116.36361 39.83029
1202140221 116.4116 39.83079
1202140523 116.44353 39.82553
1202141223 116.44232 39.82796
1202141525 116.43194 39.8323
1202141827 116.46138 39.83368
1202142128 116.46193 39.83062
1202142430 116.46483 39.84824
1202142732 116.4555 39.88984
1202143034 116.43604 39.89137
1202143339 116.43236 39.89839
1202143640 116.42875 39.9144
1202143942 116.42837 39.92268
1202144244 116.42784 39.93773
1202144546 116.46263 39.96929
1202144847 116.50941 40.01148
1202145149 116.57616 40.0443
1202145451 116.58432 40.07669
1202145753 116.58101 40.07778
1202146055 116.58629 40.06521
1202146356 116.57634 40.04203
1202146657 116.55508 40.02864
1202146959 116.5223 40.01693
1202147261 116.49556 39.99808
1202147261 116.49556 39.99808
1202147562 116.48345 39.98654
1202147864 116.47656 39.97376
1202148166 116.45851 39.95736
1202148468 116.43164 39.96732
1202148770 116.38114 39.96699
1202149071 116.33601 39.96634
1202149373 116.30521 39.9622
1202149675 116.30393 39.93631
1202149977 116.30399 39.92
1202150278 116.30408 39.9161
1202150580 116.30414 39.9035
1202150882 116.30402 39.88823
1202151184 116.29558 39.87923
1202152704 116.30345 39.88275
1202153006 116.30993 39.88572
1202153308 116.3114 39.88041
1202153609 116.3221 39.87046
1202153999 116.32681 39.87096
1202154001 116.32681 39.87096
1202207147 116.32701 39.87138
1202207449 116.33083 39.87025
1202208051 116.3308 39.86668
1202208353 116.37885 39.8696
1202208655 116.42898 39.86942
1202208957 116.4304 39.89948
1202209258 116.43462 39.91298
1202218550 116.43365 39.91293
1202218852 116.43479 39.9074
1202219154 116.43385 39.89787
1202219456 116.42631 39.86958
1202221236 116.32704 39.87099
1202221538 116.32998 39.88849
1202221840 116.34268 39.8912
1202222142 116.36727 39.89831
1202222443 116.37218 39.8982
1202222748 116.37804 39.89727
1202222985 116.37841 39.89078
1202223962 116.36891 39.89411
1202224264 116.35744 39.8902
1202224566 116.36821 39.89577
1202224741 116.36819 39.88831
1202224867 116.37885 39.88803
1202225169 116.39469 39.89252
1202225471 116.40734 39.90288
1202225773 116.41236 39.89658
1202226075 116.42517 39.89375
1202226376 116.41335 39.89183
1202226678 116.41208 39.89963
1202226979 116.42939 39.91035
1202227281 116.42887 39.91738
1202227582 116.41715 39.92304
1202227884 116.39722 39.92272
1202228186 116.37216 39.92131
1202228292 116.37118 39.92024
1202228294 116.37117 39.92024
1202228804 116.36753 39.91265
1202229106 116.3657 39.90745
1202229408 116.35962 39.91244
1202229709 116.35078 39.91953
1202230010 116.34637 39.9389
1202230312 116.32714 39.93517
1202230618 116.34483 39.93107
1202231218 116.36196 39.91042
1202231519 116.3589 39.9126
1202231815 116.35365 39.91366
1202234346 116.35895 39.92305
1202234647 116.35708 39.91278
1202234949 116.35698 39.90625
1202235251 116.35486 39.89818
1202235553 116.351 39.89478
1202235854 116.34255 39.88054
1202236156 116.32806 39.84784
1202236458 116.31428 39.84434
1202236760 116.31465 39.84608
1202237062 116.31999 39.84669
1202237363 116.35855 39.85339
1202237665 116.38068 39.85916
1202237967 116.38116 39.88075
1202238269 116.39141 39.88508
1202238269 116.39141 39.88508
1202238570 116.40646 39.89134
1202238872 116.4249 39.88554
1202239174 116.44224 39.8831
1202239476 116.43193 39.88298
1202243158 116.36766 39.90631
1202243460 116.36775 39.90404
1202243762 116.36808 39.89443
1202244063 116.36531 39.88796
1202244365 116.35272 39.88824
1202244667 116.35059 39.89531
1202244969 116.36297 39.898
1202245270 116.36817 39.88864
1202245572 116.38746 39.88872
1202245572 116.38746 39.88872
1202245874 116.39356 39.89816
1202246176 116.41262 39.89337
1202246478 116.41057 39.89939
1202246779 116.4197 39.89196
1202247383 116.42965 39.89242
1202247685 116.40598 39.89548
1202247986 116.41224 39.89603
1202248188 116.41247 39.88891
1202248189 116.41247 39.88892
1202248700 116.40736 39.86748
1202250708 116.41519 39.87455
1202251010 116.43495 39.86896
1202251312 116.45726 39.87491
1202251614 116.44978 39.87073
1202252217 116.41821 39.86438
1202252519 116.4145 39.88363
1202252821 116.40622 39.89938
1202252821 116.40622 39.89938
1202253531 116.41485 39.87617
1202253833 116.41751 39.85195
1202254134 116.41601 39.85602
1202254436 116.41885 39.87775
1202254738 116.40744 39.89164
1202255040 116.41358 39.8957
1202255341 116.41853 39.89214
1202255643 116.39795 39.89933
1202255945 116.37301 39.90589
1202256247 116.35027 39.92292
1202256549 116.31869 39.92687
1202256850 116.31666 39.93048
1202257152 116.32843 39.91012
1202257454 116.3361 39.89666
1202257756 116.32848 39.88333
1202258359 116.37491 39.88783
1202292029 116.37792 39.88882
1202292331 116.36804 39.89791
1202292632 116.36745 39.91572
1202292934 116.36812 39.89853
1202293236 116.37844 39.88826
1202293538 116.39452 39.89894
1202293839 116.41246 39.8927
1202294141 116.42913 39.88962
1202294443 116.43335 39.88307
1202294745 116.41313 39.89188
1202295047 116.39609 39.88595
1202295348 116.38706 39.88481
1202295650 116.40635 39.88764
1202296246 116.40912 39.89177
1202296849 116.36142 39.88451
1202297353 116.36809 39.87758
1202297655 116.40406 39.87076
1202297957 116.41535 39.85659
1202298259 116.40755 39.8625
1202299521 116.40752 39.86449
1202299823 116.4089 39.87181
1202300291 116.42572 39.88284
1202300895 116.42751 39.94041
1202301196 116.42159 39.94988
1202301501 116.41903 39.95189
1202301802 116.41953 39.93839
1202302104 116.42022 39.91793
1202302406 116.42066 39.90441
1202302406 116.42066 39.90441
1202302708 116.40838 39.89966
1202303009 116.41157 39.89957
1202303314 116.4127 39.89231
1202303616 116.42906 39.89638
1202303918 116.43213 39.89256
1202304220 116.40724 39.89146
1202304521 116.379 39.88821
1202304823 116.36204 39.88767
1202305125 116.36105 39.88227
1202305728 116.34255 39.87382
1202306246 116.33856 39.87974
1202307354 116.3407 39.87935
1202307656 116.34085 39.87605
1202307958 116.34061 39.87318
1202316552 116.32217 39.86924
1202317162 116.31822 39.8668
1202317464 116.30431 39.89983
1202317766 116.30019 39.92337
1202318067 116.28789 39.92067
1202318067 116.28789 39.92067
1202351809 116.28786 39.92066
1202352111 116.289 39.90952
1202352413 116.30416 39.88864
1202352714 116.32527 39.86677
1202353016 116.32699 39.87092
1202381766 116.327 39.87086
1202382068 116.32702 39.87106
1202382834 116.30431 39.89304
1202383135 116.3036 39.92314
1202385138 116.29557 39.91177
1202385742 116.33917 39.91711
1202386043 116.35459 39.94028
1202386345 116.39937 39.94813
1202386647 116.42049 39.9482
1202386949 116.47051 39.97641
1202387251 116.52915 40.02076
1202387552 116.58387 40.05211
1202387854 116.58661 40.07912
1202388156 116.58628 40.06529
1202388458 116.58661 40.054
1202388759 116.55617 40.02904
1202389061 116.5214 40.01661
1202389363 116.48645 39.98991
1202389665 116.46629 39.97274
1202389665 116.46629 39.97274
1202390268 116.3983 39.94768
1202390570 116.34934 39.93613
1202390570 116.34934 39.93613
1202390872 116.35029 39.91422
1202391174 116.32242 39.89647
1202391475 116.32469 39.90602
1202391777 116.33611 39.90107
1202392067 116.34165 39.89786
1202392384 116.33915 39.88106
1202392671 116.33916 39.88041
1202392990 116.33868 39.88014
1202394014 116.33864 39.8797
1202394318 116.34062 39.88203
1202394620 116.35508 39.86734
1202394922 116.41202 39.86949
1202394922 116.41202 39.86949
1202395224 116.41704 39.87052
1202395525 116.35805 39.87015
1202395827 116.35749 39.87991
1202396129 116.37596 39.88789
1202396431 116.39468 39.89276
1202396733 116.40025 39.89931
1202397034 116.40527 39.90692
1202397336 116.4065 39.89793
1202397638 116.40759 39.90917
1202397940 116.4085 39.92275
1202398241 116.41139 39.90687
1202398543 116.37389 39.90594
1202398845 116.37146 39.91471
1202399147 116.37401 39.93125
1202399449 116.40729 39.93197
1202399750 116.42632 39.92381
1202400052 116.40095 39.9229
1202400354 116.40047 39.90809
1202400656 116.3864 39.89904
1202400957 116.36545 39.89822
1202401259 116.34225 39.89477
1202401561 116.31487 39.88593
1202401863 116.31245 39.87826
1202402165 116.28981 39.87865
1202402165 116.28981 39.87865
1202403406 116.21044 39.84364
1202403708 116.22657 39.84822
1202404010 116.22499 39.87122
1202404124 116.22534 39.88551
1202404312 116.22946 39.89949
1202404613 116.22912 39.90263
1202404915 116.23301 39.90617
1202407124 116.3326 39.88849
1202407426 116.34761 39.87636
1202407728 116.36153 39.87647
1202408030 116.37565 39.88795
1202408331 116.38859 39.88902
1202408637 116.39313 39.9052
1202408935 116.3701 39.90783
1202409237 116.36782 39.9094
1202409538 116.33181 39.90632
1202410991 116.39402 39.89747
1202411293 116.41206 39.89939
1202411597 116.41444 39.88286
1202411899 116.40381 39.87164
1202412201 116.40349 39.88682
1202412503 116.37991 39.88822
1202412805 116.34761 39.88822
1202413106 116.32133 39.8886
1202413408 116.31916 39.88588
1202413710 116.35205 39.888
1202414012 116.37802 39.88798
1202414314 116.39716 39.89099
1202414615 116.4215 39.89236
1202414917 116.4283 39.92373
1202415219 116.44589 39.94306
1202415219 116.44589 39.94306
1202415521 116.44411 39.93275
1202415822 116.43497 39.92281
1202416124 116.40975 39.92299
1202416426 116.37838 39.9211
1202416592 116.37114 39.92039
1202416593 116.37114 39.9204
1202417104 116.36767 39.9126
1202417406 116.33783 39.90589
1202417707 116.28957 39.90624
1202418009 116.28866 39.89903
1202418311 116.31352 39.90619
1202418612 116.33717 39.90453
1202418914 116.34264 39.88528
1202419216 116.39164 39.87021
1202419518 116.40989 39.86394
1202419819 116.39416 39.87675
1202420121 116.3785 39.88737
1202420423 116.35853 39.88796
1202420725 116.34313 39.87458
1202420725 116.34313 39.87458
1202421027 116.34335 39.86556
1202421328 116.3259 39.86683
1202421630 116.28867 39.86521
1202421932 116.27882 39.87193
1202422234 116.30882 39.88533
1202422535 116.3362 39.88847
1202422837 116.36397 39.88194
1202423139 116.36594 39.85884
1202423441 116.37032 39.84765
1202423743 116.36862 39.83613
1202424044 116.37342 39.84405
1202424346 116.36778 39.86391
1202426090 116.4553 39.94292
1202426392 116.44443 39.93234
1202426694 116.43127 39.92679
1202426996 116.39767 39.94765
1202427297 116.33913 39.93733
1202427599 116.3176 39.95324
1202427901 116.31776 39.95049
1202428203 116.30642 39.94012
1202428505 116.28898 39.94643
1202428806 116.28911 39.91588
1202429108 116.30508 39.90617
1202429410 116.32985 39.89584
1202429712 116.33437 39.89259
1202429712 116.33437 39.89259
1202463248 116.33404 39.89332
1202463550 116.33426 39.89323
1202463852 116.34281 39.88645
1202464154 116.35668 39.91273
1202464455 116.36737 39.91731
1202466051 116.36812 39.8883
1202466353 116.36805 39.87676
1202466655 116.36712 39.86124
1202466957 116.35391 39.85208
1202467258 116.40243 39.85551
1202467560 116.40756 39.86245
1202469052 116.41436 39.87196
1202469354 116.4127 39.89146
1202469656 116.39247 39.88287
1202469958 116.39091 39.88958
1202470259 116.40959 39.89941
1202470561 116.40072 39.90402
1202470863 116.39634 39.92128
1202471165 116.38912 39.93911
1202471467 116.37324 39.95157
1202473210 116.33842 40.04048
1202473210 116.33842 40.04048
1202473512 116.32904 40.04491
1202473814 116.33856 40.03236
1202474116 116.34575 40.01599
1202474417 116.34685 39.99248
1202474719 116.3595 39.97535
1202475021 116.3595 39.9716
1202475323 116.34731 39.95998
1202475625 116.34941 39.93253
1202475926 116.34759 39.92696
1202476530 116.33115 39.91706
1202476832 116.34664 39.91142
1202477133 116.34246 39.89905
1202477435 116.3421 39.88624
1202477912 116.34214 39.87393
1202478270 116.34087 39.87773
1202478572 116.3389 39.8794
1202479311 116.33453 39.89222
1202479613 116.33202 39.88337
1202479915 116.339 39.88825
1202480216 116.33754 39.87223
1202480517 116.3255 39.86706
1202480819 116.3405 39.84845
1202481121 116.36079 39.84067
1202481423 116.359 39.84446
1202481725 116.37285 39.85559
1202482026 116.41186 39.86076
1202482328 116.37985 39.8557
1202482630 116.37485 39.8491
1202482932 116.36998 39.8492
1202483720 116.35826 39.86501
1202484022 116.34805 39.86764
1202484324 116.36722 39.86188
1202484626 116.3707 39.85335
1202484927 116.3663 39.8493
1202485229 116.40616 39.85551
1202485531 116.41572 39.8592
1202485833 116.40456 39.86376
1202486135 116.40195 39.87014
1202486436 116.41671 39.87951
1202486738 116.42793 39.88136
1202487040 116.41506 39.87155
1202487342 116.4051 39.8575
1202487643 116.40765 39.86363
1202487945 116.41985 39.86405
1202488247 116.43229 39.86115
1202488549 116.43331 39.84461
1202488851 116.44199 39.82835
1202489152 116.44761 39.80552
1202489454 116.43926 39.80405
1202489454 116.43926 39.80405
1202489756 116.43772 39.80374
1202490058 116.43675 39.807
1202490359 116.44775 39.81968
1202490661 116.44072 39.84347
1202490963 116.44876 39.86164
1202491265 116.45566 39.90598
1202491567 116.45 39.95534
1202491868 116.42873 39.96839
1202492170 116.41876 39.95936
