UTS Latitude Longitude
1201959419 116.52028 39.9133
1201959719 116.47622 39.90703
1201960019 116.46348 39.90784
1201960102 116.46344 39.91099
1201960319 116.46183 39.91222
1201960619 116.44416 39.91715
1201960753 116.4442 39.91712
1201961053 116.45527 39.90666
1201961160 116.45885 39.90688
1201961460 116.48378 39.91391
1201961760 116.48188 39.95652
1201961928 116.48121 39.9589
1201962228 116.48394 39.97078
1201962528 116.4889 39.97068
1201962528 116.4889 39.97068
1201962828 116.4889 39.97067
1201963128 116.4889 39.97067
1201963728 116.48891 39.97066
1201964028 116.48891 39.97066
1201964709 116.49454 39.98672
1201964921 116.49801 40.00033
1201965013 116.50148 40.00025
1201965317 116.5073 39.99252
1201965912 116.48364 39.97498
1201966212 116.48846 39.96077
1201966512 116.47091 39.95295
1201966812 116.46281 39.94404
1201967121 116.46872 39.93671
1201967421 116.48053 39.95622
1201967721 116.48504 39.98955
1201968021 116.55271 40.02873
1201968321 116.56716 40.03544
1201968621 116.57993 40.04753
1201968621 116.57993 40.04753
1201968900 116.58673 40.07859
1201969200 116.58091 40.07819
1201969200 116.58091 40.07819
1201969800 116.58194 40.05866
1201969840 116.58199 40.0586
1201970140 116.58478 40.05538
1201970440 116.58737 40.05899
1201970740 116.58745 40.07672
1201970863 116.58786 40.07714
1201971463 116.58807 40.05418
1201971763 116.57918 40.04523
1201972063 116.54847 40.0252
1201972363 116.56378 39.98809
1201972663 116.56324 39.9561
1201973343 116.53794 39.92274
1201973441 116.54541 39.92258
1201973741 116.58465 39.92172
1201974041 116.58523 39.91548
1201974341 116.58967 39.91083
1201974641 116.62207 39.91029
1201974714 116.6216 39.90866
1201974941 116.62015 39.91025
1201975270 116.63027 39.90593
1201975541 116.59858 39.90825
1201976440 116.54926 39.9148
1201976740 116.52525 39.91577
1201976992 116.5155 39.91472
1201977340 116.49512 39.91203
1201977430 116.49651 39.91252
1201977730 116.50095 39.91479
1201977861 116.48959 39.91454
1201978161 116.47282 39.9143
1201978461 116.45218 39.91884
1201978562 116.44687 39.9204
1201978862 116.45553 39.91281
1201979162 116.4442 39.90948
1201979193 116.44439 39.91122
1201979493 116.46467 39.91204
1201979739 116.46959 39.90862
1201979914 116.47167 39.90459
1201980214 116.46957 39.89212
1201980214 116.46957 39.89212
1201980253 116.46954 39.89207
1201980514 116.48316 39.89177
1201980814 116.50878 39.88945
1201980858 116.50879 39.8893
1201981157 116.4935 39.89185
1201981428 116.49667 39.89502
1201981728 116.4722 39.89182
1201982028 116.45842 39.8923
1201982328 116.45726 39.89204
1201982628 116.45624 39.8924
1201982884 116.4551 39.89088
1201982963 116.45488 39.88804
1201983259 116.44077 39.8835
1201983411 116.44188 39.89218
1201983411 116.44188 39.89218
1201983710 116.45509 39.89175
1201984010 116.45486 39.87288
1201984253 116.45536 39.87661
1201984329 116.4554 39.88086
1201984553 116.46172 39.88148
1201984697 116.46177 39.8824
1201984997 116.4571 39.88314
1201985297 116.44284 39.88335
1201985477 116.43042 39.88004
1201985777 116.4239 39.88902
1201986037 116.43263 39.89251
1201986337 116.41318 39.89184
1201986637 116.39385 39.88536
1201986813 116.48376 39.97175
1201986819 116.38729 39.8838
1201986945 116.39038 39.88505
1201987245 116.39935 39.87039
1201987544 116.40765 39.86344
1201987670 116.40814 39.86062
1201987970 116.41199 39.86406
1201988270 116.41496 39.86405
1201988432 116.41866 39.86439
1201988732 116.43111 39.86094
1201989032 116.43372 39.84451
1201989222 116.44059 39.83845
1201989522 116.43942 39.85605
1201990340 116.44635 39.90705
1201990640 116.43287 39.9072
1201990940 116.40428 39.9068
1201991240 116.39208 39.90646
1201991240 116.39208 39.90646
1201991540 116.38646 39.90623
1201991840 116.37003 39.90605
1201992140 116.35063 39.90851
1201992404 116.3431 39.91508
1201992500 116.34067 39.91713
1201992800 116.33433 39.9062
1201992801 116.33446 39.9062
1201993100 116.33605 39.89726
1201993400 116.32016 39.89244
1201993682 116.32025 39.88772
1201993831 116.32061 39.88516
1201994131 116.34641 39.88812
1201994431 116.34653 39.90406
1201994431 116.34653 39.90406
1201994629 116.34676 39.91153
1201994731 116.34871 39.91259
1201995031 116.35128 39.91903
1201995331 116.34987 39.94163
1201995631 116.34815 39.97495
1201995931 116.3199 39.9751
1201996046 116.32008 39.97493
1201996231 116.32754 39.97523
1201996531 116.34729 39.96284
1201996831 116.34986 39.92841
1201997431 116.35046 39.90455
1201997730 116.34269 39.88188
1201998030 116.38031 39.86969
1201998330 116.40761 39.86188
1201998419 116.40512 39.86062
1201998719 116.41588 39.85588
1201999019 116.42734 39.86452
1201999027 116.42732 39.86447
1201999327 116.40982 39.85588
1201999627 116.40837 39.84765
1201999927 116.41676 39.84106
1202000227 116.42077 39.85659
1202000227 116.42077 39.85659
1202000437 116.42442 39.86552
1202000568 116.42993 39.86441
1202000871 116.45225 39.8566
1202001171 116.4551 39.86305
1202001411 116.47137 39.86915
1202001711 116.44863 39.88307
1202001860 116.43318 39.88436
1202002160 116.427 39.89615
1202002210 116.42587 39.89635
1202002510 116.43167 39.89851
1202002810 116.48989 39.90659
1202014246 116.35234 39.91259
1202014545 116.34208 39.94437
1202014631 116.33592 39.94602
1202014845 116.32878 39.96009
1202015145 116.32724 39.98474
1202015300 116.33151 39.99137
1202015600 116.33388 39.99801
1202015600 116.33388 39.99801
1202015900 116.34822 40.00015
1202016200 116.34841 39.99953
1202016500 116.34823 39.9996
1202016800 116.34824 39.99962
1202017100 116.34839 39.99996
1202017400 116.34841 39.99976
1202017700 116.34869 39.99995
1202018000 116.34862 39.99998
1202018300 116.34836 39.99993
1202018600 116.34835 39.99995
1202018900 116.34768 40.00017
1202019200 116.3479 40.00015
1202019500 116.34821 40.00004
1202019800 116.34846 40.00003
1202020100 116.34822 39.99954
1202020400 116.34823 40.00029
1202020700 116.34801 40.0002
1202021000 116.34846 39.99988
1202021300 116.34829 39.99965
1202021900 116.34836 39.99972
1202022200 116.34828 39.99957
1202022500 116.3486 39.99982
1202022800 116.34943 39.99985
1202022862 116.34697 39.99969
1202023162 116.34721 39.97477
1202023832 116.30172 39.89543
1202024008 116.3143 39.89483
1202024008 116.3143 39.89483
1202024308 116.32297 39.90168
1202025263 116.3711 39.92238
1202025490 116.39399 39.93186
1202025790 116.41955 39.93215
1202026090 116.41901 39.95545
1202026236 116.41891 39.96489
1202026536 116.4538 39.95289
1202027436 116.47151 39.96904
1202028036 116.50374 40.00771
1202028336 116.50654 40.01092
1202028636 116.50653 40.01087
1202028936 116.50653 40.01087
1202028936 116.50653 40.01087
1202029236 116.50023 40.00498
1202029836 116.48362 39.95067
1202030136 116.48364 39.89116
1202030736 116.44378 39.8253
1202031036 116.44306 39.82562
1202031319 116.44304 39.82563
1202031336 116.44304 39.82563
1202031636 116.44305 39.82563
1202031936 116.44305 39.82562
1202032236 116.44305 39.82563
1202032536 116.44304 39.82563
1202032836 116.44304 39.82562
1202033136 116.44302 39.82563
1202033436 116.44301 39.82564
1202033736 116.443 39.82565
1202034036 116.44299 39.82566
1202034336 116.44299 39.82566
1202034936 116.44298 39.82566
1202035236 116.44297 39.82567
1202035536 116.44297 39.82567
1202036136 116.44296 39.82567
1202036436 116.44296 39.82567
1202037335 116.44369 39.8252
1202037635 116.44334 39.82537
1202037635 116.44334 39.82537
1202037935 116.4522 39.82879
1202038235 116.44247 39.83122
1202038535 116.4375 39.84432
1202038772 116.43985 39.85723
1202039072 116.43896 39.86464
1202039372 116.43303 39.86451
1202039511 116.42778 39.86469
1202039811 116.43263 39.86531
1202040111 116.43887 39.868
1202040711 116.45003 39.881
1202040716 116.45003 39.8811
1202041016 116.44058 39.88336
1202041316 116.43337 39.89823
1202041915 116.42753 39.94025
1202042215 116.39271 39.94778
1202042515 116.37239 39.94758
1202043415 116.34043 39.96643
1202043715 116.30128 39.96584
1202044015 116.28931 39.99506
1202044015 116.28931 39.99506
1202044260 116.27587 39.99644
1202044315 116.27897 39.99697
1202044615 116.29352 39.98712
1202044915 116.30197 39.96146
1202045215 116.31303 39.96482
1202045515 116.32304 39.96627
1202045815 116.33603 39.96618
1202045961 116.3487 39.96617
1202046261 116.3492 39.97518
1202046861 116.3594 39.97235
1202047161 116.35941 39.97235
1202047461 116.3594 39.97235
1202047761 116.35941 39.97235
1202048061 116.34853 39.96789
1202048187 116.34809 39.97483
1202048487 116.32912 39.97499
1202048639 116.32027 39.975
1202048939 116.31046 39.98087
1202049166 116.31861 39.97922
1202049466 116.33106 39.97532
1202049529 116.33354 39.97505
1202049529 116.33354 39.97505
1202049829 116.34798 39.97713
1202050429 116.35644 39.99226
1202050729 116.3338 39.99624
1202051029 116.32677 39.99168
1202051629 116.31004 39.9852
1202052221 116.30935 39.98101
1202052521 116.32311 39.9845
1202052821 116.37099 39.99063
1202053121 116.35651 40.01365
1202053421 116.34616 40.02096
1202053721 116.36353 40.00032
1202054021 116.34234 39.9855
1202054321 116.31534 39.9846
1202054521 116.31068 39.98259
1202054821 116.31092 39.97611
1202055121 116.30517 39.97571
1202055421 116.30023 39.98095
1202055949 116.31055 39.97985
1202056249 116.31215 39.97227
1202056549 116.33138 39.96612
1202056772 116.35118 39.9637
1202056868 116.34907 39.96361
1202057168 116.3856 39.96694
1202057468 116.43661 39.96401
1202057768 116.44985 39.95529
1202058068 116.45558 39.93542
1202058368 116.45532 39.9172
1202058667 116.48703 39.90676
1202058967 116.51621 39.91096
1202059080 116.51536 39.90963
1202059380 116.51419 39.91564
1202059680 116.50081 39.9149
1202059680 116.50081 39.9149
1202059808 116.49605 39.91494
1202060108 116.46421 39.91509
1202060408 116.455 39.91724
1202060707 116.4562 39.90373
1202060735 116.45501 39.90307
1202061035 116.46039 39.91221
1202061201 116.47133 39.91088
1202061501 116.46564 39.907
1202061636 116.45721 39.9075
1202061801 116.45405 39.91513
1202062101 116.45563 39.93045
1202062401 116.45561 39.94632
1202062701 116.42561 39.96821
1202063000 116.39528 39.96741
1202063300 116.37217 39.9668
1202063600 116.34825 39.97401
1202063900 116.32986 39.97527
1202064105 116.32698 39.97534
1202064200 116.32008 39.9751
1202064500 116.31055 39.98246
1202064800 116.30995 39.99078
1202065100 116.30812 40.02063
1202065400 116.30224 40.03934
1202065700 116.29069 40.06662
1202065979 116.26449 40.0733
1202066279 116.26432 40.07342
1202066579 116.26343 40.08297
1202066879 116.2667 40.06843
1202067179 116.29763 40.0534
1202067528 116.29983 40.04933
1202067828 116.32037 40.04723
1202068128 116.33426 40.03711
1202068428 116.34732 40.02212
1202068607 116.34474 40.02596
1202068907 116.34179 40.02974
1202069207 116.34572 40.01672
1202069507 116.33551 40.00626
1202069807 116.3339 39.99434
1202070064 116.33094 39.99167
1202070364 116.33642 40.00819
1202070567 116.34222 40.01387
1202070867 116.34601 40.00395
1202071167 116.33367 39.99865
1202071431 116.32743 39.9915
1202071731 116.31036 39.98438
1202071968 116.30881 39.9797
1202072047 116.3085 39.98118
1202072347 116.31236 39.97236
1202072647 116.31817 39.94883
1202072947 116.32305 39.94892
1202073129 116.33007 39.95006
1202073247 116.33642 39.94277
1202073295 116.35689 39.89766
1202073548 116.35022 39.93091
1202073589 116.35053 39.93088
1202073889 116.35793 39.93551
1202073889 116.35793 39.93551
1202073988 116.35787 39.93873
1202074288 116.34926 39.94981
1202074298 116.3493 39.94975
1202074598 116.34094 39.93749
1202074630 116.34307 39.93821
1202075107 116.34713 39.92323
1202075230 116.3494 39.92116
1202075529 116.35026 39.90724
1202075829 116.34248 39.89214
1202076129 116.35779 39.8851
1202076240 116.361 39.88289
1202076539 116.3685 39.88625
1202077139 116.40576 39.89767
1202077439 116.41112 39.89499
1202077464 116.41121 39.89522
1202077764 116.43111 39.89626
1202077819 116.43128 39.896
1202078119 116.43041 39.89592
1202078419 116.42127 39.89736
1202078719 116.42093 39.90447
1202079019 116.42157 39.90461
1202079319 116.42145 39.90415
1202079619 116.42055 39.90419
1202079919 116.42009 39.9042
1202080219 116.42085 39.90388
1202080219 116.42085 39.90388
1202080519 116.42057 39.90419
1202081119 116.42062 39.90438
1202081419 116.42121 39.90405
1202081719 116.42122 39.9045
1202081719 116.42122 39.9045
1202082019 116.42105 39.90461
1202082619 116.42118 39.90446
1202082919 116.42091 39.90473
1202083219 116.42076 39.90468
1202083519 116.42064 39.90437
1202083819 116.42072 39.90457
1202084119 116.42055 39.90401
1202084303 116.42052 39.90386
1202084603 116.42863 39.91874
1202084936 116.39991 39.94768
1202085203 116.3747 39.96783
1202085203 116.3747 39.96783
1202085503 116.36662 39.97649
1202085630 116.36835 39.97886
1202085843 116.36799 39.97536
1202086143 116.37145 39.98956
1202086443 116.34395 40.02684
1202086743 116.32313 40.05402
1202087042 116.32707 40.07791
1202087294 116.34946 40.07961
1202087594 116.32305 40.07693
1202087838 116.30949 40.07044
1202088138 116.32919 40.04471
1202088394 116.34115 40.02566
1202088464 116.34071 40.02436
1202088764 116.32333 40.02685
1202088941 116.32188 40.02235
1202089241 116.33024 40.02653
1202089541 116.31201 40.03628
1202089841 116.31214 40.0111
1202089841 116.31214 40.0111
1202090141 116.31016 39.98465
1202090441 116.31421 39.97192
1202090595 116.31593 39.96614
1202091195 116.27966 39.95684
1202091495 116.24893 39.97204
1202091795 116.23837 39.96272
1202091817 116.23837 39.96271
1202092095 116.24678 39.97183
1202092395 116.27041 39.94532
1202092503 116.27087 39.94161
1202092803 116.30227 39.94178
1202093103 116.31687 39.95909
1202093403 116.35722 39.96639
1202093703 116.43104 39.96754
1202094003 116.46028 39.95913
1202094303 116.46808 39.96618
1202094603 116.47989 39.96975
1202094903 116.48269 39.9873
1202095203 116.50071 40.00583
1202106691 116.50615 40.01072
1202106990 116.50615 40.01073
1202107290 116.50616 40.01071
1202107590 116.50616 40.01071
1202107890 116.50617 40.0107
1202108190 116.50617 40.0107
1202108490 116.50617 40.0107
1202108790 116.50617 40.0107
1202109090 116.50617 40.0107
1202109390 116.50616 40.0107
1202109690 116.50616 40.0107
1202109990 116.50616 40.0107
1202110590 116.50616 40.0107
1202110890 116.50616 40.0107
1202111190 116.50616 40.0107
1202111490 116.50616 40.0107
1202111790 116.50616 40.01071
1202112090 116.50616 40.01071
1202112390 116.50616 40.01071
1202112990 116.50616 40.0107
1202113290 116.50616 40.0107
1202113890 116.50617 40.0107
1202114190 116.50617 40.0107
1202114490 116.50617 40.0107
1202114790 116.50617 40.0107
1202115090 116.50617 40.0107
1202115390 116.50617 40.0107
1202115690 116.50633 40.01063
1202115990 116.49446 39.9999
1202116290 116.48352 39.98415
1202116590 116.49102 39.97055
1202116819 116.49649 39.96297
1202117119 116.48327 39.95748
1202117419 116.46533 39.95123
1202117641 116.45521 39.94254
1202117941 116.46091 39.92931
1202118020 116.45974 39.92785
1202118320 116.43504 39.93235
1202118620 116.40893 39.94795
1202118920 116.4017 39.96319
1202118972 116.40152 39.96365
1202119220 116.40181 39.97668
1202119519 116.41545 39.98729
1202119819 116.42341 39.98205
1202119820 116.42358 39.98204
1202120119 116.42482 39.98173
1202120419 116.42472 39.98176
1202120719 116.42813 39.98211
1202120749 116.42537 39.98203
1202120749 116.42537 39.98203
1202121049 116.41137 39.97222
1202121349 116.37641 39.96691
1202121609 116.36452 39.96014
1202121693 116.36495 39.95494
1202121994 116.35342 39.94346
1202122284 116.32317 39.93767
1202122584 116.30747 39.94967
1202122884 116.31764 39.95044
1202123184 116.32184 39.9371
1202123184 116.32184 39.9371
1202123484 116.33739 39.93103
1202123784 116.35747 39.93084
1202124384 116.3737 39.93045
1202124684 116.39635 39.93194
1202124984 116.40283 39.93056
1202125232 116.40281 39.92991
1202125532 116.40003 39.92354
1202125832 116.40062 39.90733
1202126132 116.39384 39.89894
1202126432 116.36844 39.89843
1202126567 116.36317 39.89461
1202126867 116.36281 39.8932
1202126951 116.36266 39.89534
1202127251 116.36455 39.88783
1202127251 116.36455 39.88783
1202127551 116.36805 39.8711
1202127851 116.40391 39.87068
1202128151 116.41576 39.85676
1202128423 116.44051 39.85665
1202128679 116.45232 39.8638
1202128979 116.43858 39.85727
1202129279 116.44112 39.83163
1202129279 116.44112 39.83163
1202129356 116.44276 39.8327
1202129656 116.43309 39.84471
1202129956 116.43605 39.85622
1202130256 116.4529 39.86437
1202130450 116.46819 39.86356
1202130750 116.46772 39.86384
1202131050 116.46807 39.86287
1202131350 116.45521 39.88512
1202131650 116.43814 39.89517
1202131950 116.41549 39.89904
1202132174 116.41874 39.9034
1202132174 116.41874 39.9034
1202132474 116.42062 39.91188
1202132747 116.42686 39.92351
1202133047 116.43955 39.92169
1202133047 116.43955 39.92169
1202133098 116.44071 39.92159
1202133347 116.44403 39.91231
1202133537 116.4477 39.91217
1202133837 116.46056 39.90655
1202134137 116.47192 39.90719
1202134296 116.47185 39.90878
1202134572 116.47195 39.92226
1202134712 116.47203 39.9294
1202135012 116.48604 39.94085
1202135109 116.48674 39.94104
1202135409 116.48417 39.95064
1202135709 116.48402 39.96575
1202136009 116.48834 39.97073
1202136309 116.48837 39.97075
1202136609 116.48835 39.97073
1202136909 116.48835 39.97074
1202137209 116.48835 39.97075
1202137809 116.48835 39.97075
1202138109 116.48834 39.97075
1202138409 116.48834 39.97075
1202138709 116.48833 39.97075
1202139309 116.49965 40.00433
1202139609 116.50564 40.0109
1202139909 116.50569 40.01084
1202140209 116.50125 40.00592
1202140809 116.47911 39.98124
1202141109 116.48146 39.97277
1202141233 116.48119 39.9729
1202141533 116.46689 39.98293
1202141833 116.48092 39.98693
1202141981 116.47303 39.98536
1202142281 116.47896 39.97569
1202143100 116.45395 39.95315
1202143400 116.44983 39.94972
1202143700 116.44421 39.94043
1202144000 116.43582 39.92551
1202144270 116.4317 39.92249
1202144570 116.43471 39.92158
1202144579 116.43497 39.92158
1202144879 116.44297 39.92277
1202145179 116.45344 39.92129
1202145479 116.45567 39.92691
1202145779 116.45484 39.95063
1202146079 116.42741 39.96839
1202146379 116.40531 39.98742
1202146939 116.40114 39.98424
1202147239 116.40133 39.96883
1202147422 116.40495 39.96817
1202147722 116.36995 39.96686
1202148022 116.36355 39.97421
1202148124 116.36291 39.9754
1202148124 116.36291 39.9754
1202148337 116.35956 39.97772
1202148637 116.36288 39.99213
1202148819 116.3592 39.99694
1202149119 116.36304 39.98681
1202149419 116.3636 39.97557
1202149613 116.37435 39.96935
1202149913 116.37285 39.95333
1202150213 116.37303 39.95106
1202150513 116.37361 39.94636
1202150755 116.37346 39.9338
1202151055 116.37588 39.92889
1202151355 116.39239 39.93196
1202151357 116.39241 39.93196
1202151657 116.40854 39.932
1202151957 116.41951 39.92986
1202152257 116.42009 39.91839
1202152267 116.42012 39.91834
1202152567 116.41136 39.92169
1202152867 116.42384 39.92301
1202153000 116.42628 39.92288
1202153600 116.42963 39.93962
1202153900 116.45491 39.93989
1202153907 116.45505 39.9399
1202154200 116.46267 39.94533
1202154500 116.46639 39.93306
1202154800 116.47862 39.92248
1202154800 116.47862 39.92248
1202155100 116.49139 39.91441
1202155400 116.49746 39.91459
1202156000 116.51573 39.91416
1202156112 116.51856 39.9127
1202156333 116.5226 39.91587
1202156633 116.54485 39.91221
1202157068 116.52515 39.90861
1202157368 116.51488 39.91578
1202157668 116.49199 39.91458
1202157824 116.48572 39.91435
1202158124 116.47199 39.92128
1202158424 116.45582 39.93165
1202159024 116.42607 39.9325
1202159509 116.42983 39.92886
1202160195 116.46931 39.91429
1202160495 116.4835 39.91228
1202160543 116.48313 39.91173
1202160795 116.47175 39.91168
1202161095 116.45543 39.92582
1202161395 116.44493 39.95976
1202161994 116.4527 39.94749
1202162294 116.45526 39.92231
1202162594 116.45181 39.90727
1202162865 116.44427 39.9208
1202163165 116.4422 39.92088
1202163465 116.43971 39.92103
1202163814 116.45137 39.92194
1202164114 116.47439 39.92164
1202164349 116.48996 39.92025
1202164649 116.4883 39.92148
1202164949 116.48679 39.91452
1202164949 116.48679 39.91452
1202164965 116.48509 39.91451
1202165265 116.46381 39.91536
1202165565 116.45528 39.90758
1202165707 116.4539 39.90384
1202165963 116.45455 39.9038
1202166263 116.46229 39.91526
1202166343 116.46365 39.91674
1202166863 116.48402 39.94941
1202167163 116.4844 39.95802
1202167463 116.4394 39.98538
1202167901 116.41463 39.98769
1202168201 116.41435 39.98788
1202168501 116.41433 39.98783
1202169388 116.2948 39.97497
1202169688 116.2954 39.9586
1202170131 116.28374 39.95612
1202170731 116.32843 39.91784
1202170918 116.33924 39.917
1202171154 116.34984 39.92039
1202171754 116.38212 39.86974
1202172054 116.39946 39.85547
1202172110 116.40199 39.85542
1202172410 116.41629 39.86428
1202173010 116.43446 39.86453
1202173310 116.42815 39.87978
1202173355 116.428 39.88231
1202173355 116.428 39.88231
1202173655 116.45081 39.87491
1202173735 116.4573 39.87482
1202173955 116.45983 39.88314
1202174104 116.45301 39.88646
1202174404 116.44983 39.89423
1202174433 116.44976 39.89532
1202174733 116.45552 39.92531
1202175481 116.45278 39.95252
1202175736 116.45531 39.9451
1202176036 116.44896 39.92418
1202176336 116.4488 39.92391
1202176636 116.44869 39.92368
1202176936 116.4485 39.92395
1202178705 116.43974 39.92167
1202178829 116.44299 39.92557
1202179005 116.44877 39.92209
1202179143 116.45294 39.91704
1202179443 116.4443 39.92347
1202179576 116.4486 39.92238
1202179876 116.46309 39.91519
1202180349 116.48078 39.91055
1202180649 116.47831 39.89924
1202180949 116.4783 39.89924
1202181249 116.47819 39.89877
1202181549 116.4784 39.89902
1202181849 116.47824 39.89921
1202182149 116.47823 39.89914
1202182449 116.47832 39.89905
1202182749 116.47825 39.89937
1202183049 116.47831 39.89926
1202183349 116.47803 39.89957
1202183649 116.47824 39.89932
1202183949 116.47832 39.89933
1202184249 116.47829 39.89932
1202184549 116.47828 39.89931
1202184849 116.47812 39.8993
1202185148 116.47816 39.8993
1202185448 116.47819 39.8993
1202185748 116.47822 39.8993
1202186348 116.47831 39.89933
1202186648 116.47816 39.89887
1202187248 116.47814 39.89926
1202187848 116.47163 39.90164
1202188148 116.47212 39.92677
1202188148 116.47212 39.92677
1202188448 116.48416 39.94684
1202188748 116.48869 39.97056
1202189048 116.48884 39.97064
1202189348 116.48883 39.97064
1202189648 116.48881 39.97063
1202189948 116.4888 39.97063
1202190248 116.48879 39.97062
1202190848 116.48878 39.97062
1202191148 116.49758 39.96237
1202191699 116.50747 39.93312
1202191999 116.49608 39.92197
1202192299 116.46158 39.92207
1202192599 116.45509 39.8895
1202192899 116.42113 39.85707
1202193199 116.40423 39.85254
1202193258 116.40419 39.85258
1202193558 116.40808 39.85542
1202193858 116.4088 39.86017
1202194158 116.40881 39.86013
1202194273 116.41194 39.86085
1202194467 116.41737 39.84938
1202195067 116.41493 39.86423
1202195367 116.41937 39.86286
1202195788 116.45465 39.88323
1202196088 116.48409 39.8801
1202196153 116.48408 39.88287
1202196753 116.47172 39.90396
1202197353 116.47207 39.90856
1202197653 116.46346 39.9209
1202197801 116.46287 39.92185
1202198101 116.47182 39.91256
1202198286 116.46161 39.90714
1202198586 116.45568 39.94502
1202198586 116.45568 39.94502
1202198886 116.46213 39.96057
1202199186 116.468 39.96615
1202199486 116.4731 39.97979
1202199786 116.50675 40.01063
1202200086 116.5058 40.01068
1202200386 116.50638 40.01077
1202200686 116.50639 40.01078
1202200986 116.50639 40.01077
1202201286 116.50638 40.01078
1202201586 116.49788 40.00314
1202201886 116.4703 39.99684
1202202786 116.46074 39.98594
1202203385 116.46073 39.98596
1202203685 116.46069 39.98614
1202203802 116.45981 39.98688
1202203985 116.46591 39.98762
1202204585 116.46496 39.98643
1202204761 116.46668 39.9883
1202205061 116.46192 39.9707
1202205361 116.48367 39.92571
1202205661 116.47887 39.90663
1202205961 116.48988 39.90642
1202206376 116.472 39.9122
1202206676 116.47829 39.92694
1202206798 116.47492 39.92165
1202207098 116.47186 39.91464
1202207398 116.46242 39.90745
1202207531 116.45788 39.90706
1202207698 116.46952 39.90632
1202207831 116.46283 39.90888
1202207998 116.47005 39.9123
1202208131 116.47172 39.90769
1202208431 116.45663 39.90743
1202208517 116.45617 39.91074
1202208817 116.46854 39.91315
1202208823 116.46854 39.91316
1202209123 116.47211 39.90513
1202209423 116.47168 39.90058
1202209723 116.48017 39.89178
1202210023 116.49677 39.8955
1202210297 116.49622 39.89203
1202210597 116.48475 39.90467
1202210897 116.47228 39.90933
1202211197 116.47138 39.90406
1202211497 116.43359 39.89233
1202211797 116.40987 39.89158
1202212097 116.37903 39.88805
1202212697 116.33947 39.88829
1202212949 116.32017 39.88997
1202213249 116.3232 39.89353
1202213549 116.31766 39.89899
1202213849 116.31107 39.90622
1202214149 116.30441 39.92168
1202214449 116.31154 39.92672
1202214533 116.31488 39.92672
1202214533 116.31488 39.92672
1202214833 116.3056 39.92286
1202214833 116.3056 39.92286
1202215133 116.29154 39.92547
1202215433 116.28924 39.94143
1202215733 116.28895 39.91577
1202216033 116.28234 39.92488
1202216333 116.2821 39.9226
1202216633 116.2692 39.93092
1202216732 116.27006 39.93639
1202216933 116.26868 39.93633
1202217233 116.26912 39.92354
1202217412 116.26753 39.90628
1202217592 116.25884 39.90887
1202217892 116.2587 39.92382
1202218024 116.25926 39.92824
1202218324 116.26594 39.92751
1202218624 116.26894 39.94317
1202218924 116.27253 39.95149
1202219224 116.27848 39.95443
1202219524 116.29258 39.95811
1202219824 116.30088 39.96637
1202220124 116.30016 39.97412
1202220542 116.31052 39.97983
1202220842 116.31421 39.9675
1202221142 116.30375 39.94058
1202221442 116.30314 39.95537
1202221742 116.2983 39.95933
1202221954 116.28671 39.95769
1202222254 116.28397 39.95681
1202222554 116.28342 39.95618
1202222671 116.28562 39.95652
1202222854 116.3003 39.95637
1202223154 116.30661 39.96239
1202223454 116.3153 39.9655
1202223754 116.31721 39.96486
1202223849 116.31797 39.9656
1202224149 116.35129 39.94898
1202224324 116.34588 39.93918
1202224613 116.34503 39.94032
1202224913 116.36225 39.93917
1202225213 116.36657 39.93739
1202225512 116.36723 39.92181
1202225812 116.37176 39.92115
1202226412 116.38788 39.92174
1202226436 116.3907 39.9218
1202226712 116.40427 39.92283
1202227012 116.42582 39.92299
1202227012 116.42582 39.92299
1202227312 116.42834 39.93127
1202227612 116.44938 39.93414
1202227912 116.45589 39.9426
1202228212 116.44279 39.96021
1202228342 116.4389 39.95964
1202228512 116.42942 39.95812
1202228812 116.40395 39.95777
1202229080 116.4017 39.96414
1202229380 116.41851 39.96757
1202229680 116.41864 39.96806
1202229980 116.42477 39.98023
1202231137 116.42079 39.98203
1202231397 116.41848 39.96847
1202231697 116.41892 39.95363
1202231996 116.42294 39.9482
1202232155 116.43076 39.93919
1202232455 116.4376 39.93317
1202232755 116.45364 39.93206
1202232992 116.45526 39.9253
1202233292 116.46406 39.91502
1202233592 116.48186 39.91478
1202233892 116.49657 39.91436
1202234192 116.5051 39.91473
1202234289 116.51044 39.91511
1202245754 116.39594 39.9641
1202246036 116.40232 39.94713
1202246301 116.38482 39.96678
1202246336 116.41168 39.95782
1202246636 116.42463 39.96709
1202246936 116.4403 39.96121
1202247236 116.44486 39.95822
1202247536 116.44501 39.95822
1202247836 116.44924 39.95603
1202248736 116.48245 39.98816
1202249036 116.48285 39.9885
1202249336 116.48286 39.98848
1202249636 116.48286 39.98848
1202249936 116.48286 39.98849
1202250236 116.48285 39.98848
1202250836 116.48286 39.98849
1202250836 116.48286 39.98849
1202251136 116.48287 39.98849
1202251436 116.48287 39.9885
1202251736 116.48287 39.9885
1202252036 116.49599 40.00119
1202252336 116.50122 40.0056
1202252636 116.5012 40.00561
1202252936 116.50121 40.00561
1202253236 116.51666 40.02307
1202253536 116.53546 40.05373
1202253836 116.55381 40.09127
1202254136 116.58329 40.11684
1202254436 116.64785 40.11619
1202254736 116.70278 40.124
1202255036 116.76806 40.14136
1202255636 116.91395 40.15212
1202255936 116.98183 40.14295
1202256235 117.04639 40.14524
1202256535 117.09682 40.14365
1202256835 117.11062 40.13564
1202257135 117.11061 40.13564
1202257435 117.1106 40.13565
1202257735 117.1106 40.13566
1202258035 117.1106 40.13567
1202258035 117.1106 40.13567
1202258335 117.1106 40.13567
1202258635 117.11061 40.13568
1202258935 117.11061 40.13568
1202259535 117.11061 40.1357
1202259835 117.11061 40.1357
1202260135 117.11061 40.1357
1202260435 117.1106 40.13571
1202260735 117.1106 40.13572
1202261035 117.1106 40.13571
1202261335 117.1106 40.13571
1202261635 117.1106 40.13571
1202261935 117.1106 40.13571
1202262235 117.1106 40.13571
1202262535 117.11061 40.13571
1202262835 117.10421 40.13913
1202263135 117.09721 40.13307
1202263435 117.09722 40.13299
1202264035 117.09724 40.13294
1202264935 117.09723 40.13293
1202265235 117.09723 40.13294
1202265535 117.09722 40.13293
1202265835 117.09722 40.13293
1202266135 117.09721 40.13292
1202266435 117.0972 40.13292
1202266735 117.09723 40.13292
1202266735 117.09723 40.13292
1202267035 117.09721 40.13291
1202267335 117.09718 40.13293
1202267635 117.09716 40.13294
1202267935 117.09716 40.13294
1202268235 117.09716 40.13294
1202268535 117.09682 40.13303
1202268835 117.09713 40.13286
1202269135 117.09717 40.13287
1202269435 117.09718 40.13292
1202269735 117.09719 40.1329
1202270035 117.09719 40.1329
1202270335 117.0972 40.13289
1202270635 117.0972 40.13288
1202270935 117.09719 40.13289
1202271234 117.09719 40.1329
1202271534 117.09718 40.13291
1202271834 117.09718 40.13292
1202272434 117.09715 40.1331
1202272734 117.09711 40.13305
1202273034 117.09734 40.1339
1202273334 117.09714 40.13302
1202273634 117.09716 40.133
1202273934 117.09712 40.13297
1202274534 117.09713 40.13292
1202274834 117.09712 40.13315
1202275134 117.09722 40.13292
1202275434 117.09722 40.13292
1202275434 117.09722 40.13292
1202275734 117.09722 40.13292
1202276034 117.09721 40.13293
1202276334 117.09722 40.13293
1202276634 117.09721 40.13293
1202276934 117.09717 40.13291
1202277234 117.09708 40.13293
1202277534 117.09705 40.13293
1202277834 117.09705 40.13291
1202278134 117.09705 40.13291
1202278434 117.09706 40.1329
1202278734 117.09707 40.1329
1202279034 117.0972 40.13291
1202279334 117.09721 40.1329
1202279634 117.09716 40.13293
1202279934 117.09714 40.13295
1202280234 117.09713 40.13296
1202280834 117.09711 40.13299
1202281134 117.09711 40.133
1202281434 117.09711 40.133
1202281734 117.09711 40.133
1202282034 117.09711 40.133
1202282334 117.09711 40.13299
1202282634 117.09712 40.133
1202282934 117.09712 40.133
1202283234 117.09712 40.133
1202283534 117.09713 40.13301
1202283834 117.09713 40.13302
1202284134 117.09713 40.13302
1202284134 117.09713 40.13302
1202284434 117.09713 40.13302
1202284434 117.09713 40.13302
1202284734 117.09712 40.13302
1202285034 117.09713 40.13302
1202285334 117.09712 40.13302
1202285934 117.09712 40.13301
1202286233 117.09712 40.13301
1202286833 117.09712 40.13301
1202287133 117.09712 40.13301
1202287433 117.09712 40.133
1202288033 117.09712 40.133
1202288333 117.09712 40.133
1202288633 117.09712 40.133
1202288933 117.09712 40.133
1202289233 117.09712 40.13299
1202289833 117.09717 40.13296
1202290433 117.09715 40.13296
1202290733 117.09714 40.13296
1202291033 117.09836 40.13247
1202291333 117.08872 40.14445
1202291633 117.0286 40.14269
1202291933 116.95389 40.14953
1202292233 116.87091 40.15215
1202292533 116.78825 40.14608
1202292833 116.7107 40.12263
1202293133 116.66395 40.11503
1202293133 116.66395 40.11503
1202293433 116.60153 40.11674
1202293733 116.55637 40.10773
1202294033 116.54822 40.06315
1202294333 116.5266 40.03889
1202294633 116.50196 40.00651
1202294933 116.47559 40.00049
1202295233 116.46581 39.99293
1202295533 116.45728 39.98466
1202295833 116.47579 39.97637
1202296133 116.48408 39.97457
1202296433 116.48399 39.97449
1202296733 116.48386 39.97399
1202297033 116.4839 39.97447
1202297333 116.48386 39.97461
1202297488 116.4838 39.97502
1202297788 116.48244 39.98776
1202298088 116.47279 39.99697
1202298388 116.47247 40.00141
1202298688 116.48162 39.98802
1202298988 116.48636 39.99742
1202299033 116.48636 39.99773
1202299288 116.48598 39.9917
1202299588 116.48359 39.97509
1202299627 116.48357 39.97491
1202299927 116.48821 39.96085
1202299947 116.48728 39.96011
1202300247 116.48008 39.96048
1202300547 116.48137 39.9609
1202300847 116.48023 39.95843
1202301147 116.48056 39.96017
1202301747 116.47282 39.9057
1202302047 116.47205 39.90632
1202302347 116.43703 39.90709
1202302927 116.4054 39.93949
1202303227 116.40213 39.94985
1202303280 116.40212 39.9514
1202303280 116.40212 39.9514
1202303580 116.39274 39.96184
1202303880 116.37789 39.96158
1202304254 116.38068 39.97158
1202304554 116.37165 39.97537
1202305176 116.35835 39.98183
1202305247 116.35718 39.98239
1202305476 116.35938 39.98046
1202305776 116.38974 39.98672
1202306076 116.41797 39.99409
1202306229 116.41855 40.00163
1202306529 116.42135 39.99989
1202306829 116.42125 39.99948
1202306931 116.42021 40.00052
1202307231 116.42817 39.98765
1202307831 116.48345 39.91502
1202307901 116.48403 39.91751
1202308201 116.51164 39.92128
1202308373 116.50609 39.91497
1202308673 116.48361 39.91237
1202308973 116.47203 39.88304
1202309075 116.47039 39.88311
1202309075 116.47039 39.88311
1202309375 116.45561 39.89172
1202309675 116.45789 39.89936
1202309975 116.45805 39.89921
1202310275 116.45802 39.89924
1202310575 116.45802 39.89918
1202310875 116.45799 39.89916
1202311175 116.45499 39.87414
1202311475 116.42583 39.85718
1202311775 116.42215 39.83956
1202312075 116.42031 39.84016
1202312675 116.42242 39.85324
1202313275 116.46179 39.90196
1202313575 116.47001 39.9065
1202313997 116.48903 39.91411
1202314083 116.49757 39.91432
1202314383 116.51605 39.91148
1202314683 116.51235 39.91544
1202314983 116.48784 39.91445
1202315583 116.49854 39.92919
1202315789 116.49318 39.93419
1202316089 116.46222 39.93241
1202316389 116.45542 39.89976
1202316689 116.42247 39.89216
1202316989 116.39367 39.89027
1202317289 116.36345 39.88781
1202317589 116.33458 39.8885
1202317758 116.31456 39.88748
1202318058 116.31531 39.89582
1202318358 116.31145 39.90632
1202318358 116.31145 39.90632
1202318658 116.30452 39.92986
1202318957 116.31925 39.94177
1202319257 116.3159 39.9647
1202319557 116.34971 39.96629
1202319709 116.36652 39.96645
1202320008 116.3893 39.94847
1202320308 116.42759 39.93657
1202320608 116.4349 39.90566
1202320726 116.43758 39.90406
1202321026 116.45566 39.91618
1202321326 116.45129 39.95483
1202321626 116.46472 39.97215
1202321926 116.4825 39.98833
1202322226 116.48282 39.98842
1202322526 116.51638 40.02263
1202322826 116.53459 40.05284
1202323126 116.55321 40.08879
1202323726 116.6581 40.11562
1202324026 116.70276 40.12403
1202324326 116.76967 40.14172
1202324626 116.84301 40.15134
1202324926 116.9232 40.1516
1202325226 116.98994 40.1409
1202325526 117.01206 40.16848
1202325826 117.0149 40.2293
1202326126 116.99776 40.24019
1202326426 116.99776 40.24017
1202326726 116.99777 40.24015
1202327026 116.99777 40.24016
1202327326 116.99777 40.24016
1202327626 116.99778 40.24017
1202327926 116.99779 40.24019
1202327926 116.99779 40.24019
1202328226 117.0058 40.23962
1202328526 117.01023 40.17977
1202329126 117.09684 40.14361
1202329426 117.09791 40.1331
1202329726 117.09731 40.13291
1202330026 117.09777 40.13295
1202330326 117.09775 40.13299
1202330626 117.09765 40.13293
1202330926 117.10397 40.14149
1202331226 117.10811 40.13566
1202331526 117.0977 40.1329
1202331808 116.95141 40.14987
1202331826 117.0977 40.13303
1202332126 117.09778 40.13294
1202332426 117.09766 40.13294
1202332726 117.09772 40.13303
1202333026 117.09785 40.13289
1202333326 117.09778 40.13281
1202333626 117.09778 40.13284
1202333926 117.09781 40.13286
1202334225 117.09782 40.13289
1202334525 117.09782 40.13291
1202335125 117.09771 40.13305
1202335425 117.09774 40.13303
1202336325 117.0978 40.13302
1202336625 117.0978 40.133
1202336925 117.0978 40.13299
1202337525 117.09779 40.13299
1202337825 117.09778 40.13299
1202338125 117.09778 40.13299
1202338425 117.09778 40.13299
1202338725 117.09775 40.13297
1202339025 117.09773 40.13315
1202339325 117.09773 40.1331
1202339625 117.09772 40.13309
1202339925 117.0978 40.13301
1202340225 117.09767 40.133
1202340525 117.09768 40.13299
1202340825 117.09769 40.13302
1202341125 117.0977 40.133
1202341425 117.09771 40.133
1202341725 117.09812 40.13326
1202342025 117.09785 40.13299
1202342325 117.09787 40.133
1202342625 117.09786 40.133
1202342925 117.09787 40.133
1202343225 117.09784 40.13294
1202343525 117.09795 40.13311
1202343825 117.09794 40.1331
1202344125 117.09792 40.13308
1202344425 117.09776 40.13283
1202344725 117.09784 40.133
1202345025 117.09783 40.13299
1202345325 117.09782 40.13294
1202345325 117.09782 40.13294
1202345625 117.09779 40.13296
1202345925 117.09779 40.13298
1202346225 117.09779 40.13298
1202346525 117.09769 40.13306
1202346825 117.09774 40.13301
1202347125 117.09774 40.13306
1202347425 117.09774 40.13311
1202347725 117.09779 40.13324
1202348025 117.09784 40.1328
1202348325 117.09786 40.13283
1202348624 117.09787 40.13283
1202348924 117.09785 40.13286
1202349224 117.09778 40.13291
1202349524 117.09803 40.13316
1202350424 117.0977 40.13295
1202350724 117.09775 40.13334
1202351024 117.0982 40.13328
1202351324 117.09742 40.1333
1202351624 117.09759 40.13321
1202352524 117.09774 40.13296
1202352824 117.09774 40.13296
1202353124 117.09774 40.13298
1202353424 117.09774 40.13297
1202353724 117.09774 40.13298
1202354024 117.09774 40.13298
1202354024 117.09774 40.13298
1202354324 117.09774 40.13298
1202354624 117.09774 40.13297
1202354924 117.09775 40.13295
1202355224 117.09776 40.1329
1202355524 117.09776 40.13285
1202355824 117.0977 40.13292
1202356124 117.0977 40.13293
1202356424 117.09787 40.13289
1202356724 117.09786 40.13289
1202357024 117.09786 40.13289
1202357324 117.0978 40.13284
1202357624 117.09785 40.1329
1202357624 117.09785 40.1329
1202357924 117.09788 40.13293
1202358224 117.09789 40.13296
1202358524 117.09789 40.13297
1202358824 117.098 40.13304
1202359124 117.09788 40.13299
1202359724 117.09778 40.13223
1202360024 117.0979 40.13331
1202360324 117.09758 40.13291
1202360624 117.0979 40.13273
1202360924 117.09781 40.1329
1202361224 117.09782 40.1329
1202361524 117.0978 40.13289
1202361824 117.09782 40.13276
1202362124 117.09776 40.13278
1202362724 117.09787 40.13295
1202362724 117.09787 40.13295
1202363024 117.09738 40.13296
1202363324 117.09796 40.13309
1202363623 117.09751 40.13271
1202363923 117.09765 40.13282
1202364223 117.09766 40.13284
1202364523 117.09771 40.13297
1202364823 117.09778 40.13296
1202365123 117.09775 40.13295
1202365423 117.09773 40.13294
1202365723 117.09773 40.13293
1202366023 117.09769 40.13285
1202366323 117.0977 40.13289
1202366623 117.09772 40.13291
1202366923 117.09774 40.13292
1202367223 117.09775 40.13291
1202367523 117.09771 40.13263
1202368123 117.09787 40.13298
1202368423 117.09763 40.13323
1202368723 117.09787 40.13293
1202369023 117.09778 40.13268
1202369323 117.09765 40.1328
1202369623 117.0978 40.13277
1202370223 117.09779 40.133
1202370523 117.09778 40.13299
1202370823 117.09778 40.13299
1202371123 117.09779 40.13299
1202371423 117.09779 40.13298
1202371423 117.09779 40.13298
1202371723 117.09778 40.13299
1202371723 117.09778 40.13299
1202372023 117.09778 40.13299
1202372323 117.09785 40.13322
1202372623 117.09791 40.13286
1202372923 117.09788 40.13294
1202373223 117.09784 40.13287
1202373523 117.09786 40.13278
1202373823 117.0976 40.13274
1202374123 117.09784 40.13253
1202374423 117.09781 40.13257
1202374723 117.0978 40.1326
1202375023 117.09789 40.13261
1202375323 117.09769 40.13283
1202375623 117.09772 40.13284
1202375923 117.09786 40.13276
1202376223 117.09785 40.13283
1202376523 117.09784 40.13285
1202376823 117.09788 40.13305
1202377123 117.09789 40.13302
1202377423 117.09786 40.13281
1202377723 117.09798 40.13285
1202378022 117.09774 40.13305
1202378322 117.09777 40.13296
1202378622 117.08979 40.13707
1202379222 117.01383 40.15888
1202379522 117.01473 40.21768
1202379822 116.99773 40.24022
1202380122 116.99782 40.24023
1202380422 116.9978 40.24024
1202380422 116.9978 40.24024
1202380722 116.99777 40.24026
1202381022 116.9978 40.2403
1202381322 116.99778 40.24032
1202381922 116.99779 40.24055
1202382222 116.99778 40.24054
1202382522 116.99777 40.24051
1202382822 116.99777 40.24049
1202383122 116.99776 40.24046
1202383422 116.99776 40.24044
1202383722 116.99775 40.24044
1202384022 116.99775 40.24043
1202384322 116.99775 40.24043
1202384622 116.99774 40.24042
1202384922 116.99774 40.24041
1202385222 116.99774 40.24041
1202385522 116.99775 40.24041
1202385822 116.99775 40.24042
1202386122 116.99776 40.24042
1202386422 116.99776 40.24041
1202386722 116.99776 40.24041
1202387022 116.99777 40.24041
1202387322 116.99777 40.2404
1202387622 116.99778 40.2404
1202387922 116.99778 40.2404
1202388222 116.99778 40.24039
1202388522 116.99778 40.24039
1202388822 116.99778 40.24038
1202389122 116.99778 40.24038
1202389122 116.99778 40.24038
1202389422 116.99778 40.24038
1202389722 116.99778 40.24038
1202390022 116.99777 40.24038
1202390322 116.99777 40.24038
1202390622 116.99777 40.24039
1202390922 116.99777 40.24039
1202391222 116.99777 40.24039
1202391522 117.00185 40.24001
1202391822 117.00185 40.24
1202392122 117.00187 40.24005
1202392422 117.00187 40.24006
1202392721 117.00187 40.24006
1202393021 117.00186 40.24006
1202393321 117.00186 40.24005
1202393621 117.00185 40.24004
1202393921 117.00185 40.24005
1202394221 117.00184 40.24005
1202394521 117.00184 40.24003
1202394821 117.00183 40.24002
1202395121 117.00182 40.24001
1202395421 117.00181 40.24
1202395721 117.00181 40.23999
1202396021 117.00181 40.23999
1202396321 117.00182 40.23999
1202396621 117.00182 40.23999
1202396921 117.00182 40.23999
1202397221 116.99775 40.24026
1202397521 116.99775 40.24031
1202397821 116.99776 40.24033
1202397821 116.99776 40.24033
1202398121 116.99778 40.24034
1202398421 116.99777 40.24035
1202398721 116.99777 40.24034
1202399021 116.99777 40.24034
1202399321 116.99778 40.24032
1202399621 116.99779 40.24031
1202399921 116.99779 40.2403
1202400221 116.9978 40.24029
1202400521 116.9978 40.24029
1202400821 116.9978 40.2403
1202401121 116.9978 40.2403
1202401421 116.9978 40.2403
1202401721 116.9978 40.2403
1202402021 116.9978 40.24031
1202402321 116.9978 40.2403
1202402621 116.9978 40.2403
1202402921 116.9978 40.24029
1202403221 116.9978 40.24029
1202403521 116.99779 40.24028
1202403821 116.9978 40.24028
1202404121 116.9978 40.24028
1202404421 116.9978 40.24029
1202404721 116.9978 40.24029
1202405021 116.9978 40.2403
1202405321 116.9978 40.2403
1202405621 116.99781 40.24031
1202405921 116.99781 40.24031
1202406221 116.99781 40.24031
1202406521 116.99781 40.24031
1202406521 116.99781 40.24031
1202406821 116.99781 40.24031
1202407120 116.9978 40.24032
1202407420 116.9978 40.24032
1202407720 116.9978 40.24032
1202408020 116.9978 40.24032
1202408320 116.9978 40.24033
1202408620 116.9978 40.24033
1202408920 116.9978 40.24033
1202409220 116.9978 40.24034
1202409520 117.00251 40.24009
1202409820 117.00851 40.20202
1202410120 117.01557 40.14746
1202410420 117.05584 40.14492
1202410720 117.10483 40.14357
1202411020 117.09233 40.13534
1202411320 117.09183 40.13521
1202411620 117.09184 40.1352
1202411920 117.09166 40.13534
1202412220 117.0917 40.13531
1202412520 117.09161 40.13526
1202412820 117.09167 40.13522
1202413120 117.09193 40.13503
1202413420 117.09193 40.13503
1202413720 117.09193 40.13503
1202414020 117.09193 40.13503
1202414320 117.09193 40.13503
1202414620 117.09179 40.13559
1202414920 117.09178 40.13559
1202415220 117.09175 40.13558
1202415220 117.09175 40.13558
1202415520 117.09174 40.13558
1202415820 117.09174 40.13559
1202416120 117.09175 40.13559
1202416420 117.09176 40.13558
1202416720 117.09173 40.13559
1202417020 117.09182 40.1356
1202417320 117.09172 40.13557
1202417620 117.09189 40.13556
1202417920 117.09174 40.13557
1202418211 117.0977 40.13303
1202418226 117.0977 40.13303
1202418521 117.09176 40.13557
1202418821 117.09318 40.13537
1202419120 117.09703 40.13302
1202419420 117.08993 40.13512
1202419720 117.09767 40.13246
1202420020 117.08497 40.13604
1202420320 117.08503 40.13606
1202420620 117.08499 40.13607
1202420920 117.08498 40.13607
1202421220 117.08494 40.13606
1202421520 117.08483 40.13596
1202421820 117.08486 40.136
1202422119 117.08483 40.136
1202422419 117.08485 40.13603
1202422719 117.08486 40.13603
1202423019 117.08511 40.13584
1202423319 117.08491 40.13591
1202423619 117.08451 40.13577
1202423919 117.08461 40.13581
1202423919 117.08461 40.13581
1202424219 117.08461 40.13578
1202424519 117.0848 40.1362
1202424819 117.08479 40.13621
1202425119 117.08482 40.13614
1202425419 117.08484 40.13614
1202425719 117.08486 40.13619
1202426019 117.08487 40.13622
1202426319 117.08487 40.13622
1202426619 117.08487 40.13622
1202426919 117.08488 40.13622
1202427219 117.08489 40.1362
1202427519 117.0849 40.13619
1202427819 117.0849 40.13618
1202428119 117.08491 40.13617
1202428419 117.08511 40.13636
1202428719 117.08494 40.13606
1202429019 117.08493 40.13612
1202429319 117.08493 40.13615
1202429619 117.08492 40.13615
1202429919 117.08493 40.13614
1202430219 117.08493 40.13613
1202430519 117.08492 40.13612
1202430819 117.08492 40.13611
1202431119 117.08491 40.1361
1202431419 117.08491 40.1361
1202431719 117.0849 40.1361
1202432019 117.0849 40.13609
1202432319 117.08494 40.13609
1202432619 117.08493 40.13607
1202432619 117.08493 40.13607
1202432919 117.08493 40.13607
1202433219 117.08492 40.13607
1202433519 117.08492 40.13607
1202433819 117.08492 40.13606
1202434119 117.08491 40.13606
1202434419 117.08491 40.13606
1202434719 117.08491 40.13605
1202435019 117.08491 40.13604
1202435319 117.0849 40.13604
1202435619 117.0849 40.13605
1202435919 117.0849 40.13606
1202437418 117.0849 40.13605
1202438918 117.08501 40.13615
1202439218 117.08501 40.13618
1202439518 117.08499 40.13616
1202439818 117.08495 40.13615
1202440118 117.08494 40.13614
1202440418 117.08492 40.13612
1202440718 117.08492 40.13611
1202441018 117.08496 40.13603
1202441318 117.08495 40.13603
1202441318 117.08495 40.13603
1202441618 117.08483 40.13604
1202441918 117.08499 40.13588
1202442218 117.08495 40.13595
1202442518 117.08493 40.13598
1202442818 117.08512 40.13577
1202443118 117.08495 40.13592
1202443418 117.08495 40.13594
1202443718 117.08496 40.13597
1202444018 117.08495 40.13599
1202444318 117.08495 40.136
1202444618 117.08495 40.13601
1202444918 117.08496 40.13601
1202445518 117.08497 40.13602
1202445818 117.08506 40.13597
1202446118 117.08503 40.13605
1202446418 117.08513 40.13596
1202446718 117.08509 40.13597
1202447018 117.08475 40.13596
1202447318 117.08481 40.13598
1202447618 117.08485 40.136
1202447918 117.08485 40.136
1202448218 117.08484 40.13601
1202448518 117.08484 40.13602
1202448818 117.08474 40.13601
1202449118 117.08474 40.13601
1202449418 117.08473 40.13601
1202449718 117.08475 40.136
1202450018 117.08504 40.13607
1202450018 117.08504 40.13607
1202450318 117.08476 40.13605
1202450618 117.0848 40.13604
1202450918 117.08482 40.13605
1202451218 117.08484 40.13605
1202451518 117.08486 40.13605
1202451817 117.08484 40.13609
1202452117 117.08487 40.13606
1202452417 117.08489 40.13605
1202452717 117.0849 40.13605
1202453017 117.0849 40.13605
1202453317 117.0849 40.13604
1202453617 117.08491 40.13603
1202453917 117.08491 40.13603
1202454217 117.08492 40.13633
1202454517 117.08502 40.13607
1202454817 117.08501 40.1361
1202455117 117.085 40.1361
1202455417 117.085 40.13611
1202455717 117.085 40.13611
1202456017 117.08499 40.13609
1202456317 117.08499 40.13608
1202456617 117.085 40.13605
1202456917 117.08499 40.13605
1202457217 117.08499 40.13605
1202457517 117.08499 40.13606
1202457817 117.08498 40.13606
1202458117 117.08499 40.13606
1202458417 117.08499 40.13606
1202458717 117.08498 40.13606
1202458717 117.08498 40.13606
1202459017 117.08498 40.13606
1202459317 117.08498 40.13606
1202459617 117.08498 40.13606
1202459917 117.08498 40.13606
1202460217 117.08498 40.13605
1202460517 117.08498 40.13605
1202460817 117.08497 40.13605
1202461117 117.08497 40.13605
1202461417 117.08484 40.13602
1202461717 117.08498 40.13596
1202462017 117.08497 40.13595
1202462317 117.08498 40.13595
1202462617 117.08496 40.13595
1202462917 117.08496 40.13595
1202463217 117.08496 40.13594
1202463517 117.08496 40.13594
1202463817 117.08495 40.13594
1202464117 117.08495 40.13594
1202464417 117.08495 40.13594
1202464717 117.08488 40.13598
1202465017 117.08488 40.13601
1202465317 117.08486 40.13602
1202465617 117.08486 40.13603
1202465917 117.08486 40.13604
1202466217 117.08449 40.13568
1202466516 117.08486 40.13612
1202466816 117.08474 40.13601
1202467116 117.08483 40.13613
1202467416 117.08491 40.13621
1202467416 117.08491 40.13621
1202467716 117.08505 40.13628
1202468016 117.08497 40.13645
1202468316 117.08493 40.13635
1202468616 117.08496 40.13612
1202468916 117.0849 40.13612
1202469216 117.08488 40.13612
1202469516 117.0849 40.13613
1202469816 117.08494 40.13609
1202470116 117.08251 40.13482
1202470416 117.08255 40.13483
1202470716 117.08818 40.13532
1202471016 117.08942 40.14478
1202471316 117.05475 40.14516
1202471616 117.02915 40.13524
1202471916 117.02918 40.13526
1202472216 117.02761 40.13515
1202472516 117.02761 40.13516
1202472816 117.02845 40.13606
1202473116 117.01448 40.15489
1202473416 116.98249 40.18133
1202473716 116.95579 40.19071
1202474016 116.95408 40.18898
1202474316 116.95407 40.18898
1202474616 116.95409 40.18897
1202474916 116.9541 40.18897
1202475216 116.9541 40.18896
1202475516 116.9541 40.18897
1202476116 116.95409 40.18898
1202476116 116.95409 40.18898
1202476416 116.95408 40.18899
1202476716 116.95421 40.18892
1202477016 116.95405 40.18908
1202477316 116.95404 40.18908
1202477616 116.95404 40.18908
1202477916 116.95404 40.18906
1202478216 116.95404 40.18907
1202478516 116.95405 40.18907
1202478816 116.95405 40.18907
1202479116 116.95405 40.18907
1202479416 116.95405 40.18907
1202479716 116.95405 40.18907
1202480016 116.95405 40.18907
1202480316 116.95405 40.18907
1202480616 116.95405 40.18907
1202480916 116.95404 40.18906
1202481215 116.95404 40.18906
1202481515 116.95404 40.18906
1202481815 116.95404 40.18906
1202482115 116.95404 40.18906
1202482415 116.95404 40.18906
1202482715 116.95404 40.18906
1202483015 116.95404 40.18906
1202483315 116.95404 40.18906
1202483615 116.95404 40.18906
1202483915 116.95404 40.18906
1202484215 116.95404 40.18906
1202484515 116.95404 40.18906
1202484815 116.95403 40.18907
1202484815 116.95403 40.18907
1202485115 116.95403 40.18907
1202485415 116.95399 40.18919
1202485715 116.95402 40.18916
1202486015 116.95403 40.18915
1202486315 116.95406 40.18909
1202486615 116.95408 40.18905
1202486915 116.95409 40.18903
1202487215 116.95409 40.18903
1202487515 116.9541 40.18903
1202488115 116.95413 40.18893
1202488415 116.95412 40.18894
1202488715 116.95411 40.18893
1202489015 116.95411 40.18894
1202489315 116.9541 40.18894
1202489615 116.9541 40.18895
1202489915 116.9541 40.18896
1202490515 116.9541 40.18898
1202490815 116.9541 40.18899
1202491115 116.95693 40.19074
1202491415 116.97935 40.18903
1202491715 116.9993 40.18686
1202492015 116.97276 40.18955
1202492315 116.95917 40.19062
