UTS Latitude Longitude
1201959355 116.40944 40.17469
1201959637 116.41251 40.17759
1201959657 116.41251 40.17759
1201959959 116.41251 40.17759
1201960241 116.41263 40.17761
1201960260 116.41263 40.17761
1201960562 116.41263 40.17761
1201960844 116.41263 40.17761
1201960863 116.41263 40.17761
1201961165 116.41271 40.17761
1201961447 116.39861 40.16201
1201961467 116.39566 40.1613
1201961768 116.38377 40.14846
1201962051 116.38302 40.1744
1201962070 116.38568 40.17435
1201962372 116.41272 40.17758
1201962654 116.41272 40.17758
1201962673 116.41272 40.17758
1201962975 116.41272 40.17758
1201963257 116.41272 40.17758
1201963277 116.41272 40.17758
1201963578 116.41272 40.17758
1201963861 116.41272 40.17758
1201963880 116.41272 40.17758
1201964182 116.41272 40.17758
1201964464 116.41269 40.17756
1201964785 116.4127 40.17756
1201965087 116.4127 40.17756
1201965388 116.4127 40.17756
1201965671 116.4127 40.17756
1201965690 116.4127 40.17756
1201965992 116.4127 40.17756
1201966274 116.4127 40.17756
1201966293 116.4127 40.17756
1201966293 116.4127 40.17756
1201966595 116.4127 40.17756
1201966877 116.4127 40.17756
1201966877 116.4127 40.17756
1201966897 116.4127 40.17756
1201967198 116.4127 40.17756
1201967480 116.4127 40.17756
1201967500 116.4127 40.17756
1201967802 116.4127 40.17756
1201968084 116.4127 40.17756
1201968103 116.4127 40.17756
1201968405 116.4127 40.17756
1201968687 116.4127 40.17756
1201968706 116.4127 40.17756
1201969008 116.4127 40.17756
1201969290 116.4127 40.17756
1201969310 116.4127 40.17756
1201969611 116.4127 40.17756
1201969894 116.4127 40.17756
1201969913 116.4127 40.17756
1201970215 116.41272 40.17756
1201970497 116.41272 40.17756
1201970516 116.41272 40.17756
1201970818 116.41272 40.17756
1201971100 116.41272 40.17756
1201971120 116.41272 40.17756
1201971420 116.41289 40.17752
1201971703 116.41286 40.17753
1201971722 116.41286 40.17753
1201972024 116.41286 40.17753
1201972325 116.43805 40.1656
1201972627 116.4413 40.15255
1201972929 116.43645 40.17454
1201973230 116.41276 40.17761
1201973532 116.41276 40.17761
1201973834 116.41276 40.17761
1201973834 116.41276 40.17761
1201974116 116.41276 40.17761
1201974135 116.41276 40.17761
1201974739 116.41276 40.17761
1201975040 116.41276 40.17761
1201975342 116.41276 40.17761
1201975644 116.41276 40.17761
1201975926 116.41276 40.17761
1201975945 116.41276 40.17761
1201976247 116.41276 40.17761
1201976529 116.41276 40.17761
1201976549 116.41276 40.17761
1201976850 116.41277 40.17759
1201977152 116.41277 40.17759
1201977453 116.41277 40.17759
1201977736 116.41277 40.17759
1201978057 116.41277 40.17759
1201978339 116.41277 40.17759
1201978358 116.41277 40.17759
1201978660 116.41277 40.17759
1201978942 116.41277 40.17759
1201978962 116.41277 40.17759
1201979263 116.41277 40.17759
1201979546 116.41277 40.17759
1201979565 116.41277 40.17759
1201979867 116.41277 40.17759
1201980149 116.41277 40.17759
1201980168 116.41277 40.17759
1201980470 116.41277 40.17759
1201980752 116.41277 40.17759
1201980772 116.41277 40.17759
1201981073 116.41277 40.17759
1201981356 116.41277 40.17759
1201981375 116.41277 40.17759
1201981375 116.41277 40.17759
1201981677 116.40939 40.17482
1201981959 116.40137 40.1667
1201981978 116.40138 40.16667
1201982280 116.40138 40.16667
1201982562 116.40138 40.16667
1201982582 116.40138 40.16667
1201982883 116.40138 40.16667
1201983166 116.40138 40.16667
1201983185 116.40138 40.16667
1201983487 116.40138 40.16667
1201983769 116.40138 40.16667
1201983788 116.40138 40.16667
1201984090 116.40138 40.16667
1201984392 116.38132 40.15999
1201984693 116.37502 40.16119
1201984975 116.37502 40.16119
1201984995 116.37502 40.16119
1201985297 116.38132 40.14617
1201985398 116.38104 40.14523
1201985458 116.38103 40.14523
1201988559 116.34832 40.13516
1201989162 116.34699 40.14371
1201989444 116.34699 40.14371
1201989625 116.34699 40.14371
1201993407 116.35255 40.13495
1201993709 116.38161 40.15711
1201993793 116.37709 40.15593
1201994011 116.3785 40.15686
1201994312 116.38124 40.17409
1201994396 116.3875 40.17436
1201994614 116.41146 40.17769
1201994915 116.41265 40.17756
1201995000 116.41265 40.17756
1201995217 116.41265 40.17756
1201995519 116.41265 40.17756
1201995603 116.41265 40.17756
1201995820 116.41265 40.17756
1201996122 116.41265 40.17756
1201996725 116.40664 40.18194
1201996810 116.40606 40.18182
1201997027 116.43005 40.17488
1201997329 116.49206 40.17831
1201997329 116.49206 40.17831
1201997413 116.49189 40.17839
1201997630 116.46623 40.17514
1201997932 116.4219 40.17605
1201998016 116.41146 40.17771
1201998234 116.40035 40.1754
1201998535 116.38084 40.17572
1201998619 116.38194 40.1707
1201998837 116.37817 40.15676
1202005749 116.37703 39.78973
1202005749 116.37703 39.78973
1202038107 116.38167 40.15739
1202038409 116.40591 40.14875
1202038710 116.40613 40.09938
1202039000 116.40658 40.07237
1202039012 116.40635 40.07114
1202039314 116.40672 40.06564
1202039603 116.40623 40.05076
1202039615 116.40622 40.05075
1202039917 116.40346 40.02853
1202040206 116.40813 40.00796
1202040218 116.40846 40.00796
1202040520 116.40423 40.00156
1202040809 116.41022 40.011
1202040822 116.41058 40.01307
1202041123 116.41459 40.03125
1202041123 116.41459 40.03125
1202041413 116.43943 40.03609
1202041413 116.43943 40.03609
1202041425 116.43965 40.03633
1202041727 116.45156 40.03896
1202042016 116.48933 40.04075
1202042028 116.4894 40.04075
1202042330 116.45633 40.03897
1202042619 116.43976 40.03712
1202042632 116.44002 40.03692
1202043223 116.43416 40.03379
1202043235 116.43416 40.03379
1202043537 116.42332 40.0397
1202043826 116.40887 40.03977
1202043839 116.40832 40.04088
1202044140 116.4108 40.06229
1202044429 116.40965 40.07283
1202044442 116.40965 40.07283
1202044743 116.40734 40.08907
1202045033 116.40788 40.09637
1202045045 116.40788 40.09637
1202045347 116.40816 40.11539
1202045636 116.40395 40.13672
1202045648 116.40395 40.13672
1202045950 116.40135 40.17273
1202046239 116.41245 40.1776
1202046252 116.41245 40.1776
1202046553 116.41245 40.1776
1202046842 116.41245 40.1776
1202046855 116.41245 40.1776
1202047157 116.41245 40.1776
1202047446 116.41245 40.1776
1202047760 116.41245 40.1776
1202048049 116.41245 40.1776
1202048061 116.41245 40.1776
1202048651 116.41245 40.1776
1202048664 116.41245 40.1776
1202048965 116.41245 40.1776
1202049255 116.41245 40.1776
1202049267 116.41245 40.1776
1202049569 116.41245 40.1776
1202049858 116.41245 40.1776
1202049870 116.41245 40.1776
1202050172 116.41245 40.1776
1202050461 116.41245 40.1776
1202050474 116.41245 40.1776
1202050775 116.39809 40.17496
1202051065 116.38652 40.17275
1202051077 116.38652 40.17275
1202051379 116.38652 40.17275
1202051668 116.38679 40.17232
1202051680 116.38676 40.17214
1202052271 116.37733 40.15607
1202052284 116.37725 40.15574
1202062728 116.38225 40.1692
1202062957 116.4006 40.17529
1202063030 116.40918 40.17658
1202063332 116.41239 40.17761
1202063561 116.41239 40.17761
1202063633 116.41239 40.17761
1202063935 116.41237 40.17756
1202064164 116.41237 40.17756
1202064237 116.41237 40.17756
1202064538 116.41237 40.17756
1202064767 116.41237 40.17756
1202064840 116.41237 40.17756
1202065141 116.41237 40.17756
1202065443 116.41262 40.17752
1202065745 116.41262 40.17752
1202065974 116.41262 40.17752
1202066046 116.41247 40.17754
1202066348 116.40682 40.17633
1202066348 116.40682 40.17633
1202066577 116.40474 40.15095
1202066650 116.40362 40.13765
1202066951 116.40068 40.10264
1202067180 116.36297 40.09891
1202067253 116.35862 40.0965
1202067555 116.34355 40.07951
1202067784 116.34866 40.07934
1202067856 116.35691 40.0796
1202068025 116.36134 40.07788
1202075947 116.36032 40.08227
1202076249 116.35916 40.09829
1202076357 116.3673 40.09926
1202076550 116.38531 40.10123
1202076852 116.40616 40.10516
1202076960 116.40583 40.11585
1202077154 116.40294 40.13355
1202077455 116.40181 40.1638
1202077564 116.4037 40.17595
1202077757 116.41315 40.17769
1202078059 116.40714 40.18184
1202078167 116.40713 40.18178
1202078360 116.40717 40.18178
1202078662 116.40717 40.18178
1202078770 116.40717 40.18178
1202078964 116.40708 40.18177
1202079265 116.40708 40.18177
1202079374 116.40708 40.18177
1202079869 116.40708 40.18177
1202079977 116.40708 40.18177
1202080170 116.40708 40.18177
1202080472 116.40708 40.18177
1202080580 116.40708 40.18177
1202080774 116.40708 40.18177
1202081075 116.40708 40.18177
1202081183 116.40708 40.18177
1202081377 116.40708 40.18177
1202081678 116.40708 40.18177
1202081787 116.40708 40.18177
1202081980 116.40708 40.18177
1202082282 116.40708 40.18177
1202082583 116.40708 40.18177
1202082885 116.40708 40.18177
1202082993 116.40707 40.18178
1202083187 116.40272 40.17583
1202083488 116.38233 40.16843
1202083597 116.38232 40.1678
1202083790 116.37708 40.15596
1202122300 116.37709 40.15598
1202122602 116.37709 40.15598
1202122707 116.37709 40.15598
1202122904 116.37707 40.15603
1202123205 116.37707 40.15603
1202123311 116.37707 40.15603
1202123507 116.37707 40.15603
1202123809 116.37707 40.15603
1202123914 116.37707 40.15603
1202124110 116.37707 40.15603
1202124412 116.37981 40.15695
1202124517 116.38225 40.16649
1202124714 116.38531 40.17563
1202124861 116.38522 40.17605
1202126766 116.38491 40.17617
1202127176 116.38542 40.17532
1202127369 116.3819 40.17441
1202127671 116.37946 40.15688
1202127779 116.37725 40.15742
1202127973 116.37725 40.15742
1202128182 116.37707 40.15596
1202134012 116.37983 40.15556
1202134313 116.34726 40.1383
1202134542 116.34849 40.1351
1202134615 116.36575 40.1349
1202134917 116.38209 40.1651
1202135146 116.40932 40.1766
1202135218 116.41235 40.17757
1202135520 116.41235 40.17757
1202135749 116.41235 40.17757
1202135822 116.41235 40.17757
1202136123 116.41235 40.17757
1202136352 116.41235 40.17757
1202136425 116.41238 40.17761
1202136727 116.41149 40.17776
1202136956 116.41736 40.17485
1202137028 116.41549 40.17026
1202137330 116.42828 40.17513
1202137559 116.48266 40.1728
1202137632 116.49862 40.16755
1202137933 116.52001 40.12397
1202138162 116.56142 40.12231
1202138235 116.57621 40.1198
1202138537 116.57625 40.08248
1202140082 116.50916 40.16365
1202140197 116.50901 40.1642
1202140384 116.50901 40.1642
1202140686 116.49492 40.1688
1202140800 116.47052 40.17495
1202140987 116.4286 40.17508
1202141289 116.41268 40.17758
1202141403 116.41268 40.17758
1202141591 116.40125 40.1717
1202141892 116.40338 40.12237
1202142007 116.41983 40.11627
1202142194 116.42789 40.09386
1202142496 116.42231 40.07279
1202142610 116.40697 40.07297
1202142797 116.40749 40.0878
1202143099 116.40763 40.08777
1202143213 116.40646 40.10273
1202143401 116.4028 40.13311
1202143702 116.40132 40.17296
1202143817 116.41158 40.17769
1202144004 116.4118 40.17774
1202144306 116.4118 40.17774
1202144420 116.4118 40.17774
1202144607 116.4118 40.17774
1202144909 116.4118 40.17774
1202145023 116.4118 40.17774
1202145210 116.4118 40.17774
1202145512 116.4118 40.17774
1202145627 116.4118 40.17774
1202145813 116.4118 40.17774
1202145813 116.4118 40.17774
1202146114 116.4124 40.17761
1202146229 116.4124 40.17761
1202146416 116.4124 40.17761
1202146718 116.4124 40.17761
1202146832 116.4124 40.17761
1202147019 116.4124 40.17761
1202147321 116.4124 40.17761
1202147435 116.4124 40.17761
1202147623 116.4124 40.17761
1202147924 116.4124 40.17761
1202148039 116.4124 40.17761
1202148226 116.4124 40.17761
1202148642 116.4124 40.17761
1202148829 116.4124 40.17761
1202149131 116.4124 40.17761
1202149245 116.4124 40.17761
1202149433 116.4124 40.17761
1202149734 116.4124 40.17761
1202149849 116.4124 40.17761
1202150036 116.39899 40.16209
1202150338 116.47759 40.14812
1202150452 116.47846 40.10854
1202150452 116.47846 40.10854
1202150639 116.47649 40.04896
1202150941 116.4378 39.98903
1202151055 116.42425 39.96845
1202151243 116.41866 39.96496
1202151544 116.41909 39.95163
1202151846 116.4193 39.94325
1202152148 116.42719 39.93949
1202152262 116.43845 39.9398
1202152449 116.45579 39.94216
1202152751 116.43734 39.96372
1202152865 116.43148 39.96757
1202153052 116.43863 39.98913
1202153354 116.47659 40.04746
1202153469 116.47556 40.07831
1202153656 116.47713 40.13795
1202153957 116.39619 40.15912
1202154072 116.40137 40.16263
1202154259 116.40979 40.17666
1202154561 116.42494 40.17008
1202154675 116.41758 40.17649
1202154862 116.39641 40.17465
1202155164 116.37878 40.15684
1202209129 116.38136 40.14561
1202209418 116.35115 40.135
1202209430 116.34945 40.13508
1202209732 116.34728 40.14371
1202210021 116.34728 40.14371
1202210034 116.34728 40.14371
1202210335 116.34728 40.14371
1202210625 116.34779 40.14004
1202210637 116.34745 40.13927
1202210939 116.38104 40.14524
1202211228 116.38164 40.15684
1202211240 116.38125 40.15707
1202211542 116.37727 40.15744
1202211831 116.37731 40.15697
1202211844 116.37731 40.15697
1202212115 116.37711 40.15598
1202222198 116.37733 40.15749
1202222499 116.38122 40.17427
1202222540 116.37599 40.17456
1202222801 116.31729 40.16953
1202223103 116.26695 40.18883
1202223144 116.26287 40.19029
1202223404 116.23475 40.20306
1202223706 116.22737 40.2182
1202223747 116.22734 40.2182
1202224008 116.2273 40.21813
1202224309 116.22889 40.21964
1202227224 116.22913 40.21953
1202227524 116.2347 40.19941
1202227733 116.25589 40.19054
1202227826 116.26701 40.18725
1202228337 116.35849 40.1722
1202228429 116.37631 40.17442
1202228731 116.37729 40.15745
1202229037 116.3771 40.15594
1202229037 116.3771 40.15594
1202229061 116.3771 40.15594
1202229337 116.3771 40.15594
1202240606 116.38234 40.16803
1202240834 116.39751 40.1748
1202240908 116.40537 40.17614
1202241209 116.41403 40.17774
1202241437 116.41403 40.17774
1202241511 116.41403 40.17774
1202241511 116.41403 40.17774
1202241813 116.41403 40.17774
1202242041 116.41403 40.17774
1202242114 116.41403 40.17774
1202242416 116.40693 40.18175
1202242644 116.40693 40.18175
1202242718 116.40693 40.18175
1202243019 116.40693 40.18175
1202243247 116.40693 40.18175
1202243247 116.40693 40.18175
1202243321 116.40693 40.18175
1202243623 116.40055 40.17552
1202243850 116.38229 40.16718
1202243924 116.3819 40.1607
1202244226 116.3694 40.16023
1202244454 116.38183 40.15947
1202244528 116.37729 40.15763
1202244829 116.3773 40.15746
1202245057 116.3773 40.15746
1202245131 116.3773 40.15746
1202245432 116.3773 40.15746
1202245734 116.3773 40.15746
1202245902 116.3771 40.15595
1202308973 116.37733 40.1574
1202310432 116.37865 40.15722
1202310606 116.3771 40.15596
1202383952 116.37705 40.15608
1202384543 116.37705 40.15608
1202384556 116.37705 40.15608
1202384857 116.37705 40.15608
1202385147 116.3803 40.15697
1202385159 116.38159 40.15707
1202385461 116.3458 40.17002
1202385762 116.34761 40.21159
1202386064 116.29372 40.20731
1202386352 116.28971 40.21605
1202386365 116.28971 40.21605
1202386666 116.29082 40.21562
1202386956 116.31581 40.20353
1202386968 116.31758 40.20365
1202387270 116.35536 40.20526
1202387559 116.38185 40.1863
1202387571 116.38185 40.18481
1202387873 116.38529 40.17593
1202388162 116.38529 40.17593
1202388175 116.38529 40.17593
1202388766 116.38529 40.17593
1202388778 116.38529 40.17593
1202389080 116.38529 40.17593
1202389369 116.3819 40.1607
1202389381 116.38187 40.15991
1202389683 116.3771 40.15594
1202389972 116.3771 40.15594
1202389985 116.3771 40.15594
1202389985 116.3771 40.15594
1202390286 116.3771 40.15594
1202390575 116.3771 40.15594
1202390588 116.3771 40.15594
1202390889 116.3771 40.15594
1202391179 116.3771 40.15594
1202391191 116.3771 40.15594
1202391493 116.3771 40.15594
1202391782 116.3771 40.15594
1202391794 116.3771 40.15594
1202392100 116.3771 40.15594
1202392385 116.3771 40.15594
1202392398 116.3771 40.15594
1202392699 116.3771 40.15594
1202392989 116.37712 40.15577
1202393001 116.37721 40.15573
1202393156 116.37709 40.15594
1202414973 116.37703 40.15599
1202415275 116.37704 40.15599
1202415383 116.37704 40.15599
1202415576 116.38071 40.15704
1202415878 116.37426 40.17437
1202415986 116.35579 40.17179
1202416180 116.34288 40.18458
1202416481 116.34719 40.21134
1202416590 116.33396 40.20245
1202416783 116.30494 40.20501
1202417084 116.28905 40.21724
1202417192 116.28907 40.21719
1202417385 116.28903 40.21749
1202417687 116.29063 40.21589
1202417795 116.2939 40.21027
1202417989 116.31142 40.20333
1202418290 116.34758 40.21152
1202418399 116.34671 40.2037
1202418894 116.38138 40.17324
1202419002 116.38178 40.15907
1202419195 116.38035 40.15698
1202419424 116.37709 40.15596
1202419731 116.37706 40.15593
1202420349 116.38126 40.15207
1202420635 116.37645 40.13512
1202427954 116.38028 40.15548
1202428115 116.37706 40.15595
1202478592 116.38128 40.14641
1202478821 116.37645 40.13509
1202490968 116.3773 40.15738
1202491076 116.37731 40.15694
1202491270 116.38174 40.14127
1202491571 116.34796 40.14243
1202491680 116.34693 40.14084
1202491873 116.3765 40.13506
