UTS Latitude Longitude
1201967475 116.47847 39.92683
1201967777 116.47561 39.92698
1201968079 116.4837 39.90357
1201968381 116.47967 39.85208
1201968683 116.44685 39.86029
1201968984 116.43784 39.8655
1201970016 116.3806 39.85404
1201970317 116.3808 39.85179
1201970619 116.38723 39.8554
1201970921 116.41236 39.85543
1201971223 116.43035 39.85765
1201971525 116.42582 39.85913
1201972128 116.40565 39.8717
1201972430 116.40717 39.87096
1201972732 116.39394 39.86507
1201973033 116.39298 39.88508
1201973335 116.41369 39.88473
1201973637 116.41453 39.88262
1201974241 116.45382 39.88032
1201974542 116.45207 39.87484
1201974844 116.46148 39.88102
1201975146 116.47315 39.883
1201975448 116.48386 39.90726
1201975750 116.50445 39.92186
1201976051 116.50637 39.92462
1201976353 116.50747 39.92682
1201977259 116.49511 39.93033
1201977560 116.47954 39.92175
1201982324 116.46818 39.99483
1201982626 116.46948 39.9963
1201982927 116.46658 39.98959
1201984618 116.46548 39.94695
1201984920 116.46676 39.93389
1201985222 116.45948 39.93242
1201985523 116.45783 39.93241
1201985825 116.4564 39.93246
1201986127 116.4552 39.9162
1201986429 116.45502 39.9085
1201986731 116.45516 39.88928
1201987032 116.4549 39.88415
1201987334 116.46095 39.88197
1201992558 116.44365 39.92151
1201992860 116.45167 39.91673
1201993161 116.45015 39.90281
1201993463 116.42547 39.89261
1201993765 116.3973 39.89121
1201994067 116.36979 39.88805
1201994369 116.35395 39.88813
1201994670 116.32359 39.88874
1201994972 116.3203 39.88583
1201995576 116.33928 39.88163
1201995877 116.34184 39.89272
1201995877 116.34184 39.89272
1201996179 116.32847 39.89254
1201996481 116.3215 39.88892
1201996783 116.35392 39.88796
1201997386 116.40657 39.89143
1201997688 116.41272 39.89246
1201997990 116.43855 39.89216
1201998292 116.42896 39.91349
1201998895 116.46332 39.91216
1201999197 116.45604 39.91016
1201999499 116.45512 39.91446
1201999801 116.45568 39.91438
1202000103 116.44662 39.92156
1202000404 116.43482 39.9228
1202000706 116.4116 39.94797
1202001008 116.34915 39.94028
1202001310 116.33822 39.9253
1202001611 116.34284 39.93096
1202001913 116.36698 39.93116
1202002215 116.39328 39.92539
1202002517 116.42553 39.92293
1202002819 116.43729 39.92092
1202003120 116.45247 39.90671
1202003421 116.47701 39.90686
1202003421 116.47701 39.90686
1202003723 116.55523 39.90802
1202004025 116.59477 39.90768
1202004930 116.63731 39.88416
1202005232 116.65497 39.88896
1202005836 116.66876 39.87789
1202006137 116.71549 39.86147
1202006439 116.71626 39.86129
1202006741 116.71626 39.86129
1202007345 116.71626 39.86129
1202007948 116.71626 39.86129
1202008552 116.71626 39.86129
1202008853 116.71626 39.86129
1202009155 116.71626 39.86129
1202010362 116.84185 39.74903
1202010664 116.88046 39.71266
1202010664 116.88046 39.71266
1202030215 116.89352 39.68687
1202030516 116.89352 39.68687
1202030818 116.89352 39.68687
1202031120 116.89352 39.68687
1202032576 116.76677 39.84019
1202032877 116.70395 39.86478
1202033179 116.66985 39.87713
1202033783 116.6262 39.89643
1202034085 116.60706 39.90567
1202034386 116.58604 39.9111
1202034688 116.58442 39.92387
1202034990 116.58552 39.92717
1202037042 116.46529 39.95328
1202037834 116.44489 39.93229
1202038136 116.45493 39.93241
1202038532 116.47198 39.92032
1202041914 116.41169 39.96757
1202042216 116.4297 39.96328
1202042518 116.44816 39.95634
1202042819 116.4595 39.95824
1202043121 116.46659 39.95373
1202043121 116.46659 39.95373
1202043121 116.46659 39.95373
1202043121 116.46659 39.95373
1202044408 116.30578 39.98748
1202044710 116.31173 39.97823
1202045011 116.31848 39.96808
1202045313 116.33107 39.96887
1202045919 116.36526 39.97348
1202046221 116.36342 39.98493
1202046523 116.40066 39.98684
1202047126 116.41846 39.96824
1202048971 116.33679 39.92196
1202049273 116.33015 39.931
1202049575 116.34945 39.93088
1202049877 116.37291 39.93145
1202050179 116.39907 39.93201
1202050479 116.42411 39.93219
1202050781 116.44822 39.93234
1202051083 116.4606 39.93224
1202051385 116.46081 39.92233
1202051687 116.46528 39.91245
1202051988 116.47202 39.92119
1202052290 116.45582 39.92876
1202052592 116.46089 39.92847
1202052894 116.45175 39.92208
1202053195 116.44363 39.92559
1202053497 116.45563 39.92331
1202053799 116.46343 39.92081
1202054403 116.48137 39.91015
1202054704 116.45494 39.90717
1202055006 116.44957 39.90714
1202055308 116.43854 39.90716
1202055610 116.4285 39.92056
1202055912 116.42771 39.94419
1202055912 116.42771 39.94419
1202056213 116.40235 39.95751
1202056515 116.42608 39.95444
1202056817 116.42826 39.95586
1202057122 116.43365 39.95109
1202057424 116.44429 39.94002
1202057725 116.46082 39.92989
1202057959 116.4663 39.92431
1202059024 116.46243 39.922
1202059326 116.45512 39.91806
1202059627 116.45211 39.90774
1202060868 116.4253 39.90696
1202061169 116.43477 39.90613
1202061471 116.44442 39.90429
1202062075 116.41477 39.89188
1202062376 116.41216 39.89513
1202062678 116.41154 39.89583
1202062980 116.41249 39.89921
1202063282 116.42853 39.89936
1202063584 116.47155 39.90334
1202063885 116.48005 39.89892
1202064187 116.47546 39.89922
1202064489 116.47038 39.89214
1202064791 116.46783 39.89213
1202065093 116.45572 39.896
1202065394 116.45704 39.9064
1202065696 116.48333 39.90676
1202065998 116.48385 39.9147
1202066300 116.48167 39.9565
1202066602 116.49508 39.9986
1202066903 116.55994 40.03186
1202067205 116.58278 40.07583
1202067507 116.58031 40.07635
1202067507 116.58031 40.07635
1202067809 116.57317 40.06317
1202068111 116.56287 40.07004
1202068412 116.56433 40.07123
1202068439 116.56433 40.07123
1202069363 116.56442 40.07122
1202069967 116.56442 40.07122
1202070269 116.56442 40.07122
1202070496 116.56442 40.07122
1202070802 116.56433 40.0712
1202070802 116.56433 40.0712
1202070802 116.56433 40.0712
1202070802 116.56433 40.0712
1202070802 116.56433 40.0712
1202072560 116.56434 40.07123
1202072862 116.56434 40.07123
1202073164 116.56434 40.07123
1202073466 116.56434 40.07123
1202073768 116.56434 40.07123
1202074069 116.56434 40.07123
1202074371 116.56434 40.07123
1202074673 116.56434 40.07123
1202074975 116.56419 40.07108
1202075277 116.56682 40.06387
1202075578 116.5754 40.06288
1202075880 116.57562 40.06287
1202076182 116.57562 40.06287
1202076484 116.57562 40.06287
1202076785 116.57562 40.06287
1202076785 116.57562 40.06287
1202077087 116.57562 40.06287
1202077389 116.57562 40.06287
1202077691 116.58259 40.06287
1202077993 116.58259 40.06287
1202078294 116.58232 40.06468
1202078596 116.58232 40.06468
1202078898 116.58232 40.06468
1202079502 116.58189 40.06725
1202079803 116.58085 40.07314
1202080105 116.58612 40.07683
1202080709 116.57041 40.0382
1202081011 116.49794 40.00135
1202081312 116.44734 39.98051
1202081614 116.38153 39.98664
1202081916 116.34655 39.98574
1202082218 116.33718 39.98751
1202083962 116.44487 39.96888
1202084264 116.44724 39.95688
1202084566 116.46244 39.94804
1202085399 116.43136 39.90989
1202085708 116.43506 39.90696
1202086828 116.49157 39.87416
1202087130 116.48405 39.88931
1202087432 116.46834 39.9067
1202087733 116.49028 39.9065
1202088087 116.52095 39.89201
1202088388 116.54409 39.90768
1202088388 116.54409 39.90768
1202088690 116.58945 39.90781
1202089294 116.63869 39.88717
1202089596 116.65484 39.88898
1202089897 116.66922 39.87752
1202090199 116.71935 39.86067
1202090501 116.77507 39.82464
1202091104 116.84418 39.74643
1202091406 116.87609 39.71825
1202120668 116.89392 39.68674
1202122577 116.71444 39.86221
1202122878 116.681 39.8709
1202123180 116.64545 39.87464
1202123482 116.63095 39.89133
1202123482 116.63095 39.89133
1202123784 116.6206 39.90575
1202124086 116.60178 39.91169
1202124387 116.57781 39.91297
1202134078 116.40396 39.9968
1202134380 116.41063 39.99494
1202134681 116.41156 39.96859
1202134983 116.4189 39.95383
1202168571 116.40854 39.92289
1202168872 116.43363 39.92304
1202169174 116.43763 39.92813
1202169476 116.44918 39.92686
1202169778 116.45212 39.91231
1202170381 116.43664 39.95838
1202170683 116.4347 39.96509
1202170985 116.4553 39.94042
1202171287 116.45512 39.91903
1202171890 116.45228 39.95384
1202172192 116.41844 39.97378
1202172494 116.41835 39.97422
1202172796 116.41886 39.95816
1202173098 116.41945 39.93967
1202173399 116.44095 39.93229
1202174305 116.45648 39.90657
1202174607 116.45652 39.90661
1202174908 116.45652 39.90661
1202175210 116.48028 39.90687
1202175511 116.5495 39.90781
1202175813 116.59307 39.90777
1202176416 116.63156 39.88401
1202176718 116.64963 39.88906
1202177020 116.65489 39.88898
1202178831 116.69528 39.86699
1202179736 116.79082 39.77732
1202180038 116.82672 39.76134
1202180340 116.86752 39.72913
1202204508 116.89348 39.68688
1202204810 116.89348 39.68688
1202205413 116.89799 39.68766
1202206017 116.8766 39.71391
1202206319 116.87639 39.7143
1202206620 116.87424 39.7213
1202206922 116.83587 39.75492
1202207224 116.78638 39.78262
1202207526 116.76774 39.83913
1202207828 116.71858 39.86098
1202208129 116.6787 39.8715
1202208431 116.67598 39.88671
1202208733 116.68056 39.88852
1202209035 116.66058 39.89775
1202209337 116.63449 39.90107
1202236526 116.4278 39.92749
1202236827 116.43313 39.92281
1202237129 116.44745 39.92148
1202237431 116.46629 39.9242
1202237830 116.4664 39.92417
1202237830 116.4664 39.92417
1202238745 116.46632 39.92422
1202239047 116.46339 39.91622
1202241235 116.44395 39.90908
1202241536 116.42243 39.90716
1202241838 116.40534 39.90846
1202242140 116.41544 39.90694
1202242442 116.43602 39.90481
1202242744 116.43484 39.91583
1202246479 116.46257 39.94492
1202246780 116.46834 39.94077
1202247053 116.46678 39.929
1202247537 116.45364 39.93101
1202247839 116.4554 39.92245
1202248141 116.45523 39.91403
1202248442 116.45153 39.91016
1202248878 116.45388 39.91228
1202249180 116.45494 39.90913
1202249783 116.46705 39.90681
1202250085 116.46633 39.90852
1202250387 116.46926 39.91231
1202250689 116.49288 39.91437
1202250991 116.51209 39.91535
1202251292 116.5415 39.91482
1202251594 116.56694 39.91403
1202251896 116.58747 39.91063
1202252198 116.62549 39.91489
1202252499 116.63672 39.92129
1202253103 116.65498 39.88899
1202253103 116.65498 39.88899
1202253408 116.6554 39.8888
1202253709 116.68788 39.869
1202254011 116.74168 39.8541
1202254313 116.77297 39.80647
1202254615 116.80785 39.76444
1202254916 116.85343 39.73955
1202255218 116.89188 39.69977
1202296634 116.89434 39.68634
1202296936 116.89697 39.68624
1202297240 116.89602 39.68752
1202298149 116.88504 39.70717
1202300495 116.8947 39.68595
1202312657 116.89392 39.68686
1202312657 116.89392 39.68686
1202316818 116.89393 39.68681
1202317125 116.89391 39.68679
1202317125 116.89391 39.68679
1202317125 116.89391 39.68679
1202317125 116.89391 39.68679
1202317125 116.89391 39.68679
1202317125 116.89391 39.68679
1202317125 116.89391 39.68679
1202317125 116.89391 39.68679
1202319849 116.89393 39.68673
1202320150 116.8935 39.68666
1202320452 116.89405 39.6873
1202321534 116.92905 39.67137
1202321534 116.92905 39.67137
1202321534 116.92905 39.67137
1202321534 116.92905 39.67137
1202323057 116.92837 39.67129
1202323359 116.89593 39.68749
1202323523 116.89392 39.68679
1202336577 116.89474 39.68594
1202341978 116.88124 39.70948
1202345303 116.89397 39.68682
1202345303 116.89397 39.68682
1202345303 116.89397 39.68682
1202345303 116.89397 39.68682
1202345303 116.89397 39.68682
1202345303 116.89397 39.68682
1202345303 116.89397 39.68682
1202345303 116.89397 39.68682
1202345303 116.89397 39.68682
1202345303 116.89397 39.68682
1202345303 116.89397 39.68682
1202345303 116.89397 39.68682
1202345303 116.89397 39.68682
1202345303 116.89397 39.68682
1202345303 116.89397 39.68682
1202345303 116.89397 39.68682
1202345303 116.89397 39.68682
1202345303 116.89397 39.68682
1202345303 116.89397 39.68682
1202345303 116.89397 39.68682
1202345303 116.89397 39.68682
1202345303 116.89397 39.68682
1202380527 116.89354 39.68669
1202382835 116.77488 39.82377
1202383136 116.71553 39.86186
1202383438 116.66992 39.87711
1202383739 116.64408 39.87523
1202384041 116.63084 39.89141
1202384644 116.61155 39.91238
1202385436 116.57843 39.95434
1202385855 116.59984 39.95216
1202386156 116.61533 39.92956
1202386760 116.63296 39.90514
1202387062 116.60112 39.90811
1202387364 116.57473 39.9133
1202387665 116.55733 39.91875
1202387665 116.55733 39.91875
1202387967 116.58473 39.92049
1202388269 116.58452 39.92618
1202388571 116.54816 39.92294
1202388872 116.51141 39.92197
1202389174 116.47725 39.92166
1202389476 116.45564 39.92276
1202389778 116.44058 39.93997
1202390080 116.42709 39.94773
1202390381 116.41986 39.94851
1202390683 116.41225 39.94815
1202390985 116.41277 39.95067
1202391591 116.43184 39.96719
1202391890 116.45535 39.92359
1202392192 116.45248 39.87491
1202392494 116.44143 39.87484
1202392796 116.42597 39.88288
1202393098 116.41278 39.89104
1202393399 116.42923 39.89623
1202393701 116.43649 39.90708
1202394003 116.48342 39.91066
1202394305 116.49082 39.91449
1202394607 116.48021 39.90721
1202394908 116.45799 39.91218
1202395210 116.45523 39.91496
1202395210 116.45523 39.91496
1202395512 116.44426 39.90797
1202395814 116.4348 39.91796
1202396417 116.43045 39.93207
1202396719 116.4603 39.93247
1202397021 116.47876 39.93026
1202397323 116.48384 39.94911
1202397623 116.45094 39.98335
1202398010 116.46633 40.00062
1202398907 116.48338 39.98653
1202399209 116.47432 39.9757
1202399511 116.46698 39.96561
1202399812 116.46282 39.94347
1202400114 116.46651 39.92968
1202400331 116.4665 39.92416
1202401623 116.46193 39.92431
1202401925 116.45615 39.93237
1202402227 116.44206 39.93238
1202402528 116.42086 39.94833
1202402830 116.40472 39.94792
1202403132 116.40176 39.95063
1202403434 116.39691 39.9616
1202404152 116.41245 39.95342
1202404454 116.41142 39.94989
1202404756 116.40335 39.94787
1202405057 116.38966 39.94782
1202405359 116.38773 39.94174
1202405359 116.38773 39.94174
1202405661 116.38779 39.93974
1202405963 116.37799 39.93179
1202406265 116.35843 39.92823
1202406566 116.37575 39.93157
1202406868 116.39883 39.93198
1202407170 116.42849 39.93207
1202407472 116.43341 39.9397
1202407773 116.45416 39.95273
1202408074 116.4508 39.98241
1202408376 116.45041 39.99719
1202408678 116.45084 39.99068
1202408980 116.42872 39.98789
1202409281 116.37263 39.98445
1202409583 116.36818 39.94746
1202409885 116.35032 39.91446
1202410187 116.31887 39.89595
1202410790 116.33142 39.89581
1202411095 116.33648 39.89604
1202411397 116.34674 39.88796
1202411699 116.36761 39.88786
1202412685 116.38765 39.94372
1202412987 116.402 39.93948
1202414575 116.52998 39.91733
1202414877 116.52012 39.91144
1202415179 116.51225 39.91718
1202416506 116.41922 39.94479
1202416808 116.43032 39.93552
1202417110 116.43066 39.92862
1202417412 116.44564 39.92075
1202417714 116.45485 39.90641
1202418015 116.48334 39.87508
1202418317 116.54092 39.86646
1202418619 116.55952 39.84453
1202419592 116.56864 39.90337
1202419894 116.59103 39.9078
1202420195 116.61867 39.90515
1202420497 116.63217 39.89107
1202420799 116.64893 39.88824
1202421101 116.65484 39.88889
1202421403 116.66748 39.879
1202421704 116.6891 39.86866
1202422006 116.75459 39.84672
1202422308 116.77176 39.81158
1202422610 116.79653 39.77074
1202422911 116.84787 39.74298
1202423213 116.88843 39.70373
1202470439 116.75211 39.84807
1202470740 116.69354 39.86753
1202471042 116.65976 39.87664
1202471344 116.65634 39.88806
1202471646 116.63506 39.89792
1202471948 116.60591 39.90615
1202472249 116.58595 39.91109
1202473426 116.49783 39.91479
1202473728 116.48314 39.90357
1202474030 116.47881 39.88313
1202474332 116.46162 39.87824
1202474633 116.45554 39.89106
1202474935 116.45959 39.89588
1202475237 116.44325 39.90713
1202475539 116.42804 39.93098
1202475539 116.42804 39.93098
1202475841 116.41955 39.94827
1202476142 116.40205 39.94959
1202476444 116.40175 39.95822
1202476746 116.40156 39.97349
1202477048 116.40161 39.99847
1202477350 116.40245 40.02045
1202477651 116.39791 40.03368
1202477953 116.40291 40.02119
1202478254 116.40069 40.00407
1202478556 116.40124 39.99026
1202478858 116.34901 39.9858
1202479159 116.34823 39.95692
1202479461 116.36504 39.95342
1202479763 116.37285 39.9395
1202480065 116.38975 39.93196
1202480366 116.41003 39.9321
1202483747 116.48209 39.97897
1202484049 116.48428 39.98659
1202484351 116.48895 39.97067
1202484653 116.48529 39.97067
1202484954 116.47735 39.95507
1202485256 116.46851 39.93763
1202485558 116.48359 39.92974
1202485860 116.48334 39.87496
1202486162 116.50797 39.85984
1202486463 116.50805 39.86712
1202486765 116.48405 39.88164
1202487067 116.46679 39.89197
1202487369 116.45566 39.90157
1202487671 116.45083 39.93225
1202487972 116.44916 39.93297
1202488274 116.4554 39.90502
1202488576 116.43333 39.89233
1202488878 116.4254 39.88292
1202488878 116.4254 39.88292
1202489180 116.42358 39.892
1202489481 116.42206 39.89218
1202489783 116.41052 39.89538
1202491233 116.47767 39.92996
1202491534 116.47188 39.92513
1202491836 116.45587 39.922
1202492138 116.44736 39.91499
