UTS Latitude Longitude
1201959472 116.36169 39.94603
1201959772 116.40845 39.94786
1201960075 116.42774 39.93743
1201960376 116.42809 39.92841
1201960679 116.42886 39.9119
1201960979 116.41762 39.90317
1201961282 116.41214 39.9043
1201961885 116.41329 39.89945
1201962186 116.43282 39.89264
1201962493 116.42614 39.89223
1201962789 116.41243 39.89896
1201963097 116.41158 39.91343
1201963392 116.41502 39.9184
1201963695 116.4203 39.91453
1201963996 116.40534 39.91407
1201964299 116.39646 39.91948
1201964599 116.39008 39.93175
1201965202 116.34555 39.93887
1201965504 116.32246 39.93546
1201965806 116.32731 39.93258
1201966107 116.33032 39.93131
1201966711 116.34911 39.93101
1201967012 116.34905 39.94943
1201967314 116.3491 39.94966
1201967616 116.35126 39.96621
1201967917 116.38101 39.96671
1201968219 116.37796 39.96163
1201968521 116.37446 39.96816
1201968822 116.36483 39.99915
1201969123 116.34481 39.99963
1201969424 116.33707 40.0094
1201969726 116.33302 40.00999
1201970028 116.33409 40.0092
1201970329 116.33421 40.00919
1201970631 116.33196 40.01128
1201970933 116.33196 40.01128
1201971234 116.3377 40.01369
1201971536 116.3409 40.01766
1201971838 116.3409 40.01766
1201972441 116.3409 40.01766
1201972743 116.34146 40.01935
1201973044 116.34146 40.01935
1201973346 116.34146 40.01935
1201973949 116.34146 40.01935
1201974251 116.34298 40.02087
1201974553 116.33552 40.00627
1201974854 116.33366 40.00291
1201975156 116.33244 39.99155
1201975458 116.33805 39.98181
1201975759 116.34467 39.98566
1201976061 116.28589 39.98043
1201976363 116.26803 39.93896
1201976664 116.26786 39.90248
1201976966 116.30641 39.89565
1201977569 116.318 39.89555
1201977871 116.31075 39.90275
1201978173 116.31072 39.90662
1201978474 116.30699 39.91023
1201978474 116.30699 39.91023
1201978776 116.3031 39.91136
1201979077 116.30309 39.91137
1201979379 116.29951 39.91171
1201979681 116.29607 39.9135
1201979982 116.28718 39.91787
1201980284 116.27893 39.91838
1201980586 116.27892 39.9225
1201980887 116.29445 39.93105
1201981189 116.29906 39.93495
1201981491 116.30382 39.93143
1201981792 116.28999 39.9312
1201982094 116.26852 39.94096
1201982396 116.27007 39.95274
1201982697 116.27457 39.9713
1201982999 116.31905 39.98433
1201983300 116.34158 39.98508
1201983601 116.35114 39.9854
1201983903 116.38327 39.98638
1201984205 116.38746 39.96657
1201984506 116.41654 39.96786
1201984808 116.43642 39.96395
1201985110 116.10809 39.96486
1201985110 116.10809 39.96486
1201985411 116.44032 39.961
1201985713 116.44546 39.97569
1201986015 116.45021 39.97894
1201986015 116.45021 39.97894
1201986316 116.45697 39.98987
1201986618 116.46171 40.00392
1201986920 116.46167 40.01035
1201987221 116.45162 40.00157
1201987523 116.44186 39.99353
1201987825 116.45176 39.99904
1201988126 116.46032 40.00012
1201988428 116.46622 40.0
1201988729 116.466 40.00033
1201989031 116.4659 40.00036
1201989333 116.46172 40.00112
1201989634 116.45734 40.01923
1201989936 116.44543 40.01887
1201990238 116.44543 40.01887
1201990539 116.44543 40.01887
1201990841 116.44543 40.01887
1201991143 116.44543 40.01887
1201991444 116.44539 40.01885
1201991746 116.44539 40.01885
1201992048 116.44539 40.01885
1201992349 116.44539 40.01885
1201992651 116.44539 40.01885
1201992953 116.44539 40.01885
1201993254 116.44539 40.01885
1201993556 116.44539 40.01885
1201993556 116.44539 40.01885
1201993858 116.44536 40.01885
1201994159 116.44536 40.01885
1201994461 116.44536 40.01885
1201994763 116.44536 40.01885
1201995366 116.44264 40.02023
1201995668 116.45372 40.02568
1201995969 116.45367 40.02564
1201996212 116.45367 40.02564
1202007092 116.45369 40.02567
1202007092 116.45369 40.02567
1202007092 116.45369 40.02567
1202007092 116.45369 40.02567
1202007092 116.45369 40.02567
1202007092 116.45369 40.02567
1202007092 116.45369 40.02567
1202007092 116.45369 40.02567
1202007092 116.45369 40.02567
1202007092 116.45369 40.02567
1202007092 116.45369 40.02567
1202007092 116.45369 40.02567
1202007092 116.45369 40.02567
1202007092 116.45369 40.02567
1202007092 116.45369 40.02567
1202007092 116.45369 40.02567
1202007092 116.45369 40.02567
1202007092 116.45369 40.02567
1202007092 116.45369 40.02567
1202007092 116.45369 40.02567
1202031241 116.45365 40.02571
1202031352 116.45365 40.02571
1202031543 116.45365 40.02571
1202031543 116.45365 40.02571
1202031654 116.45365 40.02571
1202031844 116.44742 40.02629
1202032146 116.4323 40.03088
1202032257 116.43537 40.02818
1202032448 116.42304 40.02091
1202032558 116.40515 40.02105
1202032748 116.37864 40.01943
1202033050 116.38075 39.99453
1202033161 116.37794 39.98643
1202033352 116.3421 39.98547
1202033653 116.32083 39.98176
1202033765 116.32127 39.98
1202033955 116.32394 39.97961
1202034066 116.32333 39.97967
1202034257 116.31895 39.97545
1202034368 116.31903 39.97383
1202034558 116.31874 39.97918
1202034670 116.32014 39.9843
1202034860 116.32088 39.98892
1202034971 116.326 39.99175
1202035162 116.31621 39.99119
1202035273 116.3094 39.99401
1202035463 116.29671 39.99614
1202035575 116.29087 39.99587
1202035876 116.28646 39.99089
1202036067 116.29263 39.98257
1202036178 116.30981 39.98417
1202036368 116.35055 39.98556
1202036480 116.37128 39.98617
1202036480 116.37128 39.98617
1202036670 116.38716 39.98129
1202036781 116.38809 39.97031
1202036971 116.39594 39.96414
1202037083 116.39931 39.96057
1202037273 116.39748 39.95589
1202037384 116.39717 39.9559
1202037575 116.3888 39.96039
1202037686 116.38843 39.96738
1202037876 116.38805 39.9845
1202038178 116.43335 39.98734
1202038289 116.45167 39.9776
1202038480 116.47885 39.95944
1202038591 116.48371 39.94218
1202038781 116.48362 39.91285
1202038893 116.47327 39.90725
1202039083 116.46732 39.90869
1202039083 116.46732 39.90869
1202039194 116.46423 39.90877
1202039385 116.4633 39.91192
1202039496 116.47103 39.91238
1202039798 116.46344 39.91824
1202039988 116.45982 39.92213
1202040099 116.45656 39.9221
1202040290 116.45812 39.93075
1202040401 116.46084 39.9322
1202040591 116.45904 39.93448
1202040703 116.45589 39.93669
1202040893 116.46397 39.94141
1202041004 116.46566 39.94144
1202041195 116.46852 39.93689
1202041306 116.46143 39.93257
1202041496 116.45569 39.94398
1202041608 116.44998 39.95541
1202041798 116.42762 39.96831
1202042100 116.39625 39.96749
1202042211 116.3863 39.96731
1202042401 116.38803 39.96897
1202042513 116.3881 39.96831
1202042703 116.38181 39.96942
1202043005 116.38181 39.96942
1202043418 116.38184 39.96941
1202043608 116.38684 39.9716
1202043719 116.37811 39.97128
1202043910 116.3765 39.9755
1202044021 116.37345 39.9825
1202044021 116.37345 39.9825
1202044211 116.36417 39.98627
1202044323 116.34935 39.98596
1202044513 116.34954 39.99207
1202044624 116.35869 39.99237
1202044815 116.36741 40.00026
1202044926 116.37427 39.99819
1202045116 116.38144 39.98317
1202045227 116.38724 39.97964
1202045418 116.38825 39.96842
1202045529 116.38244 39.96183
1202045719 116.37898 39.96543
1202045831 116.38998 39.9667
1202046132 116.37769 39.98658
1202046323 116.33869 39.98535
1202046433 116.3143 39.98444
1202046623 116.30641 39.98266
1202046623 116.30641 39.98266
1202046735 116.30468 39.98264
1202046925 116.31667 39.9842
1202047037 116.33869 39.98518
1202047227 116.37767 39.98629
1202048488 116.46185 39.99884
1202048616 116.4614 40.00751
1202048789 116.46071 40.01839
1202048917 116.46116 40.01025
1202049091 116.46405 40.01043
1202049219 116.46399 40.01041
1202049393 116.46399 40.01041
1202049521 116.46399 40.01041
1202049694 116.46399 40.01041
1202049822 116.46399 40.01041
1202049822 116.46399 40.01041
1202049996 116.46395 40.01139
1202050124 116.46137 40.00346
1202050298 116.46648 39.98967
1202050426 116.4747 39.98142
1202050599 116.46071 39.97069
1202050727 116.46326 39.96185
1202050901 116.45782 39.95994
1202051029 116.46314 39.96156
1202051203 116.46631 39.9751
1202051331 116.4646 39.98375
1202051504 116.45671 39.99136
1202051632 116.45956 39.99577
1202052108 116.46108 40.00019
1202052235 116.4631 39.99185
1202052409 116.46641 39.99955
1202052537 116.46584 40.00016
1202052711 116.46584 40.00016
1202052839 116.46195 40.00474
1202053013 116.46321 40.00485
1202053013 116.46321 40.00485
1202053140 116.46167 40.00559
1202053314 116.46117 40.01428
1202053442 116.45976 40.02359
1202053744 116.45562 40.02687
1202054045 116.45562 40.02687
1202054219 116.45562 40.02687
1202054347 116.4537 40.02894
1202054521 116.45423 40.03847
1202054649 116.46692 40.03924
1202054823 116.46692 40.03924
1202054950 116.46692 40.03924
1202055124 116.46692 40.03924
1202055252 116.46692 40.03924
1202055426 116.46692 40.03924
1202055554 116.46692 40.03924
1202055728 116.46692 40.03924
1202055855 116.46692 40.03924
1202056029 116.46197 40.04243
1202056157 116.4618 40.04176
1202056331 116.46166 40.04175
1202056459 116.46167 40.04174
1202056633 116.46167 40.04174
1202056760 116.46167 40.04174
1202056934 116.46167 40.04174
1202057062 116.46167 40.04174
1202057236 116.46167 40.04174
1202057364 116.46167 40.04174
1202057538 116.46167 40.04174
1202057665 116.46167 40.04174
1202057839 116.46167 40.04174
1202057967 116.46167 40.04174
1202058141 116.46167 40.04174
1202058268 116.46167 40.04174
1202058441 116.46167 40.04174
1202058569 116.46167 40.04174
1202058743 116.46167 40.04174
1202058871 116.46167 40.04174
1202059045 116.46167 40.04174
1202059173 116.46167 40.04174
1202059346 116.46167 40.04174
1202059474 116.46167 40.04174
1202059648 116.46167 40.04174
1202059776 116.46167 40.04174
1202059950 116.46167 40.04174
1202060078 116.46167 40.04174
1202060251 116.46167 40.04174
1202060379 116.46167 40.04174
1202060553 116.46167 40.04174
1202060553 116.46167 40.04174
1202060681 116.46167 40.04174
1202060983 116.46167 40.04174
1202061156 116.46167 40.04174
1202061284 116.46167 40.04174
1202061458 116.46167 40.04174
1202061586 116.46167 40.04174
1202061760 116.46167 40.04174
1202061887 116.46167 40.04174
1202062061 116.46167 40.04174
1202062189 116.46167 40.04174
1202062363 116.46167 40.04174
1202062491 116.46167 40.04174
1202062665 116.46167 40.04174
1202062792 116.46167 40.04174
1202062966 116.46167 40.04174
1202063094 116.46167 40.04174
1202063570 116.46167 40.04174
1202063697 116.46167 40.04174
1202063871 116.46167 40.04174
1202063999 116.46167 40.04174
1202064173 116.46167 40.04174
1202064301 116.46167 40.04174
1202064475 116.46167 40.04174
1202064602 116.46167 40.04174
1202064776 116.46167 40.04174
1202064904 116.46167 40.04174
1202065078 116.46167 40.04174
1202065206 116.46167 40.04174
1202065380 116.46167 40.04174
1202065507 116.46167 40.04174
1202065681 116.46167 40.04174
1202065809 116.46167 40.04174
1202065983 116.46167 40.04174
1202066111 116.46167 40.04174
1202066285 116.46167 40.04174
1202066412 116.46167 40.04174
1202066586 116.46167 40.04174
1202066714 116.46167 40.04174
1202066888 116.46167 40.04174
1202067016 116.46167 40.04174
1202067189 116.46167 40.04174
1202067317 116.46167 40.04174
1202067491 116.46167 40.04174
1202067619 116.46167 40.04174
1202067793 116.46167 40.04174
1202067793 116.46167 40.04174
1202067921 116.46167 40.04174
1202068094 116.46167 40.04174
1202068222 116.46167 40.04174
1202068396 116.46167 40.04174
1202068524 116.46167 40.04174
1202068698 116.46167 40.04174
1202068826 116.46167 40.04174
1202068999 116.46167 40.04174
1202069127 116.46167 40.04174
1202069301 116.46167 40.04174
1202069429 116.46167 40.04174
1202069603 116.46167 40.04174
1202069731 116.46167 40.04174
1202069904 116.46167 40.04174
1202070032 116.46167 40.04174
1202070206 116.46167 40.04174
1202070334 116.46167 40.04174
1202070508 116.46167 40.04174
1202070635 116.46167 40.04174
1202070809 116.46167 40.04174
1202070937 116.46167 40.04174
1202071111 116.46167 40.04174
1202071239 116.46167 40.04174
1202071413 116.46167 40.04174
1202071540 116.46167 40.04174
1202071714 116.46167 40.04174
1202071842 116.46167 40.04174
1202072016 116.46167 40.04174
1202072144 116.46167 40.04174
1202072144 116.46167 40.04174
1202072317 116.46167 40.04174
1202072444 116.46167 40.04174
1202072618 116.46167 40.04174
1202072746 116.46167 40.04174
1202072920 116.46167 40.04174
1202073048 116.46167 40.04174
1202073222 116.46167 40.04174
1202073349 116.46167 40.04174
1202073523 116.46167 40.04174
1202073651 116.46167 40.04174
1202073825 116.46167 40.04174
1202073953 116.46167 40.04174
1202074127 116.46167 40.04174
1202074428 116.46167 40.04174
1202074556 116.46167 40.04174
1202074730 116.46167 40.04174
1202074858 116.46167 40.04174
1202075032 116.46167 40.04174
1202075159 116.46167 40.04174
1202075333 116.46167 40.04174
1202075333 116.46167 40.04174
1202075461 116.46167 40.04174
1202075635 116.46167 40.04174
1202075763 116.46167 40.04174
1202075937 116.46167 40.04174
1202076064 116.46167 40.04174
1202076238 116.46167 40.04174
1202076366 116.46167 40.04174
1202076540 116.46167 40.04174
1202076668 116.46167 40.04174
1202076841 116.46167 40.04174
1202076969 116.46167 40.04174
1202077143 116.46167 40.04174
1202077271 116.46167 40.04174
1202077573 116.46167 40.04174
1202077746 116.46167 40.04174
1202077874 116.46167 40.04174
1202078048 116.46167 40.04174
1202078176 116.46167 40.04174
1202078350 116.46167 40.04174
1202078478 116.46167 40.04174
1202078651 116.46167 40.04174
1202078779 116.46167 40.04174
1202078953 116.46167 40.04174
1202079081 116.46167 40.04174
1202079255 116.46167 40.04174
1202079383 116.46167 40.04174
1202079556 116.46167 40.04174
1202079684 116.46167 40.04174
1202079684 116.46167 40.04174
1202079858 116.46167 40.04174
1202079986 116.46167 40.04174
1202080160 116.46167 40.04174
1202080287 116.46167 40.04174
1202080461 116.46386 40.03908
1202080589 116.47417 40.03606
1202080891 116.46481 40.02273
1202081065 116.45243 40.02626
1202081192 116.43939 40.031
1202081366 116.41349 40.03145
1202081494 116.41498 40.03121
1202081668 116.43533 40.02527
1202081796 116.44265 40.02024
1202081970 116.45284 40.02622
1202082399 116.45372 40.02566
1202082760 116.45387 40.02583
1202082760 116.45387 40.02583
1202082760 116.45387 40.02583
1202082760 116.45387 40.02583
1202082760 116.45387 40.02583
1202082760 116.45387 40.02583
1202082760 116.45387 40.02583
1202082760 116.45387 40.02583
1202082760 116.45387 40.02583
1202082760 116.45387 40.02583
1202082760 116.45387 40.02583
1202082760 116.45387 40.02583
1202082760 116.45387 40.02583
1202082760 116.45387 40.02583
1202082760 116.45387 40.02583
1202082760 116.45387 40.02583
1202082760 116.45387 40.02583
1202082760 116.45387 40.02583
1202082760 116.45387 40.02583
1202082760 116.45387 40.02583
1202117460 116.44731 40.02631
1202117470 116.4464 40.02639
1202117762 116.43196 40.03091
1202117771 116.43262 40.03094
1202118064 116.42161 40.02093
1202118073 116.42001 40.02096
1202118365 116.37542 40.01336
1202118375 116.3777 40.01248
1202118667 116.37896 39.98648
1202118676 116.3775 39.98643
1202118969 116.34728 39.97504
1202118978 116.3468 39.97395
1202119270 116.34984 39.94855
1202119280 116.34988 39.94838
1202119572 116.34987 39.94231
1202119581 116.34974 39.94205
1202119874 116.34991 39.92365
1202119883 116.34996 39.92264
1202120175 116.34269 39.89575
1202120185 116.34241 39.89435
1202120477 116.3575 39.8674
1202120486 116.3575 39.8674
1202120778 116.36816 39.86941
1202120787 116.36815 39.8703
1202121079 116.36453 39.8693
1202121089 116.36287 39.86919
1202121381 116.34966 39.86666
1202121390 116.34981 39.8666
1202121682 116.35827 39.86184
1202121692 116.35829 39.8611
1202121984 116.35534 39.85581
1202121993 116.35534 39.85581
1202122286 116.35534 39.85581
1202122295 116.35534 39.85581
1202122587 116.35534 39.85581
1202122597 116.35534 39.85581
1202122889 116.35534 39.85581
1202122898 116.35534 39.85581
1202122898 116.35534 39.85581
1202123191 116.35534 39.85581
1202123191 116.35534 39.85581
1202123200 116.35534 39.85581
1202123492 116.35534 39.85581
1202123502 116.35534 39.85581
1202123794 116.35534 39.85581
1202123803 116.35534 39.85581
1202124096 116.35534 39.85581
1202124105 116.35534 39.85581
1202124397 116.3573 39.85835
1202124407 116.35766 39.85878
1202124699 116.35805 39.86943
1202124708 116.35802 39.87033
1202125001 116.35771 39.87827
1202125010 116.3577 39.87862
1202125302 116.3575 39.886
1202125312 116.3575 39.886
1202125604 116.35731 39.89269
1202125613 116.3573 39.89358
1202125906 116.35734 39.89671
1202125915 116.35734 39.89671
1202126207 116.35725 39.90226
1202126217 116.35718 39.90306
1202126509 116.35961 39.91419
1202126518 116.35951 39.91459
1202126811 116.36601 39.91107
1202126820 116.36601 39.91107
1202127112 116.35643 39.90598
1202127122 116.35507 39.90597
1202127414 116.34965 39.90759
1202127423 116.3498 39.90735
1202127716 116.34011 39.90178
1202127725 116.33954 39.90178
1202128017 116.32778 39.90134
1202128027 116.32759 39.90133
1202128319 116.32 39.89834
1202128328 116.31961 39.89833
1202128621 116.31513 39.90575
1202128630 116.31513 39.90575
1202128922 116.29848 39.90625
1202128932 116.29779 39.90624
1202129224 116.27948 39.90629
1202129233 116.27948 39.90629
1202129526 116.45553 39.9227
1202129526 116.45553 39.9227
1202129535 116.26203 39.90892
1202129827 116.26225 39.91023
1202129837 116.26201 39.91007
1202130129 116.25876 39.90899
1202130138 116.25871 39.90954
1202130430 116.25867 39.92292
1202130440 116.25867 39.92292
1202130440 116.25867 39.92292
1202130732 116.26732 39.92386
1202130732 116.26732 39.92386
1202131034 116.29393 39.92275
1202131043 116.29472 39.92281
1202131335 116.31983 39.92214
1202131345 116.32132 39.92208
1202131637 116.34355 39.92195
1202131646 116.34478 39.922
1202131939 116.3398 39.92209
1202131948 116.33902 39.92206
1202132240 116.30819 39.92291
1202132250 116.30675 39.92299
1202132542 116.29568 39.93148
1202132551 116.29581 39.93164
1202132844 116.29509 39.93609
1202132853 116.29535 39.93605
1202133145 116.29385 39.93616
1202133155 116.29385 39.93616
1202133447 116.30363 39.93122
1202133456 116.30385 39.93106
1202133749 116.31548 39.93766
1202133758 116.31674 39.93756
1202134050 116.32657 39.93717
1202134060 116.32543 39.93726
1202134352 116.30417 39.94485
1202134361 116.30414 39.94543
1202134653 116.31098 39.95117
1202134662 116.31098 39.95117
1202134954 116.30224 39.96071
1202134964 116.30224 39.96071
1202135256 116.29644 39.96137
1202135265 116.29644 39.96137
1202135558 116.29634 39.96169
1202135567 116.29634 39.96249
1202135859 116.30076 39.96962
1202135869 116.30058 39.97072
1202136161 116.31333 39.9696
1202136463 116.3124 39.9723
1202136472 116.31201 39.9732
1202136764 116.31887 39.97845
1202136774 116.31889 39.97762
1202137066 116.32744 39.97518
1202137075 116.32764 39.97562
1202137368 116.32828 39.98028
1202137377 116.32821 39.98057
1202137669 116.32669 39.99109
1202137679 116.32669 39.99109
1202137971 116.31542 39.99142
1202137980 116.31526 39.99113
1202137980 116.31526 39.99113
1202138273 116.30888 40.00285
1202138273 116.30888 40.00285
1202138282 116.30885 40.00201
1202138574 116.29012 39.99573
1202138584 116.29087 39.99581
1202139178 116.29966 39.97967
1202139187 116.29966 39.97967
1202139479 116.29968 39.97963
1202139488 116.29968 39.97963
1202139781 116.29965 39.97963
1202139790 116.29965 39.97963
1202140082 116.29616 39.97356
1202140092 116.29625 39.97351
1202140384 116.30371 39.94728
1202140686 116.30412 39.90863
1202140695 116.30413 39.90768
1202140987 116.3039 39.8829
1202140997 116.3042 39.88319
1202141289 116.31433 39.88281
1202141298 116.31471 39.88284
1202141591 116.31533 39.88988
1202141600 116.31533 39.88988
1202141892 116.32294 39.89577
1202141902 116.32297 39.89626
1202142194 116.32285 39.90085
1202142203 116.32288 39.9014
1202142496 116.31596 39.90622
1202142505 116.31596 39.90621
1202142797 116.30427 39.92207
1202142807 116.30425 39.92309
1202143099 116.30329 39.95437
1202143401 116.31271 39.96456
1202143410 116.31271 39.96456
1202143702 116.31925 39.96303
1202143702 116.31925 39.96303
1202143712 116.32023 39.96311
1202144004 116.3277 39.96603
1202144013 116.3277 39.96603
1202144306 116.35091 39.96623
1202144315 116.35244 39.96616
1202144607 116.34953 39.95805
1202144617 116.34953 39.95805
1202144909 116.34875 39.96153
1202144918 116.34866 39.96268
1202145211 116.33755 39.96681
1202145220 116.33778 39.96685
1202145512 116.33202 39.97376
1202145522 116.33224 39.97382
1202145522 116.33224 39.97382
1202145814 116.3465 39.97515
1202145823 116.34651 39.97515
1202146116 116.35621 39.9752
1202146125 116.35713 39.97521
1202146417 116.36655 39.9755
1202146427 116.36655 39.97572
1202146719 116.37272 39.98071
1202146728 116.37227 39.98085
1202147021 116.36294 39.9922
1202147030 116.36294 39.9922
1202147322 116.37056 39.98803
1202147332 116.37056 39.98803
1202147624 116.37056 39.98803
1202147633 116.37056 39.98803
1202147925 116.37467 39.97165
1202147935 116.37447 39.97015
1202148227 116.37289 39.95155
1202148237 116.3729 39.95155
1202148529 116.37295 39.95044
1202148538 116.37293 39.95034
1202148829 116.37293 39.93886
1202148839 116.37306 39.93761
1202149131 116.37341 39.92933
1202149140 116.37346 39.92825
1202149433 116.37069 39.93107
1202149734 116.36303 39.9312
1202150036 116.36239 39.93898
1202150045 116.36239 39.93898
1202150338 116.34214 39.93828
1202150347 116.34067 39.9378
1202150347 116.34067 39.9378
1202150347 116.34067 39.9378
1202150639 116.2948 39.94438
1202150649 116.29372 39.94474
1202150941 116.2823 39.9502
1202150950 116.2823 39.9502
1202151243 116.28228 39.94893
1202151252 116.2823 39.94861
1202151544 116.27736 39.95334
1202151554 116.27581 39.95316
1202151846 116.28039 39.95848
1202151855 116.28074 39.95845
1202152148 116.27798 39.96008
1202152157 116.27792 39.96059
1202152449 116.27512 39.97159
1202152459 116.2769 39.97244
1202152751 116.29881 39.9828
1202152760 116.29881 39.9828
1202153053 116.3102 39.98394
1202153053 116.3102 39.98394
1202153062 116.31104 39.98398
1202153062 116.31104 39.98398
1202153354 116.32656 39.98445
1202153364 116.32656 39.98445
1202153656 116.34816 39.98526
1202153665 116.349 39.98526
1202153958 116.37245 39.98071
1202154259 116.38205 39.98107
1202154269 116.38328 39.98109
1202154561 116.4014 39.98697
1202154570 116.40287 39.98701
1202154863 116.44631 39.98107
1202154872 116.44773 39.98014
1202155164 116.4837 39.94815
1202155164 116.4837 39.94815
1202155174 116.48369 39.94665
1202155475 116.4791 39.92182
1202155768 116.51108 39.92201
1202155777 116.51108 39.92201
1202156069 116.52197 39.91793
1202156079 116.5217 39.91748
1202156079 116.5217 39.91748
1202156371 116.52881 39.91808
1202156380 116.52884 39.9183
1202156673 116.52664 39.9157
1202156682 116.52572 39.91579
1202156974 116.51388 39.92217
1202156984 116.51247 39.92203
1202157276 116.48394 39.92816
1202157285 116.48392 39.92977
1202157577 116.45986 39.97242
1202157587 116.45818 39.97352
1202157879 116.45135 39.98751
1202157888 116.45201 39.98761
1202158181 116.45784 39.99594
1202158190 116.45693 39.99594
1202158482 116.47234 40.00074
1202158784 116.48601 40.00181
1202158793 116.48504 40.0017
1202159086 116.46636 40.0006
1202159095 116.465 40.00049
1202159991 116.46207 40.00029
1202160292 116.46638 39.99964
1202160302 116.46635 39.9999
1202160594 116.46618 40.00008
1202160594 116.46618 40.00008
1202161197 116.46582 40.00039
1202161499 116.46582 40.00033
1202161508 116.46582 40.00033
1202161801 116.46582 40.00033
1202161810 116.46582 40.00033
1202162102 116.46299 40.00484
1202162112 116.46299 40.00484
1202162404 116.46299 40.00484
1202162413 116.46299 40.00484
1202162706 116.46118 40.0127
1202162715 116.46121 40.01366
1202163006 116.44217 40.02612
1202163308 116.4421 40.02728
1202163317 116.44209 40.02801
1202163610 116.4243 40.03131
1202163619 116.42332 40.03132
1202163911 116.4116 40.0316
1202163921 116.4116 40.0316
1202164213 116.41097 40.03134
1202164222 116.41097 40.03134
1202164515 116.41106 40.03129
1202164524 116.41106 40.03129
1202164816 116.41114 40.03129
1202164826 116.41114 40.03129
1202165966 116.41187 40.03169
1202166095 116.41182 40.03165
1202166267 116.41182 40.03165
1202166396 116.41182 40.03165
1202166396 116.41182 40.03165
1202166569 116.41182 40.03165
1202166698 116.41182 40.03165
1202166871 116.41182 40.03165
1202167000 116.41182 40.03165
1202167172 116.41174 40.0316
1202167301 116.41185 40.03165
1202167474 116.4138 40.03148
1202167603 116.41658 40.03118
1202167776 116.43056 40.03098
1202167905 116.4351 40.03041
1202168077 116.43284 40.0278
1202168206 116.43606 40.02014
1202168379 116.44227 40.02675
1202168508 116.44265 40.01986
1202168681 116.44409 40.02658
1202168810 116.45347 40.02576
1202168982 116.45374 40.02569
1202169111 116.45374 40.02569
1202169532 116.45369 40.0258
1202169532 116.45369 40.0258
1202169532 116.45369 40.0258
1202169532 116.45369 40.0258
1202169532 116.45369 40.0258
1202169532 116.45369 40.0258
1202169532 116.45369 40.0258
1202169532 116.45369 40.0258
1202169532 116.45369 40.0258
1202169532 116.45369 40.0258
1202169532 116.45369 40.0258
1202169532 116.45369 40.0258
1202169532 116.45369 40.0258
1202169532 116.45369 40.0258
1202169532 116.45369 40.0258
1202169532 116.45369 40.0258
1202169532 116.45369 40.0258
1202169532 116.45369 40.0258
1202169532 116.45369 40.0258
1202169532 116.45369 40.0258
1202169532 116.45369 40.0258
1202204241 116.45381 40.02571
1202204352 116.45381 40.02571
1202204542 116.45381 40.02571
1202204654 116.45326 40.02626
1202204844 116.44217 40.02678
1202204955 116.43564 40.03104
1202205146 116.43528 40.02513
1202205257 116.43279 40.02036
1202205257 116.43279 40.02036
1202205447 116.40493 40.02105
1202205559 116.37788 40.02158
1202205749 116.38026 40.00578
1202205860 116.38078 39.99687
1202206051 116.36432 39.98604
1202206162 116.34019 39.98543
1202206352 116.32172 39.98476
1202206464 116.32092 39.98238
1202206654 116.324 39.97967
1202206654 116.324 39.97967
1202206765 116.3187 39.98013
1202206956 116.31899 39.97554
1202207067 116.31886 39.97153
1202207257 116.31378 39.96851
1202207369 116.30787 39.96332
1202207559 116.31206 39.96439
1202207861 116.36074 39.96639
1202207972 116.38616 39.96701
1202208162 116.39537 39.96725
1202208162 116.39537 39.96725
1202208274 116.39407 39.96207
1202208464 116.39913 39.95772
1202208575 116.40161 39.95651
1202208766 116.40219 39.93969
1202208877 116.39226 39.93942
1202209067 116.38991 39.93287
1202209179 116.38014 39.93183
1202209369 116.37091 39.92642
1202209480 116.37016 39.92114
1202209671 116.36751 39.91453
1202209972 116.36556 39.90757
1202210084 116.36652 39.9077
1202210274 116.36542 39.90772
1202210385 116.36081 39.91057
1202210576 116.35727 39.91231
1202210687 116.3584 39.91689
1202210877 116.34965 39.93327
1202210989 116.34971 39.94958
1202211179 116.34249 39.96646
1202211290 116.32354 39.96622
1202211481 116.31244 39.97249
1202211592 116.31158 39.97464
1202211592 116.31158 39.97464
1202211782 116.30527 39.97894
1202211893 116.30737 39.98034
1202212084 116.30241 39.98125
1202212195 116.30242 39.98378
1202212394 116.31976 39.98475
1202212497 116.31057 39.98455
1202212687 116.30906 39.99848
1202212798 116.30753 39.9987
1202212798 116.30753 39.9987
1202212989 116.30211 39.99761
1202213100 116.29833 39.99298
1202213290 116.28995 39.99567
1202213402 116.29258 39.99589
1202213703 116.29951 39.98457
1202213894 116.31384 39.98402
1202214005 116.31886 39.97968
1202214423 116.32445 39.97972
1202214430 116.32445 39.97972
1202214669 116.32445 39.97972
1202214731 116.32445 39.97972
1202214970 116.32445 39.97972
1202215033 116.32445 39.97972
1202215335 116.32445 39.97972
1202215574 116.3265 39.9797
1202215636 116.32757 39.97563
1202215875 116.32813 39.98131
1202215938 116.32713 39.98358
1202216176 116.31395 39.97962
1202216239 116.31261 39.9796
1202216478 116.30695 39.97741
1202216540 116.31139 39.97489
1202216779 116.32795 39.97683
1202216842 116.32876 39.97902
1202217081 116.32665 39.97523
1202217143 116.3195 39.97507
1202217143 116.3195 39.97507
1202217383 116.31834 39.975
1202217445 116.32217 39.97508
1202217684 116.32863 39.9793
1202217747 116.32805 39.98141
1202217986 116.33826 39.97998
1202218048 116.34259 39.98008
1202218288 116.34764 39.98467
1202218350 116.35483 39.98556
1202218589 116.36375 39.97561
1202218652 116.36373 39.97561
1202218891 116.36479 39.95789
1202218891 116.36479 39.95789
1202218953 116.36493 39.95668
1202219193 116.36612 39.94813
1202219255 116.36572 39.94851
1202219494 116.36913 39.94966
1202219557 116.36541 39.95036
1202219796 116.36396 39.96579
1202219858 116.36397 39.96586
1202220098 116.36781 39.96972
1202220160 116.36573 39.96678
1202220399 116.34647 39.96653
1202220701 116.3395 39.95753
1202220763 116.3395 39.95753
1202221003 116.33524 39.96584
1202221065 116.34282 39.96616
1202221304 116.37482 39.97005
1202222685 116.31716 40.07587
1202222965 116.31603 40.07863
1202222987 116.31563 40.0795
1202223266 116.30526 40.08647
1202223288 116.30526 40.08647
1202223568 116.30526 40.08647
1202223590 116.30526 40.08647
1202223869 116.30526 40.08647
1202223891 116.30526 40.08647
1202224171 116.30526 40.08647
1202224193 116.30526 40.08647
1202224473 116.30526 40.08647
1202224495 116.30526 40.08647
1202224774 116.30526 40.08647
1202225098 116.30526 40.08647
1202225378 116.30526 40.08647
1202225400 116.30526 40.08647
1202225679 116.30526 40.08647
1202225701 116.30526 40.08647
1202225981 116.30526 40.08647
1202226003 116.30526 40.08647
1202226283 116.30524 40.08646
1202226584 116.31254 40.08603
1202226606 116.31316 40.08481
1202226886 116.31653 40.07491
1202226908 116.31402 40.07419
1202227188 116.31666 40.05985
1202227210 116.31212 40.05796
1202227489 116.31347 40.04655
1202227511 116.31423 40.04527
1202227791 116.30409 40.03508
1202227813 116.30503 40.03353
1202228093 116.29095 40.0232
1202228115 116.28861 40.02287
1202228394 116.28153 40.01025
1202228416 116.28198 40.0072
1202228416 116.28198 40.0072
1202228696 116.27692 39.97289
1202228718 116.27248 39.97078
1202228998 116.26912 39.92492
1202229020 116.269 39.921
1202229299 116.25909 39.90626
1202229321 116.25687 39.90626
1202229601 116.24703 39.91149
1202229623 116.24703 39.9116
1202229623 116.24703 39.9116
1202229912 116.24706 39.91315
1202229912 116.24706 39.91315
1202229925 116.24706 39.91315
1202230204 116.25497 39.9164
1202230226 116.25594 39.9164
1202230506 116.26213 39.92306
1202230807 116.27896 39.94517
1202231108 116.32012 39.93732
1202231130 116.32402 39.93706
1202231410 116.31908 39.94274
1202231432 116.31946 39.94274
1202231726 116.31874 39.9452
1202231734 116.31876 39.94529
1202232013 116.31742 39.95544
1202232035 116.32081 39.95571
1202232315 116.34019 39.95683
1202232337 116.34196 39.95678
1202232617 116.35517 39.95126
1202232639 116.35529 39.95108
1202232918 116.36212 39.95132
1202232940 116.36311 39.95151
1202233220 116.35637 39.95114
1202233242 116.35636 39.95114
1202233521 116.35377 39.94664
1202233543 116.352 39.94662
1202233823 116.3548 39.96372
1202233845 116.3548 39.96428
1202234125 116.35301 39.96658
1202234147 116.35279 39.96658
1202234426 116.35159 39.97359
1202234448 116.35016 39.97357
1202234740 116.35932 39.98334
1202234750 116.35935 39.98225
1202235030 116.36329 39.98557
1202235052 116.36329 39.98557
1202235331 116.36753 39.98874
1202235353 116.36753 39.98874
1202235633 116.35892 39.99288
1202235655 116.35882 39.99399
1202235935 116.36738 39.995
1202235957 116.36896 39.99293
1202236236 116.36905 39.98746
1202236258 116.36905 39.98746
1202236538 116.36905 39.98746
1202236560 116.36905 39.98746
1202236840 116.36905 39.98746
1202236862 116.36905 39.98746
1202237141 116.37321 39.9853
1202237163 116.37239 39.98655
1202237163 116.37239 39.98655
1202237443 116.37574 39.99283
1202237443 116.37574 39.99283
1202237465 116.37573 39.99283
1202237745 116.37412 39.99383
1202237767 116.37416 39.99573
1202238046 116.37314 39.99279
1202238068 116.37131 39.99287
1202238348 116.34761 40.02169
1202238370 116.345 40.02505
1202238650 116.32345 40.05345
1202238672 116.32345 40.05345
1202238951 116.32068 40.06231
1202238973 116.32029 40.06212
1202239253 116.32229 40.05396
1202239275 116.32116 40.05249
1202239555 116.32969 40.03584
1202239577 116.32986 40.0356
1202239856 116.33756 40.02934
1202239878 116.33763 40.02934
1202240158 116.341 40.01826
1202240180 116.34079 40.01735
1202240460 116.34165 40.00628
1202240482 116.34339 40.00635
1202240761 116.3653 40.00824
1202240783 116.36835 40.00844
1202241085 116.38073 39.99487
1202241365 116.38163 39.97644
1202241387 116.38163 39.97644
1202241666 116.38157 39.98251
1202241688 116.38148 39.98475
1202242974 116.29316 39.98368
1202253047 116.41202 40.03166
1202253219 116.41202 40.03166
1202253348 116.4125 40.03259
1202253521 116.41714 40.03116
1202255039 116.45355 40.02571
1202255039 116.45355 40.02571
1202255039 116.45355 40.02571
1202255039 116.45355 40.02571
1202255039 116.45355 40.02571
1202255039 116.45355 40.02571
1202255039 116.45355 40.02571
1202255039 116.45355 40.02571
1202255039 116.45355 40.02571
1202255039 116.45355 40.02571
1202255039 116.45355 40.02571
1202255039 116.45355 40.02571
1202255039 116.45355 40.02571
1202255039 116.45355 40.02571
1202255039 116.45355 40.02571
1202255039 116.45355 40.02571
1202255039 116.45355 40.02571
1202255039 116.45355 40.02571
1202255039 116.45355 40.02571
1202255039 116.45355 40.02571
1202255039 116.45355 40.02571
1202255039 116.45355 40.02571
1202255039 116.45355 40.02571
1202293369 116.45393 40.02592
1202293601 116.45393 40.02592
1202293671 116.45393 40.02592
1202293903 116.45393 40.02592
1202293973 116.45393 40.02592
1202294274 116.45393 40.02592
1202294506 116.45393 40.02592
1202294576 116.45393 40.02592
1202294576 116.45393 40.02592
1202294808 116.45386 40.02589
1202294878 116.45385 40.02589
1202295110 116.45385 40.02589
1202295179 116.45385 40.02589
1202295411 116.45385 40.02589
1202295481 116.45385 40.02589
1202295713 116.45385 40.02589
1202295783 116.45385 40.02589
1202296492 116.45369 40.02562
1202296920 116.45345 40.02553
1202297222 116.45345 40.02553
1202297397 116.44855 40.02626
1202297524 116.4423 40.02343
1202297698 116.44748 40.01952
1202297825 116.45868 40.01922
1202298000 116.46105 40.01065
1202298302 116.46183 39.99373
1202298429 116.46237 39.98989
1202298730 116.45091 39.9866
1202298905 116.45091 39.9866
1202299334 116.46736 39.98897
1202299508 116.46705 39.99739
1202299508 116.46705 39.99739
1202299635 116.4674 39.99714
1202299810 116.45745 39.98525
1202299937 116.45139 39.98328
1202300112 116.45088 39.99005
1202300239 116.45133 39.99391
1202300413 116.45011 40.00106
1202300540 116.44891 40.00044
1202300714 116.45256 40.00225
1202300841 116.46125 40.00315
1202301016 116.46125 40.00315
1202301143 116.46125 40.00315
1202301317 116.46125 40.00315
1202301444 116.46138 40.00036
1202301619 116.46623 39.99965
1202301746 116.46585 40.00017
1202302048 116.47267 39.99766
1202302222 116.47953 39.98915
1202302349 116.47639 39.98291
1202302524 116.462 39.96991
1202302651 116.45149 39.96034
1202302826 116.45533 39.95055
1202302952 116.45217 39.9475
1202303127 116.44474 39.9464
1202303429 116.43031 39.93979
1202303556 116.42639 39.93987
1202303731 116.42639 39.93987
1202303857 116.42639 39.93987
1202303857 116.42639 39.93987
1202304032 116.42639 39.93987
1202304159 116.42639 39.93987
1202304334 116.42279 39.93981
1202304461 116.41302 39.93963
1202304636 116.39785 39.9395
1202304762 116.39068 39.93944
1202304937 116.391 39.93517
1202305064 116.39256 39.93494
1202305239 116.39088 39.93939
1202305540 116.42378 39.93966
1202305667 116.4283 39.94338
1202305842 116.43858 39.95028
1202305969 116.43853 39.95066
1202306271 116.43878 39.95434
1202306445 116.43778 39.95386
1202306572 116.43337 39.95797
1202306874 116.43271 39.96028
1202307049 116.43271 39.96027
1202307049 116.43271 39.96027
1202307176 116.42896 39.95814
1202307350 116.4369 39.9536
1202307477 116.44147 39.95446
1202307652 116.45326 39.96187
1202307779 116.45848 39.96646
1202307954 116.46324 39.96985
1202308081 116.45755 39.97393
1202308255 116.45097 39.98743
1202308382 116.45097 39.98798
1202308557 116.45681 39.99133
1202308684 116.45667 39.99889
1202308986 116.4574 40.00369
1202309160 116.46379 40.00035
1202309287 116.47113 40.00189
1202309462 116.46951 40.00066
1202309589 116.46686 40.01
1202309764 116.45558 40.0192
1202309891 116.44236 40.02363
1202309891 116.44236 40.02363
1202310065 116.43337 40.03113
1202310192 116.42321 40.03968
1202310367 116.4162 40.04213
1202310494 116.41599 40.04126
1202310669 116.41084 40.03631
1202310796 116.41135 40.03152
1202310970 116.40858 40.02549
1202311097 116.41152 40.02508
1202311272 116.4107 40.003
1202311399 116.40967 39.99186
1202311399 116.40967 39.99186
1202311700 116.35282 39.98573
1202311875 116.31138 39.98434
1202312002 116.30469 39.98308
1202312177 116.30602 39.98194
1202312304 116.30629 39.98205
1202312479 116.31183 39.97948
1202312605 116.31839 39.97976
1202312780 116.31917 39.9723
1202312907 116.31958 39.96634
1202313384 116.36496 39.95481
1202313510 116.3652 39.95215
1202313685 116.3557 39.95097
1202313812 116.35933 39.95658
1202313987 116.36793 39.9566
1202314114 116.35303 39.95658
1202314288 116.34026 39.95683
1202314415 116.32977 39.95628
1202314590 116.30742 39.95562
1202314590 116.30742 39.95562
1202314716 116.30329 39.94995
1202314891 116.3041 39.9257
1202315018 116.30413 39.90505
1202315192 116.30498 39.87666
1202315494 116.28808 39.86461
1202315621 116.28791 39.85672
1202315796 116.28215 39.85412
1202315923 116.28215 39.85412
1202316097 116.28215 39.85412
1202316224 116.28215 39.85412
1202316526 116.28215 39.85412
1202316701 116.28215 39.85412
1202316828 116.28237 39.85406
1202317002 116.28978 39.85441
1202317129 116.28942 39.85433
1202317304 116.29695 39.85662
1202317431 116.29978 39.85663
1202317606 116.29978 39.85663
1202317733 116.29977 39.85661
1202318034 116.29977 39.85661
1202318209 116.29976 39.85662
1202318511 116.29953 39.8567
1202319610 116.33103 39.88419
1202319797 116.33413 39.88842
1202319911 116.33622 39.88251
1202320099 116.33403 39.87605
1202320213 116.3303 39.87805
1202320400 116.32511 39.88318
1202320515 116.32973 39.88331
1202320702 116.3425 39.88425
1202321004 116.33944 39.83344
1202321118 116.35311 39.82962
1202321305 116.39306 39.8305
1202321420 116.39506 39.82481
1202321607 116.39586 39.81044
1202321721 116.40401 39.80367
1202321909 116.41088 39.80176
1202322023 116.41175 39.80066
1202322210 116.41175 39.80103
1202322325 116.4057 39.80396
1202322512 116.39618 39.8123
1202322626 116.39586 39.82114
1202322814 116.39532 39.83259
1202322928 116.40002 39.83624
1202323115 116.40864 39.84009
1202323230 116.4088 39.84021
1202323417 116.40821 39.85141
1202323531 116.40806 39.8546
1202323718 116.40776 39.85946
1202323833 116.40758 39.86334
1202324020 116.39907 39.86379
1202324135 116.39359 39.86827
1202324322 116.39077 39.8678
1202324436 116.38997 39.86769
1202324623 116.39187 39.86902
1202324738 116.39175 39.864
1202324738 116.39175 39.864
1202324925 116.39364 39.85217
1202325040 116.38981 39.85247
1202325227 116.39369 39.85308
1202325341 116.39823 39.85542
1202325528 116.39083 39.85579
1202325643 116.37452 39.85593
1202325830 116.358 39.85314
1202325945 116.35858 39.85807
1202326132 116.36624 39.8643
1202326246 116.36586 39.86442
1202326433 116.35853 39.86399
1202326548 116.35857 39.85845
1202326735 116.33947 39.8484
1202326850 116.33068 39.84788
1202327037 116.33065 39.84744
1202327151 116.34057 39.84657
1202327338 116.35876 39.85418
1202327453 116.35838 39.86142
1202327640 116.36159 39.87118
1202327640 116.36159 39.87118
1202327755 116.36151 39.87617
1202327942 116.36817 39.88167
1202328056 116.37407 39.88783
1202328243 116.39455 39.89043
1202328358 116.40362 39.89136
1202328545 116.41262 39.89378
1202328660 116.41241 39.89921
1202328847 116.41182 39.9087
1202328961 116.41145 39.91703
1202329148 116.41119 39.92265
1202329263 116.41098 39.93167
1202329450 116.41962 39.93143
1202329564 116.41969 39.93557
1202329751 116.42785 39.93839
1202329865 116.43215 39.94494
1202330052 116.44081 39.95502
1202330656 116.39934 39.96751
1202330957 116.38779 39.97712
1202331072 116.38782 39.97243
1202331259 116.38734 39.97167
1202331373 116.38734 39.97167
1202331561 116.38734 39.97167
1202331675 116.38734 39.97167
1202331862 116.38191 39.97149
1202331977 116.37545 39.97433
1202332164 116.37441 39.97947
1202332278 116.37222 39.98907
1202332278 116.37222 39.98907
1202332466 116.37419 39.99607
1202332580 116.3701 40.00041
1202332882 116.35054 39.99972
1202333069 116.36847 39.99386
1202333183 116.37755 39.98621
1202333370 116.41809 39.98751
1202333485 116.44332 39.98292
1202333672 116.4601 39.98277
1202333787 116.46453 39.98636
1202333974 116.46641 39.99959
1202334088 116.46626 40.00016
1202334275 116.46603 40.00023
1202334390 116.46593 40.00031
1202334577 116.46593 40.00032
1202334692 116.4659 40.00031
1202334879 116.46183 40.00082
1202334993 116.46183 40.00082
1202335180 116.46174 40.0007
1202335180 116.46174 40.0007
1202335295 116.46154 40.00319
1202335482 116.46116 40.0145
1202335597 116.45723 40.01924
1202335784 116.44446 40.02654
1202335898 116.44209 40.02843
1202336085 116.43066 40.03116
1202336200 116.41438 40.0314
1202336502 116.41094 40.03131
1202336689 116.41096 40.03129
1202336803 116.41091 40.03127
1202336990 116.41102 40.03128
1202337105 116.41102 40.03128
1202337292 116.41105 40.03129
1202337407 116.41106 40.03128
1202337594 116.41113 40.03124
1202337708 116.41121 40.03124
1202337895 116.41158 40.03212
1202338010 116.41379 40.03192
1202338197 116.43543 40.0293
1202338312 116.43805 40.02004
1202338499 116.45072 40.02612
1202338613 116.45351 40.0257
1202338800 116.45377 40.02564
1202338915 116.45377 40.02564
1202339102 116.45377 40.02564
1202339216 116.45377 40.02564
1202339404 116.45377 40.02564
1202339491 116.45377 40.02564
1202340067 116.45385 40.02575
1202340067 116.45385 40.02575
1202340067 116.45385 40.02575
1202340067 116.45385 40.02575
1202340067 116.45385 40.02575
1202340067 116.45385 40.02575
1202340067 116.45385 40.02575
1202340067 116.45385 40.02575
1202340067 116.45385 40.02575
1202340067 116.45385 40.02575
1202340067 116.45385 40.02575
1202340067 116.45385 40.02575
1202340067 116.45385 40.02575
1202340067 116.45385 40.02575
1202340067 116.45385 40.02575
1202340067 116.45385 40.02575
1202340067 116.45385 40.02575
1202340067 116.45385 40.02575
1202340067 116.45385 40.02575
1202340067 116.45385 40.02575
1202340067 116.45385 40.02575
1202340067 116.45385 40.02575
1202386847 116.45369 40.02573
1202387149 116.45369 40.02573
1202387200 116.45369 40.02573
1202387450 116.45369 40.02573
1202387501 116.45369 40.02573
1202387752 116.45369 40.02573
1202387803 116.45369 40.02573
1202388105 116.45369 40.02572
1202388355 116.45404 40.0206
1202388406 116.45597 40.01916
1202388708 116.46173 39.99668
1202388959 116.46596 39.98769
1202389010 116.46596 39.98769
1202389310 116.46596 39.98769
1202389561 116.46596 39.98769
1202389612 116.46596 39.98769
1202389863 116.46596 39.98769
1202389914 116.46596 39.98769
1202390164 116.46682 39.98972
1202390215 116.4645 39.99125
1202390466 116.46138 40.01134
1202390517 116.46536 40.01304
1202390768 116.50571 39.98485
1202390819 116.51233 39.97654
1202391069 116.5366 39.94126
1202391120 116.53664 39.94059
1202391371 116.54429 39.92244
1202391422 116.55066 39.92274
1202391673 116.55946 39.92272
1202391724 116.55946 39.92272
1202391724 116.55946 39.92272
1202391974 116.56126 39.92194
1202392025 116.56126 39.92194
1202392327 116.56126 39.92194
1202392578 116.56126 39.92194
1202392879 116.56126 39.92194
1202392930 116.56126 39.92193
1202393181 116.56474 39.92313
1202393181 116.56474 39.92313
1202393232 116.55636 39.92302
1202393483 116.52288 39.92256
1202393534 116.51909 39.92276
1202393784 116.51901 39.92274
1202393835 116.51844 39.92272
1202394086 116.49063 39.92181
1202394137 116.48591 39.9218
1202394438 116.46963 39.96601
1202394689 116.49484 40.00122
1202394740 116.48652 40.00556
1202394991 116.46106 40.01091
1202395042 116.46385 40.01012
1202395292 116.47351 40.01262
1202395343 116.47351 40.01262
1202395594 116.46481 40.01012
1202395645 116.46838 40.0101
1202395896 116.48691 40.00649
1202395947 116.48691 40.00649
1202396197 116.49096 40.00323
1202396248 116.49096 40.00323
1202396499 116.49096 40.00323
1202396550 116.49096 40.00323
1202396801 116.49096 40.00323
1202396852 116.49096 40.00323
1202397102 116.49096 40.00323
1202397153 116.49096 40.00323
1202397404 116.49096 40.00323
1202397455 116.49096 40.00323
1202397706 116.49096 40.00323
1202397757 116.49096 40.00323
1202398007 116.49096 40.00323
1202398058 116.49096 40.00323
1202398309 116.49096 40.00323
1202398360 116.49096 40.00323
1202398611 116.49096 40.00323
1202398662 116.49096 40.00323
1202398912 116.49096 40.00323
1202398963 116.49096 40.00323
1202399214 116.4919 40.00218
1202399265 116.4919 40.00218
1202399265 116.4919 40.00218
1202399516 116.4838 40.005
1202399567 116.47885 40.00744
1202399817 116.46296 40.01028
1202400119 116.42194 40.02089
1202400170 116.41351 40.02099
1202400421 116.406 40.04588
1202400472 116.40673 40.05128
1202400722 116.39459 40.05634
1202400722 116.39459 40.05634
1202400773 116.38767 40.0558
1202401024 116.36318 40.05108
1202401075 116.36028 40.04956
1202401326 116.3622 40.04078
1202401627 116.34319 40.02809
1202401678 116.34319 40.02809
1202401929 116.34605 40.01082
1202401980 116.34613 40.00572
1202402231 116.3471 39.97455
1202402282 116.34688 39.9676
1202402532 116.3029 39.95626
1202402583 116.30368 39.94786
1202402834 116.3041 39.91112
1202402885 116.30414 39.90381
1202403135 116.28972 39.87889
1202403186 116.2893 39.87878
1202403436 116.25219 39.86527
1202403738 116.24828 39.85929
1202403789 116.25049 39.8586
1202404039 116.2543 39.85473
1202404090 116.25248 39.85595
1202404341 116.26055 39.86386
1202404392 116.26191 39.86486
1202404643 116.27249 39.8715
1202404694 116.27305 39.87429
1202404944 116.27077 39.87907
1202404995 116.26716 39.87951
1202405246 116.25504 39.87936
1202405297 116.25762 39.8795
1202405548 116.26812 39.88395
1202405599 116.26948 39.87988
1202405849 116.26715 39.86912
1202405900 116.26416 39.86672
1202406151 116.2578 39.86252
1202406202 116.2598 39.86354
1202406453 116.26921 39.87009
1202406504 116.27254 39.87145
1202406754 116.28918 39.87421
1202406805 116.28938 39.87373
1202406805 116.28938 39.87373
1202407056 116.2931 39.88652
1202407107 116.29064 39.88832
1202407358 116.30123 39.896
1202407409 116.29603 39.89649
1202407659 116.30599 39.90675
1202407710 116.30447 39.9081
1202407961 116.31389 39.92681
1202408012 116.31389 39.92681
1202408263 116.3137 39.93188
1202408314 116.31375 39.93538
1202408564 116.31375 39.93538
1202408615 116.31375 39.93538
1202408866 116.31369 39.93538
1202408917 116.31369 39.93538
1202409168 116.31374 39.93535
1202409219 116.31374 39.93535
1202409469 116.31374 39.93535
1202409520 116.31374 39.93535
1202409771 116.31374 39.93535
1202409822 116.31374 39.93535
1202410073 116.30566 39.94054
1202410124 116.30004 39.94265
1202410374 116.27732 39.94531
1202410425 116.26989 39.94557
1202410676 116.25154 39.94569
1202410727 116.24645 39.94601
1202410981 116.24674 39.93026
1202411029 116.24635 39.92839
1202411279 116.24535 39.92845
1202411330 116.24644 39.92835
1202411581 116.2636 39.92762
1202411632 116.26649 39.92743
1202411883 116.26863 39.94144
1202411934 116.2693 39.94475
1202412184 116.26037 39.96863
1202412235 116.25678 39.97197
1202412486 116.26049 39.97658
1202412537 116.26049 39.97658
1202412787 116.2546 39.97441
1202412838 116.25938 39.96881
1202413089 116.27504 39.97152
1202413140 116.28093 39.97509
1202413391 116.3 39.97439
1202413692 116.31278 39.97145
1202413744 116.31315 39.97132
1202413994 116.3054 39.97464
1202414045 116.30166 39.97453
1202414296 116.29583 39.98427
1202414347 116.29352 39.98416
1202414347 116.29352 39.98416
1202414597 116.28021 39.98179
1202414648 116.2815 39.98187
1202414899 116.29454 39.97679
1202414950 116.29488 39.97349
1202415201 116.3111 39.97475
1202415252 116.3109 39.97876
1202415502 116.31604 39.97974
1202415502 116.31604 39.97974
1202415553 116.31959 39.97977
1202415804 116.33056 39.98484
1202415855 116.33932 39.98506
1202416106 116.36299 39.98581
1202416157 116.37064 39.98571
1202416407 116.38791 39.97636
1202416458 116.38813 39.97546
1202416709 116.39558 39.97013
1202416760 116.39558 39.97013
1202417011 116.39558 39.97013
1202417062 116.39564 39.97011
1202417312 116.37601 39.96713
1202417363 116.37514 39.97216
1202417613 116.37797 39.98609
1202417664 116.38126 39.98371
1202417915 116.38688 39.98121
1202417966 116.38688 39.98121
1202418216 116.40458 39.9869
1202418267 116.40999 39.98714
1202418518 116.44552 39.98138
1202418871 116.45858 39.98759
1202419121 116.46658 39.98812
1202419172 116.46658 39.98812
1202419423 116.46629 39.9901
1202419474 116.46197 39.99394
1202419725 116.46626 40.00006
1202419776 116.46626 40.00006
1202420026 116.46626 40.00006
1202420077 116.46626 40.00006
1202420328 116.46596 40.00024
1202420379 116.46596 40.00024
1202420630 116.46138 40.00985
1202420681 116.46343 40.01028
1202420931 116.45154 40.00104
1202420982 116.45142 39.99961
1202421233 116.45165 39.99901
1202421284 116.45195 40.00198
1202421535 116.46511 40.01041
1202421586 116.46141 40.01045
1202421836 116.44772 40.01958
1202421887 116.44542 40.01886
1202421887 116.44542 40.01886
1202422138 116.44545 40.0189
1202422189 116.44545 40.0189
1202422439 116.44542 40.01891
1202422490 116.44542 40.01891
1202422741 116.44542 40.01891
1202422792 116.44542 40.01891
1202423043 116.44542 40.01889
1202423043 116.44542 40.01889
1202423094 116.44542 40.01889
1202423344 116.44542 40.01889
1202423395 116.44542 40.01889
1202423646 116.44542 40.01889
1202423697 116.44542 40.01889
1202423948 116.44542 40.01889
1202423999 116.44542 40.01889
1202424249 116.44535 40.01883
1202424300 116.44535 40.01883
1202424551 116.4453 40.01883
1202424602 116.4453 40.01883
1202424853 116.4453 40.01883
1202424904 116.4453 40.01883
1202425154 116.4453 40.01883
1202425205 116.4453 40.01883
1202425456 116.4453 40.01883
1202425507 116.4453 40.01883
1202425758 116.44532 40.01884
1202425809 116.44532 40.01884
1202426059 116.44299 40.01985
1202426110 116.44227 40.02484
1202426361 116.45368 40.02566
1202426412 116.45366 40.02564
1202426663 116.45366 40.02564
1202426714 116.45366 40.02564
1202470324 116.45366 40.02571
1202470532 116.45366 40.02571
1202470626 116.45366 40.02571
1202470833 116.45366 40.02571
1202470927 116.45366 40.02571
1202471135 116.45366 40.02571
1202471228 116.45366 40.02571
1202471436 116.45366 40.02571
1202471530 116.45353 40.02532
1202471738 116.45205 40.0246
1202471832 116.45203 40.0246
1202472039 116.45202 40.0246
1202472133 116.45202 40.0246
1202472341 116.45239 40.02469
1202472341 116.45239 40.02469
1202472435 116.45239 40.02469
1202472643 116.4532 40.0251
1202472737 116.45437 40.02182
1202472944 116.46104 40.01102
1202473038 116.46135 40.00479
1202473246 116.45857 40.00036
1202473340 116.45821 40.0008
1202473548 116.45819 40.00081
1202473642 116.45819 40.00081
1202473849 116.45819 40.00081
1202473943 116.45819 40.00081
1202474151 116.45819 40.00081
1202474245 116.45819 40.00081
1202474453 116.45841 40.00078
1202474547 116.45841 40.00078
1202474754 116.45832 40.0008
1202474848 116.45841 40.00076
1202475056 116.45848 40.00073
1202475150 116.45872 40.00063
1202475358 116.45869 40.00064
1202475753 116.45862 40.00055
1202476356 116.45821 40.00083
1202476564 116.45821 40.00083
1202476658 116.45821 40.00083
1202476866 116.45821 40.00083
1202476960 116.4583 40.00076
1202477168 116.4584 40.00069
1202477261 116.4584 40.00069
1202477469 116.4584 40.00069
1202477563 116.4584 40.00069
1202477563 116.4584 40.00069
1202477771 116.4587 40.00059
1202478073 116.4586 40.00062
1202478166 116.4586 40.00062
1202478468 116.45826 40.00073
1202478676 116.45826 40.00073
1202478770 116.45826 40.00073
1202479071 116.45689 40.00005
1202479279 116.45751 40.00048
1202479373 116.45751 40.00048
1202479581 116.45751 40.00048
1202479675 116.45751 40.00048
1202479883 116.45792 40.00071
1202479883 116.45792 40.00071
1202479976 116.45792 40.00071
1202480184 116.45819 40.0008
1202480278 116.45819 40.0008
1202480486 116.45819 40.0008
1202480788 116.45831 40.00082
1202480881 116.45839 40.00085
1202481089 116.45831 40.00095
1202481183 116.45831 40.00095
1202481485 116.45853 40.00079
1202481692 116.45857 40.00082
1202481786 116.45857 40.00082
1202481994 116.45847 40.0008
1202482088 116.45847 40.0008
1202482296 116.45847 40.0008
1202482390 116.45847 40.0008
1202482597 116.45833 40.00084
1202482691 116.45834 40.00084
1202482899 116.45824 40.00076
1202482993 116.45824 40.00076
1202483201 116.45824 40.00076
1202483295 116.45824 40.00076
1202483502 116.45824 40.00076
1202483596 116.45824 40.00076
1202483804 116.45824 40.00076
1202483898 116.45824 40.00076
1202484106 116.45824 40.00076
1202484199 116.45824 40.00076
1202484407 116.45824 40.00076
1202484501 116.45824 40.00076
1202484708 116.45824 40.00076
1202484802 116.45824 40.00076
1202485010 116.45824 40.00076
1202485103 116.45824 40.00076
1202485103 116.45824 40.00076
1202485311 116.45824 40.00076
1202485405 116.45824 40.00076
1202485613 116.45824 40.00076
1202485707 116.45824 40.00076
1202485915 116.45824 40.00076
1202486008 116.45824 40.00076
1202486216 116.45824 40.00076
1202486310 116.45818 40.00059
1202486518 116.45958 39.99736
1202486612 116.45958 39.99736
1202487006 116.45964 39.99717
1202487006 116.45964 39.99717
1202487006 116.45964 39.99717
1202487006 116.45964 39.99717
1202487006 116.45964 39.99717
1202488825 116.45936 39.99729
1202489057 116.46146 39.99949
1202489127 116.46147 39.99999
1202489359 116.47958 40.00792
1202489428 116.48447 40.006
1202489660 116.49103 40.00326
1202489730 116.49103 40.00326
1202489962 116.49103 40.00326
1202490032 116.49103 40.00326
1202490032 116.49103 40.00326
1202490263 116.49103 40.00326
1202490332 116.49103 40.00326
1202490564 116.49103 40.00326
1202490634 116.49103 40.00326
1202490866 116.49103 40.00326
1202490866 116.49103 40.00326
1202490936 116.49103 40.00326
1202491168 116.49103 40.00326
1202491237 116.49103 40.00326
1202491469 116.49103 40.00326
1202491539 116.49103 40.00326
1202491771 116.49103 40.00326
1202491771 116.49103 40.00326
1202491841 116.49103 40.00326
1202492073 116.49103 40.00326
1202492142 116.49103 40.00326
