UTS Latitude Longitude
1201964403 116.49732 39.96334
1201964478 116.49728 39.96334
1201964705 116.49516 39.97066
1201964780 116.49338 39.97486
1201965007 116.49686 39.96927
1201965081 116.49725 39.96395
1201965308 116.48961 39.96191
1201965383 116.48909 39.96164
1201965610 116.47073 39.96526
1201965685 116.45884 39.97301
1201965912 116.41587 39.98758
1201965986 116.40186 39.98718
1201966213 116.4 39.99345
1201966288 116.4013 39.99365
1201967856 116.43989 39.96205
1201967974 116.43466 39.96542
1201968157 116.4276 39.97265
1201968276 116.43299 39.98774
1201968459 116.40181 39.98718
1201968578 116.39594 39.98861
1201968761 116.39894 39.98882
1201968879 116.39696 39.99206
1201969062 116.39529 39.98869
1201969181 116.39426 39.98853
1201969364 116.38538 39.98695
1201969483 116.38132 39.9915
1201969483 116.38132 39.9915
1201969666 116.38101 39.99055
1201969784 116.3816 39.98141
1201969967 116.38807 39.97151
1201970086 116.38862 39.95933
1201970388 116.38753 39.94678
1201970571 116.40219 39.94752
1201970689 116.41029 39.94699
1201970872 116.41042 39.9444
1201970991 116.41058 39.94189
1201971174 116.40776 39.9395
1201971293 116.41345 39.93952
1201971476 116.42989 39.93951
1201971777 116.43213 39.93243
1201971896 116.4305 39.93212
1201972198 116.42802 39.9264
1201972381 116.42839 39.91987
1201972682 116.42956 39.90605
1201972984 116.42953 39.90737
1201973286 116.42952 39.90965
1201973404 116.42848 39.91999
1201973587 116.42803 39.92665
1201973706 116.42747 39.93808
1201974008 116.39733 39.94771
1201974191 116.38905 39.95296
1201974309 116.38868 39.96189
1201974492 116.3866 39.96752
1201974611 116.38819 39.96523
1201974794 116.37913 39.96159
1201974913 116.37893 39.963
1201975096 116.37896 39.96171
1201975214 116.37438 39.96685
1201975397 116.3645 39.96698
1201975516 116.36402 39.96673
1201975699 116.36509 39.95146
1201975818 116.36308 39.95132
1201976001 116.35806 39.95116
1201976302 116.35519 39.95405
1201976604 116.349 39.95715
1201977024 116.33545 39.96507
1201977024 116.33545 39.96507
1201977207 116.32924 39.9606
1201977326 116.32824 39.96451
1201977509 116.32816 39.96521
1201977811 116.32531 39.9663
1201977929 116.31949 39.966
1201978112 116.30914 39.96367
1201978414 116.30247 39.96137
1201978533 116.29772 39.95907
1201978716 116.28725 39.95694
1201978834 116.283 39.95631
1201979017 116.27756 39.95837
1201979136 116.27819 39.95706
1201979319 116.27149 39.95563
1201979438 116.28043 39.95594
1201979620 116.28878 39.95072
1201979739 116.29031 39.93051
1201979922 116.28902 39.91588
1201980041 116.289 39.91513
1201980224 116.28896 39.91315
1201980343 116.28896 39.91179
1201980525 116.28894 39.9092
1201980644 116.28894 39.9092
1201980827 116.28894 39.90729
1201980946 116.28831 39.90649
1201981129 116.28037 39.90631
1201981248 116.27803 39.90629
1201981429 116.27697 39.91643
1201981548 116.27304 39.91636
1201981731 116.28043 39.91832
1201981850 116.28801 39.9177
1201982152 116.29324 39.91571
1201982334 116.29449 39.91518
1201982453 116.29478 39.91506
1201983716 116.30468 39.91076
1201983788 116.30595 39.91057
1201984017 116.31277 39.90982
1201984090 116.31379 39.90979
1201984319 116.31897 39.90971
1201984391 116.32286 39.90963
1201984621 116.32932 39.9126
1201984693 116.33256 39.91265
1201984922 116.34015 39.91012
1201984994 116.34314 39.90815
1201985224 116.34951 39.91258
1201985296 116.34951 39.91259
1201985526 116.35085 39.9165
1201985598 116.35049 39.91851
1201985827 116.35009 39.92999
1201985899 116.3501 39.93033
1201986129 116.36224 39.93096
1201986201 116.36593 39.93116
1201986431 116.37925 39.93175
1201986505 116.38702 39.93204
1201986505 116.38702 39.93204
1201986732 116.40233 39.93193
1201986804 116.40238 39.93193
1201987034 116.4243 39.93228
1201987106 116.42621 39.93233
1201987336 116.43341 39.93232
1201987408 116.43523 39.93228
1201987709 116.43989 39.92262
1201987939 116.4442 39.92918
1201988011 116.44413 39.93096
1201988240 116.45194 39.93235
1201988312 116.45379 39.93235
1201988541 116.45582 39.94225
1201988613 116.4559 39.94683
1201988843 116.45625 39.94796
1201988915 116.4563 39.94797
1201988915 116.4563 39.94797
1201989145 116.45617 39.94783
1201989217 116.46025 39.94941
1201989446 116.44988 39.95542
1201989519 116.44498 39.95884
1201989748 116.43393 39.95836
1201989820 116.4268 39.95828
1201990122 116.41296 39.95591
1201990351 116.41038 39.94535
1201990423 116.41053 39.94102
1201990653 116.41091 39.93948
1201990653 116.41091 39.93948
1201990725 116.41692 39.93959
1201990955 116.42568 39.93245
1201991027 116.42031 39.9324
1201991256 116.41991 39.92206
1201991328 116.42026 39.9175
1201991558 116.4211 39.90845
1201991630 116.42192 39.90795
1201991860 116.41666 39.90217
1201991946 116.4145 39.90053
1201992161 116.41199 39.90569
1201992233 116.41191 39.90652
1201992463 116.40572 39.90686
1201992535 116.40536 39.90781
1201992765 116.40534 39.90796
1201992837 116.40534 39.90796
1201993066 116.40716 39.90921
1201993138 116.41134 39.90925
1201993368 116.42016 39.91437
1201993440 116.4201 39.92144
1201993670 116.42816 39.92783
1201993742 116.42764 39.93796
1201993971 116.40201 39.94935
1201994043 116.40173 39.95745
1201994273 116.40123 39.96676
1201994345 116.40133 39.97325
1201994575 116.40595 39.98219
1201994647 116.40727 39.98194
1201994953 116.42305 39.98749
1201995178 116.44839 39.9795
1201995250 116.44839 39.9795
1201995480 116.47003 39.96779
1201995552 116.47471 39.97002
1201995781 116.4932 39.97065
1201996083 116.53032 39.97534
1201996155 116.53666 39.97314
1201996385 116.54716 39.97769
1201996456 116.54568 39.97763
1201996456 116.54568 39.97763
1201996686 116.52688 39.9768
1201996758 116.5155 39.97646
1201996988 116.4947 39.97067
1201997290 116.48845 39.96111
1201997362 116.48324 39.95752
1201997591 116.48362 39.9291
1201997663 116.48091 39.92181
1201997893 116.4722 39.92638
1202001015 116.4828 39.96991
1202001316 116.4828 39.96991
1202001592 116.47762 39.9697
1202001618 116.47762 39.9697
1202001894 116.49307 39.97061
1202001919 116.495 39.9706
1202002195 116.51346 39.97396
1202002221 116.51228 39.97587
1202002497 116.48982 39.97524
1202002523 116.4865 39.9752
1202002799 116.4756 39.96986
1202002824 116.47558 39.96987
1202003100 116.45529 39.9505
1202003126 116.45553 39.9476
1202003402 116.45056 39.931
1202003428 116.45057 39.93097
1202003704 116.45522 39.92767
1202003704 116.45522 39.92767
1202004005 116.45502 39.89217
1202004031 116.45584 39.892
1202004909 116.45397 39.89581
1202004935 116.454 39.89586
1202005211 116.467 39.90673
1202005237 116.47071 39.90677
1202006804 116.45478 39.89762
1202006932 116.44593 39.89777
1202007105 116.44981 39.89423
1202007233 116.44715 39.8924
1202007407 116.42487 39.89232
1202007535 116.41888 39.89206
1202007709 116.3992 39.89126
1202007837 116.38709 39.88878
1202008010 116.37921 39.8848
1202008138 116.37916 39.88031
1202008312 116.38295 39.88202
1202008440 116.38872 39.88409
1202008614 116.38687 39.88863
1202008742 116.39654 39.89074
1202008915 116.42061 39.89205
1202009043 116.43236 39.89226
1202009217 116.45236 39.892
1202009217 116.45236 39.892
1202009345 116.45556 39.89627
1202009519 116.45594 39.9061
1202011633 116.47738 39.96971
1202011761 116.48247 39.97
1202012063 116.47556 39.96982
1202012237 116.47556 39.96982
1202012365 116.47556 39.96982
1202012538 116.47556 39.96982
1202012666 116.47556 39.96982
1202012840 116.47556 39.96982
1202012968 116.47505 39.96992
1202013142 116.45999 39.95882
1202013270 116.45391 39.95473
1202013443 116.45755 39.9565
1202013571 116.46065 39.95944
1202013571 116.46065 39.95944
1202013745 116.47293 39.97041
1202013873 116.48003 39.96977
1202014047 116.48276 39.96998
1202014174 116.48278 39.97002
1202014347 116.48278 39.97002
1202014475 116.48278 39.97002
1202014649 116.48278 39.97002
1202014777 116.48278 39.97002
1202014951 116.48912 39.96167
1202015079 116.49724 39.96434
1202015252 116.49344 39.97078
1202015380 116.49109 39.97062
1202015554 116.47614 39.96987
1202015682 116.48267 39.96987
1202015856 116.48269 39.96986
1202016157 116.48269 39.96988
1202016285 116.48269 39.9699
1202016459 116.48269 39.9699
1202016587 116.48267 39.96992
1202016761 116.48267 39.96993
1202016761 116.48267 39.96993
1202016889 116.48273 39.96995
1202017062 116.48769 39.96258
1202017190 116.48138 39.95635
1202017364 116.48365 39.93101
1202017492 116.47669 39.9217
1202017666 116.46468 39.92189
1202017802 116.45812 39.922
1202017967 116.44342 39.92171
1202018269 116.42843 39.92568
1202018397 116.43488 39.93233
1202018571 116.45251 39.93237
1202018699 116.45585 39.93973
1202018872 116.46207 39.95227
1202019000 116.46299 39.96149
1202019174 116.47446 39.9701
1202019302 116.48242 39.96983
1202019476 116.48241 39.96985
1202019604 116.48252 39.96992
1202019777 116.47563 39.97654
1202020079 116.47165 39.97909
1202020207 116.47856 39.97458
1202020381 116.48245 39.96981
1202020509 116.48245 39.96981
1202020682 116.48245 39.96981
1202020810 116.48232 39.96976
1202020984 116.48245 39.96983
1202021112 116.48239 39.96973
1202021112 116.48239 39.96973
1202021286 116.48248 39.96977
1202021414 116.48236 39.96974
1202021587 116.48236 39.96974
1202021715 116.48236 39.96974
1202021889 116.48236 39.96974
1202022017 116.48236 39.96974
1202022191 116.48236 39.96974
1202022319 116.48236 39.96974
1202022492 116.48236 39.96974
1202022620 116.48236 39.96974
1202023096 116.48236 39.96974
1202023224 116.48236 39.96974
1202023397 116.4824 39.96975
1202023525 116.4824 39.96975
1202023827 116.48243 39.96976
1202024001 116.48252 39.96977
1202024129 116.48252 39.96977
1202024302 116.48252 39.96977
1202024302 116.48252 39.96977
1202024430 116.48256 39.96976
1202024604 116.48256 39.96976
1202024906 116.48254 39.96976
1202025034 116.48254 39.96976
1202025207 116.48254 39.96976
1202025335 116.48254 39.96976
1202025509 116.48254 39.96976
1202025637 116.48254 39.96976
1202025811 116.48251 39.96976
1202025939 116.48259 39.96976
1202026112 116.48259 39.96976
1202026240 116.48259 39.96976
1202026414 116.48259 39.96976
1202026716 116.49744 39.96739
1202026844 116.49744 39.96739
1202032226 116.49722 39.96336
1202032272 116.49716 39.96302
1202032528 116.48947 39.96177
1202032830 116.48366 39.94702
1202032876 116.48367 39.93916
1202033131 116.47573 39.90699
1202033177 116.46615 39.90713
1202033433 116.42926 39.90853
1202033479 116.42963 39.90415
1202033735 116.41913 39.9037
1202033781 116.4183 39.90514
1202034036 116.41811 39.90652
1202034082 116.41811 39.90652
1202034338 116.42605 39.90415
1202034384 116.42604 39.90408
1202034640 116.41439 39.90035
1202034685 116.419 39.90351
1202034941 116.42128 39.90342
1202035243 116.42961 39.89966
1202035545 116.42978 39.90454
1202035591 116.4296 39.90682
1202035846 116.42768 39.93578
1202035892 116.42749 39.94205
1202036194 116.46258 39.97058
1202036450 116.41135 39.98749
1202036495 116.40244 39.98726
1202036751 116.36667 39.99643
1202038336 116.33387 40.03866
1202038620 116.34134 40.02943
1202038627 116.34176 40.02889
1202038922 116.34612 40.00618
1202038929 116.34613 40.0057
1202039223 116.3471 39.98702
1202039525 116.34878 39.95607
1202039532 116.34881 39.9557
1202039827 116.35011 39.94592
1202039834 116.35007 39.94569
1202040128 116.34943 39.93637
1202040430 116.34221 39.92694
1202040732 116.32696 39.92695
1202040739 116.32696 39.92695
1202041033 116.31975 39.93067
1202041040 116.31975 39.93067
1202041335 116.32346 39.93695
1202041342 116.32443 39.93691
1202041630 116.34498 39.93845
1202041757 116.34572 39.9386
1202041947 116.35054 39.93658
1202042249 116.35445 39.95097
1202042249 116.35445 39.95097
1202042360 116.36178 39.95127
1202042551 116.36556 39.94856
1202042662 116.36562 39.94801
1202042852 116.37221 39.94715
1202042964 116.38353 39.94163
1202043154 116.38985 39.93568
1202043456 116.39206 39.92699
1202043567 116.39453 39.92202
1202043757 116.39927 39.91384
1202043869 116.40662 39.91425
1202044059 116.4074 39.90791
1202045320 116.43322 39.9227
1202045571 116.44268 39.9216
1202045622 116.44293 39.92157
1202045873 116.45465 39.92198
1202045923 116.45511 39.92199
1202046225 116.46089 39.92965
1202046527 116.45595 39.94079
1202046778 116.45595 39.94079
1202046828 116.45595 39.94079
1202047079 116.45591 39.94729
1202047130 116.4559 39.94735
1202047381 116.46165 39.9602
1202047431 116.46687 39.96547
1202047683 116.48392 39.97076
1202047733 116.48931 39.97063
1202047984 116.48987 39.97049
1202049442 116.49332 39.97384
1202049488 116.49332 39.97552
1202049744 116.49337 39.97728
1202050045 116.49337 39.97728
1202050091 116.49337 39.97728
1202050347 116.49317 39.97387
1202050393 116.49316 39.97392
1202050393 116.49316 39.97392
1202050695 116.48489 39.97521
1202050950 116.48177 39.96982
1202050996 116.47646 39.96969
1202051252 116.45627 39.97478
1202051298 116.44877 39.97964
1202051554 116.41981 39.96804
1202051554 116.41981 39.96804
1202051600 116.40972 39.96775
1202051855 116.36998 39.96679
1202052157 116.34818 39.95739
1202052203 116.34902 39.95225
1202052459 116.34924 39.93978
1202052505 116.34939 39.93744
1202052806 116.35 39.92133
1202053062 116.35034 39.90481
1202053108 116.35041 39.9023
1202053364 116.32142 39.89586
1202053410 116.31813 39.89591
1202053665 116.31602 39.89614
1202053711 116.31577 39.89656
1202053967 116.30698 39.896
1202054013 116.30559 39.89607
1202054269 116.30437 39.88361
1202054315 116.30509 39.87733
1202054570 116.31873 39.84879
1202054616 116.32188 39.84779
1202054872 116.32219 39.83787
1202054918 116.32224 39.83508
1202055220 116.3072 39.82967
1202055475 116.31106 39.84692
1202055521 116.31348 39.84677
1202055777 116.32637 39.84743
1202055823 116.3298 39.84742
1202056078 116.36474 39.85502
1202056124 116.37081 39.85548
1202056379 116.38096 39.86245
1202056425 116.38177 39.86563
1202056681 116.36247 39.86852
1202056727 116.35285 39.86718
1202056983 116.34351 39.87554
1202057029 116.34352 39.87555
1202057284 116.35307 39.87743
1202057330 116.35301 39.87947
1202057586 116.35248 39.88356
1202057632 116.35262 39.88366
1202057888 116.35267 39.88568
1202057934 116.35255 39.88633
1202057934 116.35255 39.88633
1202058189 116.35302 39.87936
1202058235 116.35307 39.87738
1202058491 116.35792 39.87042
1202058537 116.35793 39.86995
1202058839 116.35817 39.86741
1202059094 116.40134 39.87057
1202059094 116.40134 39.87057
1202059140 116.40355 39.87064
1202059396 116.43298 39.86857
1202059698 116.434 39.86449
1202059925 116.43301 39.86741
1202060003 116.43349 39.87237
1202060227 116.42644 39.88289
1202060305 116.42475 39.88712
1202060529 116.42122 39.89534
1202060606 116.421 39.89822
1202060830 116.41763 39.90283
1202060908 116.4205 39.90338
1202061559 116.42143 39.90341
1202061693 116.42148 39.90343
1202061861 116.42148 39.90343
1202061995 116.42148 39.90343
1202061995 116.42148 39.90343
1202062162 116.42148 39.90343
1202062297 116.42396 39.90351
1202062464 116.43245 39.89818
1202062599 116.43409 39.89237
1202062766 116.4233 39.89228
1202062900 116.41421 39.89183
1202063202 116.39913 39.8912
1202063369 116.38745 39.88883
1202063503 116.38116 39.8882
1202063671 116.37637 39.88807
1202063805 116.37118 39.88801
1202063972 116.36524 39.88794
1202064107 116.35523 39.88803
1202064274 116.34312 39.88827
1202064408 116.32609 39.88867
1202065514 116.30095 39.88176
1202065580 116.30462 39.88314
1202065815 116.30723 39.8955
1202065881 116.30737 39.89551
1202066117 116.30737 39.89551
1202071245 116.34224 39.89451
1202071311 116.34238 39.89293
1202071547 116.34624 39.8671
1202071613 116.35902 39.86791
1202071849 116.38028 39.86964
1202071915 116.38923 39.87001
1202072150 116.40566 39.87053
1202072150 116.40566 39.87053
1202072216 116.40651 39.87051
1202072452 116.4152 39.87099
1202072518 116.41482 39.87933
1202072754 116.42692 39.88284
1202072820 116.43108 39.88293
1202073055 116.45077 39.88312
1202073121 116.45478 39.88189
1202073357 116.45566 39.86998
1202073423 116.45978 39.86993
1202073659 116.47127 39.87262
1202073725 116.47129 39.8779
1202073960 116.47131 39.88683
1202074026 116.47144 39.89123
1202074262 116.46846 39.90389
1202074328 116.4546 39.9031
1202074564 116.42959 39.9078
1202074630 116.42984 39.90728
1202074865 116.42348 39.9072
1202074931 116.42046 39.90711
1202075167 116.41207 39.90696
1202075233 116.4093 39.90695
1202075469 116.40873 39.90789
1202075535 116.4074 39.9084
1202075770 116.41149 39.90888
1202075836 116.41149 39.90881
1202076072 116.4115 39.90872
1202076138 116.41153 39.90846
1202076373 116.41152 39.90831
1202076439 116.41152 39.90831
1202076674 116.40555 39.9068
1202076740 116.40106 39.90669
1202076976 116.39043 39.90629
1202077042 116.39003 39.90626
1202077278 116.37857 39.90595
1202077344 116.37529 39.90592
1202077579 116.3572 39.906
1202077645 116.3497 39.90608
1202077881 116.35048 39.89934
1202077952 116.34575 39.89694
1202077952 116.34575 39.89694
1202078183 116.34067 39.88083
1202078249 116.34065 39.87937
1202078484 116.3475 39.87805
1202078550 116.34742 39.88182
1202078786 116.3564 39.8879
1202078852 116.36063 39.88796
1202079088 116.378 39.88801
1202079154 116.378 39.88801
1202079389 116.40555 39.89148
1202079455 116.40937 39.89168
1202079691 116.42116 39.89879
1202079691 116.42116 39.89879
1202079757 116.41407 39.89944
1202079993 116.4206 39.90364
1202080059 116.4209 39.90373
1202080294 116.42051 39.90884
1202080363 116.42075 39.90749
1202080596 116.42949 39.9044
1202080662 116.43878 39.9022
1202080898 116.4602 39.89939
1202081199 116.46138 39.89685
1202081501 116.46843 39.90392
1202081567 116.46816 39.90566
1202081869 116.51044 39.90664
1202082104 116.56422 39.90825
1202082170 116.58055 39.90841
1202082406 116.6014 39.90724
1202082472 116.60749 39.90386
1202082774 116.63741 39.9055
1202083009 116.6325 39.90505
1202083075 116.63086 39.90486
1202083311 116.63837 39.90043
1202083377 116.63532 39.90091
1202083613 116.61615 39.90568
1202083679 116.60529 39.90656
1202083980 116.57778 39.91291
1202084216 116.55786 39.91503
1202084282 116.55398 39.91493
1202084518 116.53502 39.91515
1202084584 116.52825 39.91558
1202084819 116.50368 39.91483
1202084885 116.49531 39.91456
1202085121 116.48399 39.9244
1202085187 116.48387 39.93722
1202085423 116.48822 39.96083
1202085489 116.49204 39.9627
1202085489 116.49204 39.9627
1202085786 116.49679 39.96566
1202086258 116.49676 39.96565
1202087252 116.49698 39.96809
1202087418 116.48747 39.97525
1202087552 116.48367 39.97163
1202087719 116.47836 39.97474
1202087854 116.4723 39.9787
1202088021 116.45524 39.96378
1202088156 116.4446 39.95909
1202088322 116.41873 39.96801
1202088759 116.36495 39.95472
1202088926 116.35808 39.95117
1202089061 116.35529 39.95261
1202089227 116.34895 39.95957
1202089362 116.34831 39.97073
1202089529 116.35912 39.97524
1202089664 116.36374 39.96911
1202089831 116.37323 39.96655
1202089966 116.39104 39.96703
1202090132 116.40144 39.96339
1202090132 116.40144 39.96339
1202090267 116.40168 39.9566
1202090434 116.41467 39.948
1202090569 116.42758 39.93812
1202091037 116.42873 39.91404
1202091172 116.42866 39.93202
1202091339 116.43739 39.92887
1202091474 116.43271 39.92559
1202091641 116.43391 39.93232
1202091776 116.44323 39.93231
1202091942 116.45444 39.93231
1202092077 116.46491 39.93237
1202092244 116.47938 39.93234
1202092379 116.48364 39.91767
1202092546 116.48981 39.90662
1202092681 116.51553 39.90688
1202092847 116.53251 39.90792
1202092982 116.54935 39.90783
1202093149 116.57245 39.90894
1202093284 116.5933 39.90778
1202093451 116.61392 39.9041
1202093586 116.63066 39.90383
1202093752 116.63782 39.89377
1202093887 116.65268 39.88905
1202094054 116.66835 39.87827
1202094189 116.67472 39.87312
1202094189 116.67472 39.87312
1202094356 116.6926 39.86761
1202094491 116.68817 39.86902
1202094657 116.67516 39.87296
1202094792 116.66194 39.88363
1202094959 116.65022 39.8899
1202095094 116.63466 39.89842
1202095261 116.61677 39.90553
1202095396 116.59857 39.90825
1202095562 116.58995 39.90848
1202095697 116.56999 39.90936
1202095864 116.54522 39.90837
1202095999 116.5285 39.90858
1202096166 116.51743 39.90775
1202096301 116.49834 39.90699
1202096467 116.48187 39.9076
1202096602 116.46672 39.90717
1202096769 116.45605 39.9107
1202096904 116.45569 39.91746
1202097071 116.45572 39.92327
1202097206 116.46066 39.92801
1202097372 116.46624 39.93235
1202097507 116.4687 39.93638
1202097674 116.46531 39.95053
1202097674 116.46531 39.95053
1202097809 116.47628 39.95456
1202098111 116.4799 39.96979
1202098277 116.46901 39.96696
1202098412 116.45961 39.95849
1202098579 116.45278 39.95466
1202098714 116.45891 39.95773
1202098881 116.46903 39.96687
1202099016 116.4753 39.9699
1202099182 116.4756 39.96998
1202099317 116.4756 39.96998
1202099484 116.47215 39.97131
1202099619 116.4716 39.97227
1202099786 116.47567 39.97006
1202099921 116.47567 39.97006
1202100087 116.47567 39.97006
1202100222 116.47567 39.97006
1202100389 116.47567 39.97006
1202100510 116.47567 39.97006
1202101127 116.48267 39.96992
1202101237 116.48371 39.96742
1202101429 116.49147 39.96306
1202101539 116.49739 39.96337
1202101730 116.48314 39.95744
1202101730 116.48314 39.95744
1202101841 116.47447 39.95409
1202102032 116.45677 39.94826
1202102142 116.44972 39.9556
1202102334 116.41252 39.96785
1202102444 116.39261 39.96751
1202102635 116.39297 39.96725
1202102745 116.39308 39.96714
1202102936 116.39304 39.96715
1202103046 116.39304 39.96715
1202103238 116.38164 39.96711
1202103348 116.36814 39.96687
1202103539 116.39574 39.96729
1202103841 116.45023 39.95491
1202103951 116.4601 39.95865
1202104143 116.4772 39.97012
1202104253 116.47905 39.97047
1202104444 116.48127 39.96981
1202104555 116.48285 39.96989
1202104746 116.48285 39.96992
1202104856 116.48285 39.96992
1202105048 116.47455 39.97004
1202105158 116.47491 39.9699
1202105349 116.47546 39.96996
1202105460 116.47546 39.96996
1202105651 116.47546 39.96996
1202105761 116.47542 39.96992
1202105953 116.47542 39.96992
1202106063 116.47542 39.96992
1202106254 116.4754 39.9699
1202106365 116.4754 39.9699
1202106365 116.4754 39.9699
1202106556 116.4754 39.9699
1202106666 116.47535 39.96989
1202106858 116.48237 39.96981
1202106968 116.48237 39.96981
1202107159 116.48236 39.96989
1202107270 116.48236 39.96989
1202107461 116.48236 39.96989
1202107571 116.48237 39.96989
1202107763 116.49332 39.97263
1202107873 116.49518 39.97061
1202108064 116.49518 39.97061
1202108175 116.49518 39.97061
1202108366 116.49716 39.96507
1202108476 116.49493 39.96327
1202108668 116.48197 39.95696
1202108778 116.46602 39.9514
1202108969 116.44759 39.95693
1202109080 116.42851 39.96832
1202109381 116.36134 39.9665
1202109573 116.34723 39.96069
1202109683 116.34999 39.94561
1202109874 116.34881 39.94289
1202109985 116.3489 39.94034
1202110286 116.34994 39.94905
1202110478 116.34858 39.96558
1202110588 116.34718 39.96653
1202110779 116.36345 39.96622
1202110890 116.3691 39.96647
1202111191 116.41302 39.96757
1202111383 116.43019 39.96772
1202111493 116.44006 39.96151
1202111684 116.45279 39.9533
1202111795 116.45701 39.95596
1202111986 116.47049 39.96816
1202112096 116.48264 39.96981
1202112290 116.4827 39.96969
1202112518 116.48272 39.96968
1202112592 116.48272 39.96968
1202112820 116.49272 39.96272
1202112894 116.49726 39.96294
1202113121 116.48416 39.9709
1202113195 116.47898 39.96974
1202113423 116.48066 39.96978
1202113497 116.48705 39.97062
1202113786 116.49752 39.96733
1202113786 116.49752 39.96733
1202114454 116.49733 39.96721
1202115785 116.49642 39.96592
1202117432 116.49719 39.965
1202117538 116.49695 39.97039
1202117734 116.48364 39.97072
1202117840 116.47642 39.96739
1202118035 116.46915 39.96646
1202118141 116.46145 39.96015
1202118337 116.44882 39.95621
1202118443 116.4461 39.9615
1202118639 116.4423 39.95998
1202118745 116.44985 39.95509
1202118940 116.45013 39.95522
1202119046 116.45016 39.95521
1202119242 116.45278 39.95353
1202119348 116.45497 39.95089
1202119544 116.45545 39.92881
1202119650 116.45533 39.91709
1202119845 116.45486 39.91188
1202119951 116.45515 39.90658
1202120147 116.45922 39.90674
1202120253 116.45922 39.90674
1202120449 116.45917 39.90675
1202120555 116.45917 39.90675
1202120750 116.4591 39.90674
1202120856 116.4591 39.90674
1202121052 116.4591 39.90674
1202121158 116.4591 39.90674
1202121158 116.4591 39.90674
1202121460 116.4639 39.90724
1202121655 116.45621 39.90745
1202121761 116.44801 39.90735
1202121957 116.44418 39.91251
1202122063 116.44436 39.91839
1202122259 116.4551 39.92023
1202122365 116.4552 39.92003
1202122560 116.45704 39.91226
1202122666 116.46261 39.91221
1202122862 116.4633 39.90891
1202122968 116.46298 39.90737
1202124570 116.49434 39.96403
1202124765 116.49706 39.96759
1202124872 116.49702 39.97023
1202125067 116.49686 39.97525
1202125173 116.49686 39.97525
1202125369 116.49707 39.96723
1202125475 116.49781 39.96116
1202125670 116.50576 39.94764
1202125776 116.51118 39.93935
1202125972 116.51128 39.9289
1202126078 116.51151 39.92245
1202126380 116.5035 39.91485
1202126380 116.5035 39.91485
1202126575 116.47891 39.9142
1202126682 116.47223 39.91437
1202126884 116.46364 39.91523
1202126983 116.45797 39.91727
1202127179 116.4565 39.91768
1202127285 116.45281 39.9188
1202127480 116.44562 39.92168
1202127782 116.42986 39.9232
1202127888 116.42735 39.92316
1202128084 116.41229 39.92296
1202128190 116.40881 39.92299
1202128385 116.39654 39.92219
1202128491 116.38472 39.92115
1202128687 116.37246 39.92119
1202128793 116.37114 39.92101
1202128989 116.37105 39.91089
1202128989 116.37105 39.91089
1202129095 116.3693 39.9097
1202129290 116.36764 39.91224
1202129396 116.37137 39.91604
1202129595 116.37146 39.92114
1202129819 116.37566 39.91042
1202129897 116.37593 39.90883
1202130121 116.37787 39.90031
1202130199 116.37394 39.89859
1202130422 116.36865 39.89844
1202130500 116.3683 39.8944
1202130723 116.36859 39.89642
1202130723 116.36859 39.89642
1202130801 116.37325 39.89599
1202131025 116.36369 39.88795
1202131103 116.35925 39.88811
1202131326 116.34183 39.88882
1202131404 116.3426 39.88135
1202131628 116.33978 39.8472
1202131706 116.3481 39.85059
1202131930 116.34808 39.8448
1202132008 116.3437 39.84365
1202132231 116.34408 39.84439
1202132309 116.34408 39.84439
1202132533 116.34408 39.84439
1202132611 116.34408 39.84439
1202132835 116.35049 39.8444
1202132913 116.35633 39.84449
1202133136 116.36498 39.84598
1202133214 116.3685 39.84926
1202133438 116.38023 39.85548
1202133516 116.38023 39.85548
1202133740 116.39368 39.85311
1202133817 116.39368 39.85311
1202134041 116.40001 39.85542
1202134041 116.40001 39.85542
1202134119 116.40332 39.85539
1202134343 116.40677 39.85546
1202134421 116.40677 39.85546
1202134645 116.41553 39.86167
1202134723 116.41527 39.8662
1202134946 116.41825 39.87959
1202135032 116.41007 39.949
1202135032 116.41007 39.949
1202135032 116.41007 39.949
1202135032 116.41007 39.949
1202135248 116.44217 39.88324
1202135326 116.45173 39.88311
1202135550 116.45964 39.89199
1202135627 116.46556 39.89191
1202135851 116.47153 39.89861
1202135929 116.47157 39.89969
1202136153 116.48405 39.90347
1202136231 116.48769 39.90491
1202136455 116.48644 39.90754
1202136532 116.48385 39.9163
1202136532 116.48385 39.9163
1202136756 116.4824 39.95534
1202136834 116.47329 39.96397
1202138703 116.48777 39.97053
1202138703 116.48777 39.97053
1202138703 116.48777 39.97053
1202138703 116.48777 39.97053
1202138703 116.48777 39.97053
1202138703 116.48777 39.97053
1202138703 116.48777 39.97053
1202138703 116.48777 39.97053
1202138703 116.48777 39.97053
1202138703 116.48777 39.97053
1202138703 116.48777 39.97053
1202138703 116.48777 39.97053
1202138703 116.48777 39.97053
1202138703 116.48777 39.97053
1202138703 116.48777 39.97053
1202138703 116.48777 39.97053
1202138703 116.48777 39.97053
1202138703 116.48777 39.97053
1202138703 116.48777 39.97053
1202138703 116.48777 39.97053
1202144978 116.48772 39.97042
1202149725 116.48769 39.9704
1202149870 116.48769 39.9704
1202149870 116.48769 39.9704
1202150026 116.48769 39.9704
1202150172 116.48769 39.9704
1202150328 116.48769 39.9704
1202150474 116.48769 39.9704
1202150630 116.48769 39.9704
1202150775 116.48769 39.9704
1202150931 116.48769 39.9704
1202151077 116.48769 39.9704
1202151233 116.48769 39.9704
1202151379 116.48769 39.9704
1202151535 116.48769 39.9704
1202151680 116.48769 39.9704
1202151836 116.48769 39.9704
1202151982 116.48769 39.9704
1202152138 116.48769 39.9704
1202152284 116.48769 39.9704
1202152440 116.48769 39.9704
1202152585 116.48769 39.9704
1202152741 116.48769 39.9704
1202152887 116.48769 39.9704
1202153043 116.48769 39.9704
1202153345 116.48769 39.9704
1202153345 116.48769 39.9704
1202153490 116.48769 39.9704
1202153646 116.48768 39.97043
1202153792 116.48768 39.97043
1202153948 116.48768 39.97043
1202154094 116.48768 39.97043
1202154250 116.48768 39.97043
1202154395 116.48768 39.97043
1202154551 116.48768 39.97043
1202154741 116.48764 39.97049
1202155064 116.48768 39.97047
1202155064 116.48768 39.97047
1202155064 116.48768 39.97047
1202155064 116.48768 39.97047
1202155064 116.48768 39.97047
1202155064 116.48768 39.97047
1202155064 116.48768 39.97047
1202155064 116.48768 39.97047
1202155064 116.48768 39.97047
1202155064 116.48768 39.97047
1202155064 116.48768 39.97047
1202155064 116.48768 39.97047
1202155064 116.48768 39.97047
1202155064 116.48768 39.97047
1202155064 116.48768 39.97047
1202155064 116.48768 39.97047
1202155064 116.48768 39.97047
1202155064 116.48768 39.97047
1202155064 116.48768 39.97047
1202155064 116.48768 39.97047
1202155064 116.48768 39.97047
1202169245 116.49652 39.96572
1202169387 116.49665 39.96591
1202169770 116.49669 39.966
1202170072 116.49669 39.966
1202170201 116.4966 39.96595
1202170373 116.49523 39.97058
1202170503 116.49523 39.97058
1202170675 116.49523 39.97058
1202170804 116.49337 39.97467
1202170977 116.48372 39.97662
1202171106 116.48353 39.98633
1202171278 116.48169 39.98766
1202171580 116.47587 39.98252
1202171709 116.47587 39.98252
1202171882 116.47747 39.97528
1202172011 116.48699 39.97063
1202172183 116.4966 39.96594
1202172313 116.4965 39.96575
1202172485 116.48975 39.96202
1202172485 116.48975 39.96202
1202172614 116.48377 39.96959
1202172787 116.47232 39.97872
1202172916 116.46401 39.98414
1202173218 116.45568 39.99783
1202173390 116.45402 39.99821
1202173519 116.44951 39.99578
1202173692 116.44489 39.99469
1202173821 116.45667 39.9926
1202173993 116.45082 39.98597
1202174123 116.44897 39.97975
1202174424 116.42521 39.96833
1202174597 116.43406 39.96555
1202174726 116.44198 39.96276
1202175028 116.44892 39.95581
1202175200 116.45492 39.95408
1202175329 116.4566 39.95513
1202175502 116.45637 39.95544
1202175631 116.45793 39.95687
1202175803 116.47297 39.97045
1202175933 116.48367 39.9694
1202176104 116.49283 39.96278
1202176233 116.49711 39.96668
1202176406 116.48634 39.97068
1202176535 116.48268 39.96993
1202176707 116.48269 39.96994
1202176837 116.4827 39.96993
1202176837 116.4827 39.96993
1202177009 116.48271 39.96991
1202178647 116.48276 39.96983
1202178819 116.48276 39.96983
1202178948 116.48276 39.96983
1202179121 116.48276 39.96988
1202179552 116.47588 39.96984
1202179724 116.47117 39.9689
1202179853 116.46435 39.96334
1202180026 116.45407 39.9535
1202180155 116.45033 39.95041
1202180327 116.45552 39.93828
1202180457 116.45537 39.9164
1202180629 116.45511 39.88557
1202180931 116.42752 39.85753
1202181060 116.42737 39.85045
1202181232 116.4268 39.85339
1202181362 116.43176 39.85738
1202181534 116.44948 39.8622
1202181663 116.46121 39.87001
1202181836 116.44869 39.8749
1202181965 116.43932 39.88269
1202182267 116.42501 39.88955
1202182439 116.43347 39.89238
1202182568 116.43404 39.89801
1202182741 116.42832 39.92267
1202183042 116.41893 39.95912
1202183172 116.41742 39.96078
1202183344 116.41192 39.96725
1202183646 116.43816 39.96279
1202183775 116.43829 39.96272
1202183947 116.45018 39.95494
1202184077 116.45149 39.95529
1202184249 116.4576 39.95148
1202184378 116.46042 39.95906
1202184378 116.46042 39.95906
1202184551 116.47807 39.9698
1202184680 116.48757 39.96278
1202184852 116.49722 39.96492
1202185154 116.47982 39.95604
1202185283 116.46989 39.95264
1202185456 116.46673 39.9439
1202185757 116.46191 39.95419
1202185887 116.46189 39.95425
1202186059 116.46001 39.95871
1202186188 116.45708 39.95486
1202186361 116.45218 39.95497
1202186490 116.45489 39.95414
1202186662 116.46819 39.96626
1202186662 116.46819 39.96626
1202186792 116.474 39.97029
1202186964 116.48281 39.96996
1202187093 116.48281 39.96996
1202187395 116.48282 39.96992
1202187567 116.48282 39.96992
1202187567 116.48282 39.96992
1202187697 116.48282 39.96992
1202187869 116.47655 39.96912
1202187998 116.47653 39.96912
1202188291 116.45739 39.95648
1202188300 116.4568 39.95592
1202188593 116.45753 39.95459
1202188602 116.45806 39.95385
1202188903 116.45446 39.95361
1202189196 116.45479 39.95395
1202189205 116.45483 39.95403
1202189498 116.45484 39.95403
1202189507 116.45484 39.95403
1202189799 116.45481 39.95403
1202189807 116.45481 39.95403
1202190100 116.45494 39.95414
1202190109 116.45494 39.95414
1202190402 116.45494 39.95414
1202190411 116.45494 39.95414
1202190704 116.45494 39.95414
1202190712 116.45494 39.95414
1202191005 116.45494 39.95414
1202191014 116.45494 39.95414
1202191307 116.45494 39.95414
1202191316 116.45494 39.95414
1202191609 116.4549 39.95415
1202191617 116.4549 39.95415
1202191910 116.4549 39.95415
1202191919 116.4549 39.95415
1202191919 116.4549 39.95415
1202192212 116.4549 39.95415
1202192212 116.4549 39.95415
1202192221 116.4549 39.95415
1202192514 116.4549 39.95415
1202192522 116.4549 39.95415
1202192815 116.4549 39.95415
1202192824 116.4549 39.95415
1202193117 116.4549 39.95415
1202193126 116.4549 39.95415
1202193419 116.45509 39.95423
1202193427 116.4551 39.95424
1202193720 116.45511 39.95424
1202193729 116.45511 39.95424
1202194022 116.45513 39.95425
1202194031 116.45513 39.95425
1202194332 116.47849 39.97545
1202194625 116.50442 39.98867
1202194634 116.50483 39.98959
1202194927 116.50782 39.99313
1202195530 116.48871 39.95826
1202195539 116.48768 39.95798
1202195751 116.49027 39.95867
1202196260 116.48025 39.96985
1202196448 116.47204 39.97576
1202196750 116.47508 39.96992
1202196863 116.48107 39.96983
1202197051 116.49065 39.96288
1202197165 116.49732 39.96325
1202197353 116.48456 39.97078
1202197466 116.4848 39.96447
1202197655 116.46655 39.95155
1202197768 116.45581 39.94928
1202197956 116.42453 39.96821
1202198070 116.39704 39.96746
1202198258 116.35315 39.96644
1202198371 116.3274 39.96627
1202198559 116.30355 39.94851
1202198672 116.30398 39.93163
1202198974 116.30584 39.89568
1202199162 116.31561 39.89492
1202199275 116.31753 39.89595
1202199464 116.30793 39.89551
1202199577 116.3188 39.89558
1202199879 116.36183 39.89822
1202200067 116.38518 39.89888
1202200180 116.39236 39.89874
1202200369 116.41172 39.89961
1202200482 116.41817 39.89913
1202200670 116.43026 39.90089
1202200784 116.42854 39.91743
1202200972 116.42757 39.94402
1202201085 116.4415 39.95018
1202201274 116.45888 39.95766
1202201387 116.47134 39.96896
1202201575 116.49335 39.97065
1202201689 116.49393 39.97284
1202201877 116.49753 39.96733
1202202182 116.49648 39.96577
1202202539 116.49633 39.96571
1202202539 116.49633 39.96571
1202202539 116.49633 39.96571
1202202539 116.49633 39.96571
1202204058 116.49679 39.96564
1202204058 116.49679 39.96564
1202205076 116.48816 39.9623
1202205151 116.48399 39.96514
1202205378 116.49705 39.97076
1202205453 116.49523 39.97064
1202205680 116.47675 39.96966
1202205754 116.47588 39.96636
1202205981 116.47571 39.96615
1202206056 116.47571 39.96615
1202206343 116.47549 39.9659
1202206358 116.47545 39.96585
1202206645 116.47542 39.96584
1202206659 116.47542 39.96584
1202206947 116.47542 39.96584
1202206961 116.47534 39.96576
1202207248 116.46094 39.9596
1202207263 116.46015 39.95888
1202207550 116.45041 39.95049
1202207564 116.45012 39.95028
1202207852 116.44428 39.9447
1202207866 116.44427 39.94584
1202207866 116.44427 39.94584
1202208153 116.45016 39.95479
1202208153 116.45016 39.95479
1202208168 116.45016 39.95479
1202208455 116.45012 39.95463
1202208469 116.45013 39.95463
1202208757 116.45017 39.95461
1202208771 116.45017 39.95461
1202209058 116.45024 39.95459
1202209073 116.45024 39.95459
1202209360 116.45042 39.95463
1202209374 116.45042 39.95463
1202209662 116.4507 39.95451
1202209676 116.45184 39.95385
1202209963 116.45024 39.945
1202209978 116.44929 39.94455
1202210265 116.45531 39.94256
1202210279 116.4554 39.94113
1202210567 116.45596 39.94363
1202210581 116.45596 39.94363
1202210868 116.45596 39.94363
1202210883 116.45596 39.94363
1202211170 116.4555 39.93345
1202211184 116.45552 39.93175
1202211472 116.45441 39.91876
1202211486 116.45441 39.91875
1202211772 116.47487 39.91422
1202211787 116.47487 39.91422
1202212074 116.50753 39.91499
1202212088 116.50783 39.91496
1202212376 116.50873 39.91336
1202212390 116.50786 39.9134
1202212677 116.50783 39.91506
1202212692 116.50611 39.91498
1202212979 116.48396 39.92505
1202212993 116.48391 39.92713
1202213582 116.45627 39.94818
1202213884 116.44534 39.94652
1202213898 116.44534 39.94652
1202214186 116.44961 39.95518
1202214487 116.4364 39.96429
1202214789 116.38377 39.96705
1202214803 116.38152 39.96696
1202215091 116.33325 39.96629
1202215105 116.3304 39.96628
1202215392 116.30388 39.94225
1202215407 116.304 39.94029
1202215407 116.304 39.94029
1202215694 116.30411 39.91464
1202215694 116.30411 39.91464
1202215708 116.30412 39.91332
1202215996 116.30406 39.89663
1202216010 116.30399 39.89588
1202216297 116.3141 39.89516
1202216312 116.31399 39.89546
1202216599 116.31481 39.89504
1202216613 116.31554 39.89513
1202216901 116.33522 39.89607
1202216915 116.33522 39.89607
1202217202 116.35638 39.89806
1202217217 116.35638 39.89806
1202217504 116.36725 39.90578
1202217806 116.36844 39.90479
1202217820 116.36844 39.90479
1202218107 116.36769 39.91158
1202218122 116.36769 39.91158
1202218409 116.38165 39.9211
1202218423 116.38165 39.9211
1202218710 116.39223 39.92194
1202218725 116.39393 39.92203
1202219012 116.40808 39.92292
1202219027 116.40996 39.92287
1202219314 116.43186 39.923
1202219328 116.43231 39.92295
1202219616 116.44083 39.92179
1202219630 116.44204 39.92167
1202219917 116.44896 39.9262
1202219932 116.44906 39.92664
1202220233 116.44921 39.93952
1202220521 116.44905 39.94758
1202221188 116.45088 39.95445
1202221201 116.45212 39.95359
1202221490 116.45969 39.95848
1202221502 116.45992 39.95868
1202221502 116.45992 39.95868
1202221792 116.4827 39.96999
1202221792 116.4827 39.96999
1202221804 116.48356 39.97014
1202222093 116.49703 39.96564
1202222106 116.49664 39.96564
1202222821 116.49755 39.9673
1202224231 116.49347 39.97064
1202224397 116.49645 39.96609
1202224397 116.49645 39.96609
1202224532 116.49712 39.96588
1202224699 116.49339 39.97444
1202224834 116.48478 39.97903
1202225001 116.48354 39.98612
1202225136 116.48253 39.98749
1202225302 116.49611 40.00139
1202225437 116.50611 40.00999
1202225604 116.51691 40.02359
1202225739 116.52418 40.03432
1202225906 116.53095 40.04734
1202226041 116.54773 40.06236
1202226207 116.55148 40.07803
1202226342 116.55442 40.09554
1202226509 116.55789 40.11102
1202226644 116.58144 40.11687
1202226811 116.6112 40.11643
1202226946 116.62256 40.11635
1202227112 116.65505 40.11605
1202227247 116.67088 40.11454
1202227414 116.69523 40.12435
1202227549 116.72932 40.122
1202227716 116.76517 40.14052
1202227851 116.79344 40.14647
1202228017 116.81611 40.14845
1202228319 116.87539 40.15174
1202228454 116.91238 40.15218
1202228454 116.91238 40.15218
1202228621 116.94575 40.15026
1202228756 116.97684 40.14428
1202228922 117.016 40.14129
1202229057 117.0409 40.14441
1202229224 117.0494 40.15967
1202229359 117.05522 40.16702
1202234069 117.06839 40.15886
1202234116 117.06912 40.15431
1202234371 117.09216 40.14493
1202234418 117.09178 40.14752
1202234539 117.0912 40.14774
1202235025 117.09766 40.14378
1202235147 117.09766 40.14378
1202235694 117.10364 40.1487
1202235821 117.10459 40.1548
1202235995 117.11649 40.1602
1202235995 117.11649 40.1602
1202236034 117.1165 40.16137
1202236035 117.1165 40.16137
1202236665 117.10456 40.15242
1202236847 117.10196 40.14896
1202237148 117.08077 40.14402
1202237217 117.06955 40.14433
1202237449 117.06434 40.16477
1202237449 117.06434 40.16477
1202237519 117.05525 40.16574
1202306207 117.04937 40.16086
1202306315 117.04961 40.14656
1202306486 117.0448 40.14526
1202309591 117.04932 40.16307
1202309638 117.05264 40.16482
1202309819 117.05531 40.16711
1202311406 117.04935 40.16143
1202311513 117.04961 40.14686
1202311707 117.03325 40.14341
1202311815 117.04966 40.14771
1202312009 117.05006 40.16493
1202312116 117.05731 40.16942
1202312311 117.06923 40.15539
1202312418 117.07122 40.1439
1202312613 117.10049 40.14413
1202312720 117.10204 40.1441
1202312914 117.10204 40.1441
1202313021 117.10204 40.1441
1202313216 117.10204 40.1441
1202313323 117.10197 40.1441
1202313516 117.10265 40.14414
1202313805 117.10517 40.14089
1202314112 117.10498 40.14058
1202314112 117.10498 40.14058
1202314112 117.10498 40.14058
1202314112 117.10498 40.14058
1202314112 117.10498 40.14058
1202314112 117.10498 40.14058
1202314112 117.10498 40.14058
1202314112 117.10498 40.14058
1202314112 117.10498 40.14058
1202314112 117.10498 40.14058
1202314112 117.10498 40.14058
1202314112 117.10498 40.14058
1202314112 117.10498 40.14058
1202314112 117.10498 40.14058
1202318593 117.10522 40.1408
1202318638 117.10492 40.14151
1202318894 117.10504 40.14882
1202318939 117.10475 40.14437
1202318939 117.10475 40.14437
1202319090 117.10184 40.144
1202324917 117.06306 40.14408
1202324935 117.05925 40.14443
1202325219 117.04124 40.16428
1202325236 117.03961 40.16416
1202325521 117.03942 40.16487
1202325538 117.03942 40.16487
1202325822 117.03942 40.16487
1202325840 117.03942 40.16487
1202326124 117.03942 40.16487
1202326443 117.03942 40.16487
1202326727 117.03942 40.16487
1202326745 117.03942 40.16487
1202327029 117.02267 40.16241
1202327046 117.02254 40.16238
1202327331 117.04028 40.16422
1202327348 117.04198 40.16433
1202327348 117.04198 40.16433
1202327572 117.0553 40.1671
1202387095 117.05532 40.16704
1202387264 117.05532 40.16704
1202387566 117.05532 40.16704
1202387699 117.05532 40.16704
1202387867 117.05532 40.16704
1202388000 117.05532 40.16704
1202388302 117.04837 40.14541
1202388471 117.01695 40.1415
1202388604 116.99077 40.14077
1202388772 116.95456 40.14934
1202388905 116.93976 40.15071
1202389074 116.90674 40.15242
1202389207 116.88063 40.15168
1202389509 116.82309 40.14908
1202389678 116.79072 40.14625
1202389810 116.7641 40.14031
1202389979 116.73572 40.1239
1202390112 116.71302 40.12205
1202390281 116.68147 40.11571
1202390281 116.68147 40.11571
1202390414 116.66385 40.115
1202390582 116.62803 40.1164
1202390715 116.61547 40.1165
1202390884 116.59313 40.11687
1202391186 116.58115 40.09665
1202391487 116.58119 40.07072
1202391620 116.58175 40.05927
1202391789 116.57804 40.04411
1202391922 116.56641 40.03274
1202392091 116.544 40.02474
1202392224 116.52692 40.01863
1202392392 116.51035 40.01162
1202392694 116.48754 39.99098
1202392827 116.48356 39.97923
1202392996 116.48993 39.97065
1202393129 116.49672 39.96588
1202400861 116.49699 39.96566
1202401086 116.49203 39.96273
1202401163 116.48816 39.96088
1202401388 116.46462 39.95093
1202401465 116.455 39.94721
1202401690 116.44922 39.93582
1202401766 116.44921 39.93289
1202401991 116.44904 39.93988
1202402068 116.45504 39.93997
1202402293 116.45593 39.94788
1202402370 116.44952 39.95572
1202402595 116.43897 39.96016
1202402671 116.43897 39.96016
1202402896 116.42904 39.95819
1202402973 116.42583 39.95689
1202403198 116.43274 39.95338
1202403275 116.43343 39.95471
1202403500 116.45472 39.95185
1202403801 116.4509 39.92221
1202403878 116.44474 39.92154
1202404103 116.44436 39.91462
1202404180 116.44436 39.91462
1202404405 116.44436 39.91462
1202404481 116.44436 39.91462
1202404706 116.44438 39.91485
1202404783 116.44425 39.91633
1202405008 116.4555 39.90927
1202405085 116.45529 39.89912
1202405386 116.46056 39.89422
1202405611 116.45546 39.89868
1202405688 116.45623 39.90528
1202405913 116.44533 39.9073
1202405990 116.44413 39.91133
1202406215 116.44412 39.92119
1202406516 116.43761 39.93193
1202406516 116.43761 39.93193
1202406593 116.4438 39.93231
1202406818 116.45586 39.93958
1202406895 116.45586 39.94508
1202407120 116.45649 39.94805
1202407196 116.45649 39.94805
1202407421 116.45859 39.94886
1202407498 116.45764 39.94858
1202407723 116.45532 39.9272
1202407800 116.45553 39.91498
1202408025 116.42891 39.90768
1202408101 116.42896 39.90669
1202408326 116.43079 39.90507
1202408403 116.42959 39.90977
1202408628 116.43425 39.92282
1202408705 116.43452 39.9255
1202408930 116.43573 39.93231
1202409006 116.43746 39.92713
1202409231 116.43726 39.93232
1202409308 116.44253 39.93236
1202409533 116.45205 39.93526
1202409610 116.45158 39.93523
1202409835 116.44713 39.93994
1202409911 116.43852 39.93989
1202410136 116.42216 39.94836
1202410213 116.40475 39.94774
1202410438 116.35497 39.94383
1202410515 116.34945 39.93506
1202410739 116.35046 39.90086
1202410815 116.34229 39.89676
1202411040 116.32303 39.89333
1202411117 116.31541 39.89202
1202411342 116.31625 39.8831
1202411419 116.31796 39.88186
1202411644 116.31086 39.88625
1202411720 116.30993 39.886
1202411945 116.26488 39.87067
1202412022 116.2585 39.87072
1202412022 116.2585 39.87072
1202412247 116.25844 39.87099
1202412324 116.25909 39.87959
1202412549 116.26961 39.87911
1202412625 116.2683 39.88769
1202412850 116.30514 39.89566
1202412927 116.31622 39.89562
1202413152 116.32439 39.89922
1202413229 116.3281 39.90043
1202413530 116.34656 39.90007
1202413755 116.35635 39.90577
1202413832 116.36731 39.90569
1202414057 116.36795 39.90795
1202414057 116.36795 39.90795
1202414134 116.36766 39.91069
1202414359 116.35855 39.91671
1202414435 116.35855 39.9169
1202414660 116.35008 39.93049
1202414737 116.34745 39.93116
1202414962 116.32858 39.93116
1202415039 116.3278 39.93115
1202415264 116.30422 39.93708
1202415340 116.30373 39.94959
1202415565 116.29753 39.9591
1202415642 116.29596 39.96611
1202415867 116.30068 39.97065
1202415944 116.30447 39.97449
1202416169 116.31402 39.96829
1202416245 116.31766 39.96565
1202416470 116.36576 39.96656
1202416547 116.3789 39.96673
1202416772 116.38908 39.95122
1202416849 116.38923 39.94791
1202417074 116.42752 39.94465
1202417150 116.42748 39.93328
1202417375 116.42852 39.93272
1202417452 116.4277 39.94107
1202417677 116.42659 39.95813
1202417754 116.42819 39.95351
1202417979 116.43275 39.96305
1202418055 116.43436 39.96199
1202418280 116.43909 39.96014
1202418357 116.43909 39.96014
1202418582 116.43893 39.96
1202418659 116.43892 39.96
1202418944 116.42551 39.95817
1202418960 116.42297 39.95816
1202419246 116.40793 39.96778
1202419262 116.40564 39.96771
1202419564 116.39571 39.97272
1202419564 116.39571 39.97272
1202419608 116.39571 39.97272
1202419970 116.39655 39.97388
1202420170 116.39594 39.96852
1202420272 116.3957 39.97326
1202420471 116.40093 39.96703
1202420572 116.39859 39.96076
1202420773 116.39974 39.96073
1202420874 116.40003 39.96155
1202421074 116.39605 39.96401
1202421176 116.40667 39.96764
1202421376 116.43967 39.9618
1202421477 116.43411 39.95956
1202421678 116.43031 39.96764
1202421779 116.43995 39.96166
1202421979 116.43882 39.95993
1202422081 116.43612 39.95848
1202422281 116.41923 39.9581
1202422382 116.41882 39.96334
1202422583 116.42034 39.96386
1202422684 116.41861 39.96728
1202422884 116.41802 39.9818
1202422986 116.4178 39.98703
1202423186 116.41118 39.99693
1202423287 116.41049 40.00735
1202423488 116.41169 40.02494
1202423589 116.41015 40.01219
1202423789 116.41985 40.00783
1202423891 116.43467 40.00694
1202424091 116.45435 40.00716
1202424192 116.45548 40.00836
1202424393 116.46147 40.00134
1202424494 116.46184 39.99392
1202424494 116.46184 39.99392
1202424694 116.47514 39.98386
1202424796 116.46666 39.97408
1202424996 116.44762 39.95768
1202425097 116.45411 39.9525
1202425298 116.44954 39.93238
1202425399 116.44924 39.92934
1202425599 116.45527 39.93234
1202425701 116.46646 39.93233
1202425901 116.47015 39.92595
1202426002 116.46598 39.92937
1202426203 116.45624 39.93269
1202426304 116.45627 39.9327
1202426504 116.45089 39.93435
1202426606 116.4493 39.93899
1202426806 116.456 39.94766
1202426907 116.454 39.9533
1202427108 116.47295 39.97042
1202427108 116.47295 39.97042
1202427391 116.48979 39.97042
1202427391 116.48979 39.97042
1202428978 116.49667 39.96595
1202429391 116.49676 39.96601
1202429391 116.49676 39.96601
1202429391 116.49676 39.96601
1202429391 116.49676 39.96601
1202429391 116.49676 39.96601
1202429391 116.49676 39.96601
1202429391 116.49676 39.96601
1202429391 116.49676 39.96601
1202429391 116.49676 39.96601
1202429391 116.49676 39.96601
1202429391 116.49676 39.96601
1202429391 116.49676 39.96601
1202429391 116.49676 39.96601
1202429391 116.49676 39.96601
1202429391 116.49676 39.96601
1202429391 116.49676 39.96601
1202429391 116.49676 39.96601
1202429391 116.49676 39.96601
1202429391 116.49676 39.96601
1202429391 116.49676 39.96601
1202429391 116.49676 39.96601
1202429391 116.49676 39.96601
1202465015 116.49672 39.96592
1202465058 116.49672 39.96592
1202465317 116.49672 39.96592
1202465360 116.49672 39.96592
1202465619 116.49672 39.96592
1202465662 116.49673 39.96594
1202465920 116.49743 39.96723
1202465963 116.49743 39.96723
1202465963 116.49743 39.96723
1202466222 116.49691 39.97536
1202466265 116.49691 39.97536
1202466524 116.48369 39.97454
1202466567 116.48364 39.9756
1202466825 116.49113 39.98836
1202466868 116.4895 39.99272
1202467127 116.51151 40.00143
1202467127 116.51151 40.00143
1202467170 116.51045 40.00146
1202467429 116.50449 39.9892
1202467472 116.50056 39.98677
1202467730 116.49666 39.97258
1202467773 116.49694 39.97113
1202468032 116.4743 39.96491
1202468075 116.47074 39.96535
1202468334 116.48189 39.95688
1202468377 116.48649 39.95938
1202468635 116.45587 39.94838
1202468678 116.4539 39.95283
1202468937 116.42921 39.95827
1202468980 116.42912 39.95827
1202469239 116.42235 39.96135
1202469282 116.42235 39.96135
1202469540 116.41248 39.96072
1202469583 116.41245 39.96071
1202469842 116.41076 39.96069
1202469885 116.41132 39.96072
1202470144 116.42474 39.96087
1202470187 116.42534 39.96362
1202470445 116.44455 39.95869
1202470488 116.44528 39.95628
1202470747 116.44148 39.94816
1202470790 116.44192 39.95042
1202471049 116.45111 39.97803
1202471092 116.44336 39.98316
1202471350 116.40144 39.99334
1202471393 116.40156 39.99674
1202471652 116.40154 39.99796
1202471695 116.39937 39.99735
1202471954 116.38933 39.98692
1202471997 116.38814 39.98708
1202472255 116.38743 39.9716
1202472298 116.38261 39.97153
1202472557 116.38195 39.97143
1202472600 116.38518 39.9715
1202472859 116.41017 39.9675
1202472902 116.4114 39.96755
1202473160 116.41859 39.9657
1202473505 116.39725 39.95578
1202473505 116.39725 39.95578
1202473763 116.39638 39.96711
1202473806 116.39694 39.96713
1202474107 116.40154 39.96133
1202474366 116.40187 39.9541
1202474668 116.41136 39.94773
1202474668 116.41136 39.94773
1202474710 116.41449 39.94796
1202474969 116.42819 39.92418
1202475012 116.42834 39.9215
1202475271 116.43257 39.90677
1202475314 116.43415 39.90467
1202475573 116.43489 39.90674
1202475615 116.43489 39.90674
1202475874 116.40538 39.90671
1202475917 116.4017 39.90659
1202476176 116.3897 39.90614
1202476219 116.38976 39.90047
1202476478 116.37373 39.89871
1202476520 116.37153 39.89853
1202476779 116.3681 39.90402
1202476822 116.36792 39.90793
1202477081 116.37117 39.92018
1202477124 116.3746 39.9212
1202477125 116.31642 39.89521
1202477383 116.39166 39.92191
1202477425 116.3931 39.92196
1202477684 116.40011 39.91383
1202477727 116.40389 39.91404
1202477986 116.41963 39.9141
1202478029 116.42059 39.91101
1202478288 116.42138 39.90345
1202478330 116.42142 39.90345
1202478589 116.42169 39.90347
1202478632 116.42169 39.90347
1202478891 116.42189 39.90348
1202478934 116.42189 39.90348
1202479193 116.43045 39.90142
1202479235 116.43039 39.90229
1202479494 116.4338 39.92264
1202479537 116.43381 39.92264
1202479796 116.44418 39.92668
1202479839 116.44418 39.93206
1202480098 116.45521 39.93998
1202480140 116.4559 39.94478
1202480399 116.46655 39.96529
1202480442 116.46786 39.96608
1202480701 116.4898 39.97054
1202482150 116.49651 39.96566
1202482563 116.49677 39.96592
1202482563 116.49677 39.96592
1202482563 116.49677 39.96592
1202482563 116.49677 39.96592
1202482563 116.49677 39.96592
1202482563 116.49677 39.96592
1202482563 116.49677 39.96592
1202482563 116.49677 39.96592
1202482563 116.49677 39.96592
1202482563 116.49677 39.96592
1202482563 116.49677 39.96592
1202482563 116.49677 39.96592
1202482563 116.49677 39.96592
1202482563 116.49677 39.96592
1202482563 116.49677 39.96592
1202482563 116.49677 39.96592
1202482563 116.49677 39.96592
1202482563 116.49677 39.96592
1202488004 116.49727 39.96306
1202488004 116.49727 39.96306
1202488114 116.49188 39.96286
1202488305 116.48166 39.95683
1202488416 116.46547 39.95118
1202488607 116.44982 39.94706
1202488717 116.44414 39.94616
1202488909 116.43166 39.93963
1202489019 116.42337 39.93953
1202489210 116.41081 39.93953
1202489321 116.40276 39.93946
1202489512 116.39341 39.94268
1202489622 116.39576 39.94403
1202489814 116.39681 39.93992
1202489924 116.40097 39.93948
1202490115 116.41065 39.93649
1202490226 116.41088 39.9328
1202490417 116.41114 39.92464
1202490527 116.4112 39.92254
1202490719 116.41158 39.91085
1202490829 116.41172 39.90725
1202491020 116.4121 39.90033
1202491131 116.41247 39.89205
1202491322 116.41419 39.88401
1202491432 116.41442 39.88345
1202491624 116.41551 39.8825
1202491734 116.42376 39.88272
1202491925 116.42135 39.88632
1202492036 116.4219 39.88654
1202492227 116.41626 39.88583
