UTS Latitude Longitude
1201963582 116.56461 40.07095
1201963591 116.56461 40.07095
1201963869 116.56461 40.07095
1201964439 116.56465 40.07106
1201964671 116.56465 40.07106
1201964741 116.56465 40.07106
1201964973 116.56465 40.07106
1201965043 116.56465 40.07106
1201965275 116.56465 40.07106
1201965576 116.56465 40.07106
1201965646 116.56465 40.07106
1201965878 116.56465 40.07106
1201965948 116.56465 40.07106
1201966180 116.56465 40.07106
1201966249 116.56465 40.07106
1201966551 116.56445 40.07098
1201966783 116.56222 40.06979
1201966853 116.56222 40.06979
1201967085 116.56245 40.06861
1201967154 116.56312 40.0661
1201967386 116.57433 40.06299
1201967456 116.58265 40.06171
1201967456 116.58265 40.06171
1201967688 116.58123 40.07147
1201967990 116.58184 40.07612
1201968059 116.58184 40.07612
1201968291 116.58184 40.07612
1201968361 116.58342 40.07618
1201968895 116.58721 40.07831
1201968964 116.58721 40.07831
1201969196 116.58098 40.04857
1201969196 116.58098 40.04857
1201969498 116.51808 40.01698
1201969800 116.45829 39.96561
1201970101 116.42781 39.93354
1201970705 116.42915 39.9107
1201971006 116.43912 39.88323
1201971308 116.42419 39.86969
1201971743 116.41525 39.87394
1201971911 116.41566 39.87515
1201972044 116.41511 39.87672
1201972071 116.4149 39.87783
1201972373 116.4127 39.89093
1201972514 116.41272 39.89142
1201972675 116.41025 39.89564
1201972675 116.41025 39.89564
1201972816 116.41053 39.89556
1201972976 116.41204 39.89592
1201973118 116.41241 39.8925
1201973419 116.43359 39.89229
1201973671 116.44464 39.88107
1201973721 116.44462 39.88102
1201973972 116.45479 39.8833
1201974022 116.45525 39.88725
1201974273 116.47052 39.90713
1201974575 116.51926 39.90849
1201974993 116.51809 39.90831
1201974993 116.51809 39.90831
1201974993 116.51809 39.90831
1201974993 116.51809 39.90831
1201974993 116.51809 39.90831
1201974993 116.51809 39.90831
1201974993 116.51809 39.90831
1201974993 116.51809 39.90831
1201974993 116.51809 39.90831
1201974993 116.51809 39.90831
1201974993 116.51809 39.90831
1201974993 116.51809 39.90831
1201974993 116.51809 39.90831
1201974993 116.51809 39.90831
1201974993 116.51809 39.90831
1201974993 116.51809 39.90831
1201974993 116.51809 39.90831
1201974993 116.51809 39.90831
1201974993 116.51809 39.90831
1201974993 116.51809 39.90831
1201974993 116.51809 39.90831
1201974993 116.51809 39.90831
1201974993 116.51809 39.90831
1201974993 116.51809 39.90831
1201974993 116.51809 39.90831
1201974993 116.51809 39.90831
1201974993 116.51809 39.90831
1201974993 116.51809 39.90831
1201974993 116.51809 39.90831
1201974993 116.51809 39.90831
1201974993 116.51809 39.90831
1201974993 116.51809 39.90831
1201974993 116.51809 39.90831
1201974993 116.51809 39.90831
1201974993 116.51809 39.90831
1201974993 116.51809 39.90831
1201974993 116.51809 39.90831
1201974993 116.51809 39.90831
1201974993 116.51809 39.90831
1201974993 116.51809 39.90831
1201974993 116.51809 39.90831
1201974993 116.51809 39.90831
1201974993 116.51809 39.90831
1201984828 116.52026 39.91345
1201984898 116.52011 39.91458
1201985160 116.52188 39.91541
1201985497 116.52201 39.91551
1201985497 116.52201 39.91551
1201985497 116.52201 39.91551
1201985497 116.52201 39.91551
1201985497 116.52201 39.91551
1201985497 116.52201 39.91551
1201987559 116.52198 39.91557
1201987789 116.51563 39.91579
1201987861 116.50812 39.91509
1201988091 116.49005 39.91502
1201988163 116.48959 39.91546
1201988579 116.48948 39.91535
1201988579 116.48948 39.91535
1201988579 116.48948 39.91535
1201988579 116.48948 39.91535
1201988579 116.48948 39.91535
1201988579 116.48948 39.91535
1201988579 116.48948 39.91535
1201988579 116.48948 39.91535
1201988579 116.48948 39.91535
1201988579 116.48948 39.91535
1201988579 116.48948 39.91535
1201988579 116.48948 39.91535
1201988579 116.48948 39.91535
1201988579 116.48948 39.91535
1201988579 116.48948 39.91535
1201988579 116.48948 39.91535
1201988579 116.48948 39.91535
1201988579 116.48948 39.91535
1201988579 116.48948 39.91535
1201988579 116.48948 39.91535
1201988579 116.48948 39.91535
1201988579 116.48948 39.91535
1201988579 116.48948 39.91535
1201996976 116.48839 39.91885
1201996976 116.48839 39.91885
1201997277 116.51202 39.91843
1201997449 116.51736 39.90834
1201997564 116.51794 39.90827
1201997877 116.51797 39.90825
1201997877 116.51797 39.90825
1201997877 116.51797 39.90825
1201997877 116.51797 39.90825
1201997877 116.51797 39.90825
1201997877 116.51797 39.90825
1201997877 116.51797 39.90825
1201997877 116.51797 39.90825
1201997877 116.51797 39.90825
1201997877 116.51797 39.90825
1201997877 116.51797 39.90825
1201997877 116.51797 39.90825
1201997877 116.51797 39.90825
1201997877 116.51797 39.90825
1201997877 116.51797 39.90825
1201997877 116.51797 39.90825
1201997877 116.51797 39.90825
1201997877 116.51797 39.90825
1201997877 116.51797 39.90825
1201997877 116.51797 39.90825
1201997877 116.51797 39.90825
1202007023 116.52341 39.90876
1202007023 116.52341 39.90876
1202007023 116.52341 39.90876
1202007023 116.52341 39.90876
1202007023 116.52341 39.90876
1202007023 116.52341 39.90876
1202007023 116.52341 39.90876
1202007023 116.52341 39.90876
1202007023 116.52341 39.90876
1202007023 116.52341 39.90876
1202007023 116.52341 39.90876
1202007023 116.52341 39.90876
1202007023 116.52341 39.90876
1202007023 116.52341 39.90876
1202007023 116.52341 39.90876
1202007023 116.52341 39.90876
1202007023 116.52341 39.90876
1202007023 116.52341 39.90876
1202007023 116.52341 39.90876
1202007023 116.52341 39.90876
1202007023 116.52341 39.90876
1202082713 116.51669 39.90881
1202082884 116.4982 39.90696
1202083014 116.46499 39.90707
1202083186 116.44422 39.9136
1202083316 116.43972 39.91933
1202083488 116.44269 39.92142
1202083618 116.44269 39.92142
1202083850 116.44251 39.92115
1202083919 116.44241 39.92098
1202084151 116.44229 39.92063
1202084221 116.44236 39.92054
1202084453 116.45789 39.91695
1202084523 116.46287 39.91521
1202084755 116.47779 39.91401
1202084824 116.48438 39.91406
1202085055 116.50821 39.91505
1202085125 116.51302 39.91542
1202085357 116.51791 39.90824
1202085664 116.51788 39.90821
1202085664 116.51788 39.90821
1202085664 116.51788 39.90821
1202085664 116.51788 39.90821
1202085664 116.51788 39.90821
1202085664 116.51788 39.90821
1202085664 116.51788 39.90821
1202085664 116.51788 39.90821
1202085664 116.51788 39.90821
1202085664 116.51788 39.90821
1202085664 116.51788 39.90821
1202085664 116.51788 39.90821
1202085664 116.51788 39.90821
1202085664 116.51788 39.90821
1202085664 116.51788 39.90821
1202085664 116.51788 39.90821
1202085664 116.51788 39.90821
1202085664 116.51788 39.90821
1202085664 116.51788 39.90821
1202085664 116.51788 39.90821
1202085664 116.51788 39.90821
1202085664 116.51788 39.90821
1202085664 116.51788 39.90821
1202213931 116.32809 39.8816
1202213931 116.32809 39.8816
1202224109 116.51557 39.91413
1202224109 116.51557 39.91413
1202224193 116.51282 39.91552
1202224411 116.4861 39.91434
1202224713 116.4411 39.90242
1202225316 116.37912 39.88814
1202225604 116.38726 39.8821
1202225618 116.38775 39.88213
1202225906 116.38694 39.88531
1202225919 116.38694 39.88531
1202225966 116.38657 39.88496
1202226221 116.37852 39.88745
1202226268 116.37302 39.88799
1202226523 116.35562 39.89215
1202226569 116.35558 39.8927
1202226824 116.3572 39.89024
1202226871 116.35725 39.89023
1202227126 116.33846 39.88844
1202227298 116.31974 39.89082
1202227298 116.31974 39.89082
1202227428 116.32924 39.89581
1202227534 116.33072 39.89583
1202228748 116.38368 39.88667
1202228748 116.38368 39.88667
1202229024 116.38905 39.87922
1202229828 116.4146 39.89151
1202229901 116.41579 39.88981
1202230431 116.40916 39.89253
1202230806 116.41222 39.89602
1202231108 116.41454 39.88285
1202231306 116.41673 39.88237
1202231711 116.45365 39.88313
1202231933 116.46203 39.88299
1202231933 116.46203 39.88299
1202232513 116.50781 39.86526
1202232513 116.50781 39.86526
1202233116 116.50659 39.86136
1202233719 116.50659 39.86136
1202233945 116.50678 39.86085
1202234251 116.50678 39.86085
1202234251 116.50678 39.86085
1202234251 116.50678 39.86085
1202234251 116.50678 39.86085
1202234251 116.50678 39.86085
1202236311 116.50787 39.86273
1202236422 116.50788 39.86885
1202236613 116.49667 39.87507
1202236724 116.48756 39.87976
1202236914 116.48396 39.89062
1202237026 116.48331 39.88778
1202237216 116.48309 39.88724
1202237327 116.48306 39.88728
1202237518 116.48313 39.88726
1202237629 116.48313 39.88726
1202237819 116.4831 39.88726
1202237931 116.4831 39.88726
1202238121 116.48317 39.88724
1202238232 116.4833 39.88428
1202238423 116.48386 39.90024
1202238534 116.49979 39.90668
1202238724 116.5191 39.90846
1202239141 116.51814 39.9083
1202239141 116.51814 39.9083
1202239141 116.51814 39.9083
1202239141 116.51814 39.9083
1202239141 116.51814 39.9083
1202239141 116.51814 39.9083
1202239141 116.51814 39.9083
1202239141 116.51814 39.9083
1202239141 116.51814 39.9083
1202239141 116.51814 39.9083
1202239141 116.51814 39.9083
1202239141 116.51814 39.9083
1202239141 116.51814 39.9083
1202239141 116.51814 39.9083
1202239141 116.51814 39.9083
1202239141 116.51814 39.9083
1202239141 116.51814 39.9083
1202239141 116.51814 39.9083
1202239141 116.51814 39.9083
1202239141 116.51814 39.9083
1202239141 116.51814 39.9083
1202239141 116.51814 39.9083
1202239141 116.51814 39.9083
1202256656 116.4427 39.92142
1202256956 116.45491 39.91792
1202257861 116.51209 39.91534
1202258472 116.51792 39.90823
1202258472 116.51792 39.90823
1202258472 116.51792 39.90823
1202258472 116.51792 39.90823
1202258472 116.51792 39.90823
1202258472 116.51792 39.90823
1202258472 116.51792 39.90823
1202258472 116.51792 39.90823
1202258472 116.51792 39.90823
1202258472 116.51792 39.90823
1202258472 116.51792 39.90823
1202258472 116.51792 39.90823
1202258472 116.51792 39.90823
1202258472 116.51792 39.90823
1202258472 116.51792 39.90823
1202258472 116.51792 39.90823
1202258472 116.51792 39.90823
1202258472 116.51792 39.90823
1202258472 116.51792 39.90823
1202258472 116.51792 39.90823
1202258472 116.51792 39.90823
1202258472 116.51792 39.90823
1202258472 116.51792 39.90823
1202307914 116.51786 39.90812
1202307914 116.51786 39.90812
1202308019 116.5178 39.90811
1202308321 116.45772 39.90681
1202308424 116.45617 39.90496
1202308623 116.46375 39.90683
1202308725 116.46641 39.90728
1202308924 116.46609 39.90768
1202309027 116.46598 39.90772
1202309226 116.4655 39.90786
1202309528 116.45492 39.88677
1202309613 116.45356 39.88331
1202309829 116.44512 39.8833
1202309915 116.44194 39.88308
1202310131 116.44468 39.87783
1202310217 116.44066 39.87499
1202310433 116.43894 39.88569
1202310731 116.43491 39.91353
1202310734 116.43491 39.91353
1202311036 116.43469 39.92202
1202311338 116.42926 39.91007
1202311532 116.42085 39.90434
1202311639 116.42775 39.90366
1202311820 116.43028 39.89878
1202312061 116.43236 39.89735
1202312138 116.43311 39.89409
1202312363 116.42466 39.89389
1202312439 116.42181 39.89602
1202312664 116.43025 39.89905
1202312966 116.43793 39.86876
1202313055 116.43881 39.8668
1202313268 116.43443 39.86448
1202313356 116.43305 39.8672
1202313569 116.45415 39.87226
1202313580 116.45456 39.87201
1202313857 116.46173 39.87846
1202313871 116.46175 39.87892
1202314159 116.47164 39.8914
1202314173 116.47255 39.89178
1202314460 116.48751 39.89942
1202314474 116.48821 39.89943
1202314755 116.48677 39.89943
1202314776 116.48614 39.89941
1202315078 116.48389 39.93642
1202315379 116.47287 39.97957
1202315660 116.49118 39.98834
1202315681 116.48984 39.99101
1202315962 116.50764 40.00801
1202315983 116.50744 40.008
1202316263 116.49038 39.9935
1202316284 116.48863 39.99188
1202316586 116.484 39.98661
1202316850 116.48238 39.97208
1202316888 116.4836 39.96962
1202317151 116.48205 39.96137
1202317189 116.48205 39.96137
1202317453 116.48205 39.96137
1202317491 116.48205 39.96137
1202317491 116.48205 39.96137
1202317755 116.48223 39.96128
1202317792 116.48223 39.96128
1202318056 116.48223 39.96128
1202318094 116.48223 39.96128
1202318358 116.48223 39.96128
1202318358 116.48223 39.96128
1202318396 116.48223 39.96128
1202318660 116.48242 39.95719
1202318999 116.46592 39.94378
1202319301 116.46147 39.94278
1202319602 116.45551 39.91234
1202319904 116.44793 39.86118
1202320206 116.43624 39.85657
1202320438 116.45254 39.86441
1202320507 116.45943 39.86668
1202320740 116.46157 39.87654
1202320809 116.46157 39.87973
1202321111 116.4512 39.88314
1202321412 116.41918 39.87001
1202321714 116.35856 39.86899
1202321889 116.34788 39.87081
1202322016 116.34748 39.87564
1202322217 116.34858 39.8795
1202322317 116.34735 39.88244
1202322519 116.357 39.88784
1202322619 116.35863 39.8879
1202322820 116.36094 39.88226
1202322921 116.36627 39.88186
1202323222 116.3783 39.88808
1202323291 116.37855 39.89046
1202323291 116.37855 39.89046
1202323524 116.37868 39.89864
1202323593 116.38686 39.89876
1202323826 116.39916 39.89927
1202323894 116.40556 39.89922
1202324127 116.41244 39.89599
1202324429 116.4374 39.90214
1202324731 116.5162 39.90702
1202325018 116.51417 39.92088
1202325032 116.51498 39.92071
1202325032 116.51498 39.92071
1202325319 116.51792 39.90824
1202325334 116.51792 39.90824
1202325440 116.51792 39.90824
1202325762 116.51794 39.90831
1202325762 116.51794 39.90831
1202325762 116.51794 39.90831
1202325762 116.51794 39.90831
1202325762 116.51794 39.90831
1202325762 116.51794 39.90831
1202325762 116.51794 39.90831
1202325762 116.51794 39.90831
1202325762 116.51794 39.90831
1202325762 116.51794 39.90831
1202325762 116.51794 39.90831
1202325762 116.51794 39.90831
1202325762 116.51794 39.90831
1202325762 116.51794 39.90831
1202325762 116.51794 39.90831
1202325762 116.51794 39.90831
1202325762 116.51794 39.90831
1202325762 116.51794 39.90831
1202325762 116.51794 39.90831
1202325762 116.51794 39.90831
1202325762 116.51794 39.90831
1202325762 116.51794 39.90831
1202325762 116.51794 39.90831
1202344718 116.51794 39.90831
1202344718 116.51794 39.90831
1202396322 116.51783 39.90826
1202396493 116.51607 39.91219
1202396623 116.50606 39.91507
1202396795 116.4959 39.91828
1202397097 116.48356 39.91628
1202397398 116.43773 39.89333
1202397577 116.43403 39.88317
1202397700 116.42857 39.88297
1202398002 116.413 39.89184
1202398303 116.3921 39.89
1202398487 116.37876 39.88826
1202398605 116.3719 39.88798
1202398789 116.37659 39.88793
1202398907 116.37868 39.88503
1202399091 116.37986 39.88794
1202399208 116.38922 39.88917
1202399394 116.40615 39.8896
1202399508 116.85371 39.88727
1202399509 116.4063 39.88727
1202399696 116.42118 39.89205
1202399810 116.4231 39.89334
1202399998 116.43053 39.89858
1202400112 116.43043 39.89976
1202400414 116.42796 39.9361
1202400715 116.41213 39.94805
1202400715 116.41213 39.94805
1202400759 116.41181 39.94807
1202401017 116.41043 39.94804
1202401061 116.41043 39.94804
1202401319 116.4281 39.92669
1202401620 116.4398 39.8789
1202401922 116.43258 39.86464
1202402224 116.44268 39.8596
1202402247 116.44269 39.85983
1202402552 116.44002 39.85773
1202402647 116.43901 39.86262
1202402948 116.41557 39.86461
1202404276 116.41546 39.89171
1202404577 116.44797 39.89207
1202404581 116.44797 39.89207
1202404879 116.44964 39.8958
1202404883 116.44965 39.89568
1202405181 116.45584 39.90099
1202405184 116.45587 39.90135
1202405482 116.46612 39.90736
1202405486 116.46605 39.90738
1202405783 116.4649 39.90825
1202405846 116.46501 39.90839
1202406085 116.4654 39.90836
1202406386 116.50046 39.90649
1202406564 116.50778 39.9085
1202406688 116.50476 39.90761
1202406866 116.49144 39.90708
1202406990 116.49144 39.90708
1202407167 116.48706 39.90975
1202407291 116.48437 39.90972
1202407593 116.47237 39.91442
1202407838 116.4615 39.91759
1202407895 116.46348 39.91894
1202408140 116.47844 39.91403
1202408196 116.48486 39.91412
1202408441 116.50813 39.91505
1202408498 116.51448 39.91562
1202408743 116.52469 39.91653
1202408800 116.52471 39.91654
1202409101 116.49863 39.9068
1202409403 116.43663 39.89768
1202409705 116.4122 39.8958
1202409705 116.4122 39.8958
1202409749 116.41072 39.8959
1202410006 116.41464 39.8786
1202410266 116.42167 39.85919
1202410308 116.42165 39.86002
1202410568 116.43228 39.86447
1202410610 116.43424 39.86451
1202410721 116.43426 39.86462
1202411153 116.44473 39.87121
1202411153 116.44473 39.87121
1202411175 116.4433 39.87027
1202411401 116.43956 39.87558
1202411455 116.43977 39.88148
1202411703 116.46809 39.883
1202411757 116.47058 39.88304
1202412004 116.47165 39.89768
1202412058 116.47692 39.89923
1202412306 116.48417 39.90941
1202412360 116.48539 39.91281
1202412541 116.49758 39.91439
1202412608 116.49758 39.91439
1202412608 116.49758 39.91439
1202412662 116.49758 39.91439
1202412963 116.52031 39.91213
1202413264 116.55998 39.90799
1202413566 116.59813 39.90765
1202413829 116.61971 39.90407
1202413867 116.62001 39.90426
1202414131 116.60603 39.90613
1202414169 116.60191 39.90799
1202414433 116.5759 39.90943
1202414471 116.57081 39.91041
1202414772 116.54804 39.91491
1202415020 116.53731 39.92583
1202415074 116.53772 39.92318
1202415322 116.52036 39.91604
1202415375 116.52037 39.91159
1202415557 116.51801 39.90828
1202415864 116.51797 39.90826
1202415864 116.51797 39.90826
1202415864 116.51797 39.90826
1202415864 116.51797 39.90826
1202415864 116.51797 39.90826
1202415864 116.51797 39.90826
1202415864 116.51797 39.90826
1202415864 116.51797 39.90826
1202415864 116.51797 39.90826
1202415864 116.51797 39.90826
1202415864 116.51797 39.90826
1202415864 116.51797 39.90826
1202415864 116.51797 39.90826
1202415864 116.51797 39.90826
1202415864 116.51797 39.90826
1202415864 116.51797 39.90826
1202415864 116.51797 39.90826
1202415864 116.51797 39.90826
1202415864 116.51797 39.90826
1202415864 116.51797 39.90826
1202415864 116.51797 39.90826
1202415864 116.51797 39.90826
1202415864 116.51797 39.90826
1202425156 116.47321 39.90698
1202425166 116.47075 39.90698
1202425458 116.44424 39.91621
1202425467 116.44423 39.91629
1202425760 116.44332 39.92131
1202425769 116.44358 39.92125
1202426061 116.44825 39.90702
1202426071 116.45052 39.907
1202426363 116.51908 39.90752
1202426372 116.52071 39.90781
1202426604 116.518 39.90827
1202426911 116.51809 39.90826
1202426911 116.51809 39.90826
1202426911 116.51809 39.90826
1202426911 116.51809 39.90826
1202426911 116.51809 39.90826
1202426911 116.51809 39.90826
1202426911 116.51809 39.90826
1202426911 116.51809 39.90826
1202426911 116.51809 39.90826
1202426911 116.51809 39.90826
1202426911 116.51809 39.90826
1202426911 116.51809 39.90826
1202426911 116.51809 39.90826
1202426911 116.51809 39.90826
1202426911 116.51809 39.90826
1202426911 116.51809 39.90826
1202426911 116.51809 39.90826
1202426911 116.51809 39.90826
1202426911 116.51809 39.90826
1202426911 116.51809 39.90826
1202426911 116.51809 39.90826
1202426911 116.51809 39.90826
1202426911 116.51809 39.90826
