UTS Latitude Longitude
1201959468 116.44922 39.94928
1201961096 116.44736 39.95825
1201961286 116.44109 39.96146
1201961398 116.43456 39.9657
1201961588 116.42265 39.96844
1201961699 116.41852 39.97217
1201961890 116.41807 39.98137
1201962001 116.41785 39.98688
1201962192 116.40048 39.98731
1201963484 116.35898 40.00024
1201963753 116.33416 39.99943
1201964054 116.31893 40.01206
1201964356 116.30842 40.02805
1201964389 116.31162 40.02862
1201964960 116.32491 40.03348
1201964993 116.32487 40.03361
1201965294 116.31456 40.0291
1201965563 116.30945 40.01712
1201965596 116.3118 40.01392
1201965865 116.32926 40.0083
1201966167 116.33079 39.99185
1201966200 116.33105 39.99208
1201966469 116.33573 39.98472
1201966502 116.339 39.9851
1201966771 116.39007 39.98672
1201966803 116.39516 39.98683
1201967072 116.43163 39.97973
1201967105 116.42788 39.97407
1201967374 116.43174 39.9624
1201967407 116.43084 39.96169
1201967693 116.43409 39.94838
1201967709 116.43427 39.94788
1201967977 116.44424 39.94412
1201968010 116.4442 39.94301
1201968311 116.44418 39.92388
1201968580 116.44418 39.91676
1201968613 116.44411 39.91493
1201968613 116.44411 39.91493
1201968882 116.44591 39.91748
1201969157 116.44765 39.91703
1201969187 116.4477 39.91466
1201969489 116.43765 39.90776
1201969489 116.43765 39.90776
1201969519 116.43756 39.90846
1201970113 116.45477 39.90529
1201970394 116.46095 39.89182
1201970424 116.46534 39.89178
1201970696 116.47109 39.8842
1201970726 116.46934 39.88317
1201970998 116.45117 39.88312
1201971028 116.44798 39.88309
1201971300 116.42314 39.88275
1201971330 116.41944 39.88266
1201971692 116.40787 39.88695
1201971903 116.40604 39.89529
1201971994 116.40568 39.89895
1201972205 116.40058 39.90544
1201972295 116.40057 39.91043
1201972507 116.40018 39.92251
1201972597 116.39991 39.9256
1201972809 116.39968 39.93188
1201972899 116.39688 39.93379
1201973111 116.39703 39.93941
1201973261 116.39847 39.93942
1201973261 116.39847 39.93942
1201973261 116.39847 39.93942
1201973261 116.39847 39.93942
1201973412 116.40062 39.93944
1201973563 116.40161 39.93949
1201973865 116.41225 39.94778
1201974167 116.44627 39.95451
1201974468 116.45647 39.97464
1201974620 116.45017 39.98114
1201974770 116.45376 39.98782
1201974921 116.45847 39.98759
1201975072 116.4523 39.98368
1201975223 116.44963 39.98075
1201975374 116.45817 39.97302
1201975676 116.44339 39.95402
1201975827 116.44189 39.94768
1201975977 116.44106 39.94403
1201976129 116.43365 39.93987
1201976279 116.42741 39.94002
1201976430 116.42762 39.9322
1201976581 116.42783 39.92367
1201976732 116.42598 39.92604
1201976882 116.42811 39.92189
1201977033 116.42837 39.9156
1201977033 116.42837 39.9156
1201977184 116.42861 39.91238
1201977335 116.42978 39.90392
1201977485 116.43846 39.88848
1201977637 116.43454 39.86918
1201977938 116.40342 39.87075
1201978089 116.37902 39.86969
1201978240 116.35386 39.86723
1201978391 116.33027 39.86687
1201978692 116.28237 39.86453
1201978844 116.24984 39.86392
1201978994 116.22706 39.84876
1201979145 116.21433 39.84328
1201979296 116.20436 39.84159
1201979447 116.19861 39.84
1201979598 116.19246 39.83229
1201979719 116.19204 39.83214
1201979901 116.19205 39.83205
1201980508 116.18962 39.82776
1201980508 116.18962 39.82776
1201980583 116.18414 39.83116
1201980750 116.18328 39.83116
1201986859 116.18328 39.83118
1201987148 116.1924 39.82962
1201987161 116.19195 39.83039
1201987450 116.20353 39.84233
1201987463 116.20467 39.84289
1201987752 116.23114 39.85066
1201987764 116.23172 39.85141
1201988054 116.25462 39.86089
1201988066 116.25478 39.86089
1201988356 116.25847 39.86519
1201988368 116.25851 39.86523
1201988657 116.26274 39.86421
1201988670 116.26299 39.86418
1201988959 116.28714 39.86462
1201988972 116.2871 39.86465
1201989261 116.29378 39.86505
1201989273 116.29477 39.86512
1201989502 116.30564 39.86221
1201989502 116.30564 39.86221
1201990119 116.30939 39.86668
1201990411 116.30441 39.88964
1201990420 116.30439 39.88969
1201990713 116.30432 39.89318
1201990722 116.30432 39.89323
1201991015 116.31734 39.90605
1201991024 116.31777 39.90605
1201991316 116.35344 39.90575
1201991326 116.35526 39.90575
1201991618 116.39105 39.90606
1201991628 116.39109 39.90605
1201991920 116.40063 39.90623
1201991929 116.40058 39.90623
1201992222 116.4047 39.91421
1201992231 116.40483 39.91418
1201992524 116.41131 39.92181
1201992533 116.41129 39.92242
1201992825 116.42428 39.93228
1201992835 116.42515 39.93226
1201993127 116.43145 39.93003
1201993136 116.43143 39.9301
1201993429 116.43119 39.9301
1201993438 116.43119 39.93007
1201993731 116.43977 39.93235
1201993740 116.44113 39.93237
1201994032 116.44378 39.91828
1201994042 116.44379 39.91683
1201994334 116.44354 39.90794
1201994344 116.4435 39.90792
1201994636 116.44313 39.90688
1201994645 116.44312 39.90645
1201994938 116.45492 39.89817
1201994947 116.45488 39.8976
1201995240 116.45483 39.88394
1201995249 116.45484 39.88398
1201995541 116.45757 39.88653
1201995551 116.4578 39.8859
1201995843 116.45643 39.89236
1201995853 116.45658 39.8925
1201996145 116.45568 39.91681
1201996154 116.45564 39.91681
1201996447 116.45976 39.92167
1201996456 116.45975 39.92165
1201996456 116.45975 39.92165
1201996758 116.45579 39.93069
1201996809 116.45526 39.93209
1201997111 116.43768 39.93537
1201997362 116.43312 39.93997
1201997413 116.43199 39.93989
1201997663 116.41934 39.94413
1201997714 116.41928 39.94724
1201998016 116.41866 39.96753
1201998267 116.41821 39.97873
1201998318 116.41802 39.98312
1201998569 116.41777 39.98787
1201998620 116.41777 39.98785
1201998871 116.45167 39.97748
1201998922 116.46014 39.97195
1201999172 116.4985 40.00166
1201999223 116.50818 40.01037
1201999474 116.52321 40.03273
1201999525 116.5257 40.03667
1201999827 116.55389 40.06295
1202000078 116.56636 40.07197
1202000129 116.56524 40.07194
1202000380 116.56524 40.07191
1202000550 116.56525 40.07192
1202000732 116.56524 40.07194
1202000986 116.56525 40.07192
1202001715 116.56419 40.07161
1202001883 116.56293 40.06706
1202002016 116.58069 40.06234
1202002185 116.58271 40.06095
1202002318 116.58289 40.06013
1202002487 116.58282 40.06157
1202002620 116.58248 40.0634
1202002789 116.58246 40.06394
1202002922 116.58246 40.06394
1202003090 116.58245 40.06389
1202003392 116.58146 40.06997
1202003525 116.58133 40.07072
1202003996 116.58147 40.0765
1202003996 116.58147 40.0765
1202004129 116.58268 40.07458
1202006427 116.58503 40.07967
1202006599 116.57925 40.04721
1202006901 116.50081 40.0041
1202006901 116.50081 40.0041
1202007031 116.47599 40.01332
1202007203 116.4279 40.02081
1202007333 116.40842 40.02228
1202007505 116.40608 40.03153
1202007635 116.40558 40.02069
1202007806 116.44781 40.01538
1202007936 116.46234 40.0129
1202008108 116.47247 40.00191
1202008238 116.47542 40.00164
1202008470 116.47201 40.00362
1202008540 116.47232 40.00715
1202008651 116.4763 40.00925
1202008772 116.47664 40.00898
1202008842 116.47448 40.0101
1202009074 116.45651 40.00834
1202009144 116.45209 40.00641
1202009376 116.46168 39.99449
1202009445 116.4601 39.9876
1202009747 116.45744 39.96589
1202009979 116.44579 39.95618
1202010049 116.43864 39.94979
1202010351 116.43162 39.93993
1202010583 116.42808 39.92221
1202010885 116.42299 39.90381
1202010954 116.41975 39.90374
1202010954 116.41975 39.90374
1202011187 116.41618 39.90211
1202011256 116.41624 39.90212
1202011558 116.41619 39.90213
1202011863 116.41269 39.89989
1202012164 116.36856 39.89848
1202012212 116.36859 39.89844
1202012466 116.34044 39.89657
1202012514 116.33038 39.89609
1202012756 116.31455 39.8955
1202013058 116.31975 39.89209
1202013073 116.31771 39.89208
1202013359 116.31136 39.87893
1202013375 116.31135 39.87882
1202013661 116.31127 39.88108
1202013677 116.30988 39.88112
1202013963 116.27806 39.8764
1202013978 116.27513 39.8755
1202014265 116.2299 39.8504
1202014280 116.22762 39.8493
1202014567 116.19331 39.83599
1202014582 116.1925 39.83513
1202014869 116.18333 39.83115
1202033031 116.1832 39.83125
1202033044 116.18325 39.8312
1202033333 116.18329 39.83116
1202033345 116.1833 39.83118
1202033635 116.19206 39.83011
1202033647 116.19192 39.83068
1202033937 116.20614 39.84306
1202033949 116.20625 39.84292
1202034238 116.21142 39.84385
1202034540 116.22848 39.84915
1202034854 116.25622 39.8617
1202035144 116.28096 39.86404
1202035156 116.28241 39.86422
1202035446 116.30542 39.86573
1202035458 116.30667 39.86588
1202035760 116.32079 39.86701
1202036049 116.3056 39.87562
1202036061 116.30551 39.87661
1202036351 116.30427 39.90459
1202036363 116.30426 39.90634
1202036653 116.3039 39.94622
1202036665 116.30381 39.94758
1202036955 116.3392 39.96623
1202036967 116.34115 39.96624
1202037256 116.37508 39.97268
1202037558 116.3976 39.98699
1202037570 116.39995 39.98709
1202037872 116.44647 39.98061
1202038174 116.4608 39.97075
1202038222 116.46406 39.96796
1202038222 116.46406 39.96796
1202038476 116.48348 39.97002
1202039446 116.48602 39.97067
1202039673 116.4732 39.97004
1202039673 116.4732 39.97004
1202039748 116.47271 39.97056
1202039975 116.45797 39.95707
1202040050 116.45386 39.95336
1202040277 116.44755 39.94675
1202040945 116.43694 39.94638
1202041134 116.43019 39.94495
1202042589 116.4398 39.95081
1202042716 116.44282 39.95308
1202045019 116.44236 39.95268
1202045746 103.43243 29.52501
1202045746 103.43243 29.52501
1202048932 116.44411 39.95436
1202049067 116.45145 39.95136
1202049234 116.44914 39.94894
1202049234 116.44914 39.94894
1202049369 116.44094 39.94525
1202049671 116.4295 39.93977
1202049838 116.41274 39.93961
1202049973 116.41036 39.94681
1202050139 116.40201 39.95084
1202050260 116.40221 39.95172
1202050945 116.40185 39.95701
1202051108 116.42097 39.95795
1202051410 116.44253 39.96314
1202051712 116.44248 39.96346
1202051851 116.44312 39.95936
1202051851 116.44312 39.95936
1202052013 116.44042 39.9563
1202052621 116.44184 39.94427
1202052689 116.43847 39.94189
1202052923 116.44225 39.93524
1202054395 116.44757 39.9557
1202054582 116.47852 39.98353
1202054697 116.49971 40.00275
1202054884 116.53926 40.02435
1202054998 116.56913 40.03665
1202055186 116.58037 40.04774
1202055487 116.58234 40.07942
1202055602 116.58155 40.07694
1202055789 116.58088 40.07236
1202055904 116.58165 40.06755
1202055904 116.58165 40.06755
1202056091 116.57829 40.06262
1202056205 116.5658 40.06398
1202056393 116.56248 40.06968
1202056507 116.56421 40.07004
1202056695 116.56725 40.07095
1202056870 116.56694 40.07177
1202065983 116.56225 40.06936
1202065996 116.56234 40.06916
1202066285 116.58286 40.06024
1202066297 116.58303 40.06003
1202066599 116.58121 40.07129
1202066889 116.58122 40.07668
1202066901 116.58127 40.07658
1202067190 116.58271 40.07458
1202067203 116.58272 40.07459
1202067794 116.58651 40.08025
1202067794 116.58651 40.08025
1202067806 116.58542 40.07982
1202068096 116.57941 40.04744
1202068108 116.57931 40.04736
1202068398 116.52372 40.01894
1202068410 116.52081 40.0179
1202068699 116.47287 39.97882
1202068712 116.47112 39.97723
1202069001 116.43405 39.98718
1202069014 116.43135 39.98784
1202069303 116.38617 39.98666
1202069315 116.38408 39.98661
1202069605 116.32792 39.985
1202069617 116.32778 39.98525
1202069907 116.32727 39.9824
1202069919 116.32738 39.98314
1202070208 116.35155 39.98553
1202070221 116.35254 39.98556
1202070510 116.36839 39.99451
1202070522 116.36782 39.9953
1202070812 116.38081 40.0006
1202070824 116.38069 40.00237
1202071114 116.40203 40.02069
1202071126 116.40207 40.02065
1202071416 116.41329 40.02047
1202071428 116.41403 40.0206
1202071730 116.43113 40.00712
1202071778 116.42544 40.00753
1202072031 116.41074 39.99586
1202072079 116.40932 39.99379
1202072333 116.40555 39.98748
1202072381 116.40258 39.98744
1202072635 116.40413 39.98204
1202072683 116.40804 39.98182
1202072937 116.41809 39.98177
1202072985 116.41804 39.97919
1202073239 116.41758 39.9677
1202073287 116.42181 39.96776
1202073540 116.43096 39.96152
1202073588 116.43295 39.9602
1202073842 116.43402 39.94896
1202073890 116.43454 39.94768
1202073890 116.43454 39.94768
1202074144 116.44473 39.95237
1202074192 116.44551 39.95181
1202074313 116.44548 39.95186
1202077408 116.44546 39.95178
1202077514 116.44536 39.95192
1202077635 116.44541 39.95169
1202079222 116.44458 39.94635
1202079328 116.44421 39.94155
1202079524 116.44415 39.92734
1202079630 116.44416 39.92198
1202079825 116.44277 39.92565
1202079932 116.43282 39.92563
1202080127 116.43678 39.93234
1202080429 116.41999 39.923
1202080535 116.42021 39.91594
1202080731 116.42751 39.9142
1202080837 116.42832 39.91414
1202081032 116.43273 39.90713
1202082883 116.45473 39.91456
1202083156 116.45527 39.91242
1202083184 116.45546 39.91257
1202083458 116.4686 39.90681
1202083458 116.4686 39.90681
1202083486 116.47042 39.90673
1202083759 116.49056 39.89956
1202084061 116.49958 39.89405
1202084090 116.49679 39.89409
1202084363 116.48131 39.89943
1202084391 116.47901 39.89941
1202084665 116.46921 39.90719
1202084693 116.46432 39.90711
1202085268 116.44049 39.93152
1202085297 116.44064 39.93076
1202085570 116.43762 39.93269
1202085599 116.4375 39.9327
1202085872 116.45532 39.93188
1202085901 116.45516 39.9279
1202086174 116.4556 39.89576
1202086202 116.4556 39.89639
1202086476 116.45401 39.90739
1202086504 116.45088 39.90724
1202086777 116.45475 39.91452
1202086805 116.45485 39.91466
1202087078 116.43641 39.89992
1202087107 116.43685 39.89457
1202087380 116.42729 39.86712
1202087408 116.42506 39.86709
1202087710 116.42516 39.86449
1202088647 116.42545 39.86441
1202089070 116.43909 39.88357
1202089086 116.43874 39.88662
1202089372 116.43715 39.8925
1202089387 116.43557 39.89252
1202089674 116.42121 39.89733
1202089689 116.42114 39.89886
1202089976 116.42086 39.90665
1202089991 116.42088 39.9067
1202090277 116.40489 39.91692
1202090293 116.40486 39.9174
1202090459 116.40485 39.92213
1202091743 116.39956 39.93945
1202091851 116.40731 39.93939
1202092044 116.4192 39.9397
1202092153 116.42424 39.94818
1202092153 116.42424 39.94818
1202092346 116.44582 39.95152
1202096092 116.44093 39.94529
1202096138 116.44139 39.94704
1202096394 116.44143 39.94697
1202096440 116.44148 39.94697
1202096681 116.44147 39.94701
1202111842 116.4413 39.94705
1202112129 116.43346 39.93957
1202112143 116.43226 39.93979
1202112431 116.43201 39.9544
1202112445 116.43265 39.95435
1202112733 116.43336 39.95815
1202112747 116.43338 39.95808
1202113034 116.40207 39.95773
1202113034 116.40207 39.95773
1202113049 116.40199 39.95764
1202113336 116.3892 39.95374
1202113351 116.38916 39.95511
1202113651 116.40765 39.94776
1202113697 116.41906 39.94813
1202113953 116.42835 39.91452
1202113999 116.42159 39.91425
1202114255 116.42078 39.90477
1202114361 116.41922 39.90371
1202114557 116.41193 39.90651
1202114663 116.41166 39.91299
1202114859 116.40469 39.92218
1202114965 116.40281 39.92773
1202115160 116.40238 39.93788
1202115267 116.41041 39.93945
1202115462 116.4274 39.93634
1202115569 116.43027 39.93225
1202115764 116.44428 39.92556
1202115870 116.44588 39.92547
1202116066 116.43442 39.92523
1202116172 116.42761 39.92286
1202116368 116.42174 39.90713
1202116474 116.40878 39.90685
1202116669 116.39435 39.90639
1202116971 116.38669 39.90158
1202117077 116.38571 39.90692
1202118348 116.41134 39.91446
1202118513 116.42067 39.90824
1202118650 116.41938 39.90368
1202118815 116.41345 39.9
1202118952 116.40863 39.89972
1202119117 116.40596 39.89961
1202119253 116.40148 39.89952
1202119419 116.39035 39.89881
1202119419 116.39035 39.89881
1202119555 116.37841 39.89879
1202119721 116.36323 39.89833
1202119857 116.35955 39.89816
1202120022 116.33554 39.89642
1202120159 116.32428 39.89603
1202120159 116.32428 39.89603
1202120324 116.32329 39.90603
1202120461 116.32857 39.9059
1202120626 116.3295 39.90966
1202120762 116.33114 39.91253
1202120928 116.33693 39.91255
1202121064 116.33843 39.91229
1202121230 116.34646 39.91246
1202121366 116.34751 39.91542
1202121668 116.34728 39.91793
1202121833 116.3474 39.92648
1202121970 116.34739 39.93092
1202122135 116.34989 39.9348
1202122271 116.34977 39.93834
1202122437 116.36183 39.94586
1202122573 116.36938 39.94713
1202122694 116.37047 39.94703
1202123361 116.37046 39.94705
1202123663 116.38498 39.94048
1202123678 116.38638 39.93953
1202123965 116.40134 39.93944
1202123980 116.40159 39.93945
1202124266 116.42463 39.93967
1202124282 116.4266 39.93971
1202124568 116.45457 39.93995
1202124584 116.45469 39.93992
1202124870 116.46758 39.95176
1202125172 116.48936 39.96169
1202125187 116.48986 39.9621
1202125474 116.4972 39.96567
1202125489 116.49712 39.96698
1202125775 116.49071 39.97073
1202125791 116.49046 39.97073
1202126674 116.46288 39.96144
1202126927 116.45397 39.9533
1202126975 116.45516 39.95041
1202127228 116.44752 39.94727
1202127277 116.44795 39.94761
1202127531 116.44792 39.94769
1202127885 116.43996 39.95091
1202127892 116.44024 39.95113
1202128013 116.44223 39.95252
1202129284 116.45545 39.95026
1202129299 116.45545 39.94872
1202129586 116.45527 39.91962
1202129600 116.45534 39.91917
1202129888 116.45503 39.88218
1202129902 116.45492 39.88061
1202130190 116.46573 39.84699
1202130204 116.46797 39.84488
1202130552 116.44178 39.82851
1202130733 116.44334 39.82552
1202130733 116.44334 39.82552
1202132486 116.44334 39.82554
1202136486 116.44707 39.82122
1202136532 116.44431 39.82361
1202136532 116.44431 39.82361
1202136787 116.4166 39.8313
1202136833 116.4094 39.8313
1202137089 116.40895 39.83078
1202137135 116.41908 39.83077
1202137390 116.44089 39.83517
1202137692 116.43941 39.85185
1202137692 116.43941 39.85185
1202137738 116.4394 39.85568
1202137994 116.44427 39.85719
1202138040 116.44334 39.85796
1202138296 116.43168 39.85781
1202138342 116.42724 39.85756
1202138598 116.42585 39.86442
1202138644 116.42687 39.86438
1202139201 116.43085 39.85781
1202139247 116.42684 39.85751
1202139503 116.41109 39.85601
1202139549 116.40996 39.85599
1202139805 116.40796 39.8534
1202139851 116.40453 39.85253
1202140107 116.40439 39.8559
1202140153 116.39972 39.85589
1202140454 116.39404 39.8768
1202140710 116.39083 39.87958
1202140756 116.38695 39.87987
1202141012 116.37896 39.88476
1202141058 116.37861 39.88692
1202141058 116.37861 39.88692
1202141314 116.36053 39.88797
1202141360 116.35769 39.888
1202141616 116.35721 39.89632
1202141662 116.35733 39.89643
1202141917 116.35726 39.89711
1202141963 116.35708 39.89803
1202142219 116.33682 39.89641
1202142265 116.32805 39.89595
1202142521 116.30396 39.8869
1202142567 116.30225 39.88294
1202142823 116.25893 39.86778
1202142869 116.24951 39.86368
1202143170 116.20832 39.84215
1202143426 116.19868 39.83993
1202143472 116.2018 39.84205
1202143728 116.2145 39.84426
1202143774 116.21783 39.84467
1202143774 116.21783 39.84467
1202144030 116.23299 39.85574
1202144076 116.24114 39.8602
1202144378 116.30006 39.88135
1202144633 116.30256 39.88247
1202144679 116.30408 39.88314
1202144935 116.30442 39.89895
1202144935 116.30442 39.89895
1202144981 116.30436 39.90006
1202145237 116.30395 39.8992
1202145283 116.30197 39.89594
1202145539 116.25923 39.8958
1202145585 116.24957 39.89581
1202145841 116.20495 39.88835
1202145887 116.20186 39.8798
1202145887 116.20186 39.8798
1202145887 116.20186 39.8798
1202146142 116.21298 39.84404
1202146188 116.20786 39.84335
1202146444 116.18769 39.83309
1202146490 116.18555 39.83259
1202146671 116.18333 39.83118
1202151272 116.18328 39.83114
1202151501 116.19109 39.82811
1202151574 116.19198 39.83075
1202151803 116.20118 39.84172
1202151876 116.20661 39.84316
1202152105 116.22431 39.84702
1202152177 116.22771 39.84878
1202152406 116.25158 39.86442
1202152479 116.26405 39.86418
1202152479 116.26405 39.86418
1202152708 116.30682 39.86228
1202152781 116.31316 39.85395
1202153010 116.34929 39.85097
1202153083 116.36076 39.85407
1202153312 116.37717 39.85639
1202153385 116.37766 39.8597
1202153614 116.378 39.8616
1202153686 116.37805 39.86149
1202153855 116.37799 39.86159
1202154583 116.39234 39.86935
1202154790 116.38978 39.85749
1202155498 116.38103 39.86274
1202155673 116.39181 39.87001
1202155673 116.39181 39.87001
1202155800 116.40224 39.8705
1202155975 116.4045 39.87057
1202156102 116.40597 39.87055
1202156276 116.4043 39.87178
1202156403 116.39166 39.87122
1202156578 116.37191 39.86987
1202156880 116.35688 39.86882
1202157007 116.34781 39.87245
1202157182 116.34458 39.87641
1202157309 116.34263 39.87239
1202157484 116.33943 39.85989
1202157611 116.34134 39.85949
1202157785 116.33232 39.84789
1202157912 116.32152 39.84837
1202158214 116.30319 39.8611
1202158389 116.30827 39.86532
1202158516 116.30626 39.86961
1202158691 116.30537 39.87832
1202158818 116.30493 39.88507
1202161601 116.31606 39.89599
1202161668 116.31228 39.89599
1202161903 116.27034 39.89582
1202162205 116.21292 39.89593
1202162271 116.21029 39.89643
1202162506 116.20465 39.90507
1202163177 116.21696 39.90257
1202163412 116.23383 39.89549
1202163478 116.24627 39.8955
1202163714 116.26624 39.88817
1202163780 116.26835 39.88309
1202164082 116.29851 39.86549
1202164082 116.29851 39.86549
1202164317 116.33273 39.84733
1202164384 116.33393 39.84739
1202164619 116.37066 39.85572
1202164686 116.38462 39.85566
1202164921 116.41745 39.85622
1202164987 116.42901 39.85742
1202165222 116.43258 39.8636
1202165289 116.4339 39.86899
1202165524 116.4388 39.89208
1202165524 116.4388 39.89208
1202165591 116.43817 39.89623
1202165826 116.43043 39.90674
1202165893 116.43068 39.90732
1202166128 116.42821 39.93038
1202166195 116.42797 39.9375
1202166430 116.43755 39.93264
1202166496 116.43741 39.93238
1202166731 116.43051 39.94349
1202166798 116.43277 39.94561
1202167033 116.4401 39.94336
1202167033 116.4401 39.94336
1202167100 116.43817 39.94256
1202167405 116.4316 39.93983
1202167456 116.43071 39.93993
1202167578 116.43071 39.93984
1202168185 116.42792 39.92387
1202168252 116.42811 39.92158
1202168487 116.42044 39.91256
1202168554 116.42069 39.90803
1202168788 116.41732 39.90297
1202168854 116.41739 39.90298
1202169089 116.4173 39.90297
1202169156 116.41725 39.90291
1202169391 116.41729 39.90294
1202169458 116.41731 39.9029
1202169693 116.41515 39.90107
1202169760 116.41485 39.90079
1202170062 116.41222 39.90131
1202170297 116.42933 39.90709
1202170363 116.42956 39.90909
1202170598 116.42795 39.93719
1202170665 116.43258 39.9396
1202170900 116.43086 39.93981
1202171508 116.43291 39.94023
1202171575 116.43307 39.94028
1202171810 116.43277 39.94012
1202171877 116.43407 39.94348
1202172112 116.44426 39.9545
1202172179 116.45039 39.95892
1202172414 116.4508 39.95917
1202172480 116.45082 39.95912
1202172715 116.45086 39.95911
1202172782 116.45094 39.95915
1202172782 116.45094 39.95915
1202173016 116.47618 39.98251
1202173083 116.4781 39.98423
1202173385 116.50271 40.0069
1202173620 116.52216 40.03111
1202173922 116.54734 40.06182
1202173988 116.54988 40.06783
1202174223 116.55446 40.0955
1202174290 116.55577 40.10345
1202174525 116.5745 40.12741
1202174592 116.58061 40.13258
1202174827 116.62103 40.15845
1202174894 116.63259 40.16576
1202175431 116.6385 40.24174
1202175497 116.63314 40.25337
1202175732 116.63605 40.28577
1202175799 116.63802 40.29469
1202176034 116.65195 40.31972
1202176336 116.63526 40.33289
1202176403 116.63524 40.33287
1202176638 116.63278 40.32914
1202176704 116.63171 40.32149
1202176879 116.63222 40.31965
1202204403 116.63188 40.31963
1202204572 116.63249 40.32712
1202204705 116.63831 40.33416
1202204874 116.64032 40.34569
1202205007 116.65162 40.34586
1202205176 116.65814 40.34605
1202205309 116.6582 40.34607
1202205538 116.64362 40.33876
1202205611 116.64711 40.32973
1202205840 116.6376 40.32001
1202205840 116.6376 40.32001
1202205912 116.63757 40.31999
1202206168 116.63205 40.31968
1202206169 116.63204 40.31968
1202206685 116.63132 40.31643
1202206853 116.63517 40.30243
1202206986 116.63606 40.287
1202207155 116.63138 40.26317
1202207288 116.63587 40.24689
1202207288 116.63587 40.24689
1202207457 116.63813 40.22113
1202207759 116.69657 40.10094
1202209401 116.51102 40.01318
1202209569 116.47969 39.98485
1202209703 116.45954 39.96668
1202209871 116.42846 39.94859
1202210004 116.40121 39.94777
1202210173 116.36892 39.94737
1202210306 116.3544 39.94583
1202210475 116.35181 39.95273
1202210475 116.35181 39.95273
1202210611 116.35212 39.95144
1202211199 116.34982 39.94658
1202211215 116.34987 39.9455
1202211501 116.33469 39.9373
1202211516 116.33299 39.93724
1202211804 116.31933 39.94182
1202212565 116.32954 39.95091
1202212592 116.3295 39.95099
1202212867 116.34287 39.95678
1202212894 116.34513 39.95669
1202213196 116.34818 39.97475
1202213775 116.34234 39.97347
1202214477 116.34449 39.96645
1202214528 116.34072 39.96638
1202214779 116.3035 39.94963
1202214830 116.30389 39.94209
1202214830 116.30389 39.94209
1202215081 116.30404 39.91874
1202215132 116.30407 39.9162
1202215383 116.30412 39.90576
1202215434 116.30406 39.90243
1202215684 116.31283 39.89557
1202215735 116.31399 39.89515
1202215986 116.31621 39.89496
1202215986 116.31621 39.89496
1202216037 116.31662 39.8955
1202216339 116.31486 39.89066
1202216590 116.31571 39.88791
1202216641 116.31863 39.88852
1202216891 116.35063 39.88805
1202216942 116.3509 39.88795
1202217192 116.35284 39.88069
1202217243 116.35291 39.8806
1202217494 116.35261 39.88755
1202217545 116.35068 39.88817
1202217796 116.33219 39.8834
1202217847 116.329 39.88343
1202218098 116.3204 39.88616
1202218149 116.32033 39.88718
1202218399 116.34392 39.8878
1202218450 116.3439 39.88757
1202218701 116.34268 39.89528
1202218752 116.34355 39.89629
1202219003 116.35045 39.90562
1202219054 116.35043 39.90672
1202219305 116.35001 39.92412
1202219356 116.34988 39.927
1202219607 116.36045 39.94551
1202219658 116.37012 39.9474
1202219908 116.41019 39.94654
1202219959 116.41019 39.9464
1202220210 116.4442 39.95261
1202220261 116.45108 39.95883
1202220512 116.49004 39.99398
1202220563 116.49937 40.00242
1202220814 116.51784 40.02487
1202220865 116.52163 40.03047
1202221116 116.53459 40.05285
1202221167 116.54068 40.05672
1202221417 116.55188 40.07973
1202221468 116.55217 40.08149
1202221719 116.55901 40.11286
1202221770 116.56357 40.11787
1202222021 116.60589 40.15118
1202222072 116.61471 40.15548
1202222323 116.63614 40.19915
1202222374 116.63627 40.20388
1202222625 116.64111 40.23635
1202222676 116.63701 40.24497
1202222926 116.63449 40.27885
1202222926 116.63449 40.27885
1202222977 116.63589 40.28507
1202223228 116.64931 40.31497
1202223279 116.65272 40.31922
1202223530 116.63281 40.33457
1202223530 116.63281 40.33457
1202223581 116.62628 40.33547
1202223832 116.62547 40.33899
1202227880 116.62726 40.34018
1202227880 116.62726 40.34018
1202228049 116.63281 40.32993
1202228182 116.63175 40.32247
1202228351 116.63243 40.3194
1202228593 116.63175 40.32111
1202228789 116.63325 40.33223
1202228895 116.62486 40.33663
1202229076 116.6252 40.3388
1202229623 116.63913 40.34406
1202229623 116.63913 40.34406
1202229751 116.6493 40.346
1202229986 116.65596 40.34145
1202231271 116.65413 40.3456
1202231572 116.63013 40.34069
1202231680 116.62492 40.3406
1202231874 116.62458 40.32303
1202232042 116.62462 40.31961
1202232589 116.62639 40.32819
1202232716 116.62665 40.32876
1202233021 116.62639 40.32826
1202233253 116.62647 40.32807
1202233325 116.63219 40.32776
1202233630 116.63203 40.31964
1202233735 116.632 40.3228
1202233932 116.62955 40.33491
1202234037 116.62496 40.33972
1202234158 116.62554 40.33895
1202251415 116.65604 40.34177
1202251911 116.62477 40.33972
1202255702 116.63324 40.33263
1202255715 116.63304 40.33127
1202255715 116.63304 40.33127
1202255944 116.6322 40.3194
1202294629 116.63184 40.31925
1202294676 116.63196 40.31935
1202294931 116.63205 40.31936
1202295233 116.63182 40.32037
1202295280 116.63177 40.32078
1202295582 116.62648 40.3283
1202295836 116.62989 40.33291
1202295883 116.62971 40.33287
1202296138 116.63071 40.33429
1202296185 116.63513 40.33421
1202296440 116.637 40.33014
1202296547 116.63372 40.33521
1202296849 116.64751 40.35184
1202297044 116.67018 40.36758
1202297345 116.68272 40.3948
1202297453 116.67696 40.40489
1202297647 116.66903 40.42528
1202297949 116.65482 40.45049
1202298056 116.65526 40.45987
1202298056 116.65526 40.45987
1202298251 116.65529 40.47723
1202298358 116.65704 40.48762
1202298553 116.66186 40.51487
1202298660 116.6659 40.52746
1202298854 116.66881 40.54321
1202298962 116.66826 40.54775
1202299156 116.67409 40.557
1202299263 116.67184 40.57079
1202299458 116.67149 40.59454
1202299565 116.65964 40.60344
1202299760 116.65035 40.62255
1202299867 116.64883 40.63345
1202300062 116.65659 40.65466
1202300169 116.65417 40.66566
1202300363 116.65958 40.66762
1202300471 116.65436 40.67584
1202300665 116.65398 40.69774
1202300665 116.65398 40.69774
1202301741 116.63363 40.71758
1202301753 116.63256 40.71962
1202302043 116.63632 40.73466
1202302043 116.63632 40.73466
1202302156 116.63635 40.73461
1202302482 116.64447 40.71256
1202307384 116.65303 40.69262
1202307432 116.65392 40.69739
1202308777 116.65282 40.69973
1202311377 116.654 40.69771
1202316374 116.65174 40.70147
1202316401 116.64961 40.70413
1202316676 116.6381 40.73238
1202316702 116.64219 40.73506
1202316978 116.63608 40.73424
1202317004 116.63708 40.73467
1202317059 116.63641 40.73456
1202317061 116.63641 40.73455
1202317452 116.63872 40.73527
1202317624 116.64257 40.73583
1202317745 116.6426 40.736
1202321308 116.63598 40.73439
1202321441 116.63602 40.73436
1202321610 116.63071 40.7224
1202321743 116.64967 40.70399
1202321912 116.65391 40.69761
1202323496 116.65405 40.69739
1202323725 116.63401 40.7266
1202323798 116.63631 40.73348
1202323918 116.63652 40.73454
1202323920 116.63653 40.73454
1202324241 116.63625 40.73437
1202324428 116.6354 40.73149
1202324542 116.63145 40.72136
1202324730 116.65104 40.70218
1202324905 116.65397 40.69774
1202383498 116.65396 40.6977
1202383546 116.65393 40.69771
1202383800 116.64393 40.71284
1202383848 116.63566 40.71423
1202384102 116.63619 40.73437
1202384150 116.63595 40.7341
1202384404 116.63586 40.73402
1202384452 116.636 40.73409
1202384705 116.63934 40.71309
1202384753 116.64721 40.70954
1202384995 116.65399 40.69774
1202385662 116.65276 40.7
1202385674 116.65186 40.70136
1202385979 116.6529 40.6984
1202386266 116.65412 40.69767
1202465067 116.65396 40.69767
1202465296 116.65395 40.69769
1202465369 116.65396 40.69767
1202465598 116.65399 40.69775
1202465671 116.65395 40.69776
1202465671 116.65395 40.69776
1202465960 116.65395 40.69774
1202465960 116.65395 40.69774
1202471467 116.65401 40.69771
1202471575 116.65397 40.69772
1202471769 116.65396 40.69769
1202471769 116.65396 40.69769
1202471876 116.65397 40.69771
1202472069 116.64782 40.7076
1202472178 116.63337 40.71816
1202472371 116.63692 40.73463
1202472480 116.63685 40.73482
1202472673 116.62315 40.73161
1202472781 116.62312 40.73162
1202472975 116.60303 40.72251
1202473083 116.61004 40.70771
1202473277 116.60626 40.69378
1202473385 116.59142 40.68864
1202473578 116.56308 40.69366
1202473687 116.56195 40.69415
1202473880 116.55116 40.68563
1202473989 116.54474 40.69031
1202474127 116.54197 40.69105
1202474129 116.54198 40.69106
1202474946 116.54192 40.69104
1202475159 116.54185 40.69106
1202475482 116.56936 40.69164
1202475749 116.6068 40.69591
1202475782 116.6091 40.70037
1202476050 116.60467 40.72553
1202476084 116.61054 40.72925
1202476352 116.63661 40.73514
1202476386 116.63655 40.73517
1202476654 116.63403 40.72764
1202476688 116.63112 40.72416
1202476956 116.65259 40.70007
1202476990 116.65364 40.69759
1202477111 116.654 40.69769
1202480808 116.65342 40.69807
1202480916 116.64497 40.71232
1202481109 116.63707 40.73203
1202481218 116.6364 40.73458
1202481716 116.63195 40.72066
1202481761 116.63436 40.71616
1202482018 116.65349 40.69775
1202482018 116.65349 40.69775
1202482123 116.65397 40.6977
1202482245 116.65391 40.69769
1202490767 116.64592 40.71122
1202490875 116.63264 40.71946
1202491069 116.62329 40.7312
1202491177 116.62706 40.73096
1202491370 116.63216 40.72029
1202491479 116.64407 40.71266
1202491479 116.64407 40.71266
1202491672 116.65393 40.69769
1202491722 116.65389 40.69764
1202491724 116.65388 40.69765
