UTS Latitude Longitude
1201959514 116.35984 39.9277
1201959581 116.35989 39.92784
1201959877 116.35989 39.92768
1201960184 116.35989 39.92789
1201960184 116.35989 39.92789
1201960184 116.35989 39.92789
1201960184 116.35989 39.92789
1201960184 116.35989 39.92789
1201960184 116.35989 39.92789
1201960184 116.35989 39.92789
1201960184 116.35989 39.92789
1201960184 116.35989 39.92789
1201960184 116.35989 39.92789
1201960184 116.35989 39.92789
1201960184 116.35989 39.92789
1201960184 116.35989 39.92789
1201960184 116.35989 39.92789
1201960184 116.35989 39.92789
1201960184 116.35989 39.92789
1201960184 116.35989 39.92789
1201960184 116.35989 39.92789
1201960184 116.35989 39.92789
1201960184 116.35989 39.92789
1201960184 116.35989 39.92789
1201960184 116.35989 39.92789
1201960184 116.35989 39.92789
1201976734 116.35983 39.92767
1201977081 116.35297 39.93219
1201977338 116.34998 39.93984
1201977639 116.3219 39.93747
1201977684 116.32432 39.937
1201977941 116.3407 39.93492
1201978287 116.3265 39.93715
1201978846 116.31491 39.96645
1201978891 116.31463 39.9672
1201979147 116.30609 39.97454
1201979449 116.30074 39.96967
1201979494 116.30069 39.96735
1201979751 116.30134 39.96364
1201980052 116.3026 39.95578
1201980097 116.30305 39.95266
1201980354 116.29871 39.94314
1201980656 116.29334 39.94497
1201980701 116.29314 39.94505
1201980957 116.30003 39.95235
1201981259 116.30378 39.93767
1201981304 116.30376 39.93366
1201981561 116.2809 39.93093
1201981862 116.27292 39.92749
1201981907 116.27471 39.92725
1201982164 116.28649 39.93099
1201982466 116.30224 39.93108
1201982511 116.30304 39.93111
1201982767 116.30438 39.94236
1201983114 116.31724 39.95528
1201983114 116.31724 39.95528
1201983371 116.31638 39.96273
1201983672 116.31843 39.96453
1201983717 116.3188 39.96451
1201983974 116.32228 39.96598
1201984276 116.34835 39.96854
1201984276 116.34835 39.96854
1201984321 116.34804 39.97445
1201984577 116.34708 39.99099
1201984879 116.34636 39.99862
1201984924 116.34635 39.9984
1201985181 116.34732 39.98172
1201985527 116.35947 39.97494
1201985784 116.3591 39.96666
1201986086 116.35889 39.96664
1201986131 116.35885 39.96662
1201986387 116.35884 39.96665
1201986689 116.35876 39.9666
1201986734 116.35865 39.9667
1201986991 116.35866 39.96662
1201987292 116.35851 39.96666
1201987337 116.35863 39.96664
1201987594 116.34642 39.96642
1201987906 116.31401 39.96884
1201987940 116.31422 39.96887
1201988197 116.31964 39.97485
1201989763 116.30634 39.9397
1201990367 116.30642 39.93964
1201990367 116.30642 39.93964
1201990966 116.30641 39.93964
1201990970 116.30643 39.93967
1201991268 116.31476 39.93782
1201991569 116.35292 39.93533
1201991573 116.35315 39.93511
1201991871 116.35852 39.92988
1201992173 116.34977 39.93112
1201992177 116.34956 39.93107
1201992474 116.35025 39.91637
1201992780 116.35026 39.90695
1201993078 116.3669 39.89826
1201993379 116.37028 39.89389
1201993383 116.37027 39.89368
1201993681 116.36847 39.89521
1201993996 116.37368 39.90177
1201995735 116.38053 39.86016
1201995849 116.38054 39.85843
1201996036 116.38061 39.8571
1201996338 116.38065 39.84824
1201996453 116.3802 39.84253
1201996640 116.37555 39.83894
1201996941 116.37418 39.8489
1201997056 116.36524 39.84956
1201997243 116.36777 39.86403
1201997545 116.35804 39.86713
1201997659 116.35784 39.87425
1201997854 116.35754 39.88169
1201998148 116.35687 39.89737
1201998263 116.35122 39.90071
1201998866 116.31979 39.92945
1201999053 116.30868 39.93114
1201999344 116.31369 39.93721
1201999660 116.3044 39.93368
1201999711 116.30438 39.93911
1202000263 116.34279 39.93103
1202000314 116.34565 39.93099
1202000565 116.33758 39.92196
1202000917 116.31012 39.92278
1202001470 116.34874 39.93091
1202001771 116.35888 39.92772
1202002073 116.35932 39.9283
1202002124 116.35935 39.92827
1202002293 116.35937 39.92825
1202002612 116.35925 39.92823
1202002612 116.35925 39.92823
1202002612 116.35925 39.92823
1202002612 116.35925 39.92823
1202002612 116.35925 39.92823
1202002612 116.35925 39.92823
1202002612 116.35925 39.92823
1202002612 116.35925 39.92823
1202002612 116.35925 39.92823
1202002612 116.35925 39.92823
1202002612 116.35925 39.92823
1202002612 116.35925 39.92823
1202002612 116.35925 39.92823
1202002612 116.35925 39.92823
1202002612 116.35925 39.92823
1202002612 116.35925 39.92823
1202002612 116.35925 39.92823
1202002612 116.35925 39.92823
1202002612 116.35925 39.92823
1202002612 116.35925 39.92823
1202002612 116.35925 39.92823
1202002612 116.35925 39.92823
1202002612 116.35925 39.92823
1202002612 116.35925 39.92823
1202002612 116.35925 39.92823
1202031286 116.35917 39.92827
1202031588 116.35855 39.93068
1202031640 116.35536 39.93107
1202031889 116.35025 39.93976
1202032243 116.34593 39.93865
1202032493 116.3368 39.94534
1202032794 116.34016 39.95647
1202032846 116.34573 39.9567
1202033096 116.34789 39.96652
1202033398 116.34951 39.96636
1202033450 116.35661 39.96636
1202033699 116.39505 39.96715
1202034001 116.39921 39.95794
1202034053 116.39891 39.95805
1202034303 116.39728 39.95874
1202034656 116.38689 39.94763
1202034906 116.36917 39.94747
1202035208 116.35476 39.94398
1202035260 116.35294 39.94348
1202035509 116.32639 39.93702
1202035811 116.30403 39.92605
1202035863 116.30409 39.91875
1202036113 116.30615 39.89571
1202036466 116.31589 39.89539
1202036716 116.32289 39.89919
1202037069 116.32922 39.90896
1202037318 116.33288 39.91295
1202037431 116.33313 39.91332
1202037925 116.33857 39.92038
1202037925 116.33857 39.92038
1202037974 116.33853 39.92106
1202038227 116.33627 39.92692
1202038529 116.3191 39.92687
1202038830 116.3043 39.93275
1202039132 116.31816 39.94837
1202039784 116.33739 39.96613
1202040037 116.35482 39.96097
1202040339 116.34623 39.96648
1202040942 116.34668 39.97405
1202040991 116.34706 39.96942
1202041244 116.3482 39.95717
1202041544 116.35012 39.94388
1202041593 116.34994 39.94291
1202042148 116.36559 39.93119
1202042196 116.36561 39.93118
1202042449 116.37393 39.92333
1202042751 116.37108 39.92214
1202042800 116.37112 39.92231
1202043052 116.35822 39.9225
1202043354 116.35009 39.93055
1202043403 116.35004 39.93064
1202043656 116.35045 39.94536
1202043957 116.35501 39.96083
1202044006 116.35506 39.96097
1202044259 116.35363 39.96375
1202044610 116.32333 39.9662
1202045164 116.3179 39.94945
1202045213 116.31835 39.94628
1202045466 116.3196 39.934
1202045466 116.3196 39.934
1202045767 116.33348 39.93084
1202045816 116.34044 39.93103
1202046069 116.3498 39.93094
1202046371 116.35994 39.92769
1202046420 116.35992 39.92766
1202046672 116.35992 39.92789
1202047090 116.36006 39.92745
1202047090 116.36006 39.92745
1202047090 116.36006 39.92745
1202047090 116.36006 39.92745
1202047090 116.36006 39.92745
1202047090 116.36006 39.92745
1202047090 116.36006 39.92745
1202047090 116.36006 39.92745
1202047090 116.36006 39.92745
1202047090 116.36006 39.92745
1202047090 116.36006 39.92745
1202047090 116.36006 39.92745
1202047090 116.36006 39.92745
1202047090 116.36006 39.92745
1202047090 116.36006 39.92745
1202047090 116.36006 39.92745
1202047090 116.36006 39.92745
1202047090 116.36006 39.92745
1202047090 116.36006 39.92745
1202047090 116.36006 39.92745
1202047090 116.36006 39.92745
1202047090 116.36006 39.92745
1202047090 116.36006 39.92745
1202117407 116.35974 39.92785
1202117709 116.35989 39.92776
1202117881 116.35992 39.92772
1202118010 116.3599 39.92773
1202118311 116.35289 39.93133
1202118484 116.35029 39.93962
1202118613 116.34115 39.93819
1202118915 116.31818 39.94905
1202119087 116.32954 39.95089
1202119216 116.33632 39.93647
1202119518 116.33807 39.92253
1202119691 116.33856 39.91766
1202119820 116.33863 39.91328
1202120121 116.34365 39.90816
1202120423 116.34741 39.9149
1202120725 116.34697 39.92299
1202120897 116.34724 39.92574
1202121026 116.34697 39.91947
1202121328 116.34011 39.92688
1202121501 116.32836 39.92685
1202121629 116.32132 39.9269
1202121931 116.30056 39.93113
1202122104 116.29087 39.93884
1202122233 116.29048 39.94222
1202122707 116.34567 39.9387
1202122836 116.35884 39.94488
1202123138 116.38387 39.95197
1202123310 116.38077 39.95229
1202123439 116.38085 39.95246
1202123741 116.36545 39.95652
1202125310 116.34589 39.96897
1202125485 116.33793 39.96645
1202125914 116.35487 39.96096
1202126089 116.35496 39.9609
1202126089 116.35496 39.9609
1202126215 116.355 39.96091
1202126517 116.35502 39.96094
1202126692 116.35494 39.96098
1202126819 116.35497 39.96099
1202127120 116.35513 39.9569
1202127295 116.36563 39.94862
1202127422 116.36574 39.94765
1202127724 116.39464 39.94754
1202127899 116.40225 39.95207
1202128025 116.40554 39.95249
1202128327 116.40598 39.95275
1202128502 116.40194 39.95656
1202128629 116.40148 39.95766
1202128930 116.38868 39.9613
1202129105 116.38809 39.97512
1202129232 116.39439 39.98663
1202129534 116.40397 39.99299
1202130871 116.38744 39.94925
1202131099 116.36347 39.94681
1202131173 116.35847 39.94491
1202131474 116.34921 39.93527
1202131703 116.35749 39.93087
1202131776 116.35836 39.92784
1202132078 116.35963 39.92775
1202132306 116.35944 39.92788
1202132379 116.35938 39.9279
1202132681 116.35944 39.9276
1202132909 116.35952 39.9276
1202132983 116.3595 39.92752
1202133284 116.35952 39.92748
1202148736 116.35972 39.92768
1202148968 116.35857 39.92927
1202149037 116.35865 39.93133
1202149339 116.35782 39.9398
1202149571 116.37225 39.9488
1202149641 116.37332 39.95939
1202149942 116.39265 39.9867
1202150174 116.40401 39.99071
1202150244 116.40438 39.99061
1202150546 116.40112 39.98074
1202150778 116.39556 39.97188
1202150847 116.39562 39.97016
1202151149 116.39551 39.96749
1202151381 116.3952 39.9676
1202151451 116.39518 39.9676
1202151752 116.39499 39.96754
1202151984 116.39497 39.96756
1202152054 116.39493 39.9676
1202152586 116.35406 39.96642
1202152656 116.34365 39.96641
1202152958 116.31308 39.97096
1202153190 116.31076 39.98106
1202153259 116.31055 39.98262
1202153561 116.34705 39.98401
1202153793 116.34711 39.98396
1202153863 116.34704 39.98392
1202154164 116.34708 39.98385
1202154396 116.34702 39.98386
1202154466 116.34711 39.98383
1202154768 116.3471 39.98381
1202155000 116.34729 39.98261
1202155069 116.3472 39.97482
1202155603 116.35282 39.94793
1202155673 116.35271 39.9466
1202155673 116.35271 39.9466
1202155974 116.35503 39.9604
1202156206 116.35507 39.96101
1202156276 116.35508 39.96098
1202156578 116.35515 39.96111
1202156810 116.35507 39.96109
1202156879 116.35504 39.9611
1202157181 116.34933 39.9567
1202157413 116.34189 39.9568
1202157413 116.34189 39.9568
1202157483 116.34029 39.95691
1202158016 116.34086 39.95679
1202158086 116.34586 39.95668
1202158388 116.35497 39.96085
1202158689 116.3551 39.96094
1202158991 116.35494 39.96098
1202159223 116.35504 39.96113
1202159293 116.35503 39.96112
1202159594 116.35489 39.961
1202159826 116.35482 39.96102
1202160198 116.35489 39.9611
1202160430 116.35492 39.96111
1202160499 116.35488 39.96105
1202161033 116.35473 39.96113
1202161103 116.355 39.9612
1202161404 116.34999 39.9456
1202161636 116.34872 39.9384
1202162007 116.37497 39.97306
1202162309 116.38075 40.00147
1202162611 116.39946 40.00387
1202162843 116.40972 40.0079
1202162912 116.41366 40.00795
1202163446 116.45983 40.0112
1202163817 116.46158 39.99943
1202164049 116.47107 39.98661
1202164119 116.46559 39.98319
1202164421 116.46166 39.99582
1202164653 116.46495 39.98359
1202164653 116.46495 39.98359
1202164722 116.46087 39.98619
1202165024 116.45334 39.98387
1202165256 116.44369 39.97405
1202165326 116.43841 39.96865
1202165627 116.41036 39.968
1202165859 116.39528 39.96762
1202165929 116.39518 39.96754
1202166231 116.39197 39.96752
1202166463 116.38811 39.97031
1202166532 116.3835 39.96726
1202166834 116.35324 39.96658
1202167066 116.35467 39.9638
1202167437 116.30496 39.96236
1202167669 116.29576 39.95856
1202167739 116.29262 39.95797
1202168041 116.27327 39.95282
1202168273 116.28271 39.94568
1202168342 116.29232 39.94496
1202168644 116.30437 39.93921
1202168876 116.30651 39.9396
1202168946 116.30652 39.9396
1202169247 116.30665 39.93975
1202169478 116.30654 39.93966
1202169548 116.30643 39.93959
1202169850 116.30655 39.93959
1202170151 116.31922 39.94121
1202170453 116.33432 39.94649
1202170453 116.33432 39.94649
1202170685 116.34644 39.93727
1202170755 116.34803 39.93641
1202171056 116.34949 39.95082
1202171288 116.35507 39.96113
1202171660 116.35502 39.96101
1202171891 116.35497 39.96098
1202171961 116.35499 39.96098
1202172263 116.35494 39.96113
1202172495 116.35513 39.96119
1202172564 116.35497 39.96117
1202172866 116.35511 39.96116
1202173168 116.35498 39.95969
1202173469 116.36568 39.94763
1202173701 116.4042 39.9477
1202174073 116.43296 39.93712
1202174305 116.4254 39.93517
1202174374 116.42005 39.93503
1202174908 116.42028 39.91651
1202174978 116.42012 39.92051
1202175279 116.39769 39.93208
1202175511 116.38051 39.93156
1202175581 116.38039 39.93163
1202175883 116.3588 39.93107
1202176115 116.35842 39.92776
1202176184 116.35929 39.92847
1202176486 116.35965 39.92904
1202176904 116.35975 39.92899
1202176904 116.35975 39.92899
1202176904 116.35975 39.92899
1202176904 116.35975 39.92899
1202176904 116.35975 39.92899
1202176904 116.35975 39.92899
1202176904 116.35975 39.92899
1202176904 116.35975 39.92899
1202176904 116.35975 39.92899
1202176904 116.35975 39.92899
1202176904 116.35975 39.92899
1202176904 116.35975 39.92899
1202176904 116.35975 39.92899
1202176904 116.35975 39.92899
1202176904 116.35975 39.92899
1202176904 116.35975 39.92899
1202176904 116.35975 39.92899
1202176904 116.35975 39.92899
1202176904 116.35975 39.92899
1202176904 116.35975 39.92899
1202176904 116.35975 39.92899
1202176904 116.35975 39.92899
1202176904 116.35975 39.92899
1202184453 116.49212 39.9707
1202196222 103.43244 29.52498
1202204363 116.35841 39.9298
1202204673 116.3498 39.93985
1202204673 116.3498 39.93985
1202204966 116.3212 39.93759
1202204966 116.3212 39.93759
1202204974 116.3201 39.9377
1202205276 116.3314 39.95634
1202205569 116.34298 39.94618
1202205879 116.34644 39.93678
1202206173 116.34987 39.92106
1202206483 116.3494 39.91699
1202206784 116.35758 39.91333
1202207086 116.35876 39.91066
1202207379 116.3586 39.91031
1202207388 116.35865 39.91034
1202209499 116.35881 39.91089
1202209793 116.35479 39.92237
1202209801 116.35366 39.92235
1202210103 116.32788 39.92807
1202210396 116.3044 39.93555
1202210404 116.30439 39.93642
1202210706 116.30904 39.93116
1202210999 116.31951 39.93744
1202211008 116.31956 39.93744
1202211309 116.32927 39.951
1202211603 116.34323 39.95677
1202211750 116.3546 39.95665
1202213270 116.35497 39.96118
1202213874 116.34424 39.96642
1202214049 116.31686 39.96595
1202214175 116.31568 39.96586
1202214477 116.30411 39.93257
1202214652 116.30409 39.9211
1202214779 116.30412 39.91619
1202215080 116.30417 39.90338
1202215255 116.30417 39.88819
1202215393 116.30536 39.87481
1202215684 116.30665 39.86853
1202215859 116.30594 39.87281
1202215985 116.30577 39.87395
1202215985 116.30577 39.87395
1202216287 116.30435 39.88597
1202216462 116.3046 39.90413
1202216589 116.30612 39.90609
1202216890 116.3044 39.92116
1202217065 116.30447 39.93058
1202217192 116.30436 39.9348
1202217494 116.31363 39.93683
1202217670 116.31353 39.93682
1202218284 116.32669 39.93105
1202218457 116.34049 39.93103
1202218886 116.36006 39.92796
1202218886 116.36006 39.92796
1202219061 116.35963 39.92771
1202219188 116.35959 39.92781
1202219363 116.35965 39.9278
1202219671 116.35979 39.92806
1202219671 116.35979 39.92806
1202219671 116.35979 39.92806
1202219671 116.35979 39.92806
1202219671 116.35979 39.92806
1202219671 116.35979 39.92806
1202219671 116.35979 39.92806
1202219671 116.35979 39.92806
1202219671 116.35979 39.92806
1202219671 116.35979 39.92806
1202219671 116.35979 39.92806
1202219671 116.35979 39.92806
1202219671 116.35979 39.92806
1202219671 116.35979 39.92806
1202219671 116.35979 39.92806
1202219671 116.35979 39.92806
1202219671 116.35979 39.92806
1202219671 116.35979 39.92806
1202219671 116.35979 39.92806
1202219671 116.35979 39.92806
1202219671 116.35979 39.92806
1202219671 116.35979 39.92806
1202219671 116.35979 39.92806
1202236275 116.35966 39.9277
1202236576 116.35294 39.93325
1202236576 116.35294 39.93325
1202236689 116.34963 39.9391
1202236878 116.34911 39.95537
1202237180 116.35875 39.96656
1202237292 116.34847 39.96924
1202237481 116.35454 39.97527
1202237783 116.36053 39.97363
1202237895 116.36379 39.9671
1202238085 116.35918 39.96669
1202238386 116.35905 39.96662
1202238499 116.35901 39.96661
1202238688 116.35906 39.96663
1202238990 116.35895 39.96657
1202239102 116.35885 39.96657
1202239291 116.35877 39.9666
1202239593 116.35879 39.96661
1202239705 116.35883 39.96659
1202239895 116.35886 39.9666
1202240195 116.35869 39.96651
1202240308 116.35879 39.96665
1202240497 116.35879 39.96667
1202240799 116.35887 39.96651
1202240911 116.3514 39.9665
1202241100 116.35471 39.96555
1202241402 116.3551 39.96075
1202241575 116.35509 39.96086
1202241704 116.35511 39.96083
1202242005 116.35511 39.96094
1202242178 116.35512 39.9609
1202242307 116.35504 39.96108
1202242609 116.35502 39.96104
1202242781 116.35513 39.96102
1202242910 116.35507 39.96105
1202243212 116.35505 39.96115
1202243385 116.35503 39.96112
1202243514 116.35318 39.96371
1202243815 116.32081 39.96613
1202243988 116.31948 39.96573
1202244117 116.32655 39.96599
1202244117 116.32655 39.96599
1202244419 116.34392 39.96615
1202244591 116.34395 39.96614
1202244720 116.34389 39.96608
1202245022 116.35502 39.96081
1202245194 116.35504 39.96081
1202245323 116.35506 39.96076
1202245625 116.35505 39.96083
1202245798 116.35508 39.9609
1202245927 116.35511 39.96087
1202246228 116.35506 39.96093
1202246401 116.35502 39.96094
1202246530 116.355 39.96088
1202246832 116.35499 39.96085
1202247004 116.35504 39.96093
1202247133 116.35511 39.96084
1202247435 116.35488 39.96109
1202247608 116.35498 39.96078
1202247737 116.35513 39.96095
1202248038 116.35634 39.96153
1202248211 116.35662 39.96146
1202248340 116.36041 39.95864
1202248642 116.35845 39.95667
1202248814 116.34993 39.9424
1202248943 116.34992 39.92338
1202249245 116.35132 39.90115
1202249418 116.35431 39.90149
1202249547 116.35427 39.90148
1202249848 116.35068 39.91435
1202250624 116.34286 39.97523
1202250746 116.33157 39.97528
1202251047 116.33047 39.97552
1202251228 116.33211 39.97196
1202251651 116.33062 39.94931
1202251831 116.33785 39.9302
1202251952 116.33783 39.93085
1202251952 116.33783 39.93085
1202252254 116.33042 39.93146
1202252434 116.34118 39.93111
1202252555 116.34896 39.93106
1202252857 116.3593 39.92851
1202253038 116.35946 39.92851
1202253159 116.35939 39.92848
1202253278 116.3594 39.92849
1202253587 116.35941 39.92847
1202253587 116.35941 39.92847
1202253587 116.35941 39.92847
1202253587 116.35941 39.92847
1202253587 116.35941 39.92847
1202253587 116.35941 39.92847
1202253587 116.35941 39.92847
1202253587 116.35941 39.92847
1202253587 116.35941 39.92847
1202253587 116.35941 39.92847
1202253587 116.35941 39.92847
1202253587 116.35941 39.92847
1202253587 116.35941 39.92847
1202253587 116.35941 39.92847
1202253587 116.35941 39.92847
1202253587 116.35941 39.92847
1202253587 116.35941 39.92847
1202253587 116.35941 39.92847
1202253587 116.35941 39.92847
1202253587 116.35941 39.92847
1202253587 116.35941 39.92847
1202311532 116.35941 39.9283
1202311834 116.35828 39.91511
1202311885 116.35697 39.90992
1202312136 116.35724 39.8985
1202312437 116.35709 39.88723
1202312488 116.35689 39.88753
1202312661 116.35637 39.88782
1202312976 116.35648 39.88758
1202314192 116.35779 39.87514
1202314303 116.35795 39.87004
1202314303 116.35795 39.87004
1202314493 116.35795 39.86932
1202314795 116.36072 39.86521
1202314906 116.36161 39.86526
1202315333 116.36165 39.86512
1202315333 116.36165 39.86512
1202315333 116.36165 39.86512
1202315333 116.36165 39.86512
1202315333 116.36165 39.86512
1202315333 116.36165 39.86512
1202315333 116.36165 39.86512
1202315333 116.36165 39.86512
1202315333 116.36165 39.86512
1202315333 116.36165 39.86512
1202315333 116.36165 39.86512
1202315333 116.36165 39.86512
1202315333 116.36165 39.86512
1202315333 116.36165 39.86512
1202315333 116.36165 39.86512
1202315333 116.36165 39.86512
1202315333 116.36165 39.86512
1202315333 116.36165 39.86512
1202315333 116.36165 39.86512
1202315333 116.36165 39.86512
1202315333 116.36165 39.86512
1202315333 116.36165 39.86512
1202362717 116.36154 39.86537
1202363019 116.35651 39.8677
1202363019 116.35651 39.8677
1202363071 116.34445 39.86748
1202363319 116.32914 39.8886
1202363621 116.26946 39.8729
1202363673 116.26093 39.86887
1202363923 116.2577 39.88837
1202364224 116.2586 39.9007
1202364276 116.25878 39.90617
1202364526 116.28183 39.92287
1202364828 116.32142 39.93111
1202364880 116.33309 39.93109
1202365129 116.35836 39.93099
1202365431 116.35925 39.92872
1202365790 116.35912 39.92869
1202365790 116.35912 39.92869
1202365790 116.35912 39.92869
1202365790 116.35912 39.92869
1202365790 116.35912 39.92869
1202365790 116.35912 39.92869
1202365790 116.35912 39.92869
1202365790 116.35912 39.92869
1202365790 116.35912 39.92869
1202365790 116.35912 39.92869
1202365790 116.35912 39.92869
1202365790 116.35912 39.92869
1202365790 116.35912 39.92869
1202365790 116.35912 39.92869
1202365790 116.35912 39.92869
1202365790 116.35912 39.92869
1202365790 116.35912 39.92869
1202365790 116.35912 39.92869
1202365790 116.35912 39.92869
1202365790 116.35912 39.92869
1202365790 116.35912 39.92869
1202365790 116.35912 39.92869
1202365790 116.35912 39.92869
1202406535 116.35936 39.9286
1202406836 116.35852 39.93071
1202407009 116.35268 39.93645
1202407138 116.34944 39.9501
1202407440 116.32777 39.95623
1202407612 116.3283 39.96429
1202407741 116.32849 39.96939
1202408835 116.34919 39.96623
1202408835 116.34919 39.96623
1202409137 116.36561 39.96654
1202409185 116.37671 39.96682
1202409988 116.41027 40.01124
1202410034 116.41154 40.01937
1202410939 116.40667 40.00795
1202411176 116.40123 39.98617
1202411240 116.40117 39.98196
1202411844 116.39595 39.96476
1202412145 116.38536 39.96724
1202412447 116.35503 39.96656
1202412986 116.37557 39.95346
1202413050 116.3804 39.95227
1202413358 116.38724 39.95568
1202413589 116.3862 39.95239
1202413955 116.3959 39.96429
1202414192 116.38986 39.9678
1202414257 116.38198 39.96721
1202414559 116.36541 39.97532
1202414796 116.37512 39.97697
1202414866 116.37373 39.98573
1202416002 116.40166 40.0076
1202416067 116.40155 40.00163
1202416369 116.40108 39.98187
1202416606 116.4013 39.97007
1202416670 116.40078 39.9676
1202416670 116.40078 39.9676
1202416972 116.40187 39.95086
1202417209 116.42744 39.94137
1202417812 116.42989 39.89639
1202418179 116.42095 39.90384
1202418416 116.42044 39.91248
1202418480 116.42025 39.91785
1202419019 116.39038 39.93211
1202419385 116.34975 39.93087
1202419687 116.34334 39.89685
1202420290 116.33335 39.91267
1202421201 116.35709 39.89508
1202421432 116.36157 39.88718
1202422035 116.3502 39.93886
1202422638 116.27556 39.95202
1202423004 116.28311 39.95609
1202423306 116.30113 39.96798
1202423607 116.29954 39.98443
1202424512 116.31188 39.97348
1202425116 116.31566 39.96497
1202425417 116.34755 39.98269
1202425655 116.34603 40.01398
1202425655 116.34603 40.01398
1202425719 116.34559 40.02067
1202426021 116.34371 40.02702
1202426322 116.33907 40.03869
1202426624 116.34577 40.01264
1202426932 116.34314 39.99194
1202427227 116.37797 39.98635
1202427465 116.42472 39.98646
1202427837 116.42343 39.98216
1202428068 116.41436 39.97408
1202428434 116.40589 39.95777
1202428671 116.40165 39.96
1202429037 116.38488 39.96727
1202429274 116.37557 39.97513
1202429339 116.37354 39.98223
1202429641 116.4326 39.98752
1202429878 116.46036 39.98174
1202430244 116.44563 39.97606
1202430481 116.42222 39.96843
1202430546 116.41225 39.96799
1202430847 116.39489 39.96761
1202431084 116.39477 39.96763
1202431149 116.39484 39.96767
1202431451 116.39475 39.96767
1202431451 116.39475 39.96767
1202431688 116.39475 39.96762
1202431752 116.39478 39.96762
1202432054 116.39479 39.96764
1202432291 116.3948 39.96763
1202432355 116.3948 39.96762
1202432657 116.39486 39.96756
1202432894 116.37035 39.96694
1202432959 116.36171 39.96669
1202434452 116.36031 39.929
1202434452 116.36031 39.929
1202434452 116.36031 39.929
1202434452 116.36031 39.929
1202434452 116.36031 39.929
1202434452 116.36031 39.929
1202434452 116.36031 39.929
1202434452 116.36031 39.929
1202434452 116.36031 39.929
1202434452 116.36031 39.929
1202434452 116.36031 39.929
1202434452 116.36031 39.929
1202434452 116.36031 39.929
1202434452 116.36031 39.929
1202434452 116.36031 39.929
1202434452 116.36031 39.929
1202434452 116.36031 39.929
1202434452 116.36031 39.929
1202434452 116.36031 39.929
1202434452 116.36031 39.929
1202434452 116.36031 39.929
1202434452 116.36031 39.929
1202434452 116.36031 39.929
1202470008 116.36009 39.9288
1202470300 116.36984 39.93136
1202470309 116.36982 39.93136
1202470309 116.36982 39.93136
1202470611 116.39745 39.93204
1202470903 116.42677 39.93223
1202470913 116.42663 39.93213
1202471214 116.457 39.93232
1202471507 116.48306 39.93242
1202471516 116.48386 39.93242
1202471818 116.49556 39.9348
1202472110 116.47676 39.93256
1202472119 116.47679 39.93256
1202472421 116.45898 39.93246
1202472713 116.43957 39.9324
1202472722 116.43802 39.93241
1202473024 116.41089 39.93131
1202473315 116.40476 39.91789
1202473325 116.40474 39.91904
1202473626 116.38999 39.93397
1202473919 116.40188 39.93948
1202473928 116.40243 39.93941
1202474230 116.40205 39.95098
1202474522 116.39919 39.95796
1202474531 116.39918 39.95857
1202474833 116.38863 39.96454
1202475125 116.36441 39.9668
1202475135 116.36442 39.96679
1202475436 116.34757 39.98264
1202475729 116.35075 39.9977
1202475738 116.35073 39.99744
1202476040 116.35884 39.99276
1202476332 116.38275 39.98645
1202476341 116.38358 39.98647
1202477246 116.41868 39.96791
1202477539 116.41899 39.95326
1202477548 116.41906 39.95316
1202477850 116.42565 39.9479
1202477850 116.42565 39.9479
1202478142 116.42988 39.9032
1202478142 116.42988 39.9032
1202478151 116.43 39.90233
1202478453 116.41599 39.90011
1202478745 116.41366 39.90006
1202478755 116.4137 39.90009
1202479056 116.39288 39.89894
1202479349 116.36795 39.8984
1202479358 116.36658 39.89841
1202479660 116.35702 39.90596
1202479952 116.35835 39.92714
1202479961 116.35835 39.9276
1202480181 116.35932 39.9285
