UTS Latitude Longitude
1201959231 116.4404 39.96123
1201959363 116.43661 39.96427
1201959664 116.41311 39.96787
1201959834 116.40247 39.96797
1201959966 116.40126 39.97718
1201960268 116.39608 39.97557
1201960437 116.38803 39.98125
1201960569 116.37845 39.98102
1201960871 116.40356 39.9869
1201961041 116.40372 39.98185
1201961173 116.40157 39.98842
1201961474 116.41093 39.99457
1201961644 116.40805 40.00119
1201961776 116.40897 40.00132
1201962077 116.40895 40.00133
1201962247 116.41121 39.99945
1201962970 116.41066 40.00141
1201963406 116.43263 40.00851
1201963577 116.41183 40.00799
1201963708 116.38974 40.00853
1201964009 116.37572 39.98658
1201964181 116.36828 39.98069
1201964311 116.37382 39.98005
1201964784 116.42663 39.96813
1201964914 116.44628 39.95739
1201965216 116.43277 39.94472
1201965517 116.43348 39.95797
1201965819 116.43802 39.96737
1201966051 116.44688 39.97712
1201966120 116.45504 39.9751
1201966422 116.44948 39.97936
1201966654 116.43119 39.98839
1201966724 116.43102 39.99193
1201967025 116.41795 39.9924
1201967258 116.40595 39.99538
1201967327 116.40642 39.9995
1201967629 116.40727 39.99369
1201967861 116.4054 39.99481
1201967930 116.40646 39.99881
1201968232 116.41651 40.02059
1201968464 116.4324 40.00706
1201968534 116.42281 40.00776
1201968835 116.41083 40.00165
1201969067 116.39833 40.00101
1201969137 116.39832 40.00346
1201969439 116.40169 39.99832
1201969671 116.40144 39.99445
1201969740 116.40126 39.98705
1201970042 116.40185 39.96724
1201970274 116.40526 39.96737
1201970645 116.44145 39.95682
1201970645 116.44145 39.95682
1201970947 116.45552 39.94652
1201971249 116.45532 39.92799
1201971481 116.45546 39.91799
1201971550 116.45545 39.91501
1201971852 116.4674 39.912
1201972084 116.46245 39.91198
1201972154 116.45809 39.91214
1201972455 116.43542 39.9119
1201972687 116.43478 39.92104
1201972757 116.43498 39.92157
1201973059 116.429 39.92896
1201973290 116.42816 39.92914
1201973359 116.42814 39.9293
1201973661 116.42802 39.93349
1201973893 116.42834 39.9193
1201973963 116.42847 39.91671
1201974264 116.4287 39.91208
1201974496 116.41641 39.90723
1201974566 116.41269 39.9071
1201974867 116.3931 39.90636
1201975100 116.37865 39.9059
1201975169 116.37682 39.90585
1201975471 116.36542 39.90662
1201975703 116.35958 39.9122
1201975772 116.35773 39.9135
1201976074 116.35019 39.92081
1201976306 116.34966 39.93653
1201976910 116.31662 39.96028
1201976979 116.3149 39.96351
1201977281 116.31572 39.96241
1201977513 116.31769 39.95101
1201977582 116.3184 39.94623
1201977884 116.32554 39.93685
1201978116 116.32733 39.93372
1201978186 116.32702 39.93493
1201978186 116.32702 39.93493
1201978719 116.32732 39.93268
1201978789 116.32739 39.93236
1201979091 116.32822 39.92312
1201979323 116.3283 39.91562
1201979392 116.32824 39.91443
1201979694 116.32586 39.90963
1201979926 116.3232 39.90974
1201979926 116.3232 39.90974
1201979996 116.3224 39.90972
1201980297 116.31739 39.90972
1201980529 116.31487 39.9076
1201980599 116.31489 39.90694
1201980901 116.31669 39.89698
1201981133 116.3151 39.90317
1201981202 116.31514 39.90423
1201981736 116.30912 39.90633
1201981805 116.30453 39.90829
1201982107 116.3042 39.92839
1201982339 116.30377 39.94751
1201982409 116.30308 39.95562
1201982710 116.33781 39.96607
1201982943 116.35127 39.96623
1201983012 116.35894 39.96618
1201983314 116.3755 39.96627
1201983546 116.37529 39.9732
1201983615 116.37556 39.97468
1201983917 116.37834 39.98614
1201984219 116.40173 39.98682
1201984520 116.40179 39.99346
1201984814 116.40606 39.99581
1201985121 116.406 39.99578
1201985121 116.406 39.99578
1201986036 116.40924 39.99744
1201986628 116.4107 39.9975
1201986943 116.41069 39.99457
1201987231 116.41467 39.98767
1201987245 116.41461 39.98768
1201987546 116.40737 39.99471
1201989173 116.40099 39.98785
1201989406 116.40207 39.99364
1201989475 116.40132 39.98964
1201989776 116.40229 39.9873
1201990100 116.40047 39.98749
1201990380 116.40157 39.98173
1201990613 116.40123 39.96969
1201990681 116.4013 39.96557
1201990983 116.40196 39.94684
1201991216 116.40742 39.93931
1201991586 116.4103 39.94946
1201991820 116.41849 39.95609
1201991820 116.41849 39.95609
1201991888 116.41885 39.95673
1201992190 116.43887 39.95622
1201992423 116.43579 39.95855
1201992491 116.43986 39.96229
1201992793 116.42946 39.96835
1201993026 116.41878 39.96108
1201993095 116.41896 39.95652
1201993396 116.42725 39.94283
1201993629 116.42959 39.9327
1201993698 116.42875 39.93364
1201994233 116.42867 39.91386
1201994301 116.42898 39.91148
1201994603 116.43891 39.88455
1201994836 116.43292 39.8673
1201994905 116.43266 39.86563
1201995439 116.43269 39.85301
1201995508 116.43319 39.85737
1201996043 116.44587 39.87492
1201996111 116.44475 39.87526
1201996413 116.43889 39.89257
1201996646 116.4319 39.90183
1201996715 116.4301 39.90527
1201997016 116.43457 39.92197
1201997249 116.43278 39.92565
1201997318 116.43254 39.92572
1201997620 116.43894 39.92192
1201997620 116.43894 39.92192
1201997853 116.4441 39.90796
1201997921 116.44419 39.90774
1201998223 116.46595 39.90524
1201998456 116.47234 39.90678
1201998525 116.48077 39.90683
1201998826 116.53683 39.90645
1201999059 116.55581 39.90679
1201999128 116.55696 39.90689
1201999429 116.56543 39.90883
1201999663 116.53554 39.9091
1201999731 116.52485 39.90858
1202000033 116.48472 39.9087
1202000266 116.46979 39.9123
1202000333 116.46077 39.91223
1202000635 116.45196 39.90729
1202000868 116.45148 39.90787
1202001238 116.45182 39.91027
1202001532 116.45397 39.93195
1202001540 116.45392 39.93186
1202001842 116.44925 39.93087
1202002135 116.43874 39.93989
1202002143 116.43856 39.93991
1202002445 116.4372 39.9464
1202002738 116.44472 39.95287
1202002747 116.44576 39.95383
1202003048 116.43337 39.9663
1202003342 116.4064 39.96982
1202003350 116.40637 39.96981
1202003652 116.41147 39.97616
1202003945 116.41082 39.98207
1202003953 116.41014 39.98197
1202005152 116.35438 39.94377
1202005160 116.35286 39.94335
1202005160 116.35286 39.94335
1202005755 116.3375 39.91709
1202005763 116.33831 39.91709
1202006065 116.34731 39.92689
1202006358 116.36415 39.94693
1202006367 116.3633 39.94682
1202006668 116.35544 39.95141
1202007625 116.37052 39.97
1202007875 116.3752 39.97658
1202008177 116.40579 39.98475
1202008229 116.40196 39.98174
1202008478 116.40282 39.99367
1202008780 116.40719 39.99745
1202008832 116.40856 39.99806
1202009383 116.40188 39.95065
1202009435 116.40207 39.94861
1202009685 116.41905 39.9484
1202009990 116.42818 39.93912
1202010039 116.42772 39.94254
1202010288 116.42806 39.9545
1202010590 116.43663 39.97229
1202010642 116.43411 39.97506
1202011562 116.42576 39.98213
1202011864 116.41159 39.99361
1202011914 116.41215 39.99504
1202012166 116.40409 39.99902
1202012467 116.40405 39.99899
1202012517 116.40414 39.99902
1202012769 116.40398 39.99903
1202013070 116.40411 39.99903
1202013120 116.40407 39.99888
1202013674 116.40402 39.99898
1202013724 116.40398 39.99909
1202014277 116.40403 39.99898
1202014327 116.40402 39.99898
1202014579 116.40396 39.99893
1202014880 116.40407 39.99905
1202014930 116.40406 39.99903
1202015182 116.40405 39.99896
1202015484 116.40401 39.99897
1202015534 116.40406 39.99902
1202015785 116.404 39.99911
1202016087 116.40403 39.99892
1202016137 116.40426 39.99895
1202016389 116.40401 39.99906
1202016690 116.40416 39.99895
1202016740 116.40398 39.99903
1202016992 116.40417 39.99901
1202017294 116.40407 39.99891
1202017344 116.40407 39.999
1202017595 116.40405 39.99909
1202017897 116.40397 39.99896
1202017947 116.40385 39.99897
1202018199 116.40388 39.99888
1202018500 116.40393 39.99897
1202018550 116.40395 39.999
1202018802 116.40401 39.99899
1202019104 116.40412 39.99897
1202019154 116.40412 39.99899
1202019405 116.40413 39.99891
1202019707 116.40414 39.99894
1202019757 116.40407 39.99907
1202020009 116.40414 39.99897
1202020310 116.40396 39.99895
1202020360 116.40398 39.99905
1202020612 116.40403 39.99903
1202020963 116.40403 39.99898
1202021215 116.40405 39.999
1202021517 116.4041 39.99916
1202021566 116.40401 39.99906
1202021817 116.40405 39.99898
1202022119 116.40409 39.99901
1202022169 116.40406 39.99903
1202022421 116.40404 39.99908
1202022722 116.40411 39.99898
1202022772 116.40407 39.99899
1202023024 116.40406 39.99906
1202023326 116.40405 39.99908
1202023376 116.40406 39.99904
1202023627 116.4041 39.99908
1202023979 116.4041 39.99903
1202024231 116.40404 39.99914
1202024582 116.40401 39.99905
1202024834 116.40391 39.99909
1202025136 116.40401 39.99901
1202025186 116.40402 39.99906
1202025437 116.40642 39.99746
1202025721 116.40657 39.99643
1202025970 116.40738 40.00134
1202026574 116.4016 39.99865
1202026647 116.40738 40.00135
1202027251 116.39958 39.96769
1202028816 116.37309 39.97867
1202028929 116.37233 39.98187
1202029131 116.37323 39.9756
1202029533 116.37299 39.97376
1202029721 116.37305 39.97377
1202030023 116.37298 39.97379
1202030136 116.37301 39.97378
1202030324 116.37307 39.97374
1202030626 116.3743 39.97537
1202030739 116.37418 39.9802
1202030927 116.38036 39.98108
1202031229 116.40352 39.98692
1202031343 116.40403 39.98194
1202031531 116.41808 39.98052
1202031832 116.41442 39.9819
1202031946 116.41135 39.98204
1202032134 116.41158 39.98207
1202032549 116.40235 39.9786
1202032737 116.40779 39.98703
1202033039 116.44675 40.00541
1202033153 116.46075 40.00725
1202033341 116.46776 40.00246
1202033642 116.46658 39.99338
1202033756 116.47129 39.98654
1202034359 116.46018 39.95879
1202034547 116.45694 39.95141
1202034849 116.44178 39.961
1202034962 116.43302 39.96672
1202035566 116.37614 39.98645
1202036056 116.34372 39.98521
1202036169 116.34743 39.98053
1202036357 116.34912 39.98531
1202036659 116.37412 39.97894
1202036772 116.37536 39.97603
1202036772 116.37536 39.97603
1202036961 116.38147 39.98354
1202037262 116.38285 39.98638
1202037376 116.39715 39.98669
1202037564 116.40417 39.98218
1202037866 116.38849 39.97553
1202037979 116.38212 39.97556
1202038469 116.37435 39.97087
1202038582 116.37251 39.96634
1202038771 116.39965 39.96742
1202039072 116.43728 39.98718
1202039186 116.44713 40.00658
1202039676 116.50116 40.00562
1202040584 116.52688 40.03935
1202040634 116.52697 40.03958
1202040885 116.50417 40.03254
1202041191 116.50519 40.02548
1202041489 116.52506 40.03576
1202041840 116.52526 40.03782
1202042092 116.52512 40.03776
1202042394 116.52515 40.03773
1202042444 116.52509 40.03779
1202042997 116.50068 40.00543
1202043107 116.49149 39.99729
1202043107 116.49149 39.99729
1202043298 116.47708 39.98351
1202043599 116.47956 39.97647
1202043710 116.47859 39.97573
1202043901 116.48252 39.972
1202044203 116.49041 39.97061
1202044313 116.4904 39.97061
1202044313 116.4904 39.97061
1202044504 116.49038 39.9706
1202044806 116.48856 39.97071
1202045112 116.4834 39.96998
1202045158 116.47872 39.96983
1202045413 116.46919 39.96655
1202045715 116.4618 39.95558
1202045762 116.46197 39.9536
1202045762 116.46197 39.9536
1202046015 116.46523 39.94652
1202046364 116.46196 39.95368
1202046619 116.46197 39.95361
1202046920 116.46256 39.96105
1202046920 116.46256 39.96105
1202046967 116.46705 39.96561
1202047222 116.4517 39.97793
1202047524 116.45668 39.98968
1202047571 116.45675 39.99149
1202047825 116.45535 39.99966
1202048127 116.45707 39.98818
1202048174 116.45925 39.98702
1202048429 116.46364 39.97684
1202048730 116.48371 39.93864
1202048777 116.48368 39.92985
1202049032 116.49008 39.90644
1202049334 116.47499 39.90722
1202049381 116.47291 39.90719
1202049635 116.45546 39.90578
1202049984 116.43705 39.85759
1202050239 116.39101 39.85578
1202050540 116.39029 39.85559
1202050587 116.39547 39.85552
1202050842 116.42821 39.85732
1202051144 116.45525 39.88992
1202051191 116.45548 39.89592
1202051452 116.46704 39.89925
1202051747 116.4704 39.89932
1202051794 116.4717 39.8998
1202052049 116.47173 39.90162
1202052350 116.48657 39.90574
1202052397 116.49016 39.90647
1202052652 116.47868 39.90712
1202052954 116.43934 39.90711
1202053001 116.43808 39.90711
1202053255 116.42672 39.90368
1202053557 116.43167 39.90709
1202053604 116.43482 39.9058
1202053859 116.44048 39.9049
1202054163 116.43751 39.90269
1202054328 116.44345 39.9071
1202054465 116.45533 39.89679
1202054767 116.43916 39.85752
1202054931 116.42418 39.85722
1202055068 116.41641 39.85631
1202055370 116.37616 39.85582
1202055534 116.35858 39.85398
1202055672 116.35888 39.84869
1202055973 116.3517 39.84441
1202056138 116.35293 39.84075
1202056275 116.35289 39.84457
1202056576 116.35873 39.85533
1202056741 116.35814 39.86397
1202056741 116.35814 39.86397
1202056878 116.35819 39.86693
1202057344 116.35799 39.87376
1202057481 116.35766 39.87614
1202057783 116.35746 39.88645
1202057948 116.35742 39.88721
1202058085 116.35721 39.89279
1202058386 116.35717 39.89503
1202058551 116.36256 39.89811
1202058702 116.36734 39.89848
1202058990 116.38475 39.8987
1202059154 116.38808 39.89865
1202059291 116.3887 39.89022
1202059593 116.4063 39.88762
1202059758 116.4143 39.88395
1202059895 116.41439 39.88344
1202060196 116.42917 39.88287
1202060361 116.44468 39.88087
1202060498 116.44463 39.87248
1202060683 116.44443 39.87182
1202060684 116.44442 39.87181
1202061133 116.44473 39.87199
1202061133 116.44473 39.87199
1202061133 116.44473 39.87199
1202061133 116.44473 39.87199
1202061133 116.44473 39.87199
1202061133 116.44473 39.87199
1202062349 116.4386 39.88777
1202062641 116.43234 39.89709
1202062651 116.43235 39.89712
1202062953 116.44415 39.89151
1202063257 116.4496 39.89242
1202063485 116.45498 39.89416
1202063559 116.46041 39.89197
1202063861 116.47151 39.89032
1202064089 116.48119 39.89017
1202064162 116.48262 39.89019
1202064464 116.47211 39.8831
1202064692 116.46151 39.88071
1202064766 116.46164 39.87765
1202065067 116.45183 39.87488
1202065295 116.44884 39.87213
1202065369 116.45086 39.87234
1202065670 116.45531 39.88131
1202065898 116.45536 39.88295
1202065971 116.45534 39.89137
1202066273 116.45427 39.90728
1202066501 116.45197 39.91075
1202066575 116.45392 39.91262
1202066876 116.45348 39.91371
1202067104 116.45483 39.91226
1202067178 116.45516 39.90806
1202067480 116.45514 39.89725
1202067708 116.45369 39.88641
1202067781 116.45257 39.88448
1202068083 116.45475 39.87642
1202068083 116.45475 39.87642
1202068311 116.45449 39.86995
1202068385 116.45457 39.86794
1202068686 116.43828 39.85759
1202068914 116.42551 39.85732
1202068988 116.42265 39.85715
1202069290 116.41407 39.8559
1202069517 116.3931 39.85657
1202069591 116.3937 39.85317
1202069893 116.39522 39.82418
1202070121 116.40178 39.81925
1202070121 116.40178 39.81925
1202070194 116.40061 39.81756
1202070496 116.39547 39.82595
1202070724 116.39095 39.83713
1202070798 116.39413 39.83561
1202071099 116.43193 39.83079
1202071327 116.47007 39.83323
1202071401 116.46845 39.83525
1202071931 116.48743 39.87473
1202072004 116.48763 39.87467
1202072306 116.4924 39.87403
1202072534 116.49666 39.85957
1202072608 116.49814 39.85978
1202072912 116.49881 39.8598
1202073214 116.48964 39.87458
1202073318 116.4876 39.87476
1202073516 116.47975 39.87498
1202073817 116.47118 39.86931
1202073922 116.46574 39.86662
1202074119 116.46174 39.87494
1202074525 116.46151 39.88193
1202074722 116.45637 39.88325
1202075024 116.45556 39.89157
1202075128 116.4556 39.89415
1202075627 116.45565 39.89741
1202075627 116.45565 39.89741
1202075732 116.45585 39.90261
1202075929 116.44727 39.90717
1202076231 116.41198 39.90693
1202076335 116.40281 39.9067
1202076532 116.3971 39.90654
1202076834 116.38609 39.90619
1202076938 116.37919 39.90595
1202077136 116.35934 39.90597
1202077437 116.35002 39.90377
1202077542 116.35002 39.89796
1202077739 116.32105 39.89597
1202078041 116.31432 39.89599
1202078145 116.30653 39.89607
1202078644 116.30654 39.89611
1202078748 116.30455 39.89643
1202078946 116.27274 39.89593
1202079247 116.26906 39.94742
1202079351 116.2689 39.96363
1202079351 116.2689 39.96363
1202079549 116.25536 39.97221
1202079851 116.24923 39.98081
1202080152 116.247 39.97198
1202080454 116.24146 39.96607
1202080558 116.24156 39.9661
1202080558 116.24156 39.9661
1202080755 116.24153 39.96613
1202081057 116.24154 39.96618
1202081161 116.24154 39.96617
1202081359 116.25333 39.97209
1202081660 116.26813 39.94664
1202081765 116.27775 39.94521
1202081962 116.29333 39.94463
1202082264 116.30679 39.92245
1202082368 116.32242 39.92202
1202082867 116.32739 39.93281
1202082971 116.33136 39.9367
1202083168 116.34342 39.93837
1202083168 116.34342 39.93837
1202083469 116.3747 39.94995
1202083574 116.38134 39.95228
1202083771 116.37938 39.95003
1202084073 116.36611 39.94803
1202084177 116.366 39.94802
1202084374 116.36601 39.94808
1202084676 116.3571 39.95662
1202084780 116.35535 39.95123
1202084978 116.34956 39.94905
1202085279 116.32375 39.93726
1202085384 116.30644 39.94025
1202085581 116.30391 39.93297
1202085883 116.2792 39.92296
1202085987 116.27887 39.92304
1202086184 116.28006 39.91833
1202086486 116.30222 39.91483
1202086590 116.30441 39.91347
1202086788 116.30439 39.93827
1202087089 116.33946 39.93601
1202087194 116.34568 39.93862
1202087391 116.34482 39.94263
1202087693 116.32964 39.95092
1202087797 116.31841 39.95045
1202087994 116.31543 39.96532
1202088296 116.31049 39.98282
1202088400 116.31043 39.9837
1202088598 116.30907 39.99804
1202088899 116.30366 40.02467
1202089003 116.28919 40.02302
1202089201 116.2802 40.02143
1202089503 116.25914 40.03024
1202089607 116.25244 40.04084
1202089804 116.24107 40.03629
1202090106 116.24985 40.04209
1202090210 116.25888 40.03408
1202090407 116.26841 40.02894
1202090709 116.28939 40.02308
1202091011 116.31236 40.00952
1202091312 116.30633 39.99094
1202091417 116.29849 39.99148
1202091614 116.29526 39.98419
1202091916 116.29575 39.96735
1202092020 116.29293 39.9595
1202092217 116.30168 39.96066
1202092519 116.31644 39.9627
1202092870 116.31641 39.96273
1202092870 116.31641 39.96273
1202093783 116.32012 39.9657
1202094085 116.32883 39.95733
1202094257 116.31963 39.95039
1202094387 116.31957 39.95041
1202094688 116.31926 39.93954
1202094860 116.32661 39.93294
1202094990 116.33015 39.93109
1202095292 116.3471 39.92367
1202095463 116.34698 39.9133
1202095593 116.34653 39.90679
1202095895 116.34012 39.90443
1202096067 116.34027 39.90452
1202096197 116.34021 39.90436
1202096498 116.34013 39.90451
1202096670 116.34008 39.90433
1202096800 116.34 39.90447
1202096800 116.34 39.90447
1202097102 116.33993 39.9045
1202097273 116.34001 39.90434
1202097403 116.34033 39.90432
1202097705 116.3402 39.90437
1202097877 116.34012 39.90446
1202098007 116.34028 39.90431
1202098480 116.3404 39.90443
1202098610 116.34038 39.90447
1202098912 116.34056 39.90427
1202099083 116.34015 39.9044
1202099213 116.34052 39.90453
1202099515 116.34023 39.90438
1202099687 116.34043 39.90429
1202099816 116.34076 39.90418
1202100117 116.34059 39.90416
1202100289 116.34045 39.90425
1202100419 116.34044 39.90423
1202100720 116.34043 39.90433
1202100892 116.34059 39.90429
1202101022 116.34072 39.90423
1202101324 116.3406 39.90437
1202101495 116.3407 39.90425
1202101625 116.34011 39.90449
1202101927 116.33994 39.90453
1202102099 116.34006 39.90436
1202102229 116.33693 39.90183
1202102530 116.3375 39.90582
1202102702 116.34647 39.90691
1202104133 116.40345 39.8555
1202104321 116.40353 39.85246
1202104622 116.43038 39.85734
1202104924 116.45526 39.86471
1202105226 116.46088 39.86998
1202105340 116.46154 39.87421
1202105527 116.46578 39.86409
1202105943 116.46137 39.87004
1202106130 116.42923 39.8575
1202106432 116.40415 39.85251
1202106547 116.40392 39.85249
1202106734 116.40717 39.85249
1202107035 116.40729 39.8525
1202107337 116.37184 39.85581
1202107639 116.33768 39.82908
1202107753 116.33453 39.82165
1202107940 116.33823 39.81925
1202108242 116.33632 39.82156
1202108356 116.33944 39.82215
1202108550 116.34001 39.84309
1202108845 116.35219 39.84449
1202108960 116.35291 39.8408
1202109147 116.36123 39.85422
1202109449 116.40375 39.85544
1202109563 116.41135 39.85554
1202109563 116.41135 39.85554
1202109750 116.44363 39.85822
1202110052 116.4543 39.8657
1202110166 116.46133 39.86662
1202110354 116.46171 39.8687
1202110770 116.45251 39.88319
1202110957 116.43604 39.89763
1202111259 116.42098 39.90583
1202111373 116.43477 39.90694
1202111560 116.43752 39.90268
1202111862 116.44533 39.90531
1202111976 116.44531 39.90387
1202112164 116.45235 39.8976
1202112164 116.45235 39.8976
1202112465 116.45268 39.89663
1202112580 116.44983 39.89499
1202112767 116.44968 39.89499
1202113069 116.44972 39.895
1202113183 116.44967 39.89504
1202113370 116.44961 39.89516
1202113672 116.44963 39.89496
1202113786 116.44969 39.8949
1202113974 116.44969 39.89494
1202114275 116.44961 39.89501
1202114390 116.4497 39.89496
1202114577 116.44971 39.89494
1202114878 116.4497 39.89497
1202114993 116.44971 39.89492
1202115180 116.44973 39.89495
1202115482 116.44969 39.89492
1202115783 116.46159 39.89196
1202116085 116.47142 39.89156
1202116200 116.46632 39.89202
1202116386 116.45585 39.89222
1202116687 116.42736 39.89946
1202116802 116.41568 39.89917
1202116989 116.41901 39.9034
1202117291 116.43781 39.9054
1202117405 116.43752 39.90254
1202117592 116.44136 39.90667
1202117894 116.45535 39.90448
1202118008 116.45513 39.88758
1202118220 116.44524 39.85908
1202118497 116.39732 39.85582
1202118612 116.3938 39.85382
1202118799 116.39642 39.85146
1202119101 116.39662 39.85094
1202119215 116.3949 39.85501
1202119402 116.40696 39.8554
1202119704 116.41789 39.85626
1202119704 116.41789 39.85626
1202119818 116.43268 39.85752
1202120006 116.45465 39.86517
1202120307 116.46139 39.86928
1202120422 116.45501 39.87349
1202120609 116.45539 39.88661
1202120911 116.45554 39.90716
1202121025 116.44417 39.91238
1202121212 116.43972 39.91731
1202121514 116.43364 39.92562
1202121628 116.43134 39.92959
1202121810 116.43585 39.93191
1202122121 116.44853 39.93238
1202122413 116.46977 39.93233
1202122423 116.47114 39.93231
1202122724 116.4747 39.92965
1202123016 116.47464 39.93044
1202123025 116.47469 39.93011
1202123327 116.47487 39.93016
1202123619 116.47622 39.93235
1202123619 116.47622 39.93235
1202123628 116.47706 39.93238
1202123930 116.49313 39.93402
1202124222 116.49835 39.92778
1202124232 116.49836 39.92821
1202124533 116.4959 39.92243
1202124835 116.51213 39.91542
1202125137 116.49285 39.91468
1202125429 116.48389 39.93383
1202125438 116.48389 39.93517
1202125740 116.47853 39.96977
1202126032 116.4902 39.97064
1202126042 116.49021 39.97062
1202126343 116.49337 39.977
1202126635 116.4887 39.99172
1202126645 116.48925 39.99248
1202126946 116.51219 40.01317
1202127248 116.52232 40.02999
1202127248 116.52232 40.02999
1202127550 116.52246 40.02993
1202127842 116.5226 40.03011
1202127851 116.52261 40.0301
1202128153 116.52261 40.03014
1202128445 116.52684 40.03936
1202128455 116.52634 40.03828
1202128627 116.52524 40.03795
1202129912 116.52528 40.03788
1202130214 116.50994 40.0331
1202130441 116.50376 40.02253
1202130441 116.50376 40.02253
1202130515 116.49235 40.02157
1202130817 116.48314 40.02084
1202131044 116.48954 40.00862
1202131119 116.48711 40.00838
1202131420 116.47271 40.00747
1202131647 116.4636 40.00041
1202131722 116.46151 39.99924
1202132024 116.45742 39.98529
1202132251 116.45813 39.98768
1202132325 116.4581 39.98766
1202132627 116.45805 39.98759
1202132854 116.4581 39.98772
1202132929 116.45802 39.98765
1202133230 116.47116 39.97941
1202134858 116.57919 40.06257
1202135011 116.56353 40.06455
1202135313 116.5642 40.07185
1202135516 116.56422 40.07188
1202135516 116.56422 40.07188
1202136010 116.5642 40.07181
1202136010 116.5642 40.07181
1202136010 116.5642 40.07181
1202137216 116.56421 40.07181
1202137555 116.5642 40.07182
1202137555 116.5642 40.07182
1202137555 116.5642 40.07182
1202137555 116.5642 40.07182
1202137555 116.5642 40.07182
1202137555 116.5642 40.07182
1202144562 116.56422 40.07181
1202144864 116.56424 40.07179
1202145005 116.5642 40.07176
1202145166 116.5642 40.07178
1202145467 116.56683 40.06381
1202145608 116.58289 40.06007
1202145769 116.58262 40.06253
1202146071 116.5826 40.06282
1202146211 116.58258 40.06281
1202146372 116.58256 40.06281
1202146674 116.5823 40.06452
1202146674 116.5823 40.06452
1202146815 116.58224 40.06452
1202146976 116.58195 40.06633
1202147277 116.58152 40.06927
1202147418 116.58135 40.0704
1202147579 116.58129 40.07069
1202147881 116.58128 40.07069
1202147881 116.58128 40.07069
1202148021 116.58128 40.07079
1202148182 116.58082 40.07294
1202148484 116.58045 40.07536
1202148625 116.58041 40.07566
1202148786 116.58332 40.07613
1202149087 116.58558 40.07666
1202149691 116.58178 40.07067
1202149831 116.57889 40.04671
1202149992 116.54688 40.02702
1202150294 116.47752 39.98284
1202150434 116.45036 39.95844
1202150596 116.42407 39.94846
1202150897 116.3893 39.94996
1202151038 116.389 39.95844
1202151199 116.39575 39.95695
1202151500 116.39398 39.95026
1202151580 116.39409 39.9502
1202152921 116.4015 39.95008
1202153334 116.4025 39.93281
1202153524 116.40449 39.92566
1202153937 116.41196 39.91518
1202154128 116.41108 39.91414
1202154429 116.42 39.92247
1202154541 116.41029 39.92301
1202154731 116.39142 39.92201
1202155033 116.38341 39.9209
1202155144 116.38179 39.92115
1202155144 116.38179 39.92115
1202155334 116.37665 39.92129
1202155636 116.37564 39.91048
1202155747 116.37613 39.90811
1202155938 116.37644 39.906
1202156239 116.36211 39.90591
1202156541 116.34969 39.90674
1202156843 116.34806 39.89708
1202156954 116.34242 39.89377
1202157144 116.33914 39.88844
1202157446 116.3341 39.89081
1202157557 116.33654 39.88925
1202158049 116.28752 39.87825
1202158160 116.26325 39.86983
1202158351 116.22724 39.84884
1202159256 116.15373 39.75681
1202159367 116.14356 39.75416
1202159557 116.14269 39.75237
1202159970 116.16863 39.77455
1202160161 116.18401 39.7891
1202160574 116.20184 39.81266
1202160764 116.20315 39.82887
1202161066 116.22316 39.84639
1202161177 116.23416 39.85491
1202161177 116.23416 39.85491
1202161367 116.25245 39.85991
1202161669 116.25859 39.87347
1202161780 116.25864 39.88327
1202161971 116.24779 39.88837
1202162272 116.24623 39.88829
1202162574 116.26764 39.88726
1202162876 116.27605 39.87313
1202162987 116.28759 39.87699
1202163177 116.30381 39.88254
1202163479 116.30201 39.87144
1202163590 116.30556 39.87113
1202163781 116.28837 39.86659
1202164082 116.28893 39.88594
1202164082 116.28893 39.88594
1202164194 116.28103 39.87879
1202164383 116.27149 39.87702
1202164685 116.26976 39.89909
1202164796 116.27126 39.89914
1202164986 116.27351 39.8991
1202165590 116.27742 39.90861
1202166003 116.28905 39.91569
1202166193 116.29133 39.92732
1202166495 116.29613 39.95853
1202166606 116.30176 39.96405
1202166796 116.30015 39.97551
1202167098 116.31857 39.98407
1202167209 116.31265 39.9796
1202167400 116.30688 39.97965
1202167701 116.30974 39.97978
1202167812 116.31014 39.98624
1202168003 116.32371 39.99129
1202168304 116.34686 39.97403
1202168416 116.34874 39.95629
1202168606 116.34993 39.92563
1202168908 116.35045 39.90192
1202169019 116.34621 39.89695
1202169209 116.33323 39.89
1202169622 116.34396 39.88669
1202169813 116.35057 39.9011
1202170114 116.34354 39.93857
1202170226 116.32361 39.93723
1202170416 116.29025 39.94601
1202170718 116.28379 39.95616
1202170829 116.2961 39.95837
1202170980 116.29768 39.9569
1202171324 116.2929 39.96026
1202171324 116.2929 39.96026
1202171553 116.29472 39.97315
1202171626 116.29508 39.97569
1202171928 116.28137 39.98185
1202172157 116.29398 39.98297
1202172229 116.29351 39.98867
1202172531 116.28065 40.0215
1202172760 116.29709 40.02188
1202172833 116.29783 40.02194
1202173134 116.3081 40.0195
1202173363 116.30899 39.99863
1202173363 116.30899 39.99863
1202173436 116.3097 39.99121
1202173967 116.31412 39.96559
1202174039 116.30477 39.96206
1202174341 116.30418 39.90675
1202174570 116.31382 39.89553
1202174643 116.31524 39.89553
1202175246 116.34497 39.88797
1202175548 116.35747 39.88622
1202175777 116.35074 39.89474
1202175849 116.34675 39.89628
1202176379 116.35001 39.92905
1202176452 116.34974 39.93394
1202176753 116.35087 39.93929
1202176897 116.35088 39.93928
1202178747 116.34917 39.95419
1202179049 116.34917 39.95414
1202179160 116.3529 39.95662
1202179763 116.42756 39.94492
1202179954 116.42845 39.91432
1202180255 116.42018 39.92045
1202180367 116.42005 39.92495
1202180557 116.42224 39.9351
1202180859 116.42234 39.93526
1202180970 116.42248 39.93522
1202181160 116.42223 39.93524
1202181462 116.42227 39.93509
1202181573 116.42239 39.93523
1202181764 116.42235 39.93517
1202181764 116.42235 39.93517
1202182065 116.42235 39.9351
1202182177 116.42228 39.93508
1202182367 116.42229 39.935
1202182669 116.42232 39.93504
1202182780 116.42223 39.93521
1202182970 116.42227 39.93518
1202183272 116.42226 39.93527
1202183383 116.42227 39.93524
1202183574 116.42228 39.93522
1202183875 116.42231 39.93524
1202183987 116.42227 39.93515
1202184176 116.42226 39.93537
1202184478 116.42219 39.93537
1202184589 116.42225 39.93537
1202184779 116.42222 39.93553
1202185081 116.42231 39.93528
1202185192 116.4223 39.93517
1202185684 116.42232 39.93514
1202185795 116.42238 39.93526
1202185986 116.42243 39.93558
1202186287 116.42241 39.9356
1202186399 116.4224 39.93551
1202186589 116.4224 39.93544
1202186589 116.4224 39.93544
1202186891 116.42245 39.9354
1202187002 116.42243 39.93538
1202187192 116.4223 39.93513
1202187494 116.42242 39.93522
1202187605 116.42265 39.93566
1202187796 116.42254 39.93549
1202188097 116.42229 39.93549
1202188209 116.42244 39.93531
1202188701 116.42232 39.93543
1202188812 116.42229 39.93511
1202189002 116.42205 39.93525
1202189304 116.42206 39.93543
1202189304 116.42206 39.93543
1202189606 116.42204 39.93535
1202189907 116.42225 39.93517
1202190019 116.42224 39.93522
1202190209 116.42223 39.93509
1202190511 116.42225 39.93513
1202190622 116.42227 39.93507
1202190812 116.42234 39.93503
1202191114 116.42214 39.93514
1202191225 116.42359 39.93519
1202191416 116.41953 39.93935
1202191717 116.4193 39.94255
1202191829 116.41205 39.94803
1202192019 116.38889 39.95671
1202192321 116.38191 39.97009
1202192432 116.38348 39.97155
1202192622 116.37649 39.97129
1202192924 116.38034 39.98621
1202193035 116.38074 39.98111
1202193225 116.37175 39.98905
1202193527 116.3786 39.99644
1202193638 116.37726 39.99647
1202193829 116.3761 39.99645
1202194130 116.37612 39.99648
1202194242 116.37607 39.99649
1202194242 116.37607 39.99649
1202194432 116.37606 39.99647
1202194734 116.37419 39.99998
1202195035 116.37432 39.99972
1202195337 116.37439 39.99943
1202195639 116.37449 39.99929
1202195940 116.37457 39.99926
1202196052 116.37458 39.99898
1202196242 116.3745 39.99925
1202196544 116.37439 39.99939
1202196655 116.37454 39.9992
1202196845 116.37473 39.99914
1202196845 116.37473 39.99914
1202197147 116.37462 39.99915
1202197258 116.37507 39.99898
1202197449 116.37448 39.99943
1202197750 116.38104 39.97551
1202197862 116.3742 39.96893
1202198052 116.37383 39.96257
1202199027 116.35944 39.97943
1202199193 116.35152 39.98027
1202199329 116.3476 39.99204
1202199631 116.36045 39.98619
1202199796 116.36038 39.98614
1202199932 116.36054 39.98616
1202200234 116.3605 39.98623
1202200399 116.36055 39.98618
1202200536 116.35914 39.9875
1202200837 116.36439 39.99892
1202201003 116.35357 39.98576
1202201139 116.31931 39.98454
1202201440 116.30002 39.98099
1202201606 116.30628 39.98114
1202201742 116.31135 39.97501
1202202044 116.32006 39.97491
1202202209 116.32669 39.97512
1202203736 116.366 39.94507
1202203851 116.36536 39.93924
1202204038 116.35783 39.93859
1202204339 116.35055 39.93654
1202204641 116.36056 39.94543
1202205351 116.39941 39.96718
1202205653 116.41213 39.95716
1202205661 116.4122 39.95612
1202205954 116.40745 39.94801
1202206256 116.35215 39.94315
1202206265 116.35071 39.9428
1202206563 116.3041 39.94222
1202206859 116.29728 39.97407
1202206868 116.29778 39.97418
1202207171 116.31642 39.96556
1202207463 116.37392 39.96674
1202207471 116.3756 39.96673
1202207764 116.38919 39.94839
1202208066 116.42751 39.94509
1202208075 116.42742 39.94395
1202208669 116.43708 39.91635
1202208678 116.4371 39.91634
1202208971 116.4348 39.91253
1202209273 116.42741 39.89955
1202209281 116.42664 39.89945
1202209574 116.41408 39.89595
1202209876 116.43081 39.89945
1202209884 116.432 39.89961
1202210178 116.4284 39.92582
1202210479 116.41914 39.94932
1202210479 116.41914 39.94932
1202210488 116.41914 39.94995
1202210781 116.4187 39.96557
1202211083 116.41806 39.98221
1202211091 116.418 39.98296
1202211384 116.44558 39.98137
1202211686 116.47636 39.98276
1202211694 116.47634 39.98276
1202211987 116.49674 40.00195
1202212289 116.51809 40.02528
1202212298 116.51896 40.02656
1202212891 116.52528 40.0377
1202212900 116.52527 40.03774
1202213081 116.52526 40.03771
1202214367 116.52533 40.03774
1202214671 116.50297 40.03276
1202214835 116.49144 40.02149
1202214973 116.47309 40.02048
1202215275 116.46428 40.02253
1202215438 116.46068 40.01941
1202215576 116.461 40.01279
1202215878 116.43333 40.00701
1202216042 116.41065 40.00799
1202216180 116.4078 40.00147
1202216481 116.40137 39.99386
1202216645 116.3926 39.98692
1202216783 116.37205 39.98641
1202217215 116.32834 39.96633
1202217248 116.32525 39.96624
1202217819 116.32036 39.96572
1202217851 116.32392 39.96591
1202218120 116.34888 39.95467
1202218422 116.3493 39.93939
1202218455 116.3494 39.93784
1202218724 116.34996 39.92124
1202219025 116.35138 39.91004
1202219058 116.35128 39.90919
1202219327 116.35355 39.9138
1202219631 116.34992 39.93058
1202219661 116.34997 39.93067
1202219930 116.35373 39.94677
1202221066 116.40778 39.96763
1202221368 116.45548 39.94842
1202221471 116.45546 39.93279
1202222075 116.46532 39.91211
1202222075 116.46532 39.91211
1202222634 116.45481 39.87338
1202222936 116.46155 39.86722
1202223841 116.456 39.91141
1202224142 116.46083 39.92194
1202224488 116.46084 39.93164
1202227561 116.41071 39.99533
1202227574 116.41069 39.99472
1202227875 116.41636 39.9908
1202227875 116.41636 39.9908
1202228165 116.37792 39.98648
1202228165 116.37792 39.98648
1202228177 116.37593 39.98635
1202228507 116.30404 39.9841
1202228768 116.29283 39.96708
1202228780 116.29345 39.96666
1202229082 116.30183 39.96139
1202229371 116.31438 39.96512
1202229383 116.31435 39.96518
1202229685 116.35592 39.9663
1202229975 116.36502 39.95445
1202229987 116.36507 39.95447
1202230288 116.37251 39.94886
1202230590 116.3667 39.94017
1202231181 116.42702 39.94775
1202231193 116.42911 39.94806
1202234681 116.55119 40.07634
1202234982 116.56297 40.11604
1202235237 116.61029 40.11648
1202235284 116.6145 40.11642
1202235585 116.6636 40.11496
1202235841 116.70316 40.12393
1202235887 116.71514 40.12162
1202236189 116.77698 40.14371
1202236444 116.8244 40.1491
1202236490 116.83368 40.15078
1202236792 116.90786 40.15234
1202237046 116.97422 40.14496
1202237093 116.98378 40.14243
1202237349 116.99713 40.12734
1202238297 116.99717 40.12362
1202238749 116.99704 40.1057
1202239054 117.00321 40.10759
1202239103 117.00322 40.10757
1202239772 117.00322 40.10755
1202239772 117.00322 40.10755
1202240384 117.01563 40.12702
1202240685 117.0618 40.14406
1202240736 117.07191 40.14391
1202240987 117.09309 40.14305
1202241289 117.09309 40.14307
1202241460 117.09171 40.14152
1202245552 117.09333 40.13393
1202245801 117.09324 40.14305
1202248623 117.09329 40.1368
1202248891 117.06792 40.14396
1202248924 116.37587 40.14415
1202248924 117.06187 40.14415
1202249226 117.01579 40.13092
1202249675 117.0032 40.10722
1202249762 117.00314 40.10754
1202250104 117.00319 40.10757
1202250104 117.00319 40.10757
1202250104 117.00319 40.10757
1202250104 117.00319 40.10757
1202250104 117.00319 40.10757
1202250104 117.00319 40.10757
1202250104 117.00319 40.10757
1202250104 117.00319 40.10757
1202250104 117.00319 40.10757
1202250104 117.00319 40.10757
1202250104 117.00319 40.10757
1202250104 117.00319 40.10757
1202250104 117.00319 40.10757
1202250104 117.00319 40.10757
1202250104 117.00319 40.10757
1202250104 117.00319 40.10757
1202250104 117.00319 40.10757
1202250104 117.00319 40.10757
1202293262 117.00373 40.10762
1202293564 116.99655 40.11426
1202293736 116.99719 40.11994
1202293866 116.99917 40.11533
1202294167 117.01624 40.1322
1202294339 117.01621 40.13222
1202294469 117.01625 40.13219
1202294771 117.01545 40.12629
1202295061 116.99715 40.124
1202295377 116.99648 40.10563
1202295605 117.00317 40.10757
1202295914 117.00313 40.10759
1202295914 117.00313 40.10759
1202295914 117.00313 40.10759
1202308596 116.99874 40.10614
1202310155 117.00317 40.10758
1202310157 117.00316 40.10758
1202310607 117.00317 40.10759
1202310607 117.00317 40.10759
1202310607 117.00317 40.10759
1202310607 117.00317 40.10759
1202310607 117.00317 40.10759
1202310607 117.00317 40.10759
1202310607 117.00317 40.10759
1202310607 117.00317 40.10759
1202310607 117.00317 40.10759
1202310607 117.00317 40.10759
1202310607 117.00317 40.10759
1202310607 117.00317 40.10759
1202310607 117.00317 40.10759
1202310607 117.00317 40.10759
1202315449 117.0062 40.10621
1202317308 117.00479 40.10673
1202318227 116.9966 40.11084
1202318387 116.998 40.10833
1202318705 116.99795 40.10828
1202319316 117.00314 40.10751
1202319484 117.00316 40.10755
1202319795 117.00313 40.10758
1202319795 117.00313 40.10758
1202319795 117.00313 40.10758
1202319795 117.00313 40.10758
1202319795 117.00313 40.10758
1202319795 117.00313 40.10758
1202319795 117.00313 40.10758
1202319795 117.00313 40.10758
1202319795 117.00313 40.10758
1202319795 117.00313 40.10758
1202319795 117.00313 40.10758
1202319795 117.00313 40.10758
1202324034 117.00617 40.10632
1202324380 117.01342 40.14211
1202324638 117.01321 40.14206
1202324939 117.00553 40.10727
1202324983 117.00323 40.10676
1202325241 117.00329 40.10679
1202325543 117.00326 40.10677
1202325647 117.00345 40.10681
1202325804 117.00621 40.10751
1202326135 117.00624 40.10748
1202326135 117.00624 40.10748
1202326135 117.00624 40.10748
1202326135 117.00624 40.10748
1202327566 117.0056 40.10658
1202328196 117.0056 40.1073
1202328431 117.00946 40.10954
1202328497 117.0124 40.11782
1202328799 117.04352 40.14481
1202328799 117.04352 40.14481
1202329034 117.08582 40.14402
1202329101 117.0961 40.14407
1202329317 117.10475 40.14153
1202329644 117.10464 40.14149
1202329644 117.10464 40.14149
1202330556 117.10544 40.1321
1202330849 117.10616 40.13103
1202330858 117.1061 40.13141
1202331160 117.11013 40.1405
1202331579 117.11008 40.14109
1202331579 117.11008 40.14109
1202331579 117.11008 40.14109
1202331579 117.11008 40.14109
1202331579 117.11008 40.14109
1202331579 117.11008 40.14109
1202331579 117.11008 40.14109
1202331579 117.11008 40.14109
1202331579 117.11008 40.14109
1202331579 117.11008 40.14109
1202331579 117.11008 40.14109
1202331579 117.11008 40.14109
1202331579 117.11008 40.14109
1202331579 117.11008 40.14109
1202331579 117.11008 40.14109
1202331579 117.11008 40.14109
1202331579 117.11008 40.14109
1202331579 117.11008 40.14109
1202331579 117.11008 40.14109
1202331579 117.11008 40.14109
1202331579 117.11008 40.14109
1202331579 117.11008 40.14109
1202331579 117.11008 40.14109
1202346372 117.10906 40.13885
1202346674 117.10614 40.13067
1202347092 117.10614 40.13065
1202347092 117.10614 40.13065
1202347092 117.10614 40.13065
1202347092 117.10614 40.13065
1202347092 117.10614 40.13065
1202347092 117.10614 40.13065
1202347092 117.10614 40.13065
1202347092 117.10614 40.13065
1202347092 117.10614 40.13065
1202347092 117.10614 40.13065
1202347092 117.10614 40.13065
1202347092 117.10614 40.13065
1202347092 117.10614 40.13065
1202347092 117.10614 40.13065
1202347092 117.10614 40.13065
1202347092 117.10614 40.13065
1202347092 117.10614 40.13065
1202347092 117.10614 40.13065
1202347092 117.10614 40.13065
1202347092 117.10614 40.13065
1202347092 117.10614 40.13065
1202347092 117.10614 40.13065
1202347092 117.10614 40.13065
1202380595 117.10623 40.13081
1202380888 117.10529 40.13515
1202380897 117.1053 40.13535
1202381199 117.10923 40.14094
1202381491 117.10503 40.13871
1202381500 117.10511 40.13806
1202381802 117.10952 40.11965
1202382094 117.09988 40.08658
1202382104 117.0987 40.08675
1202382405 117.04891 40.08503
1202382698 117.04223 40.06752
1202382897 117.02777 40.07729
1202383301 117.00916 40.1075
1202383501 117.00564 40.10657
1202384517 117.00616 40.10747
1202385129 117.00617 40.10744
1202385431 117.00909 40.10865
1202385662 117.00613 40.10743
1202387873 117.01209 40.11737
1202388174 117.05045 40.14546
1202388321 117.08639 40.14402
1202388476 117.0898 40.13386
1202388731 117.10642 40.13034
1202389082 117.08985 40.13404
1202389105 117.08977 40.13704
1202389685 117.01402 40.14464
1202390386 117.00988 40.11107
1202390591 117.00622 40.10748
1202390927 117.00622 40.10748
1202390927 117.00622 40.10748
1202390927 117.00622 40.10748
1202390927 117.00622 40.10748
1202390927 117.00622 40.10748
1202390927 117.00622 40.10748
1202390927 117.00622 40.10748
1202390927 117.00622 40.10748
1202390927 117.00622 40.10748
1202393952 117.00689 40.10772
1202394254 117.02581 40.14235
1202394426 117.064 40.14395
1202394556 117.0894 40.14303
1202394857 117.10607 40.13193
1202395071 117.10603 40.13053
1202395396 117.10605 40.1305
1202395396 117.10605 40.1305
1202395396 117.10605 40.1305
1202395396 117.10605 40.1305
1202395396 117.10605 40.1305
1202395396 117.10605 40.1305
1202395396 117.10605 40.1305
1202397818 117.10606 40.13188
1202397818 117.10606 40.13188
1202398120 117.09493 40.13331
1202398292 117.09496 40.13331
1202398422 117.09491 40.13334
1202398723 117.09497 40.13325
1202398895 117.08971 40.14031
1202399025 117.07352 40.14398
1202399327 117.01644 40.1418
1202399480 117.0134 40.14462
1202399805 117.01341 40.14462
1202399805 117.01341 40.14462
1202399805 117.01341 40.14462
1202401020 117.01484 40.14466
1202401322 116.97306 40.1453
1202401494 116.9443 40.15045
1202401624 116.91877 40.15195
1202401925 116.85198 40.15202
1202402097 116.82531 40.14935
1202402227 116.79914 40.14705
1202402529 116.74504 40.12939
1202402700 116.71092 40.12248
1202402830 116.68673 40.1195
1202403132 116.64129 40.11627
1202403304 116.6135 40.11653
1202403434 116.60281 40.11674
1202403735 116.55669 40.10841
1202403907 116.55266 40.08583
1202403907 116.55266 40.08583
1202404037 116.55089 40.07512
1202405508 116.46107 40.01448
1202405644 116.46119 40.00748
1202405644 116.46119 40.00748
1202405946 116.45977 39.98738
1202406112 116.45662 39.99522
1202406248 116.46659 39.99351
1202406574 116.47408 39.98842
1202406715 116.46552 39.99276
1202406851 116.45733 39.99588
1202407153 116.46113 39.99594
1202407318 116.46119 40.00136
1202407454 116.46117 40.00045
1202407756 116.4568 40.00173
1202407922 116.4617 39.99564
1202408359 116.4566 39.98856
1202408525 116.44698 39.98096
1202408525 116.44698 39.98096
1202408661 116.43202 39.98026
1202408963 116.37664 39.96689
1202409128 116.33922 39.96637
1202409128 116.33922 39.96637
1202409264 116.30713 39.9629
1202409566 116.30411 39.90878
1202409732 116.30779 39.89565
1202409868 116.31465 39.89501
1202410169 116.32535 39.90598
1202410335 116.33277 39.91273
1202410471 116.34012 39.90886
1202410772 116.35006 39.8991
1202410938 116.36975 39.8984
1202411074 116.38309 39.89881
1202411376 116.40453 39.89944
1202411541 116.41213 39.89579
1202411677 116.4126 39.89213
1202411979 116.45478 39.89191
1202412145 116.45481 39.87327
1202412281 116.45678 39.87002
1202412582 116.48837 39.86975
1202412748 116.50232 39.86256
1202412884 116.50347 39.86252
1202413186 116.48637 39.87484
1202413186 116.48637 39.87484
1202413351 116.47359 39.87821
1202413487 116.46893 39.8749
1202413789 116.4406 39.875
1202413955 116.44433 39.88035
1202414091 116.45008 39.88117
1202414392 116.4282 39.88298
1202414558 116.41495 39.88259
1202414694 116.41279 39.88963
1202414996 116.4122 39.90196
1202415161 116.42608 39.90713
1202415297 116.44779 39.90708
1202415599 116.51614 39.90701
1202415765 116.51997 39.91548
1202415901 116.52953 39.91741
1202416202 116.51613 39.9159
1202416368 116.50608 39.91496
1202416504 116.49189 39.91464
1202416806 116.48955 39.93167
1202416971 116.4959 39.92289
1202417107 116.47861 39.92251
1202417409 116.47192 39.91476
1202417575 116.47177 39.90833
1202417711 116.46432 39.90722
1202418012 116.45654 39.90805
1202418178 116.44744 39.91456
1202418314 116.44497 39.91444
1202418616 116.4352 39.92096
1202418781 116.4442 39.92341
1202418917 116.44985 39.93235
1202419219 116.45472 39.90719
1202419384 116.43451 39.9072
1202419520 116.41142 39.90693
1202419821 116.37596 39.90885
1202419987 116.36814 39.91337
1202420123 116.36765 39.91119
1202420424 116.35032 39.92013
1202420590 116.34684 39.92237
1202420726 116.33808 39.92476
1202420726 116.33808 39.92476
1202421028 116.35004 39.91646
1202421193 116.35641 39.9131
1202421329 116.36544 39.91315
1202421631 116.37156 39.91343
1202421918 116.37145 39.91493
1202421936 116.37137 39.91597
1202422238 116.3778 39.90579
1202422521 116.40415 39.90658
1202422540 116.40492 39.90664
1202422841 116.43054 39.89885
1202423125 116.44475 39.88028
1202423143 116.44588 39.88041
1202423445 116.44959 39.88331
1202423728 116.4369 39.86982
1202423746 116.43457 39.86934
1202424048 116.43248 39.85821
1202424331 116.43992 39.84676
1202424350 116.43997 39.8466
1202424651 116.42803 39.85754
1202424935 116.42789 39.8618
1202424953 116.4276 39.86306
1202425255 116.43335 39.87439
1202425538 116.42345 39.88929
1202425556 116.42344 39.88924
1202425858 116.42125 39.89906
1202426141 116.40093 39.89947
1202426160 116.4009 39.89951
1202426461 116.37123 39.90594
1202426744 116.35003 39.92369
1202426763 116.34997 39.92481
1202427065 116.34834 39.96679
1202427348 116.34429 39.99198
1202427366 116.34172 39.9919
1202427668 116.33704 39.9934
1202427951 116.33448 39.98517
1202427970 116.33617 39.98474
1202428270 116.40423 39.98704
1202428270 116.40423 39.98704
1202428553 116.42865 39.97555
1202428553 116.42865 39.97555
1202428572 116.42699 39.97298
1202428873 116.41203 39.96801
1202429157 116.39594 39.96775
1202429175 116.39588 39.96908
1202429477 116.38193 39.96844
1202429760 116.32476 39.96618
1202431288 116.29714 39.90622
1202431402 116.30424 39.91036
1202431590 116.30511 39.9398
1202431891 116.3499 39.94124
1202432006 116.35648 39.94761
1202432193 116.35943 39.95114
1202432495 116.35965 39.93926
1202432609 116.35083 39.93938
1202432731 116.35082 39.93939
1202433713 116.35023 39.94369
1202434184 116.36252 39.97529
1202434317 116.37458 39.97537
1202434618 116.4027 39.98669
1202434787 116.40739 39.99013
1202434920 116.40686 39.99195
1202435222 116.40159 39.99184
1202435222 116.40159 39.99184
1202435389 116.40827 39.98899
1202435522 116.40118 39.98524
1202435824 116.42978 39.96797
1202435993 116.44009 39.95571
1202437332 116.42281 39.9581
1202438840 116.4613 39.95775
1202439009 116.45388 39.95335
1202439142 116.45264 39.94759
1202439444 116.43391 39.94998
1202439612 116.42829 39.95551
1202439745 116.4193 39.958
1202440047 116.4125 39.95375
1202440216 116.4032 39.95565
1202440349 116.40311 39.95565
1202440650 116.40312 39.95569
1202440819 116.40305 39.9557
1202440952 116.40312 39.95569
1202441254 116.40353 39.95537
1202441422 116.40336 39.95547
1202441555 116.40343 39.95552
1202441857 116.40306 39.95559
1202442026 116.403 39.9556
1202442159 116.40318 39.95548
1202442460 116.40309 39.95571
1202442629 116.40292 39.95574
1202442762 116.40327 39.95567
1202442762 116.40327 39.95567
1202443064 116.40316 39.95569
1202443232 116.40304 39.95576
1202443365 116.40326 39.95567
1202443667 116.403 39.95576
1202443667 116.403 39.95576
1202443836 116.40326 39.95561
1202443969 116.40331 39.95554
1202444270 116.4032 39.95563
1202444572 116.40319 39.95571
1202444874 116.40323 39.95559
1202445042 116.403 39.95547
1202445175 116.40326 39.95573
1202445477 116.40313 39.95569
1202445645 116.40321 39.95568
1202445778 116.4032 39.9557
1202446080 116.40322 39.95568
1202446249 116.40331 39.95567
1202446249 116.40331 39.95567
1202446382 116.40317 39.95572
1202446683 116.40327 39.95577
1202446852 116.40319 39.9557
1202446985 116.40327 39.95571
1202447287 116.40335 39.95575
1202447455 116.40327 39.95571
1202447588 116.40318 39.95568
1202447890 116.40351 39.95564
1202448059 116.40779 39.9605
1202448192 116.41226 39.95622
1202448493 116.41126 39.94989
1202448662 116.4106 39.93878
1202448795 116.41104 39.9271
1202449097 116.41182 39.90571
1202449265 116.41129 39.89824
1202449398 116.41244 39.89199
1202449700 116.41538 39.86432
1202449869 116.42285 39.86178
1202450002 116.42285 39.86196
1202450303 116.43171 39.88001
1202450303 116.43171 39.88001
1202450472 116.42844 39.89235
1202450605 116.42138 39.89567
1202450907 116.41206 39.90033
1202451075 116.41899 39.89599
1202451208 116.42726 39.89377
1202451510 116.41237 39.89913
1202451679 116.39973 39.89946
1202451812 116.39308 39.90584
1202452112 116.35334 39.906
1202452281 116.34969 39.93172
1202452414 116.35002 39.94923
1202452716 116.3551 39.95371
1202452884 116.36519 39.95111
1202453017 116.36421 39.96516
1202453319 116.37367 39.96079
1202453488 116.37381 39.96262
1202454259 116.37394 39.96322
1202454561 116.38255 39.96726
1202454578 116.38139 39.96723
1202454863 116.36782 39.96977
1202455164 116.36772 39.96985
1202455181 116.36781 39.96979
1202455466 116.36777 39.96958
1202455768 116.36384 39.97393
1202455784 116.36388 39.97499
1202456069 116.3741 39.98574
1202456371 116.37824 39.98107
1202456388 116.37832 39.98105
1202456673 116.38811 39.971
1202456974 116.4013 39.94803
1202456974 116.4013 39.94803
1202456991 116.40124 39.94808
1202457276 116.34929 39.93725
1202457578 116.33393 39.89632
1202457594 116.3305 39.8961
1202457879 116.31513 39.90455
1202458181 116.32929 39.9108
1202458198 116.32931 39.91076
1202458483 116.33846 39.92162
1202458784 116.34583 39.92696
1202458801 116.34701 39.92688
1202459086 116.35695 39.93915
1202459387 116.33989 39.95709
1202459404 116.33882 39.95929
1202459689 116.32912 39.95633
1202459991 116.34392 39.94313
1202460008 116.34386 39.94315
1202460292 116.3054 39.94047
1202460594 116.28251 39.94085
1202460611 116.28503 39.94097
1202460896 116.28944 39.93135
1202461197 116.30439 39.93499
1202461214 116.30441 39.93745
1202461499 116.31785 39.95039
1202461801 116.32918 39.95605
1202461818 116.32923 39.95598
1202462102 116.36118 39.96632
1202462404 116.3992 39.9868
1202462421 116.40205 39.98685
1202462706 116.399 40.00523
1202463007 116.40183 40.00884
1202463024 116.40195 40.01163
1202463309 116.46138 40.01378
1202465332 116.50464 40.03286
1202465633 116.47285 40.02065
1202465903 116.46113 40.01451
1202465934 116.46094 40.01313
1202466236 116.45674 39.98935
1202466506 116.45085 39.98344
1202466538 116.44881 39.97981
1202466839 116.43007 39.96779
1202466839 116.43007 39.96779
1202467109 116.45533 39.92724
1202467141 116.45537 39.92206
1202467443 116.43317 39.89241
1202467713 116.40633 39.89145
1202467744 116.40621 39.88896
1202468046 116.38781 39.88505
1202468316 116.39922 39.89119
1202468348 116.40565 39.89142
1202468649 116.40052 39.90673
1202468919 116.40004 39.92332
1202469253 116.38781 39.94078
1202469523 116.3736 39.96014
1202469554 116.37393 39.963
1202469856 116.39014 39.96186
1202470794 116.42006 39.98205
1202470862 116.42474 39.98231
1202471300 116.47805 39.98428
1202471397 116.48616 39.99161
1202471601 116.50731 40.01102
1202472205 116.52492 40.03539
1202472506 116.52526 40.03783
1202472850 116.52522 40.03787
1202473463 116.52226 40.03365
1202473764 116.51052 40.03318
1202473875 116.5105 40.03319
1202474066 116.51051 40.03317
1202474066 116.51051 40.03317
1202474368 116.50421 40.03279
1202474478 116.50435 40.0226
1202474669 116.47922 40.0206
1202474669 116.47922 40.0206
1202474971 116.47472 40.02729
1202475081 116.47499 40.02024
1202475273 116.46073 40.02153
1202475574 116.43239 40.01555
1202475685 116.42691 40.00736
1202475876 116.40977 40.00153
1202476178 116.4064 39.99974
1202476288 116.40212 39.99748
1202476479 116.40139 39.99254
1202476781 116.40125 39.96531
1202476891 116.4008 39.95772
1202477083 116.40181 39.94711
1202477384 116.40245 39.93384
1202477495 116.40246 39.93321
1202477686 116.4027 39.92867
1202477988 116.40105 39.91696
1202478098 116.40052 39.92273
1202478289 116.4065 39.92279
1202478591 116.40248 39.93378
1202478701 116.40229 39.93896
1202478893 116.40286 39.94739
1202479194 116.41211 39.94779
1202479305 116.4173 39.94783
1202479305 116.4173 39.94783
1202479798 116.41882 39.95211
1202479908 116.42529 39.95807
1202480099 116.43813 39.95899
1202480401 116.45629 39.95829
1202480511 116.45544 39.95909
1202480703 116.45031 39.95547
1202481004 116.41926 39.95805
1202481115 116.41879 39.95271
1202481306 116.41626 39.95276
1202481607 116.41442 39.95254
1202481717 116.4145 39.95256
1202481908 116.41328 39.9527
1202482210 116.41259 39.95128
1202482320 116.41258 39.95053
1202482511 116.41146 39.94989
1202482813 116.40917 39.94806
1202482923 116.3977 39.94774
1202483115 116.35419 39.94359
1202483416 116.32679 39.93111
1202483527 116.31899 39.92686
1202483718 116.31349 39.92697
1202484023 116.30444 39.93141
1202484311 116.30637 39.94342
1202484324 116.30712 39.9441
1202484626 116.31658 39.95556
1202484914 116.31951 39.96763
1202484928 116.31936 39.9688
1202485229 116.32809 39.96683
1202485518 116.3438 39.96617
1202485531 116.34601 39.96625
1202486121 116.36897 39.96681
1202486134 116.37172 39.96682
1202486436 116.40147 39.96067
1202486724 116.3944 39.96195
1202486738 116.39299 39.96188
1202487039 116.39009 39.96743
1202487328 116.33368 39.96647
1202487341 116.33183 39.96647
1202487643 116.32937 39.95439
1202487931 116.32929 39.95615
1202487944 116.33031 39.95627
1202488246 116.3485 39.96626
1202488534 116.36389 39.97188
1202488548 116.3639 39.9735
1202488849 116.36406 39.96544
1202489138 116.36353 39.94689
1202489151 116.36184 39.94629
1202489453 116.34517 39.96646
1202489453 116.34517 39.96646
1202489741 116.31933 39.96787
1202489741 116.31933 39.96787
1202489754 116.31935 39.96792
1202490056 116.32714 39.9661
1202490344 116.3275 39.97459
1202490358 116.32754 39.9726
1202492143 116.37327 39.8985
1202492197 116.37588 39.89864
