UTS Latitude Longitude
1201959135 116.33018 39.74137
1201959368 116.3261 39.75615
1201959437 116.32554 39.76165
1201959669 116.3244 39.77632
1201959738 116.32316 39.78488
1201959971 116.32786 39.80034
1201960040 116.33047 39.80193
1201960273 116.33923 39.81202
1201960342 116.33915 39.82001
1201960574 116.3415 39.8281
1201960643 116.34 39.83411
1201960876 116.34142 39.85605
1201960945 116.34213 39.86203
1201961178 116.34767 39.87374
1201961479 116.34713 39.88752
1201961548 116.34717 39.88759
1201961781 116.34765 39.8878
1201961850 116.34771 39.88781
1201962083 116.35136 39.88486
1201962384 116.34689 39.8911
1201962808 116.35278 39.91211
1201963019 116.35481 39.91463
1201963107 116.35389 39.91526
1201963107 116.35389 39.91526
1201963321 116.35089 39.91829
1201963409 116.35095 39.9185
1201963622 116.35092 39.91851
1201963711 116.35087 39.91838
1201963924 116.35042 39.91801
1201964012 116.35066 39.91844
1201964226 116.35123 39.91897
1201964314 116.35111 39.91857
1201964616 116.34327 39.91252
1201964851 116.33432 39.91049
1201964851 116.33432 39.91049
1201964917 116.33392 39.91262
1201965153 116.33666 39.91266
1201965219 116.33664 39.9128
1201965454 116.33662 39.91261
1201965521 116.33844 39.91278
1201965756 116.3432 39.91694
1201966819 116.35038 39.91974
1201966912 116.34849 39.92233
1201967120 116.34375 39.92701
1201967214 116.33771 39.92685
1201967376 116.33381 39.92687
1201967515 116.33796 39.92781
1201967678 116.33775 39.92904
1201967817 116.34249 39.93115
1201967979 116.34831 39.9311
1201968119 116.34878 39.93096
1201968420 116.36871 39.94724
1201968582 116.37427 39.96555
1201968722 116.38697 39.96698
1201968883 116.39875 39.96727
1201969023 116.40024 39.96736
1201969185 116.40415 39.96739
1201969487 116.41138 39.9675
1201969487 116.41138 39.9675
1201969626 116.41118 39.98085
1201969788 116.41105 39.98438
1201969928 116.41177 39.99347
1201970090 116.40921 39.98183
1201970391 116.39642 39.98724
1201970531 116.39748 39.98868
1201970693 116.39805 39.98867
1201970833 116.39812 39.9888
1201972123 116.39842 39.98868
1201972253 116.39837 39.98878
1201972555 116.39848 39.98865
1201972726 116.39839 39.98867
1201972856 116.39833 39.98874
1201973028 116.39849 39.98875
1201973330 116.39838 39.98979
1201973460 116.39818 39.9911
1201973933 116.40058 39.99091
1201974536 116.4061 39.96194
1201975140 116.40599 39.96371
1201975441 116.43818 39.963
1201976045 116.45543 39.92855
1201976346 116.45519 39.91319
1201976648 116.44688 39.92027
1201976950 116.43729 39.92232
1201977184 116.43613 39.92203
1201977251 116.43631 39.92202
1201977285 116.43791 39.92212
1201977586 116.44862 39.92205
1201977586 116.44862 39.92205
1201977888 116.45815 39.92196
1201978156 116.45492 39.91822
1201978458 116.44077 39.92185
1201978760 116.43479 39.92552
1201979040 116.42824 39.93029
1201979061 116.4282 39.9303
1201979061 116.4282 39.9303
1201979342 116.42556 39.9342
1201979363 116.42547 39.93498
1201979644 116.42427 39.93503
1201979665 116.42437 39.93513
1201979945 116.42424 39.93511
1201979966 116.42425 39.9352
1201980268 116.42836 39.93216
1201980570 116.44416 39.92615
1201980704 116.44421 39.92781
1201980871 116.44413 39.93095
1201981006 116.44417 39.93193
1201981173 116.4442 39.93198
1201981308 116.4441 39.93203
1201981474 116.44051 39.93239
1201981776 116.42727 39.93216
1201982078 116.42812 39.92127
1201982379 116.42838 39.91567
1201982681 116.42047 39.91343
1201982983 116.4208 39.90761
1201983062 116.42058 39.90451
1201983326 116.41622 39.90199
1201983404 116.41559 39.90151
1201983404 116.41559 39.90151
1201983668 116.40605 39.89959
1201983706 116.40595 39.89962
1201983970 116.40275 39.90009
1201984008 116.4029 39.89999
1201984271 116.40272 39.90019
1201984309 116.40282 39.90011
1201984573 116.40275 39.90025
1201984573 116.40275 39.90025
1201984611 116.40282 39.90019
1201984875 116.40282 39.90013
1201984913 116.4029 39.90018
1201985176 116.40247 39.90007
1201985214 116.4026 39.90002
1201985478 116.4029 39.90004
1201985516 116.40307 39.90002
1201985780 116.40271 39.90006
1201985814 116.40249 39.89981
1201985818 116.40257 39.89974
1201986115 116.4131 39.89952
1201986119 116.41353 39.89945
1201986421 116.42279 39.88988
1201986719 116.42491 39.88602
1201986722 116.42487 39.88626
1201987020 116.41248 39.89548
1201987024 116.41248 39.89549
1201987326 116.40453 39.89958
1201987375 116.40252 39.8995
1201987627 116.39319 39.90456
1201987929 116.39311 39.90574
1201987979 116.39308 39.90575
1201988231 116.37889 39.90596
1201988280 116.37765 39.90598
1201988532 116.35935 39.90592
1201988582 116.35835 39.90593
1201990232 116.35695 39.90936
1201990527 116.357 39.90304
1201990829 116.35713 39.89886
1201991131 116.38297 39.89882
1201991432 116.40781 39.8996
1201991734 116.43562 39.8975
1201992036 116.45389 39.89263
1201992337 116.45607 39.89477
1201992410 116.45821 39.89408
1201992639 116.45552 39.89478
1201992712 116.45534 39.89845
1201992941 116.43761 39.89237
1201993013 116.42911 39.89256
1201993242 116.41272 39.89251
1201993314 116.41234 39.89275
1201993543 116.39471 39.89304
1201993616 116.39362 39.89787
1201994146 116.35949 39.89836
1201994373 116.33821 39.89663
1201994448 116.34055 39.89634
1201994674 116.34288 39.87684
1201994750 116.34192 39.86833
1201994976 116.3409 39.85616
1201995172 116.33945 39.84329
1201995281 116.33959 39.82699
1201995474 116.34087 39.79661
1201995582 116.33779 39.78003
1201995775 116.36749 39.7699
1201995884 116.36908 39.76215
1201996077 116.37831 39.74944
1201996186 116.3947 39.75101
1201996379 116.40267 39.72096
1201996487 116.4025 39.71015
1201996680 116.40645 39.68558
1201996789 116.42501 39.68512
1201996982 116.43688 39.67031
1201997091 116.44058 39.66891
1201997284 116.44095 39.66905
1201997590 116.44093 39.669
1201997590 116.44093 39.669
1201997590 116.44093 39.669
1201997590 116.44093 39.669
1201997590 116.44093 39.669
1201997590 116.44093 39.669
1201997590 116.44093 39.669
1201997590 116.44093 39.669
1201997590 116.44093 39.669
1201997590 116.44093 39.669
1202035016 116.44085 39.66898
1202035128 116.44056 39.66887
1202035318 116.44052 39.66891
1202035318 116.44052 39.66891
1202035429 116.44053 39.66889
1202035620 116.44055 39.66888
1202035731 116.44053 39.6689
1202035921 116.44054 39.66891
1202036033 116.44052 39.66889
1202036223 116.44057 39.66892
1202036334 116.43782 39.66853
1202036525 116.43356 39.67531
1202036636 116.43151 39.68563
1202036826 116.40715 39.68462
1202036938 116.40324 39.69962
1202037128 116.40284 39.71873
1202037239 116.39494 39.71978
1202037541 116.3457 39.7206
1202037725 116.34012 39.72989
1202037843 116.33938 39.73831
1202038027 116.33317 39.74347
1202038144 116.32773 39.749
1202038329 116.32558 39.76169
1202038446 116.32364 39.76879
1202038630 116.31652 39.77596
1202038747 116.3239 39.77573
1202038931 116.3258 39.78379
1202039048 116.32584 39.78379
1202039233 116.32578 39.78373
1202039350 116.32284 39.78633
1202039652 116.33728 39.80625
1202039953 116.33988 39.84296
1202039953 116.33988 39.84296
1202040777 116.39436 39.85902
1202040858 116.39477 39.8641
1202041079 116.40756 39.8635
1202041380 116.40391 39.85588
1202041461 116.39928 39.85579
1202041734 116.39398 39.86644
1202041763 116.39399 39.86737
1202042036 116.39247 39.88462
1202042065 116.39418 39.88539
1202042338 116.40632 39.88714
1202042366 116.40632 39.88923
1202042970 116.38002 39.88814
1202043573 116.36828 39.89677
1202043875 116.35951 39.89819
1202044176 116.33362 39.89623
1202044478 116.32268 39.89588
1202044779 116.31532 39.89688
1202044780 116.31534 39.89689
1202045081 116.3153 39.90371
1202045081 116.3153 39.90371
1202045383 116.33381 39.90603
1202045685 116.35801 39.90575
1202046288 116.40578 39.8995
1202046590 116.42342 39.89928
1202046719 116.43262 39.8971
1202046891 116.4329 39.8931
1202047020 116.43405 39.88655
1202047193 116.42783 39.87995
1202047322 116.4235 39.87999
1202048069 116.41218 39.89786
1202048222 116.40527 39.9049
1202048370 116.40505 39.90883
1202048524 116.40772 39.91306
1202048672 116.40102 39.91381
1202048826 116.3965 39.91843
1202048974 116.38902 39.9219
1202049127 116.38473 39.92069
1202049275 116.38566 39.90648
1202049429 116.38959 39.90144
1202049730 116.39241 39.88387
1202050032 116.39366 39.85375
1202050114 116.39375 39.85208
1202050415 116.39454 39.84933
1202050635 116.39707 39.85029
1202050717 116.39687 39.85069
1202051019 116.404 39.85557
1202051239 116.41514 39.85577
1202051540 116.41464 39.88159
1202051814 116.41221 39.89545
1202051814 116.41221 39.89545
1202051842 116.41237 39.89564
1202052116 116.40527 39.89958
1202052417 116.40307 39.89977
1202052445 116.40283 39.89966
1202052719 116.40083 39.91161
1202052719 116.40083 39.91161
1202052747 116.40085 39.91162
1202053021 116.40291 39.91307
1202053049 116.40275 39.91316
1202053322 116.40272 39.9133
1202053350 116.40278 39.91329
1202053652 116.41201 39.91424
1202053954 116.42006 39.92225
1202054252 116.42437 39.93116
1202054255 116.42436 39.93117
1202054553 116.4293 39.93371
1202054557 116.42959 39.93377
1202054855 116.43163 39.93965
1202054859 116.43218 39.93965
1202055156 116.4492 39.94724
1202055160 116.44963 39.9473
1202055764 116.49557 39.99904
1202056061 116.51723 40.02404
1202056065 116.51743 40.02434
1202056363 116.53262 40.04995
1202056367 116.53283 40.05032
1202056669 116.56354 40.06117
1202056966 116.56304 40.06681
1202057272 116.56421 40.07022
1202057570 116.56582 40.07039
1202057574 116.56584 40.0704
1202057871 116.56591 40.07039
1202057875 116.56592 40.07039
1202058164 116.56458 40.07135
1202058485 116.56452 40.07136
1202058485 116.56452 40.07136
1202058485 116.56452 40.07136
1202059690 116.56449 40.07139
1202059700 116.56448 40.07139
1202059992 116.5645 40.07138
1202060001 116.56452 40.07137
1202060294 116.56448 40.07141
1202060303 116.56448 40.0714
1202060595 116.56449 40.07138
1202060605 116.56448 40.07139
1202060897 116.56448 40.07139
1202060906 116.56449 40.0714
1202061199 116.56451 40.07139
1202061208 116.5645 40.07137
1202061500 116.56451 40.07137
1202061510 116.56449 40.0714
1202061802 116.56449 40.07142
1202061811 116.56449 40.07139
1202062104 116.56451 40.07137
1202062405 116.56451 40.07138
1202062415 116.56452 40.07139
1202062707 116.56452 40.07137
1202062716 116.56452 40.07137
1202063009 116.56451 40.07139
1202063018 116.5645 40.0714
1202063310 116.56454 40.07138
1202063320 116.56451 40.07138
1202063612 116.56455 40.07139
1202063621 116.56453 40.07139
1202063914 116.56446 40.07136
1202063923 116.56444 40.07137
1202064215 116.56455 40.07142
1202064225 116.56455 40.07141
1202064517 116.56451 40.0714
1202064526 116.56451 40.07139
1202064819 116.56453 40.07141
1202064828 116.56453 40.07142
1202065120 116.56453 40.07137
1202065130 116.56452 40.07137
1202065422 116.56461 40.07136
1202065431 116.56458 40.07136
1202065723 116.56455 40.07136
1202065723 116.56455 40.07136
1202065733 116.5645 40.07136
1202066025 116.56451 40.07131
1202066035 116.56453 40.07133
1202066327 116.56292 40.0702
1202066336 116.5629 40.07027
1202066628 116.57564 40.06288
1202066638 116.5768 40.06276
1202066638 116.5768 40.06276
1202066930 116.58166 40.06922
1202066930 116.58166 40.06922
1202066939 116.58166 40.06923
1202067232 116.58135 40.07053
1202067533 116.58129 40.07107
1202067543 116.58128 40.07116
1202067835 116.58344 40.07581
1202067844 116.58335 40.07596
1202068438 116.58351 40.05183
1202068739 116.54724 40.0272
1202069041 116.49208 40.00058
1202069342 116.52253 39.95894
1202069644 116.53761 39.9106
1202069946 116.56709 39.90837
1202070247 116.57131 39.9049
1202070364 116.56862 39.90265
1202070549 116.57113 39.90643
1202070666 116.56231 39.90866
1202070851 116.54119 39.90881
1202070968 116.52881 39.90859
1202071152 116.53212 39.90802
1202071269 116.53772 39.91654
1202071454 116.52699 39.95097
1202071571 116.51519 39.97313
1202071571 116.51519 39.97313
1202071756 116.49382 39.99913
1202071873 116.50514 40.00913
1202072057 116.51596 40.02216
1202072174 116.51832 40.02562
1202072359 116.52888 40.04324
1202072476 116.53477 40.05309
1202072661 116.55555 40.0629
1202072778 116.56246 40.06783
1202073079 116.56551 40.07207
1202073202 116.5656 40.07209
1202073510 116.56552 40.07206
1202074113 116.56555 40.07207
1202074122 116.56556 40.07207
1202074414 116.56553 40.07207
1202074716 116.56553 40.07206
1202074725 116.56552 40.07207
1202075018 116.56554 40.0721
1202075027 116.56552 40.0721
1202075319 116.56553 40.07208
1202075329 116.56552 40.07208
1202075621 116.56557 40.07205
1202075630 116.56556 40.07205
1202075630 116.56556 40.07205
1202075922 116.56554 40.07208
1202075922 116.56554 40.07208
1202075932 116.56555 40.07208
1202076224 116.56553 40.07209
1202076233 116.56553 40.0721
1202076526 116.56561 40.07211
1202076535 116.56559 40.07209
1202076827 116.56557 40.07206
1202077129 116.56552 40.07206
1202077138 116.56554 40.07205
1202077431 116.56551 40.07207
1202077440 116.56552 40.07207
1202077732 116.56553 40.07204
1202077742 116.56552 40.07204
1202078034 116.56551 40.07203
1202078043 116.56552 40.07203
1202078336 116.56548 40.07209
1202078345 116.56548 40.07209
1202078637 116.56553 40.07208
1202078647 116.56553 40.07208
1202078939 116.56552 40.07207
1202078948 116.56553 40.07207
1202079241 116.56552 40.07206
1202079250 116.56552 40.07207
1202079542 116.56557 40.07213
1202079552 116.56556 40.07213
1202079844 116.56553 40.0721
1202079853 116.56554 40.07209
1202080146 116.56551 40.07212
1202080155 116.56552 40.07212
1202080447 116.56552 40.07211
1202080457 116.56554 40.07212
1202080758 116.56549 40.07205
1202081051 116.56551 40.07206
1202081060 116.5655 40.07206
1202081352 116.56551 40.07209
1202081362 116.56553 40.07209
1202081654 116.56555 40.07212
1202081663 116.56554 40.0721
1202081956 116.56548 40.0721
1202081965 116.56547 40.0721
1202082257 116.56555 40.07209
1202082267 116.56557 40.07211
1202082559 116.56562 40.07212
1202082568 116.56562 40.07213
1202082861 116.56553 40.07207
1202082870 116.56553 40.07207
1202083162 116.56553 40.07204
1202083172 116.56552 40.07206
1202083172 116.56552 40.07206
1202083464 116.56554 40.07208
1202083473 116.56553 40.07207
1202083766 116.56417 40.07138
1202083775 116.5642 40.07089
1202084067 116.56269 40.06817
1202084077 116.56272 40.06811
1202084369 116.58027 40.06242
1202084378 116.58183 40.06227
1202084671 116.58145 40.07001
1202084680 116.58137 40.07045
1202086343 116.58407 40.05393
1202086645 116.54099 40.02514
1202086645 116.54099 40.02514
1202086946 116.48625 40.00592
1202087248 116.43557 40.02361
1202087550 116.41588 40.04063
1202087651 116.41384 40.04386
1202087851 116.40924 40.03954
1202087952 116.40923 40.03691
1202088253 116.41087 40.00163
1202088454 116.40099 39.99078
1202088555 116.39567 39.98868
1202088755 116.37298 39.98653
1202088856 116.36366 39.98632
1202089057 116.36355 39.97563
1202089158 116.36381 39.96698
1202089359 116.36496 39.95415
1202089460 116.36553 39.94775
1202089660 116.36198 39.93359
1202089761 116.36163 39.93026
1202089962 116.35783 39.91392
1202090063 116.36188 39.91284
1202090264 116.36774 39.90448
1202090365 116.36818 39.89491
1202090565 116.35776 39.88804
1202091169 116.34054 39.85144
1202091175 116.34043 39.85038
1202091470 116.34053 39.79688
1202091477 116.34056 39.79651
1202091772 116.36784 39.76841
1202091778 116.36804 39.76744
1202092074 116.3905 39.75062
1202092080 116.39178 39.75075
1202092375 116.40256 39.71272
1202092382 116.4025 39.71154
1202092382 116.4025 39.71154
1202092677 116.43192 39.68537
1202092683 116.432 39.68484
1202092979 116.44091 39.669
1202092985 116.44096 39.66902
1202093407 116.44099 39.66903
1202093407 116.44099 39.66903
1202093407 116.44099 39.66903
1202093407 116.44099 39.66903
1202093407 116.44099 39.66903
1202093407 116.44099 39.66903
1202093407 116.44099 39.66903
1202093407 116.44099 39.66903
1202093407 116.44099 39.66903
1202093407 116.44099 39.66903
1202093407 116.44099 39.66903
1202093407 116.44099 39.66903
1202093407 116.44099 39.66903
1202093407 116.44099 39.66903
1202093407 116.44099 39.66903
1202093407 116.44099 39.66903
1202093407 116.44099 39.66903
1202093407 116.44099 39.66903
1202093407 116.44099 39.66903
1202093407 116.44099 39.66903
1202093407 116.44099 39.66903
1202093407 116.44099 39.66903
1202093407 116.44099 39.66903
1202125644 116.44096 39.66897
1202125874 116.44089 39.66904
1202125946 116.44093 39.66899
1202126176 116.4359 39.67011
1202126248 116.43422 39.67125
1202126477 116.41626 39.68446
1202126549 116.40773 39.68382
1202126779 116.40259 39.71302
1202126851 116.40281 39.71898
1202127081 116.37163 39.72046
1202127152 116.35916 39.72069
1202127382 116.35068 39.72076
1202127454 116.35056 39.72054
1202127684 116.33999 39.73142
1202127756 116.33942 39.73657
1202127986 116.33114 39.74133
1202128057 116.32636 39.74463
1202128287 116.32566 39.76065
1202128359 116.32137 39.76207
1202128589 116.32338 39.77574
1202128661 116.32402 39.77569
1202128891 116.32593 39.78367
1202128962 116.32595 39.78366
1202129192 116.32583 39.7838
1202129264 116.32607 39.78354
1202129494 116.32592 39.78368
1202129566 116.32587 39.78372
1202129566 116.32587 39.78372
1202129796 116.3228 39.79716
1202129867 116.33087 39.8022
1202130097 116.33928 39.81103
1202130169 116.33892 39.81685
1202130399 116.33972 39.8241
1202130471 116.33972 39.82413
1202130701 116.33987 39.84262
1202131002 116.30784 39.86032
1202131304 116.30561 39.87453
1202131304 116.30561 39.87453
1202131592 116.30997 39.87612
1202131606 116.31128 39.87607
1202131907 116.31383 39.88174
1202132051 116.31701 39.88344
1202132209 116.31501 39.88706
1202132353 116.31051 39.88617
1202132511 116.30425 39.89127
1202132812 116.30457 39.92136
1202133114 116.30399 39.93793
1202133416 116.30269 39.9605
1202133528 116.30155 39.96532
1202133717 116.3006 39.97431
1202134019 116.31924 39.97214
1202134227 116.31902 39.96611
1202134321 116.31543 39.96595
1202134622 116.3177 39.95069
1202134924 116.33148 39.93663
1202134981 116.3319 39.93666
1202135226 116.33354 39.93523
1202135527 116.33815 39.92292
1202135829 116.33307 39.92686
1202136131 116.34698 39.92102
1202136975 116.34573 39.9172
1202137277 116.35403 39.91408
1202137579 116.35751 39.91331
1202139402 116.37131 39.89849
1202139703 116.38951 39.90615
1202140005 116.4187 39.9068
1202140005 116.4187 39.9068
1202140307 116.42092 39.90658
1202140551 116.41912 39.91431
1202140608 116.41704 39.91431
1202140853 116.41308 39.91403
1202140910 116.41297 39.91394
1202141155 116.41277 39.91423
1202141212 116.41329 39.91392
1202141456 116.41325 39.9143
1202141456 116.41325 39.9143
1202141513 116.41285 39.91417
1202141758 116.40155 39.91387
1202141815 116.3993 39.91378
1202141870 116.39696 39.91374
1202142117 116.39707 39.90706
1202142171 116.39702 39.90703
1202142418 116.38918 39.90628
1202142720 116.37031 39.90572
1202142775 116.36808 39.90562
1202143021 116.34125 39.90584
1202143075 116.33877 39.9059
1202143322 116.31536 39.90612
1202143377 116.30815 39.9062
1202143624 116.30449 39.92517
1202143926 116.30754 39.96291
1202144227 116.34814 39.97201
1202144473 116.34749 39.99189
1202144529 116.3513 39.99207
1202144775 116.36327 39.98656
1202144831 116.3634 39.98205
1202145013 116.3584 39.98032
1202145320 116.35827 39.98035
1202145320 116.35827 39.98035
1202145320 116.35827 39.98035
1202146536 116.35258 39.98033
1202146581 116.34894 39.98018
1202146581 116.34894 39.98018
1202146647 116.34759 39.98405
1202146882 116.33234 39.98616
1202146948 116.33212 39.98735
1202147250 116.32696 39.98477
1202147552 116.29873 39.98982
1202147552 116.29873 39.98982
1202147709 116.29322 39.99602
1202147853 116.27552 39.99371
1202148010 116.27384 39.98172
1202148155 116.27944 39.9719
1202148263 116.27925 39.96532
1202148456 116.28208 39.96557
1202148758 116.28205 39.96556
1202148866 116.28203 39.96558
1202149060 116.28205 39.96556
1202149168 116.28202 39.96557
1202149361 116.28211 39.96554
1202149469 116.2822 39.96552
1202149663 116.28206 39.96555
1202149771 116.28201 39.96558
1202149965 116.28203 39.96557
1202150073 116.282 39.96555
1202150265 116.28207 39.9656
1202150373 116.28203 39.96558
1202150675 116.28205 39.96558
1202150748 116.28202 39.9656
1202151492 116.27744 39.96463
1202151537 116.27781 39.96072
1202151794 116.28239 39.95469
1202152096 116.28096 39.94798
1202152141 116.28199 39.94755
1202152442 116.29259 39.94504
1202152744 116.31929 39.93735
1202153046 116.31781 39.95213
1202153164 116.32279 39.95584
1202153347 116.32967 39.9513
1202153347 116.32967 39.9513
1202153466 116.33185 39.94801
1202153649 116.33183 39.94622
1202153768 116.33182 39.94627
1202153951 116.33726 39.9451
1202153995 116.34035 39.94411
1202154252 116.34167 39.95124
1202154511 116.33915 39.95864
1202154511 116.33915 39.95864
1202154554 116.33895 39.95907
1202154856 116.35095 39.96631
1202155458 116.37008 39.99837
1202155618 116.3709 39.99979
1202157161 116.42406 39.94837
1202157463 116.42759 39.93488
1202157764 116.42806 39.92617
1202158066 116.42843 39.91821
1202158368 116.42998 39.90294
1202160060 116.41361 39.88523
1202160249 116.4124 39.89922
1202160361 116.41158 39.89983
1202160551 116.4028 39.90017
1202160663 116.40244 39.90012
1202160900 116.38396 39.89895
1202160965 116.37874 39.89876
1202161201 116.37793 39.89612
1202161503 116.37849 39.88865
1202161805 116.38115 39.88123
1202162106 116.38173 39.86636
1202162171 116.38071 39.86025
1202162473 116.38076 39.84928
1202162710 116.37147 39.84918
1202162775 116.37038 39.84817
1202163011 116.36866 39.84443
1202163076 116.36945 39.84436
1202163313 116.36576 39.84931
1202163378 116.36581 39.84931
1202163680 116.35328 39.84448
1202163981 116.34565 39.84459
1202164283 116.31502 39.85214
1202164585 116.29432 39.87959
1202164886 116.27885 39.8884
1202165188 116.27224 39.89353
1202165490 116.27732 39.89383
1202165791 116.27737 39.89391
1202165806 116.27738 39.89391
1202166093 116.28658 39.89598
1202166107 116.28792 39.89587
1202166107 116.28792 39.89587
1202166395 116.30984 39.89565
1202166395 116.30984 39.89565
1202166409 116.30996 39.89566
1202166696 116.31361 39.89543
1202166711 116.31391 39.89552
1202171220 116.30745 39.89592
1202171522 116.30419 39.94014
1202171823 116.29425 39.98225
1202172125 116.34639 39.98558
1202172397 116.34672 40.00007
1202172427 116.3467 40.0001
1202172698 116.36514 39.99819
1202172722 116.27896 39.92297
1202173000 116.34831 39.98571
1202173302 116.3594 39.97501
1202173332 116.35941 39.9725
1202173633 116.3467 39.97252
1202173827 116.34072 39.97154
1202173935 116.34032 39.97281
1202174132 116.34491 39.97201
1202174297 116.34826 39.95693
1202174434 116.34898 39.95086
1202174599 116.34904 39.93963
1202174735 116.34948 39.92995
1202174901 116.34728 39.9166
1202176291 116.36438 39.84515
1202176558 116.36479 39.84062
1202176593 116.3645 39.83778
1202176860 116.37424 39.82994
1202176894 116.37731 39.83006
1202194100 116.37334 39.83294
1202194109 116.37342 39.83291
1202194401 116.37344 39.84655
1202194411 116.37363 39.84746
1202194703 116.38515 39.85558
1202194712 116.38657 39.85561
1202195004 116.41539 39.86851
1202195014 116.41598 39.8691
1202195306 116.43231 39.87264
1202195316 116.4322 39.87278
1202195608 116.43112 39.87317
1202195617 116.43113 39.87316
1202195919 116.4311 39.87302
1202196211 116.43111 39.87296
1202196220 116.43114 39.87297
1202196220 116.43114 39.87297
1202196220 116.43114 39.87297
1202196220 116.43114 39.87297
1202196513 116.43338 39.87154
1202196814 116.43072 39.89907
1202197116 116.4277 39.9479
1202198890 116.55833 40.03128
1202199191 116.48969 39.9939
1202199289 116.47238 39.97827
1202199493 116.48257 39.95432
1202199591 116.48347 39.9399
1202199795 116.47415 39.92995
1202199893 116.472 39.92492
1202200096 116.47181 39.91265
1202200194 116.47188 39.90722
1202200398 116.47129 39.89326
1202200496 116.47117 39.88611
1202200699 116.45567 39.8831
1202200798 116.45473 39.87797
1202201001 116.44468 39.87487
1202201303 116.42178 39.88274
1202201511 116.41449 39.87982
1202201604 116.41339 39.87191
1202201812 116.39056 39.87112
1202201906 116.38164 39.87108
1202202113 116.38669 39.87938
1202202207 116.38383 39.88214
1202202383 116.38368 39.88569
1202202997 116.36931 39.88797
1202203298 116.34393 39.88942
1202203600 116.30498 39.89709
1202203902 116.30407 39.93844
1202204203 116.29466 39.97814
1202204505 116.2786 40.01747
1202204807 116.28412 40.02866
1202204883 116.28494 40.02753
1202205108 116.27703 40.0271
1202205410 116.28122 40.01195
1202205712 116.29574 39.97207
1202206013 116.3038 39.93925
1202206305 116.29249 39.93883
1202206315 116.29247 39.93878
1202206607 116.29629 39.94355
1202206617 116.29751 39.94316
1202206908 116.30295 39.9441
1202207595 116.30292 39.94353
1202207646 116.30281 39.9436
1202207897 116.3029 39.94365
1202207948 116.30297 39.94365
1202208199 116.30291 39.94347
1202208250 116.3028 39.94361
1202208500 116.30288 39.94336
1202208802 116.30248 39.94311
1202208853 116.30234 39.94311
1202209103 116.30288 39.94318
1202209154 116.30287 39.94317
1202209404 116.30286 39.94338
1202209455 116.30285 39.94336
1202209706 116.30293 39.94317
1202209757 116.30273 39.94325
1202210008 116.30277 39.94327
1202210059 116.30268 39.94329
1202210309 116.30265 39.94325
1202210360 116.30275 39.94323
1202210611 116.30273 39.94314
1202210662 116.30271 39.94302
1202210913 116.30271 39.94325
1202211265 116.27627 39.9454
1202211567 116.26823 39.94554
1202211869 116.26751 39.90684
1202212003 116.27073 39.906
1202212170 116.27732 39.90573
1202212170 116.27732 39.90573
1202212304 116.27727 39.90221
1202212466 116.2798 39.90607
1202212472 116.28017 39.90605
1202212768 116.28909 39.89791
1202213070 116.30338 39.88337
1202213070 116.30338 39.88337
1202213075 116.30327 39.88324
1202213371 116.30353 39.86561
1202213377 116.30351 39.86562
1202213377 116.30351 39.86562
1202213673 116.3232 39.84754
1202213673 116.3232 39.84754
1202213679 116.324 39.84748
1202213679 116.324 39.84748
1202213975 116.34284 39.82922
1202213980 116.34355 39.82949
1202214276 116.37704 39.83202
1202214282 116.37726 39.83203
1202214578 116.37775 39.83263
1202214584 116.37774 39.83263
1202214879 116.37781 39.83262
1202214885 116.3778 39.83262
1202215181 116.37699 39.83203
1202215187 116.37676 39.83204
1202215790 116.38012 39.85552
1202216092 116.38142 39.87575
1202216387 116.38687 39.88372
1202216688 116.39093 39.88522
1202216695 116.39098 39.88523
1202216990 116.40853 39.89152
1202216997 116.40962 39.89155
1202217298 116.41092 39.89555
1202217593 116.40104 39.89955
1202217600 116.40072 39.89973
1202217902 116.40055 39.90602
1202218203 116.4264 39.90706
1202218425 116.43494 39.90756
1202218505 116.43495 39.90746
1202218727 116.4348 39.91148
1202218807 116.43005 39.91407
1202219028 116.42848 39.92333
1202219108 116.42831 39.91616
1202219191 116.42609 39.91422
1202219410 116.41239 39.91409
1202219493 116.41179 39.91353
1202219712 116.4117 39.911
1202219794 116.4116 39.9109
1202220013 116.4031 39.90671
1202220315 116.39325 39.92513
1202220617 116.38969 39.93746
1202220830 116.38769 39.94623
1202220918 116.3947 39.94747
1202220918 116.3947 39.94747
1202221522 116.40465 39.91886
1202221823 116.40041 39.90695
1202221875 116.40039 39.90699
1202222125 116.40056 39.90439
1202222304 116.4005 39.91363
1202222427 116.40277 39.91338
1202222606 116.40282 39.91382
1202222728 116.40279 39.91366
1202222908 116.4011 39.91393
1202223030 116.39672 39.91398
1202223209 116.38473 39.92123
1202223332 116.3759 39.92131
1202223511 116.36882 39.92273
1202223633 116.3679 39.92275
1202223813 116.35441 39.92239
1202223813 116.35441 39.92239
1202223935 116.34447 39.92228
1202224114 116.33873 39.92197
1202224237 116.33851 39.91867
1202224416 116.3331 39.91276
1202224538 116.3368 39.91274
1202224718 116.33677 39.91298
1202224840 116.33702 39.91277
1202225019 116.33781 39.90649
1202225142 116.33673 39.90291
1202225321 116.33891 39.89678
1202225443 116.3424 39.89156
1202225622 116.34106 39.86771
1202225804 116.34139 39.85969
1202226426 116.34124 39.85955
1202226426 116.34124 39.85955
1202226593 116.33858 39.84663
1202226727 116.33756 39.84666
1202226895 116.3375 39.8467
1202227029 116.33762 39.84661
1202227197 116.33763 39.84673
1202227331 116.3376 39.84673
1202227498 116.33757 39.84668
1202227632 116.33766 39.84669
1202227800 116.3376 39.84677
1202227934 116.33762 39.84675
1202228102 116.33765 39.84666
1202228236 116.33765 39.84671
1202228403 116.33757 39.84667
1202228537 116.33768 39.84668
1202228705 116.33762 39.84669
1202228839 116.33766 39.84669
1202229007 116.33764 39.84667
1202229141 116.33761 39.84671
1202229308 116.33756 39.84675
1202229442 116.33765 39.8467
1202229610 116.33761 39.84665
1202229743 116.33759 39.84664
1202229911 116.33763 39.84671
1202229911 116.33763 39.84671
1202230045 116.33758 39.84675
1202230212 116.33771 39.84666
1202230346 116.3376 39.84666
1202230514 116.33765 39.84676
1202230648 116.33762 39.84669
1202230816 116.33767 39.84672
1202231251 116.33756 39.8466
1202231419 116.33761 39.84659
1202231553 116.33762 39.84671
1202231720 116.33764 39.8467
1202231855 116.33751 39.84666
1202232022 116.33763 39.84669
1202232156 116.33759 39.84666
1202232324 116.33762 39.84669
1202232458 116.33759 39.84669
1202232625 116.33763 39.8467
1202232760 116.33752 39.84662
1202232927 116.33759 39.84671
1202233061 116.33756 39.84669
1202233229 116.33766 39.84672
1202233363 116.33818 39.84416
1202233530 116.33826 39.84546
1202234134 116.38048 39.83483
1202234222 116.37895 39.83726
1202234523 116.37285 39.843
1202234681 116.37192 39.84426
1202234737 116.37602 39.84421
1202235039 116.38072 39.85072
1202235340 116.3403 39.84858
1202235642 116.30523 39.87706
1202235944 116.31375 39.89505
1202236036 116.31455 39.89506
1202236245 116.32219 39.89555
1202236337 116.32279 39.89942
1202236547 116.32438 39.906
1202236639 116.32924 39.90613
1202236849 116.33673 39.91269
1202236940 116.33842 39.91269
1202237150 116.34903 39.91714
1202237242 116.35089 39.91709
1202237452 116.35435 39.91435
1202237452 116.35435 39.91435
1202237544 116.35727 39.91596
1202237754 116.35876 39.91549
1202237845 116.35535 39.91565
1202237969 116.35123 39.9129
1202238055 116.35087 39.91659
1202238271 116.34967 39.93002
1202238357 116.3494 39.93695
1202238572 116.34843 39.9651
1202238659 116.34782 39.97683
1202238874 116.36283 39.98055
1202238960 116.36783 39.98067
1202239176 116.37321 39.9759
1202239262 116.3664 39.97538
1202239564 116.36407 39.96727
1202239865 116.41334 39.96775
1202241115 116.32322 39.96604
1202241417 116.29814 39.96336
1202241718 116.3011 39.96514
1202241756 116.30167 39.9618
1202242020 116.3036 39.94494
1202242058 116.30294 39.9441
1202242322 116.30277 39.94328
1202242623 116.30286 39.94334
1202242661 116.30297 39.94326
1202242925 116.303 39.94342
1202242962 116.30292 39.94337
1202242962 116.30292 39.94337
1202243227 116.3035 39.94425
1202243264 116.30374 39.94131
1202243528 116.32088 39.93713
1202243566 116.32109 39.93649
1202243830 116.32243 39.93601
1202243830 116.32243 39.93601
1202243867 116.32219 39.936
1202244132 116.32251 39.93595
1202244169 116.32252 39.93605
1202244433 116.32264 39.93602
1202244471 116.3225 39.93593
1202244735 116.32743 39.9315
1202244772 116.32757 39.93142
1202245037 116.33869 39.91736
1202245074 116.33873 39.91649
1202245338 116.33669 39.90223
1202245376 116.33662 39.9021
1202245640 116.35012 39.90177
1202245677 116.35022 39.90054
1202245942 116.35723 39.8934
1202245979 116.3573 39.88957
1202246243 116.35589 39.88197
1202246582 116.34384 39.87632
1202246884 116.33966 39.84142
1202246907 116.33967 39.83721
1202247186 116.34215 39.79041
1202247209 116.34162 39.78626
1202247487 116.36885 39.76244
1202247510 116.3705 39.76263
1202247789 116.38564 39.75013
1202247812 116.38869 39.75044
1202248091 116.40275 39.71689
1202248114 116.40258 39.71385
1202248392 116.41379 39.68425
1202248415 116.41806 39.68459
1202248694 116.44058 39.66889
1202248717 116.4406 39.66889
1202248899 116.44093 39.66895
1202249205 116.44091 39.66899
1202249205 116.44091 39.66899
1202249205 116.44091 39.66899
1202249205 116.44091 39.66899
1202249205 116.44091 39.66899
1202249205 116.44091 39.66899
1202249205 116.44091 39.66899
1202249205 116.44091 39.66899
1202249205 116.44091 39.66899
1202249205 116.44091 39.66899
1202249205 116.44091 39.66899
1202249205 116.44091 39.66899
1202249205 116.44091 39.66899
1202249205 116.44091 39.66899
1202249205 116.44091 39.66899
1202249205 116.44091 39.66899
1202295614 116.44089 39.66903
1202295921 116.44086 39.66903
1202295921 116.44086 39.66903
1202305041 116.43867 39.66837
1202305093 116.43736 39.66936
1202305343 116.40832 39.66396
1202305645 116.40294 39.70378
1202305946 116.36817 39.72069
1202305998 116.35538 39.72068
1202306250 116.3507 39.72092
1202306541 116.33969 39.73458
1202306552 116.33975 39.73463
1202306854 116.33711 39.76149
1202307144 116.32692 39.76207
1202307155 116.32578 39.76216
1202307446 116.32395 39.77574
1202307457 116.32398 39.77573
1202307747 116.32561 39.78357
1202307759 116.32559 39.78357
1202308049 116.32566 39.78362
1202308060 116.32569 39.78361
1202308351 116.32558 39.78364
1202308362 116.32558 39.7836
1202308652 116.32695 39.79975
1202308664 116.3279 39.80034
1202308954 116.33926 39.82058
1202309256 116.34104 39.85455
1202309557 116.35007 39.89772
1202309859 116.36793 39.90555
1202309989 116.36996 39.90762
1202310161 116.37154 39.91173
1202310291 116.36778 39.9133
1202310462 116.36792 39.90598
1202311055 116.42094 39.90408
1202311066 116.42101 39.90408
1202311360 116.41578 39.90167
1202311488 116.41205 39.90421
1202311661 116.40527 39.90758
1202311790 116.40773 39.91315
1202311963 116.40113 39.91387
1202312091 116.39634 39.92147
1202312245 116.39332 39.92396
1202312393 116.39336 39.92228
1202312689 116.40659 39.91397
1202312695 116.40665 39.91366
1202312991 116.40692 39.90448
1202312996 116.40636 39.90447
1202313292 116.40555 39.90819
1202313298 116.40551 39.9082
1202313600 116.40774 39.913
1202313901 116.42033 39.91538
1202314137 116.43168 39.92274
1202314203 116.43422 39.92088
1202314274 116.43658 39.9207
1202314504 116.44243 39.91199
1202314575 116.44484 39.9069
1202314806 116.44144 39.9068
1202314877 116.44176 39.90714
1202314877 116.44176 39.90714
1202315108 116.45548 39.91856
1202315409 116.45948 39.95812
1202315691 116.48142 39.96915
1202315711 116.48166 39.96898
1202316013 116.46678 39.96552
1202316314 116.442 39.9628
1202316683 116.44894 39.96571
1202316918 116.44365 39.96429
1202316985 116.44164 39.96224
1202317219 116.4555 39.94535
1202317286 116.45555 39.93348
1202317499 116.45535 39.89915
1202317521 116.45519 39.89513
1202317801 116.45743 39.88367
1202317823 116.46068 39.88361
1202318103 116.46562 39.87816
1202318124 116.46707 39.8783
1202318404 116.46149 39.87197
1202318426 116.46153 39.87049
1202318728 116.43846 39.87067
1202318819 116.43969 39.88005
1202319029 116.42807 39.88291
1202319120 116.41947 39.88259
1202319331 116.41745 39.87743
1202319422 116.4153 39.87947
1202319727 116.42655 39.87977
1202319814 116.43256 39.87532
1202320416 116.40775 39.85754
1202320718 116.40779 39.85633
1202321019 116.40988 39.84446
1202321187 116.41633 39.84232
1202321321 116.41163 39.8445
1202321623 116.40786 39.85463
1202321924 116.39348 39.86573
1202322226 116.36825 39.87657
1202322528 116.368 39.89361
1202322829 116.36791 39.90729
1202323017 116.35992 39.90687
1202323131 116.3651 39.90748
1202323734 116.36183 39.93074
1202324036 116.36585 39.9471
1202324315 116.37343 39.9594
1202324338 116.37353 39.95933
1202324616 116.37833 39.96157
1202324639 116.37818 39.96165
1202324918 116.37379 39.96585
1202324941 116.37353 39.96389
1202325243 116.36376 39.94694
1202325544 116.35016 39.90841
1202325680 116.35489 39.89777
1202326148 116.34689 39.89218
1202326449 116.33509 39.88881
1202327971 116.34836 39.86412
1202328158 116.34847 39.86409
1202328273 116.35286 39.86683
1202328460 116.3556 39.86553
1202328762 116.35983 39.8769
1202329178 116.3715 39.85555
1202329375 116.39087 39.85397
1202329375 116.39087 39.85397
1202329479 116.38806 39.85415
1202329677 116.40776 39.85553
1202329781 116.4077 39.86004
1202330083 116.4148 39.87908
1202330384 116.40139 39.88869
1202330415 116.40131 39.88874
1202330895 116.38134 39.87853
1202330988 116.37246 39.87735
1202331289 116.36854 39.89243
1202331303 116.36849 39.89269
1202331492 116.36827 39.89762
1202331591 116.36076 39.89822
1202331776 116.3506 39.91042
1202331893 116.35062 39.92338
1202332015 116.34718 39.92352
1202332194 116.3503 39.90911
1202332316 116.35613 39.89798
1202332496 116.36822 39.89183
1202332618 116.37656 39.88795
1202332798 116.38649 39.88497
1202332920 116.38893 39.87935
1202333098 116.38993 39.8774
1202333220 116.38896 39.87935
1202333400 116.39664 39.88609
1202333702 116.41257 39.89167
1202334003 116.41158 39.91643
1202334305 116.41672 39.9156
1202334346 116.41642 39.91565
1202334651 116.41374 39.91519
1202334728 116.41367 39.91521
1202335030 116.41934 39.92294
1202335331 116.42767 39.93533
1202335693 116.44937 39.94019
1202335995 116.45362 39.94011
1202336297 116.44935 39.93
1202336538 116.44906 39.92584
1202336598 116.44898 39.9258
1202336900 116.44075 39.93992
1202337202 116.41442 39.93955
1202337214 116.41447 39.93954
1202337214 116.41447 39.93954
1202337503 116.4007 39.93152
1202337503 116.4007 39.93152
1202337805 116.36225 39.92992
1202337954 116.35865 39.92513
1202338107 116.35858 39.91973
1202338255 116.35432 39.91611
1202338468 116.35368 39.91017
1202338556 116.35317 39.90643
1202339071 116.3469 39.96663
1202339373 116.31203 39.97443
1202339532 116.3099 39.97475
1202339532 116.3099 39.97475
1202339674 116.30937 39.97527
1202339976 116.30945 39.97624
1202340278 116.30686 39.97452
1202340434 116.32011 39.97495
1202340579 116.32724 39.97529
1202340735 116.33452 39.97498
1202340881 116.34236 39.97509
1202341037 116.34718 39.96739
1202341183 116.34853 39.95444
1202341339 116.34902 39.93973
1202341484 116.34948 39.93151
1202341786 116.34262 39.89561
1202342087 116.35623 39.86528
1202342169 116.36026 39.86535
1202342389 116.36726 39.86191
1202342471 116.365 39.85284
1202342691 116.35689 39.84453
1202342773 116.34798 39.84459
1202342992 116.33961 39.83679
1202343074 116.33914 39.82282
1202343294 116.3422 39.78889
1202343294 116.3422 39.78889
1202343376 116.33492 39.77657
1202343596 116.36905 39.7621
1202343678 116.37516 39.75932
1202343897 116.38963 39.75051
1202343979 116.39655 39.74842
1202344199 116.4028 39.71838
1202344281 116.4027 39.70733
1202344501 116.41867 39.6846
1202344583 116.43226 39.68347
1202344802 116.44064 39.6689
1202344884 116.4409 39.66897
1202345290 116.44093 39.669
1202345290 116.44093 39.669
1202345290 116.44093 39.669
1202345290 116.44093 39.669
1202345290 116.44093 39.669
1202345290 116.44093 39.669
1202345290 116.44093 39.669
1202345290 116.44093 39.669
1202345290 116.44093 39.669
1202345290 116.44093 39.669
1202345290 116.44093 39.669
1202345290 116.44093 39.669
1202345290 116.44093 39.669
1202345290 116.44093 39.669
1202345290 116.44093 39.669
1202345290 116.44093 39.669
1202345290 116.44093 39.669
1202345290 116.44093 39.669
1202345290 116.44093 39.669
1202345290 116.44093 39.669
1202345290 116.44093 39.669
1202397569 116.44092 39.66902
1202397658 116.44086 39.66898
1202397871 116.43454 39.66942
1202397959 116.43318 39.67775
1202398173 116.40821 39.68388
1202398261 116.41704 39.68451
1202398474 116.42663 39.69048
1202398563 116.42476 39.68508
1202398776 116.40331 39.6992
1202398864 116.40265 39.71418
1202399078 116.37636 39.72036
1202399166 116.36395 39.72082
1202399379 116.3399 39.72272
1202399468 116.3362 39.72521
1202399681 116.32647 39.73664
1202399769 116.32639 39.74364
1202400036 116.32214 39.76211
1202400071 116.32184 39.7632
1202400337 116.32467 39.77302
1202400372 116.32484 39.7716
1202400976 116.33858 39.7771
1202401277 116.34066 39.79964
1202401579 116.34048 39.84971
1202401881 116.37806 39.8695
1202401881 116.37806 39.8695
1202402182 116.38694 39.88248
1202403382 116.37859 39.88749
1202403684 116.36831 39.8947
1202403985 116.3675 39.90889
1202404287 116.37001 39.90655
1202404589 116.36784 39.8991
1202404836 116.36759 39.88816
1202404890 116.36645 39.88804
1202405192 116.34395 39.8888
1202405494 116.30819 39.89579
1202405795 116.24172 39.89579
1202406097 116.20545 39.91564
1202407789 116.26878 39.96685
1202408091 116.33068 39.98488
1202408392 116.39774 39.98677
1202408694 116.40445 39.99257
1202408996 116.3954 39.98722
1202409144 116.38997 39.98693
1202409237 116.38625 39.98684
1202409297 116.37923 39.98662
1202409540 116.37534 39.9756
1202409599 116.37971 39.97553
1202409901 116.38169 39.98113
1202410202 116.37472 39.97496
1202410504 116.36914 39.9475
1202410806 116.35011 39.91762
1202411107 116.36062 39.91076
1202411203 116.36263 39.90901
1202411409 116.36253 39.90823
1202411505 116.36574 39.90733
1202411711 116.3679 39.89935
1202412012 116.36817 39.88874
1202412157 116.37838 39.88758
1202412314 116.38114 39.88151
1202412314 116.38114 39.88151
1202412637 116.39172 39.86936
1202412917 116.38107 39.85592
1202412935 116.38066 39.85731
1202413219 116.38105 39.87763
1202413237 116.37827 39.87759
1202413521 116.35679 39.87677
1202413613 116.35298 39.87883
1202413823 116.35001 39.88201
1202414370 116.35196 39.88488
1202414377 116.35127 39.88491
1202414678 116.35068 39.89732
1202414702 116.35018 39.89919
1202414974 116.36735 39.90587
1202415003 116.37088 39.90578
1202415275 116.39972 39.90652
1202415305 116.40284 39.90658
1202415577 116.421 39.9067
1202415606 116.42084 39.90852
1202415879 116.4258 39.91817
1202415908 116.42578 39.92037
1202416180 116.42063 39.91436
1202416210 116.41645 39.91425
1202416482 116.41245 39.91434
1202416511 116.41098 39.91415
1202416784 116.40049 39.9083
1202416813 116.40029 39.90572
1202417085 116.3856 39.89926
1202417386 116.38886 39.88985
1202417688 116.3915 39.87562
1202417989 116.40309 39.85549
1202418169 116.40835 39.84585
1202418291 116.40842 39.84678
1202418593 116.4155 39.86349
1202418894 116.44482 39.87489
1202419056 116.44992 39.8826
1202419196 116.44905 39.88329
1202419498 116.4187 39.87003
1202419799 116.3571 39.86776
1202420101 116.34276 39.89654
1202420302 116.33418 39.90074
1202420403 116.33623 39.90118
1202420704 116.30406 39.89355
1202421006 116.28976 39.88551
1202421308 116.2736 39.88839
1202421308 116.2736 39.88839
1202421609 116.2591 39.89612
1202421843 116.25481 39.88805
1202421911 116.25705 39.88837
1202422144 116.27021 39.88001
1202422212 116.26902 39.88339
1202422446 116.27819 39.88831
1202422514 116.2803 39.88826
1202422575 116.2836 39.88825
1202422816 116.29405 39.87877
1202422876 116.30115 39.88174
1202424508 116.35815 39.86412
1202424810 116.36146 39.84817
1202425111 116.3587 39.84465
1202425173 116.35366 39.84461
1202425413 116.35135 39.84456
1202425637 116.35614 39.84904
1202425715 116.35699 39.84912
1202426016 116.36715 39.86114
1202426318 116.37958 39.87751
1202426620 116.38786 39.88492
1202426662 116.38832 39.88647
1202426921 116.39239 39.88393
1202426964 116.39243 39.88252
1202427223 116.37945 39.8776
1202427265 116.37833 39.87765
1202427525 116.3782 39.87766
1202427567 116.37814 39.87754
1202427826 116.36866 39.87724
1202427869 116.36566 39.87716
1202428128 116.35711 39.88743
1202428170 116.35724 39.88749
1202428430 116.32904 39.88861
1202428731 116.28544 39.87784
1202429033 116.25645 39.86192
1202429166 116.24627 39.85774
1202429335 116.25479 39.86105
1202429468 116.2705 39.86384
1202429636 116.28793 39.86205
1202429769 116.29025 39.85636
1202429938 116.30745 39.8568
1202430240 116.35337 39.84819
1202430541 116.35302 39.84493
1202430843 116.35326 39.84441
1202431145 116.36334 39.84936
1202431434 116.3625 39.8494
1202431446 116.36172 39.84939
1202431736 116.36441 39.85449
1202431748 116.36474 39.85378
1202431748 116.36474 39.85378
1202432038 116.36363 39.83032
1202432038 116.36363 39.83032
1202432050 116.36365 39.83034
1202432339 116.36238 39.79334
1202432351 116.36394 39.79365
1202432641 116.37457 39.76335
1202432653 116.37474 39.76211
1202432943 116.39897 39.7357
1202432955 116.39903 39.73362
1202433244 116.40364 39.69328
1202433256 116.40377 39.69123
1202433546 116.43431 39.67048
1202433558 116.43444 39.6695
1202433800 116.44102 39.66892
1202434107 116.44092 39.66903
1202434107 116.44092 39.66903
1202434107 116.44092 39.66903
1202434107 116.44092 39.66903
1202434107 116.44092 39.66903
1202434107 116.44092 39.66903
1202434107 116.44092 39.66903
1202434107 116.44092 39.66903
1202434107 116.44092 39.66903
1202434107 116.44092 39.66903
1202434107 116.44092 39.66903
1202434107 116.44092 39.66903
1202434107 116.44092 39.66903
1202434107 116.44092 39.66903
1202434107 116.44092 39.66903
1202434107 116.44092 39.66903
1202434107 116.44092 39.66903
1202434107 116.44092 39.66903
1202434107 116.44092 39.66903
1202434107 116.44092 39.66903
1202434107 116.44092 39.66903
1202434107 116.44092 39.66903
1202434107 116.44092 39.66903
1202466704 116.44075 39.66894
1202466876 116.44081 39.66902
1202467006 116.44079 39.66899
1202467177 116.4408 39.669
1202467307 116.44079 39.66903
1202467479 116.44081 39.66904
1202467609 116.44079 39.66899
1202467781 116.44076 39.66898
1202467911 116.44079 39.66899
1202468082 116.44076 39.66894
1202468212 116.44079 39.66899
1202468384 116.44078 39.66898
1202468514 116.4408 39.66899
1202468686 116.44084 39.66898
1202468816 116.44082 39.66899
1202468987 116.44082 39.66897
1202469117 116.44081 39.97065
1202469289 116.44081 39.66898
1202469410 116.44082 39.669
1202469716 116.44091 39.66895
1202469716 116.44091 39.66895
1202469716 116.44091 39.66895
1202469716 116.44091 39.66895
1202469716 116.44091 39.66895
1202469716 116.44091 39.66895
1202469716 116.44091 39.66895
1202469716 116.44091 39.66895
1202469716 116.44091 39.66895
1202472146 116.44002 39.67074
1202472272 116.43616 39.67024
1202472448 116.43469 39.66954
1202472574 116.43291 39.67934
1202472811 116.43548 39.68463
1202473118 116.43553 39.68462
1202473118 116.43553 39.68462
1202473118 116.43553 39.68462
1202473118 116.43553 39.68462
1202473118 116.43553 39.68462
1202473118 116.43553 39.68462
1202473118 116.43553 39.68462
1202473118 116.43553 39.68462
1202473118 116.43553 39.68462
1202473118 116.43553 39.68462
1202473118 116.43553 39.68462
1202473118 116.43553 39.68462
1202473118 116.43553 39.68462
1202473118 116.43553 39.68462
1202473118 116.43553 39.68462
1202473118 116.43553 39.68462
1202473118 116.43553 39.68462
1202473118 116.43553 39.68462
1202473118 116.43553 39.68462
1202473118 116.43553 39.68462
1202473118 116.43553 39.68462
1202473118 116.43553 39.68462
1202473118 116.43553 39.68462
