UTS Latitude Longitude
1201959423 116.83379 39.75146
1201959724 116.65332 39.92608
1201960023 116.63309 38.83023
1201960322 116.44355 39.82548
1201960622 116.44356 39.82548
1201960922 116.44356 39.82547
1201961222 116.44357 39.82547
1201961522 116.44358 39.82548
1201962122 116.4436 39.82548
1201962422 116.44361 39.8255
1201962722 116.44361 39.8255
1201963022 116.44362 39.8255
1201963322 116.44362 39.82551
1201963622 116.44577 39.82436
1201963922 116.43439 39.83115
1201964222 116.422 39.83862
1201964522 116.42748 39.84761
1201964764 116.44352 39.82556
1201964822 116.41697 39.85653
1201965122 116.41416 39.8843
1201965422 116.389 39.88508
1201965722 116.38118 39.88488
1201965722 116.38118 39.88488
1201966042 116.37824 39.89744
1201966322 116.39107 39.89877
1201966622 116.39925 39.90637
1201966922 116.42063 39.90511
1201967222 116.41838 39.90652
1201967521 116.44691 39.72852
1201967822 116.4325 39.9069
1201968122 116.44016 39.90697
1201968422 116.45965 39.90644
1201968722 116.45631 39.90474
1201969022 116.45491 39.90413
1201969322 116.45575 39.91209
1201969622 116.44627 39.92178
1201970522 116.43141 39.92683
1201971121 116.40201 39.94763
1201971721 116.36597 39.94717
1201972021 116.35431 39.94345
1201972321 116.32984 39.9368
1201972621 116.28635 39.94655
1201972921 116.27878 39.95486
1201973221 116.2825 39.95643
1201973821 116.31545 39.96489
1201974121 116.31203 39.97384
1201974421 116.3185 39.97483
1201974421 116.3185 39.97483
1201974721 116.31684 39.98395
1201975021 116.31539 39.97965
1201975321 116.33593 39.97504
1201975621 116.34928 39.98017
1201975921 116.35261 39.98035
1201976221 116.34233 39.98573
1201976521 116.32659 39.99444
1201976821 116.32592 39.98492
1201977121 116.32635 39.99134
1201977421 116.34182 39.99188
1201977721 116.35444 39.98554
1201978021 116.39673 39.98686
1201978321 116.44661 39.98059
1201978621 116.45679 39.98472
1201978921 116.46561 39.99382
1201979221 116.46746 39.99732
1201979521 116.46113 40.00722
1201979821 116.44446 40.01964
1201980121 116.42649 40.03828
1201980421 116.41231 40.03973
1201980721 116.40634 40.04388
1201981021 116.41009 40.05648
1201981321 116.40289 40.05672
1201981921 116.38492 40.07705
1201982221 116.40492 40.073
1201982821 116.36775 40.0803
1201983273 116.33603 40.06225
1201983421 116.33013 40.05729
1201983721 116.33013 40.05738
1201984021 116.33013 40.05739
1201984321 116.33013 40.05739
1201984621 116.33013 40.05738
1201984921 116.32435 40.04298
1201985221 116.33618 40.03798
1201985521 116.34482 40.03376
1201985821 116.34563 40.02865
1201986121 116.34498 40.02466
1201986421 116.34636 40.00689
1201986721 116.34707 39.98899
1201987707 116.3276 39.93111
1201987921 116.30483 39.9311
1201988221 116.29505 39.92293
1201988521 116.28219 39.92607
1201988821 116.31408 39.92235
1201989121 116.33891 39.92198
1201989421 116.36589 39.92245
1201989720 116.37262 39.92109
1201990020 116.39919 39.92282
1201990320 116.42091 39.92289
1201990620 116.42897 39.91121
1201990920 116.43273 39.89271
1201991220 116.43172 39.88309
1201991520 116.42155 39.89227
1201991820 116.38963 39.88934
1201991820 116.38963 39.88934
1201992120 116.36405 39.88799
1201992420 116.34033 39.88842
1201992720 116.32329 39.88894
1201993020 116.32295 39.90118
1201993320 116.3337 39.90586
1201993620 116.33789 39.9063
1201993920 116.33846 39.92182
1201994220 116.30667 39.923
1201994520 116.2964 39.93264
1201994820 116.31744 39.93748
1201995420 116.32552 39.96636
1201995720 116.31136 39.96473
1201996020 116.29308 39.95814
1201996320 116.27847 39.95475
1201996620 116.27438 39.95978
1201996920 116.26443 39.94571
1201997220 116.21992 39.95358
1201997520 116.20146 39.94292
1201997820 116.19141 39.92878
1201998120 116.1836 39.91661
1201998420 116.15859 39.92331
1201998720 116.1226 39.93716
1201999020 116.09138 39.94209
1201999320 116.10217 39.9403
1201999620 116.12893 39.92858
1202000725 116.23297 39.92797
1202000820 116.2424 39.9281
1202001120 116.27354 39.92728
1202001420 116.28264 39.92905
1202001720 116.28866 39.91187
1202002020 116.30603 39.9067
1202002320 116.32648 39.92169
1202003268 116.42424 39.86718
1202003520 116.42752 39.8639
1202003820 116.44257 39.89217
1202004120 116.44747 39.89766
1202005920 116.42923 39.93374
1202006220 116.44957 39.93991
1202006520 116.44925 39.93956
1202006820 116.44939 39.93128
1202007120 116.44924 39.92708
1202007420 116.43763 39.92808
1202007720 116.45485 39.93242
1202008020 116.45037 39.95813
1202008320 116.43307 39.98785
1202008620 116.42886 39.98828
1202008919 116.39589 39.97391
1202009219 116.40136 39.98114
1202009219 116.40136 39.98114
1202009519 116.43717 39.98567
1202009819 116.47632 40.01254
1202010119 116.4763 40.01247
1202010419 116.49107 39.99996
1202010719 116.50554 40.01056
1202011919 116.50555 40.01033
1202011919 116.50555 40.01033
1202012219 116.50557 40.01033
1202012519 116.50558 40.01031
1202012819 116.50564 40.01045
1202013119 116.50562 40.01047
1202013719 116.50561 40.0105
1202014319 116.50562 40.0105
1202014619 116.50562 40.0105
1202014919 116.50562 40.0105
1202015219 116.50562 40.0105
1202015519 116.50562 40.01051
1202015819 116.50562 40.01051
1202016119 116.50563 40.01051
1202016419 116.50563 40.01052
1202016719 116.50563 40.01053
1202017019 116.50563 40.01053
1202017319 116.50563 40.01053
1202017619 116.50563 40.01054
1202017919 116.50563 40.01054
1202017919 116.50563 40.01054
1202018219 116.50563 40.01054
1202018519 116.50563 40.01054
1202018819 116.50563 40.01054
1202019119 116.50563 40.01054
1202019419 116.50563 40.01054
1202019719 116.50563 40.01054
1202020019 116.50563 40.01053
1202020319 116.50563 40.01053
1202020619 116.50563 40.01053
1202020919 116.50563 40.01053
1202021219 116.50563 40.01053
1202021519 116.50563 40.01052
1202021819 116.50563 40.01052
1202022119 116.50563 40.01052
1202022419 116.50563 40.01052
1202022719 116.50563 40.01052
1202023019 116.50563 40.01051
1202023319 116.50563 40.01051
1202023919 116.50563 40.01051
1202024219 116.50563 40.0105
1202024519 116.50563 40.0105
1202024819 116.50563 40.0105
1202025119 116.50563 40.01049
1202025419 116.50563 40.01049
1202026319 116.50563 40.01049
1202026619 116.50124 40.00588
1202026619 116.50124 40.00588
1202027819 116.4569 39.98505
1202028119 116.45689 39.98506
1202029019 116.45679 39.98523
1202029318 116.45675 39.98511
1202029618 116.45677 39.98509
1202029918 116.45679 39.98509
1202030218 116.43504 39.98687
1202030518 116.41782 39.9906
1202031118 116.39184 39.9673
1202031718 116.30324 39.96161
1202032018 116.30277 39.95433
1202032319 116.29499 39.97545
1202033218 116.26026 40.02979
1202033518 116.26261 40.03019
1202033818 116.26261 40.03019
1202034118 116.27705 40.01901
1202034418 116.29278 39.98953
1202034718 116.31067 39.97859
1202035018 116.30951 39.97486
1202035618 116.314 39.96781
1202035918 116.30675 39.96298
1202036518 116.31368 39.9062
1202036818 116.30444 39.89832
1202037118 116.30435 39.90141
1202037418 116.3045 39.90805
1202037718 116.3046 39.90836
1202038018 116.30461 39.90866
1202038318 116.30461 39.90866
1202038618 116.30461 39.90866
1202038918 116.30461 39.90866
1202039218 116.30506 39.92021
1202039518 116.30793 39.92289
1202039818 116.30402 39.91028
1202040418 116.31861 39.90649
1202040718 116.30414 39.9214
1202041018 116.29577 39.93116
1202041618 116.30368 39.931
1202042218 116.32852 39.92036
1202042518 116.33051 39.91265
1202043718 116.34913 39.91676
1202044018 116.35011 39.92623
1202044018 116.35011 39.92623
1202044318 116.35049 39.92673
1202044618 116.3501 39.92748
1202044918 116.35009 39.92276
1202045659 116.33058 39.86689
1202045818 116.31931 39.86816
1202046443 116.30442 39.86719
1202046718 116.29537 39.87041
1202047018 116.28916 39.87696
1202047918 116.30457 39.88811
1202048218 116.30468 39.88828
1202048517 116.30464 39.88824
1202048818 116.31255 39.8957
1202049183 116.36812 39.9035
1202049417 116.36809 39.90535
1202049717 116.36748 39.91239
1202051518 116.35491 39.96657
1202051818 116.35224 39.96657
1202051818 116.35224 39.96657
1202052117 116.33804 39.96023
1202052417 116.33866 39.95935
1202052717 116.33868 39.95935
1202052717 116.33868 39.95935
1202053017 116.33891 39.95912
1202053317 116.33853 39.95933
1202053617 116.33681 39.95674
1202054517 116.31715 39.96503
1202054817 116.31687 39.96503
1202055117 116.31699 39.9658
1202055717 116.32192 39.96584
1202056419 116.30404 39.91439
1202056617 116.30831 39.90613
1202056917 116.31597 39.89629
1202057217 116.31518 39.89697
1202057517 116.3155 39.90503
1202057817 116.30422 39.91398
1202058117 116.31859 39.93744
1202058417 116.36038 39.94551
1202058717 116.40854 39.94779
1202059017 116.41887 39.95484
1202059317 116.42037 39.96658
1202059617 116.41884 39.96721
1202059917 116.41355 39.96816
1202060217 116.4047 39.96758
1202060517 116.40506 39.96812
1202060817 116.41608 39.96783
1202061508 116.46189 39.95461
1202061808 116.45503 39.94782
1202062107 116.4513 39.95553
1202062407 116.45117 39.95522
1202062707 116.45077 39.95551
1202063007 116.43668 39.96441
1202063307 116.43573 39.96492
1202063607 116.43057 39.968
1202063907 116.43042 39.96816
1202064207 116.43034 39.96823
1202064507 116.43029 39.96826
1202064807 116.42833 39.97235
1202065707 116.41413 39.9928
1202066007 116.40694 39.98735
1202066307 116.36142 39.98595
1202067004 116.28953 39.94021
1202067207 116.28936 39.91735
1202067507 116.29792 39.91168
1202067507 116.29792 39.91168
1202067807 116.30883 39.90979
1202068107 116.30447 39.91466
1202068407 116.2959 39.92296
1202068707 116.28984 39.95016
1202069007 116.28634 39.95675
1202069307 116.28043 39.96043
1202069607 116.28803 39.95567
1202069907 116.30351 39.94122
1202070207 116.34296 39.93823
1202070507 116.35028 39.93888
1202070807 116.3504 39.9388
1202071107 116.34962 39.93977
1202072007 116.32871 39.97532
1202072700 116.31965 39.96567
1202073507 116.33864 39.95943
1202073807 116.33862 39.95942
1202074106 116.33862 39.95942
1202074406 116.33676 39.95675
1202074786 116.32012 39.96614
1202075006 116.31301 39.96524
1202075306 116.29373 39.9588
1202075606 116.27539 39.96272
1202075906 116.28031 39.95849
1202076206 116.28283 39.95599
1202076206 116.28283 39.95599
1202076506 116.28261 39.95667
1202076806 116.30047 39.96014
1202077106 116.31593 39.96563
1202077706 116.3792 39.9757
1202078006 116.37561 39.97548
1202078306 116.35945 39.97477
1202078606 116.3526 39.96655
1202078906 116.35243 39.96664
1202079206 116.34837 39.96885
1202079506 116.34688 39.99863
1202079806 116.3457 40.02011
1202080106 116.34486 40.02565
1202080406 116.33045 40.04506
1202080920 116.34333 40.06384
1202081006 116.34435 40.06475
1202081306 116.33326 40.05777
1202081606 116.32338 40.05281
1202081906 116.34204 40.02847
1202082206 116.36118 40.00016
1202082506 116.36316 39.98657
1202082806 116.40248 39.98642
1202083106 116.40204 40.00754
1202083406 116.42155 40.01454
1202083706 116.41192 40.025
1202084006 116.43057 40.031
1202084306 116.42834 40.03761
1202084606 116.40885 40.04
1202084906 116.40921 40.03947
1202084906 116.40921 40.03947
1202085206 116.40238 40.02118
1202085506 116.40144 39.99758
1202085806 116.40136 39.96518
1202086106 116.40717 39.95556
1202086406 116.41144 39.96808
1202086706 116.41141 39.96797
1202087006 116.4114 39.96798
1202087306 116.3579 39.96643
1202087606 116.32792 39.97068
1202087906 116.32306 39.96636
1202088206 116.3181 39.96613
1202088506 116.3181 39.96614
1202088806 116.31552 39.96598
1202089106 116.31158 39.97412
1202089406 116.31723 39.9543
1202089706 116.33353 39.93677
1202090006 116.37722 39.9475
1202090306 116.44296 39.95151
1202090606 116.45552 39.91408
1202091206 116.47133 39.87113
1202091506 116.47112 39.86991
1202091806 116.46062 39.87487
1202092106 116.45532 39.89096
1202092406 116.45534 39.9036
1202092706 116.45526 39.90329
1202093006 116.45554 39.90727
1202093306 116.44429 39.92508
1202093606 116.45487 39.93222
1202093606 116.45487 39.93222
1202093906 116.48006 39.93242
1202094206 116.49579 39.92322
1202094505 116.46975 39.93251
1202094806 116.48411 39.93238
1202095105 116.4844 39.93255
1202095405 116.45544 39.93244
1202095705 116.45122 39.93154
1202096005 116.44923 39.94062
1202096305 116.43829 39.95283
1202096605 116.42589 39.95825
1202096905 116.4289 39.95785
1202097205 116.4404 39.96115
1202097505 116.43567 39.96539
1202097805 116.44108 39.971
1202098105 116.46372 39.99082
1202098405 116.47329 40.01038
1202098705 116.47617 40.01236
1202099005 116.481 40.0106
1202110590 116.50549 40.01057
1202110890 116.50548 40.01056
1202111190 116.50549 40.01055
1202111490 116.50549 40.01056
1202111790 116.50549 40.01056
1202112090 116.50549 40.01056
1202112390 116.5055 40.01055
1202112990 116.50549 40.01055
1202113290 116.50548 40.01055
1202113890 116.50549 40.01054
1202114190 116.50549 40.01054
1202114490 116.50549 40.01054
1202114790 116.50549 40.01054
1202115090 116.50549 40.01054
1202115390 116.49573 40.0013
1202115690 116.47263 39.98786
1202115990 116.45716 39.99039
1202116290 116.45673 39.99039
1202116590 116.45678 39.99047
1202116890 116.45683 39.99045
1202117190 116.45673 39.9903
1202117490 116.4567 39.99036
1202117790 116.45672 39.99048
1202118090 116.4478 39.98713
1202118390 116.44162 39.99297
1202118690 116.44182 39.99338
1202118990 116.44186 39.99346
1202119290 116.46195 40.00189
1202119590 116.44887 40.01948
1202119890 116.41424 40.03137
1202120190 116.41162 40.02873
1202120490 116.41026 40.00572
1202120790 116.40888 40.00552
1202121090 116.39491 40.00376
1202121390 116.40129 40.00416
1202121689 116.39193 39.98701
1202122589 116.3032 39.95436
1202122890 116.30415 39.92326
1202123252 116.29757 39.91413
1202123489 116.29512 39.91502
1202123789 116.29092 39.93762
1202124089 116.28338 39.96053
1202124389 116.27394 39.96478
1202125289 116.31929 39.97171
1202126023 116.31939 39.93855
1202126189 116.32746 39.93218
1202126489 116.32789 39.9255
1202127089 116.31956 39.93864
1202127389 116.31714 39.95713
1202127689 116.30838 39.96302
1202127989 116.32454 39.95587
1202128659 116.33861 39.91657
1202129489 116.305 39.89577
1202130182 116.27658 39.86078
1202130389 116.28721 39.86468
1202130689 116.30926 39.86561
1202130989 116.32553 39.86644
1202131289 116.31599 39.86667
1202131589 116.26882 39.88317
1202132189 116.25107 39.91163
1202132489 116.25853 39.91594
1202132789 116.25841 39.91594
1202133089 116.25839 39.91594
1202133389 116.25835 39.91594
1202133689 116.25833 39.91594
1202133989 116.25866 39.92264
1202134289 116.26807 39.92101
1202134710 116.30398 39.89486
1202134889 116.30707 39.88461
1202135189 116.32021 39.88721
1202135489 116.32039 39.88405
1202136113 116.361 39.88777
1202136389 116.36745 39.8878
1202136689 116.3679 39.90698
1202136989 116.36766 39.90918
1202137232 116.32645 39.93647
1202137290 116.36776 39.91161
1202139389 116.41799 39.90695
1202139989 116.4519 39.90996
1202140289 116.45302 39.90288
1202151809 116.42224 39.84536
1202152108 116.42223 39.84532
1202152408 116.42225 39.84532
1202152708 116.40826 39.85322
1202153008 116.40807 39.85491
1202153308 116.40765 39.86273
1202153608 116.40723 39.87054
1202153908 116.40712 39.87051
1202154207 116.41521 39.8668
1202154507 116.41578 39.85632
1202154507 116.41578 39.85632
1202155107 116.41648 39.84836
1202155407 116.41648 39.84837
1202155707 116.41649 39.84838
1202156007 116.4165 39.84839
1202156307 116.41651 39.84839
1202156607 116.4165 39.84839
1202156907 116.41651 39.84839
1202157207 116.41647 39.84844
1202157507 116.41651 39.84843
1202157807 116.4165 39.8484
1202158107 116.41655 39.8484
1202158407 116.41611 39.84806
1202158707 116.41666 39.84835
1202159007 116.41654 39.84834
1202159307 116.41643 39.84832
1202160207 116.4164 39.84834
1202160507 116.41639 39.84833
1202160807 116.4164 39.84834
1202161407 116.41642 39.84835
1202161707 116.41643 39.84835
1202162307 116.41587 39.8482
1202162907 116.41737 39.85349
1202163207 116.40003 39.85583
1202163207 116.40003 39.85583
1202163507 116.3806 39.84807
1202163807 116.36843 39.84624
1202164107 116.37639 39.84882
1202164407 116.37259 39.83569
1202164707 116.38072 39.84822
1202165007 116.38072 39.85544
1202165607 116.44 39.87931
1202165907 116.43018 39.90755
1202166207 116.42103 39.90514
1202166507 116.42106 39.90499
1202166807 116.4213 39.90339
1202167107 116.4214 39.90339
1202167407 116.42142 39.90336
1202167707 116.42141 39.90334
1202168007 116.42142 39.90334
1202168307 116.42174 39.90341
1202168607 116.43172 39.89837
1202169207 116.41915 39.95668
1202169507 116.41829 39.97807
1202169807 116.41826 39.97826
1202170107 116.41799 39.98357
1202170407 116.41856 39.96689
1202170707 116.41139 39.94819
1202171007 116.37827 39.94768
1202171307 116.37517 39.97655
1202171607 116.37492 39.97539
1202171907 116.37356 39.95657
1202171907 116.37356 39.95657
1202171907 116.37356 39.95657
1202171907 116.37356 39.95657
1202171907 116.37356 39.95657
1202171907 116.37356 39.95657
1202172207 116.36401 39.96625
1202172507 116.30655 39.96267
1202173107 116.28223 39.92296
1202173407 116.29492 39.92252
1202173707 116.31033 39.92678
1202174006 116.31968 39.9323
1202174306 116.34447 39.93102
1202174606 116.35745 39.91288
1202174906 116.36727 39.91328
1202175206 116.36738 39.91633
1202175506 116.36823 39.89841
1202175806 116.40506 39.89938
1202176106 116.41195 39.9085
1202176406 116.41133 39.922
1202176706 116.42996 39.90023
1202177006 116.41693 39.86997
1202178806 116.38048 39.85678
1202179106 116.4438 39.85833
1202190832 116.50569 40.01053
1202191432 116.5057 40.01055
1202191732 116.50569 40.01055
1202192332 116.50567 40.01056
1202192632 116.50567 40.01056
1202193232 116.50566 40.01056
1202193532 116.50566 40.01056
1202193831 116.50566 40.01055
1202194131 116.50566 40.01055
1202194432 116.50566 40.01055
1202194732 116.50566 40.01056
1202195032 116.50565 40.01056
1202195332 116.50565 40.01056
1202195631 116.50565 40.01056
1202195931 116.50565 40.01056
1202196231 116.50564 40.01056
1202196531 116.50569 40.01061
1202196831 116.50568 40.01061
1202197131 116.50569 40.01062
1202197431 116.50569 40.01062
1202197431 116.50569 40.01062
1202197731 116.50568 40.01066
1202198031 116.50563 40.01067
1202198331 116.5056 40.01064
1202198631 116.50559 40.01062
1202198931 116.50558 40.01061
1202199231 116.50093 40.0057
1202199531 116.47342 39.98857
1202200131 116.45665 39.98499
1202200431 116.45665 39.98498
1202200731 116.44179 39.99337
1202201031 116.45692 39.98509
1202203247 116.45683 39.98513
1202203431 116.45684 39.98513
1202203731 116.45683 39.98512
1202204031 116.45684 39.98511
1202204331 116.45684 39.9851
1202204631 116.46022 39.98229
1202204931 116.45491 39.96354
1202205231 116.44202 39.94753
1202205831 116.42704 39.93982
1202206131 116.45494 39.93992
1202206131 116.45494 39.93992
1202206431 116.46174 39.9559
1202206731 116.45344 39.9563
1202207031 116.43744 39.96397
1202207331 116.43086 39.96804
1202208531 116.42925 39.98713
1202208831 116.45985 39.97211
1202209131 116.50347 40.00614
1202209431 116.57447 40.04093
1202209731 116.55659 40.05872
1202210031 116.55598 40.06428
1202210331 116.5471 40.06193
1202210631 116.53348 40.05146
1202211735 116.47252 40.00083
1202211831 116.46957 39.99628
1202211831 116.46957 39.99628
1202212131 116.45888 39.98904
1202212431 116.46698 39.9973
1202212731 116.45964 39.98723
1202213031 116.45696 39.98507
1202213331 116.45689 39.98502
1202213631 116.4561 39.98466
1202213931 116.44643 39.97695
1202214230 116.43121 39.96783
1202214530 116.43048 39.968
1202214830 116.43045 39.96817
1202214830 116.43045 39.96817
1202215130 116.43038 39.96817
1202215430 116.43037 39.96817
1202215730 116.43037 39.96818
1202216030 116.43029 39.96825
1202216330 116.43029 39.96824
1202216682 116.44471 39.99917
1202216682 116.44471 39.99917
1202217530 116.45682 39.98956
1202217830 116.44221 39.9842
1202218130 116.41782 39.9829
1202218430 116.40832 39.97891
1202218730 116.41154 39.96923
1202219330 116.4518 39.95409
1202219630 116.45543 39.90834
1202219930 116.45575 39.90357
1202220230 116.45597 39.90781
1202220530 116.4556 39.93974
1202220830 116.48062 39.98529
1202221130 116.48419 39.97898
1202221430 116.47776 39.98265
1202221730 116.47634 39.991
1202222030 116.47205 40.00366
1202222330 116.46165 39.98934
1202222630 116.46662 39.97487
1202222930 116.45508 39.95133
1202223530 116.44689 39.95748
1202223530 116.44689 39.95748
1202223783 116.46647 39.99358
1202223830 116.43041 39.96822
1202224130 116.37978 39.96699
1202224430 116.3372 39.96657
1202224730 116.33871 39.95922
1202225030 116.33872 39.9592
1202225330 116.33869 39.95938
1202225630 116.33875 39.95921
1202225930 116.33747 39.95677
1202226230 116.33425 39.95654
1202226530 116.3187 39.95061
1202226830 116.30388 39.93801
1202227130 116.30402 39.90571
1202227430 116.31496 39.89681
1202227730 116.28905 39.89611
1202228030 116.28874 39.89612
1202228330 116.29615 39.90589
1202228630 116.30596 39.90547
1202228930 116.30445 39.90925
1202229230 116.30443 39.91775
1202229530 116.3043 39.92552
1202229830 116.30633 39.94348
1202230130 116.31845 39.94489
1202230430 116.32064 39.93099
1202230730 116.32555 39.92686
1202231030 116.31983 39.93665
1202231630 116.31893 39.94547
1202231930 116.31811 39.94501
1202232230 116.30371 39.94122
1202232230 116.30371 39.94122
1202232530 116.30408 39.92646
1202232829 116.32128 39.9217
1202233142 116.32273 39.9097
1202233429 116.31522 39.89653
1202233729 116.30984 39.90624
1202234329 116.30442 39.91479
1202234629 116.29535 39.92701
1202234929 116.30346 39.93102
1202235229 116.30452 39.93799
1202235529 116.3293 39.93676
1202235829 116.35073 39.93871
1202236129 116.35072 39.93869
1202236429 116.34835 39.97031
1202236729 116.32954 39.97524
1202237029 116.31294 39.97958
1202237329 116.30841 39.98429
1202238229 116.24686 39.88575
1202238529 116.24705 39.89068
1202239026 116.31342 39.89561
1202239129 116.31252 39.89601
1202239429 116.30347 39.9072
1202239729 116.30438 39.91366
1202240029 116.30438 39.91366
1202240329 116.30438 39.92021
1202240629 116.30408 39.9461
1202240929 116.30358 39.95404
1202240929 116.30358 39.95404
1202241229 116.3035 39.95498
1202241529 116.32481 39.95601
1202241829 116.30281 39.95859
1202242129 116.30166 39.96064
1202242729 116.31694 39.96535
1202243029 116.31695 39.96547
1202243329 116.31696 39.96551
1202243629 116.32777 39.96586
1202243997 116.34101 39.9568
1202244829 116.36734 39.9025
1202245129 116.37685 39.90448
1202245429 116.3756 39.91205
1202245729 116.37413 39.92226
1202246029 116.38688 39.93192
1202246329 116.41821 39.93221
1202246929 116.41507 39.94823
1202247229 116.42299 39.94812
1202247529 116.45 39.94986
1202247829 116.45547 39.94775
1202248129 116.45962 39.90692
1202248429 116.49046 39.90655
1202248729 116.47291 39.90649
1202249029 116.45606 39.911
1202249329 116.45586 39.92996
1202249629 116.45596 39.94739
1202249629 116.45596 39.94739
1202249929 116.43804 39.96352
1202250229 116.43037 39.96817
1202250529 116.43034 39.96818
1202250829 116.43032 39.96819
1202251129 116.4303 39.96819
1202251429 116.43031 39.96819
1202251729 116.43032 39.96819
1202252028 116.43032 39.96819
1202252328 116.43029 39.96819
1202252628 116.3702 39.96679
1202253394 116.29383 39.98317
1202253394 116.29383 39.98317
1202254135 116.32048 39.96564
1202254428 116.32729 39.966
1202255028 116.39131 39.96701
1202255328 116.44072 39.96128
1202255628 116.4407 39.96164
1202255928 116.42287 39.96836
1202256228 116.41104 39.9819
1202256528 116.41154 39.96829
1202256828 116.44431 39.95884
1202257128 116.44755 39.93225
1202257428 116.4372 39.92749
1202257728 116.4449 39.93229
1202258028 116.45596 39.93598
1202258328 116.43151 39.93976
1202258328 116.43151 39.93976
1202258628 116.42701 39.94313
1202258928 116.43467 39.94729
1202259528 116.43026 39.9682
1202259828 116.43024 39.96819
1202260128 116.43023 39.9682
1202260428 116.43023 39.96821
1202260728 116.43025 39.96822
1202261028 116.43026 39.96821
1202261328 116.39079 39.9673
1202262228 116.31516 39.89615
1202262528 116.30445 39.90805
1202262828 116.30445 39.90805
1202263128 116.30445 39.90805
1202263428 116.30875 39.92227
1202264115 116.32964 39.95103
1202264328 116.32997 39.95137
1202264628 116.33002 39.95136
1202265828 116.32955 39.95122
1202266128 116.3295 39.95157
1202266428 116.32972 39.95153
1202266728 116.33 39.95132
1202267028 116.32994 39.95132
1202267028 116.32994 39.95132
1202267328 116.32996 39.95115
1202267628 116.32963 39.95142
1202267928 116.33694 39.95665
1202268828 116.34721 39.99184
1202269128 116.34202 40.00678
1202269728 116.37091 39.98576
1202270028 116.41374 39.98757
1202270328 116.41198 40.02656
1202270628 116.42046 40.03969
1202270927 116.43664 40.01854
1202271228 116.4763 40.01261
1202282975 116.50555 40.01062
1202282975 116.50555 40.01062
1202283177 116.50555 40.01062
1202283477 116.50555 40.01061
1202283777 116.50556 40.01059
1202284077 116.50556 40.0106
1202284377 116.50555 40.01059
1202284977 116.50578 40.00989
1202285277 116.48163 39.98811
1202285577 116.49143 39.99528
1202285877 116.56323 40.03337
1202285877 116.56323 40.03337
1202286177 116.58396 40.05248
1202286477 116.58362 40.06082
1202286777 116.58212 40.07151
1202287077 116.58662 40.0786
1202287377 116.581 40.07648
1202287677 116.57137 40.06337
1202287977 116.56225 40.06986
1202288277 116.58229 40.06468
1202288577 116.58231 40.06472
1202288877 116.5823 40.06472
1202289177 116.58229 40.06473
1202289477 116.58229 40.06474
1202289777 116.58229 40.06475
1202290077 116.58228 40.06475
1202290377 116.58228 40.06475
1202290677 116.58227 40.06476
1202291277 116.58227 40.06476
1202291877 116.58188 40.06727
1202292177 116.58187 40.06726
1202292477 116.58187 40.06725
1202292777 116.58131 40.07064
1202293377 116.58131 40.07068
1202293677 116.5813 40.07069
1202293977 116.5813 40.07069
1202294277 116.5813 40.07069
1202294577 116.5813 40.07069
1202294577 116.5813 40.07069
1202294877 116.58094 40.07326
1202295177 116.58089 40.07298
1202295477 116.58086 40.07299
1202295777 116.58089 40.07299
1202296077 116.58089 40.07301
1202296377 116.5809 40.07303
1202296677 116.58092 40.07306
1202296977 116.58092 40.07306
1202297577 116.58086 40.07343
1202297877 116.58027 40.07499
1202298477 116.58185 40.07506
1202298777 116.58299 40.07501
1202299077 116.58331 40.07535
1202299377 116.58333 40.07536
1202299677 116.58385 40.07635
1202299977 116.5846 40.07654
1202300277 116.58775 40.07732
1202300577 116.58775 40.07732
1202300877 116.58624 40.07997
1202301177 116.56772 40.03599
1202301477 116.49191 39.99606
1202301777 116.43476 39.94827
1202302077 116.37863 39.94749
1202302377 116.3518 39.95694
1202302676 116.3553 39.95275
1202302976 116.35532 39.9561
1202303276 116.3915 39.96715
1202303576 116.40504 39.96953
1202303876 116.34369 39.9663
1202304476 116.30059 39.9063
1202304776 116.2839 39.9063
1202305076 116.25521 39.90627
1202305376 116.23972 39.9063
1202305976 116.21504 39.90573
1202306276 116.22146 39.89755
1202306576 116.23902 39.9027
1202306876 116.25868 39.89258
1202307176 116.25096 39.88817
1202307476 116.25869 39.89546
1202308076 116.27687 39.90589
1202308376 116.29196 39.91164
1202308678 116.3211 39.90954
1202308976 116.33885 39.91774
1202309276 116.33952 39.9367
1202309576 116.36587 39.93917
1202309876 116.36591 39.94672
1202310176 116.35556 39.95208
1202310438 116.41783 39.94824
1202310476 116.36439 39.96609
1202310777 116.4113 39.96747
1202311076 116.42477 39.98186
1202311376 116.45373 40.01375
1202311676 116.50526 40.00915
1202311976 116.51018 40.01016
1202311976 116.51018 40.01016
1202312276 116.51018 40.01016
1202312876 116.51017 40.01017
1202313176 116.53972 40.02326
1202313476 116.58089 40.03473
1202313776 116.63515 40.04148
1202314076 116.67841 40.0622
1202314376 116.76366 40.06634
1202314676 116.82138 40.06981
1202314976 116.88667 40.07597
1202315276 116.97512 40.0756
1202315576 116.98924 40.07708
1202315876 116.98926 40.07704
1202316176 116.98927 40.07704
1202316476 116.98927 40.07703
1202316776 116.98928 40.07705
1202317376 116.98931 40.07707
1202317676 116.98938 40.07725
1202317976 116.98928 40.07709
1202318276 116.98926 40.0771
1202318576 116.98926 40.07711
1202318876 116.98927 40.07711
1202319176 116.98911 40.07678
1202319476 116.99273 40.07607
1202319776 117.00833 40.10184
1202320076 117.02021 40.14184
1202320376 117.06947 40.14397
1202320675 117.10429 40.14143
1202320675 117.10429 40.14143
1202320975 117.10452 40.14139
1202321275 117.10454 40.14148
1202321575 117.10454 40.14148
1202321875 117.10454 40.14148
1202322175 117.10452 40.14148
1202322475 117.10451 40.14148
1202322775 117.10451 40.14148
1202323075 117.1045 40.14148
1202323375 117.10446 40.14151
1202323675 117.1045 40.1415
1202323975 117.10446 40.14152
1202324275 117.10444 40.14152
1202324575 117.10375 40.14155
1202324875 117.09713 40.14409
1202325175 117.05506 40.14495
1202325475 117.01676 40.14156
1202325775 117.01571 40.14118
1202326375 116.99178 40.07599
1202326675 116.98926 40.07686
1202326975 116.98916 40.0774
1202327275 116.98925 40.07739
1202327875 116.98922 40.07734
1202327875 116.98922 40.07734
1202328175 116.98922 40.07734
1202328475 116.98925 40.07735
1202328775 116.98977 40.0775
1202329075 116.98969 40.07748
1202329375 116.98968 40.07746
1202329375 116.98968 40.07746
1202329675 116.98967 40.07746
1202329975 116.98966 40.07746
1202330275 116.98968 40.07746
1202330575 116.9897 40.07746
1202330875 116.98972 40.07745
1202331175 116.98929 40.07758
1202331475 116.98959 40.07755
1202331775 116.98957 40.07756
1202332075 116.98959 40.07754
1202332375 116.9896 40.07753
1202332675 116.98961 40.07752
1202332975 116.98964 40.07752
1202333275 116.98966 40.07751
1202333575 116.98968 40.0775
1202333875 116.98969 40.0775
1202334175 116.98969 40.0775
1202334475 116.98969 40.0775
1202334775 116.98969 40.0775
1202335075 116.98968 40.0775
1202335375 116.98968 40.0775
1202335675 116.98968 40.0775
1202335975 116.98968 40.0775
1202336275 116.98943 40.0773
1202336575 116.98949 40.07731
1202337175 116.98953 40.07729
1202337475 116.98954 40.07731
1202337775 116.98955 40.07731
1202338075 116.98956 40.07732
1202338075 116.98956 40.07732
1202338375 116.98957 40.07734
1202338675 116.98957 40.07734
1202338975 116.98958 40.07735
1202339275 116.98959 40.07735
1202339575 116.9896 40.07736
1202339875 116.98961 40.07737
1202340175 116.98962 40.07738
1202340475 116.98962 40.07739
1202340774 116.98962 40.07739
1202341074 116.98962 40.0774
1202341374 116.98962 40.0774
1202341674 116.98962 40.07741
1202341974 116.98962 40.07741
1202342274 116.98962 40.07742
1202342574 116.98963 40.07742
1202342874 116.98963 40.07743
1202343174 116.98964 40.07743
1202343474 116.98964 40.07743
1202343774 116.98964 40.07743
1202344074 116.98965 40.07743
1202344374 116.98965 40.07743
1202344674 116.98965 40.07743
1202344974 116.98965 40.07743
1202345274 116.98966 40.07743
1202345574 116.98966 40.07743
1202345874 116.98966 40.07744
1202346174 116.98966 40.07744
1202346474 116.98966 40.07744
1202346774 116.98966 40.07744
1202346774 116.98966 40.07744
1202347074 116.98967 40.07744
1202347374 116.98967 40.07744
1202347674 116.98967 40.07744
1202347974 116.98967 40.07745
1202348274 116.98967 40.07745
1202348574 116.98967 40.07745
1202348874 116.98968 40.07745
1202349174 116.98968 40.07745
1202349474 116.98968 40.07745
1202350374 116.98987 40.07766
1202350674 116.98968 40.07724
1202351274 116.98971 40.07755
1202351574 116.98971 40.07755
1202352174 116.98972 40.07756
1202352774 116.9897 40.07756
1202353074 116.98971 40.07756
1202353374 116.98972 40.07755
1202353674 116.98973 40.07754
1202354274 116.98972 40.07754
1202354574 116.98971 40.07753
1202354874 116.98972 40.07752
1202355174 116.98972 40.07752
1202355474 116.98972 40.07752
1202355474 116.98972 40.07752
1202355774 116.98971 40.07752
1202355774 116.98971 40.07752
1202356074 116.98971 40.07752
1202356374 116.98971 40.07751
1202356674 116.98981 40.07732
1202356974 116.98979 40.07735
1202357274 116.98979 40.07737
1202357574 116.98979 40.07738
1202357874 116.98979 40.07739
1202358174 116.98978 40.0774
1202358474 116.98978 40.07741
1202358774 116.98979 40.07742
1202359074 116.98979 40.07743
1202359674 116.98979 40.07746
1202359974 116.98979 40.07746
1202360274 116.98979 40.07747
1202360574 116.98979 40.07747
1202360874 116.98978 40.07747
1202361174 116.98978 40.07747
1202361474 116.98977 40.07747
1202361773 116.98978 40.07747
1202362073 116.98978 40.07747
1202363273 116.98977 40.07747
1202363573 116.98977 40.07747
1202364173 116.98976 40.07747
1202364473 116.98975 40.07747
1202364473 116.98975 40.07747
1202364773 116.98975 40.07747
1202365073 116.98975 40.07747
1202365373 116.98975 40.07747
1202365973 116.98975 40.07747
1202366273 116.98975 40.07747
1202366573 116.98974 40.07748
1202366873 116.98974 40.07747
1202367173 116.98974 40.07747
1202367473 116.98973 40.07747
1202367773 116.98973 40.07747
1202368073 116.98973 40.07747
1202368373 116.98973 40.07747
1202368673 116.98973 40.07747
1202368973 116.98973 40.07746
1202369573 116.98973 40.07746
1202369873 116.98973 40.07746
1202370173 116.98972 40.07746
1202370473 116.98972 40.07746
1202370773 116.98972 40.07746
1202371073 116.98972 40.07746
1202371373 116.98972 40.07746
1202371673 116.98972 40.07746
1202371973 116.98972 40.07746
1202372273 116.98972 40.07747
1202372573 116.98972 40.07747
1202372873 116.98973 40.07747
1202372873 116.98973 40.07747
1202373173 116.98973 40.07747
1202373173 116.98973 40.07747
1202373473 116.98973 40.07747
1202373773 116.98973 40.07748
1202374073 116.98973 40.07748
1202374373 116.98973 40.07748
1202374673 116.98973 40.07748
1202374973 116.98973 40.07749
1202375273 116.98972 40.07749
1202375573 116.98972 40.07749
1202375873 116.98972 40.07749
1202376173 116.98972 40.07749
1202376473 116.98972 40.07749
1202376773 116.98972 40.07749
1202377073 116.98972 40.07749
1202377373 116.98973 40.07748
1202377673 116.98973 40.07748
1202377973 116.98973 40.07748
1202378273 116.98973 40.07748
1202378573 116.98973 40.07748
1202378873 116.98973 40.07748
1202379173 116.98973 40.07748
1202379473 116.98973 40.07748
1202379773 116.98973 40.07747
1202380073 116.98972 40.07747
1202380373 116.98972 40.07747
1202380673 116.98972 40.07747
1202380973 116.98972 40.07747
1202381273 116.98972 40.07747
1202381573 116.98971 40.07747
1202381873 116.98971 40.07747
1202381873 116.98971 40.07747
1202382173 116.98971 40.07747
1202382473 116.98958 40.07665
1202382773 116.95747 40.07979
1202383072 116.90008 40.07722
1202383372 116.83361 40.07157
1202383672 116.78553 40.06617
1202383972 116.72737 40.06278
1202384272 116.65715 40.06129
1202384572 116.63723 40.03496
1202384872 116.58877 40.03556
1202385472 116.52489 40.01926
1202385772 116.49593 39.9985
1202386072 116.47507 39.98175
1202387124 116.26845 39.94398
1202387272 116.26871 39.91522
1202387872 116.23242 39.85912
1202388172 116.23233 39.86854
1202388472 116.24469 39.88064
1202388772 116.24711 39.88038
1202389072 116.24739 39.87997
1202389372 116.25278 39.88817
1202389972 116.29115 39.84096
1202390272 116.30763 39.84549
1202390572 116.31971 39.8459
1202390872 116.31018 39.84968
1202391172 116.31018 39.84968
1202391472 116.31018 39.84968
1202391772 116.31018 39.84968
1202392072 116.31018 39.84968
1202392372 116.31018 39.84968
1202392672 116.31018 39.84968
1202392972 116.44092 39.8319
1202393272 116.44498 39.82477
1202393572 116.44498 39.8248
1202393872 116.44496 39.82482
1202394172 116.44493 39.82483
1202394472 116.4449 39.82483
1202394772 116.44489 39.82482
1202395072 116.44721 39.82337
1202395372 116.4395 39.85146
1202395672 116.45515 39.86963
1202395972 116.44725 39.8922
1202396272 116.41312 39.89185
1202396572 116.40484 39.89148
1202396846 116.39095 39.98703
1202396873 116.36563 39.88803
1202397172 116.34712 39.89499
1202397472 116.34666 39.9087
1202397772 116.33395 39.92202
1202398072 116.31966 39.93237
1202398372 116.32838 39.91552
1202398672 116.33603 39.89784
1202399572 116.30469 39.90786
1202399872 116.30474 39.90777
1202400172 116.30465 39.90787
1202400472 116.3044 39.90821
1202400772 116.30443 39.91576
1202401072 116.30443 39.91576
1202401372 116.30443 39.91576
1202401972 116.30443 39.91576
1202402272 116.30443 39.91576
1202402571 116.34655 39.92184
1202402871 116.34701 39.92317
1202403401 116.33213 39.88836
1202404173 116.30446 39.89482
1202404971 116.34717 39.92272
1202405271 116.34766 39.93378
1202405701 116.33877 39.95944
1202405871 116.33877 39.95945
1202406171 116.33862 39.9592
1202406471 116.33876 39.95956
1202406771 116.33874 39.95937
1202407071 116.33849 39.95983
1202407671 116.32823 39.96365
1202408383 116.31716 39.96542
1202408571 116.3171 39.96543
1202408871 116.38096 39.96694
1202409171 116.44724 39.95699
1202409483 116.44311 39.9352
1202409771 116.4386 39.93901
1202410071 116.45447 39.95209
1202410371 116.43437 39.98486
1202410671 116.41832 39.98195
1202410971 116.41135 39.96827
1202411271 116.35797 39.96628
1202411571 116.34947 39.93569
1202411871 116.34026 39.89648
1202412171 116.31594 39.89583
1202412471 116.31109 39.9062
1202412771 116.30445 39.90838
1202413071 116.30497 39.9423
1202413371 116.30408 39.94578
1202413671 116.3052 39.95521
1202413971 116.31791 39.96473
1202414271 116.31791 39.96473
1202414571 116.31917 39.96556
1202414871 116.31917 39.96555
1202415171 116.34893 39.9527
1202415471 116.36448 39.93114
1202415771 116.37125 39.9183
1202416371 116.3674 39.92245
1202416671 116.37449 39.93159
1202416671 116.37449 39.93159
1202416971 116.41212 39.93222
1202417271 116.44388 39.93237
1202417571 116.44438 39.94604
1202417871 116.43833 39.95679
1202418171 116.43025 39.96819
1202418471 116.42745 39.96901
1202418771 116.39352 39.98688
1202419071 116.35463 40.01282
1202419371 116.33158 40.05088
1202419671 116.34013 40.05355
1202419971 116.32593 40.05615
1202420271 116.33466 40.0379
1202420570 116.34537 40.01957
1202420870 116.34615 39.99974
1202421170 116.34183 39.96634
1202422018 116.31378 39.89511
1202422070 116.3147 39.89507
1202422370 116.30461 39.89895
1202422670 116.30457 39.90102
1202423407 116.38458 39.90593
1202423570 116.39746 39.90634
1202423870 116.40517 39.90876
1202424170 116.39654 39.91873
1202424470 116.3902 39.93144
1202424770 116.38768 39.94571
1202425070 116.42724 39.94568
1202425370 116.44431 39.94246
1202425370 116.44431 39.94246
1202425670 116.45402 39.95301
1202425970 116.43954 39.9696
1202426270 116.45778 39.98739
1202426570 116.45817 39.98763
1202426870 116.46084 39.97067
1202427170 116.48363 39.92708
1202427470 116.51155 39.9218
1202427770 116.51189 39.91941
1202428070 116.49447 39.92184
1202428370 116.46118 39.922
1202428670 116.4448 39.92164
1202428970 116.43448 39.92076
1202429270 116.45477 39.91798
1202429570 116.47144 39.91436
1202429870 116.47873 39.9179
1202430170 116.47865 39.9187
1202430470 116.4787 39.91836
1202430770 116.47878 39.9184
1202431070 116.48626 39.91316
1202431370 116.49867 39.91437
1202431670 116.51171 39.9198
1202431970 116.49608 39.92188
1202432270 116.47606 39.9326
1202432570 116.46817 39.95193
1202432870 116.47849 39.96035
1202433170 116.4782 39.98387
1202433470 116.5036 40.00724
1202433770 116.51313 40.01421
1202434070 116.51313 40.01421
1202434070 116.51313 40.01421
1202434370 116.63268 40.04576
1202434670 116.68385 40.06133
1202434970 116.75527 40.06424
1202435270 116.82506 40.07044
1202435570 116.89887 40.07688
1202435870 116.96216 40.07852
1202437370 116.98929 40.07765
1202438870 116.98934 40.07764
1202439170 116.98933 40.07764
1202439470 116.98932 40.07764
1202439770 116.98932 40.07764
1202440069 116.98932 40.07764
1202440369 116.98931 40.07765
1202440669 116.98931 40.07765
1202440969 116.98931 40.07765
1202441269 116.98931 40.07765
1202441569 116.98931 40.07764
1202441869 116.98932 40.07764
1202442169 116.98932 40.07764
1202442469 116.98932 40.07764
1202442769 116.98932 40.07764
1202442769 116.98932 40.07764
1202443069 116.98932 40.07763
1202443669 116.98933 40.07763
1202443969 116.98933 40.07763
1202444269 116.98942 40.07771
1202444569 116.98945 40.07773
1202444869 116.98944 40.07774
1202445169 116.98941 40.07773
1202445469 116.98939 40.07773
1202445769 116.98938 40.07773
1202446069 116.98928 40.07769
1202446369 116.98928 40.07768
1202446669 116.98927 40.0777
1202446969 116.98927 40.07768
1202447269 116.98927 40.07767
1202447569 116.98927 40.07766
1202447869 116.98927 40.07766
1202448169 116.98926 40.07766
1202448469 116.98924 40.07769
1202448769 116.98924 40.07769
1202449069 116.98924 40.07768
1202449369 116.98924 40.07768
1202449669 116.98924 40.07768
1202449969 116.98924 40.07767
1202450269 116.98919 40.07761
1202450569 116.98925 40.0776
1202450869 116.9893 40.07759
1202451169 116.98934 40.07757
1202451469 116.98936 40.07757
1202451469 116.98936 40.07757
1202451769 116.98937 40.07756
1202452069 116.98938 40.07756
1202452369 116.98937 40.07756
1202452669 116.98936 40.07756
1202452969 116.98936 40.07756
1202453269 116.98936 40.07756
1202453569 116.98934 40.07756
1202453869 116.98934 40.07756
1202454169 116.98933 40.07756
1202454469 116.98932 40.07756
1202454769 116.98931 40.07756
1202455069 116.98931 40.07757
1202455369 116.9892 40.07739
1202455669 116.98923 40.07698
1202455969 116.98923 40.07701
1202456269 116.98924 40.07701
1202456569 116.98952 40.07691
1202456869 117.00227 40.05329
1202457469 117.04346 39.98266
1202457769 117.09867 39.98924
1202458069 117.16197 39.99924
1202458743 117.30538 39.98841
1202458969 117.35965 39.98468
1202459269 117.43878 39.97122
1202459569 117.48222 39.94703
1202459869 117.49179 39.88017
1202460169 117.49593 39.85697
1202460169 117.49593 39.85697
1202460468 117.49594 39.85695
1202460768 117.51943 39.84775
1202461068 117.53291 39.83553
1202461368 117.53289 39.83546
1202461668 117.53289 39.83541
1202461968 117.53288 39.83542
1202462268 117.53286 39.83546
1202462568 117.53284 39.83548
1202462868 117.53283 39.83548
1202463168 117.53283 39.83549
1202463468 117.53282 39.8355
1202463768 117.53282 39.83551
1202464068 117.53283 39.8355
1202464368 117.53283 39.8355
1202464668 117.53284 39.8355
1202464968 117.53285 39.8355
1202465268 117.53285 39.8355
1202465568 117.53285 39.83549
1202465868 117.53285 39.83549
1202466168 117.53285 39.83548
1202466468 117.53286 39.83548
1202466768 117.53755 39.83092
1202467068 117.5403 39.83066
1202467368 117.54031 39.83068
1202467668 117.54031 39.83068
1202467968 117.54032 39.83067
1202467968 117.54032 39.83067
1202468268 117.5434 39.83156
1202468568 117.54407 39.83136
1202468868 117.54314 39.83163
1202468868 117.54314 39.83163
1202469168 117.54133 39.83189
1202469468 117.53886 39.83033
1202469768 117.53886 39.8304
1202470068 117.53841 39.83023
1202470368 117.53527 39.83284
1202470668 117.53298 39.8356
1202470968 117.53237 39.83444
1202471268 117.53832 39.83011
1202471568 117.53221 39.83532
1202471868 117.53268 39.83517
1202472168 117.53269 39.83517
1202472468 117.53324 39.83308
1202472768 117.55689 39.83461
1202473068 117.56856 39.81838
1202473368 117.5633 39.81941
1202473668 117.5633 39.81941
1202473968 117.56329 39.8194
1202474268 117.56329 39.81939
1202474568 117.56367 39.81929
1202474868 117.57207 39.83425
1202475168 117.53801 39.82995
1202475468 117.53294 39.83546
1202475768 117.53292 39.83548
1202476068 117.53292 39.83549
1202476368 117.53292 39.83549
1202476668 117.53293 39.83549
1202476968 117.53293 39.83549
1202477268 117.53294 39.8355
1202477568 117.53294 39.8355
1202477568 117.53294 39.8355
1202477868 117.53294 39.83551
1202478168 117.53294 39.83551
1202478468 117.53295 39.83552
1202478768 117.53295 39.83552
1202479068 117.53294 39.83551
1202479368 117.53294 39.83551
1202479668 117.53294 39.83551
1202479967 117.53293 39.83552
1202480267 117.53293 39.83552
1202480567 117.53294 39.83552
1202480867 117.53294 39.83552
1202481167 117.53294 39.83552
1202481467 117.53294 39.83551
1202481767 117.53294 39.83551
1202482067 117.53294 39.83551
1202482367 117.53294 39.83552
1202482667 117.53294 39.83552
1202482967 117.53294 39.83552
1202483254 117.53615 39.83265
1202483268 117.53293 39.83555
1202483567 117.53294 39.83556
1202483867 117.53295 39.83555
1202484167 117.53295 39.83556
1202484467 117.53294 39.83556
1202484767 117.53294 39.83557
1202485067 117.53294 39.83556
1202485367 117.53294 39.83556
1202485667 117.53295 39.83555
1202485967 117.53295 39.83556
1202486267 117.53295 39.83556
1202486267 117.53295 39.83556
1202486567 117.53295 39.83556
1202486867 117.53296 39.83556
1202487167 117.53296 39.83556
1202487467 117.53296 39.83556
1202487767 117.53296 39.83557
1202488067 117.53791 39.83048
1202488367 117.57024 39.82474
1202488667 117.56329 39.81935
1202488967 117.56686 39.81878
1202489267 117.55221 39.83387
1202489567 117.53268 39.83511
1202489867 117.53296 39.83547
1202490167 117.53296 39.83549
1202490467 117.53295 39.8355
1202490767 117.53295 39.83551
1202491067 117.53294 39.83552
1202491367 117.53293 39.83553
1202491667 117.53293 39.83554
1202491967 117.53293 39.83554
1202492267 117.53293 39.83554
