UTS Latitude Longitude
1201959428 116.39599 39.89071
1201959750 116.4209 39.89233
1201960028 116.42173 39.89903
1201960328 116.4228 39.90688
1201960627 116.43259 39.90635
1201960927 116.45083 39.90704
1201961227 116.45724 39.88304
1201961527 116.46323 39.87963
1201961827 116.4711 39.87865
1201962127 116.47541 39.87819
1201962427 116.4766 39.8891
1201963027 116.47667 39.8897
1201963327 116.47672 39.88966
1201963627 116.48353 39.89204
1201963927 116.48401 39.92023
1201964227 116.51156 39.92165
1201964527 116.51004 39.90687
1201976022 116.29598 39.92281
1201976322 116.26782 39.92307
1201976622 116.25123 39.92443
1201977222 116.25869 39.91918
1201977522 116.26348 39.90775
1201977822 116.25884 39.90843
1201978122 116.25326 39.90629
1201978422 116.24824 39.90624
1201978722 116.24694 39.90277
1201979022 116.25865 39.90983
1201979322 116.2587 39.91798
1201979621 116.24709 39.92467
1201979921 116.24698 39.92206
1201980221 116.24696 39.90855
1201980221 116.24696 39.90855
1201980521 116.26847 39.90605
1201980821 116.28484 39.90612
1201981121 116.29453 39.90618
1201981421 116.31485 39.90594
1201981721 116.33234 39.90566
1201982021 116.34014 39.90582
1201982321 116.35566 39.90539
1201982621 116.36678 39.90547
1201982921 116.36025 39.90268
1201983221 116.36033 39.90797
1201983521 116.3676 39.90874
1201983821 116.37645 39.90274
1201984121 116.38801 39.90048
1201984421 116.40009 39.89932
1201984721 116.41933 39.89911
1201985021 116.42132 39.89826
1201985321 116.41809 39.90312
1201985621 116.43274 39.90197
1201985921 116.45525 39.89662
1201986221 116.45467 39.87022
1201986521 116.45807 39.86818
1201986821 116.47104 39.86999
1201987121 116.4703 39.87982
1201987421 116.47155 39.88258
1201988021 116.45812 39.89933
1201988321 116.4581 39.89938
1201988621 116.45815 39.89935
1201988921 116.45812 39.89938
1201988921 116.45812 39.89938
1201989221 116.45811 39.89938
1201989521 116.45601 39.9069
1201989821 116.45416 39.91314
1201990121 116.4545 39.91814
1201990421 116.45569 39.93835
1201990721 116.46699 39.94686
1201991021 116.46214 39.95351
1201991321 116.45739 39.95622
1201991621 116.41716 39.96799
1201991921 116.39947 39.97038
1201992221 116.39569 39.96868
1201992521 116.38811 39.96701
1201992821 116.43998 39.96162
1201993121 116.4423 39.9705
1201993421 116.45288 39.98367
1201993721 116.45935 39.97675
1201994021 116.4588 39.97709
1201994621 116.45816 39.97669
1201995221 116.454 39.97643
1201995521 116.48343 39.95163
1201995821 116.48337 39.9147
1201996121 116.48395 39.913
1201996421 116.48395 39.913
1201996721 116.48737 39.90934
1201997020 116.50819 39.90439
1201997320 116.47186 39.91255
1201997620 116.47971 39.90682
1201997620 116.47971 39.90682
1202009115 116.47052 39.90574
1202009415 116.47039 39.90577
1202009715 116.47133 39.90568
1202010015 116.46979 39.90662
1202010315 116.47208 39.91707
1202010615 116.46765 39.93454
1202010915 116.46205 39.94267
1202011215 116.46269 39.94589
1202011515 116.45549 39.95449
1202011815 116.47238 39.97385
1202012115 116.48275 39.98825
1202012115 116.48275 39.98825
1202012415 116.48276 39.98828
1202012715 116.48276 39.98829
1202013015 116.48276 39.9883
1202013315 116.48479 39.99016
1202013615 116.51725 40.02402
1202013915 116.5209 40.03338
1202014215 116.52035 40.03359
1202014515 116.52036 40.03359
1202014815 116.52035 40.0336
1202015115 116.52035 40.03361
1202015415 116.52034 40.03362
1202015715 116.52035 40.03361
1202016015 116.52036 40.03362
1202016315 116.52037 40.03362
1202016615 116.52037 40.03362
1202016915 116.52038 40.03362
1202017215 116.52039 40.03362
1202017515 116.52039 40.03363
1202017815 116.52038 40.03363
1202018115 116.52038 40.03363
1202018415 116.52038 40.03363
1202018715 116.52038 40.03363
1202019015 116.52038 40.03363
1202019315 116.52038 40.03363
1202019615 116.52038 40.03363
1202019915 116.52037 40.03362
1202020215 116.52037 40.03362
1202020515 116.52037 40.03362
1202020815 116.52037 40.03362
1202020815 116.52037 40.03362
1202021114 116.52037 40.03362
1202021414 116.52037 40.03362
1202021714 116.52037 40.03362
1202022014 116.52037 40.03362
1202022314 116.52037 40.03362
1202022614 116.52037 40.03362
1202022914 116.52037 40.03362
1202023214 116.52037 40.03361
1202023514 116.52037 40.03361
1202023814 116.52037 40.03361
1202024114 116.52037 40.03361
1202024414 116.52037 40.03361
1202024714 116.52036 40.03361
1202025014 116.52036 40.03361
1202025914 116.50926 40.01289
1202026514 116.48363 39.96909
1202026814 116.4919 39.9547
1202027414 116.49189 39.95469
1202028314 116.47211 39.92165
1202028614 116.4567 39.90726
1202028914 116.43681 39.89415
1202029514 116.3793 39.88828
1202030114 116.33316 39.88858
1202031014 116.30691 39.89517
1202031314 116.31408 39.89457
1202032214 116.35187 39.88787
1202032514 116.36774 39.88772
1202032814 116.38859 39.88892
1202033071 116.47084 39.9058
1202033414 116.43241 39.89219
1202033714 116.45371 39.8934
1202034014 116.46111 39.89783
1202034314 116.45597 39.90295
1202034614 116.4561 39.90637
1202034914 116.44068 39.9121
1202035214 116.42897 39.90555
1202035514 116.42075 39.9034
1202035814 116.42555 39.9037
1202036114 116.43829 39.88213
1202036473 116.46076 39.88331
1202036714 116.47142 39.88937
1202037314 116.43599 39.89262
1202037614 116.43377 39.89257
1202037914 116.44267 39.89217
1202038214 116.45408 39.89212
1202038214 116.45408 39.89212
1202038513 116.45585 39.89303
1202038513 116.45585 39.89303
1202038813 116.4558 39.90145
1202039113 116.45588 39.90143
1202039413 116.45576 39.90143
1202039713 116.45572 39.9014
1202040013 116.45578 39.90323
1202040313 116.45586 39.9072
1202040613 116.45203 39.91113
1202041213 116.421 39.90515
1202041813 116.4179 39.90302
1202042113 116.42079 39.9034
1202042413 116.42187 39.90324
1202042713 116.42822 39.89976
1202043013 116.43414 39.90694
1202043313 116.47495 39.90679
1202043613 116.49584 39.92417
1202043913 116.497 39.93418
1202044213 116.49593 39.92462
1202044513 116.47369 39.92162
1202044813 116.47213 39.92151
1202045113 116.4716 39.90976
1202045413 116.47128 39.8929
1202045713 116.46625 39.8749
1202045713 116.46625 39.8749
1202046013 116.45513 39.87508
1202046313 116.43768 39.88334
1202046613 116.43058 39.8962
1202046913 116.42226 39.89626
1202046913 116.42226 39.89626
1202047213 116.41822 39.90324
1202047213 116.41822 39.90324
1202047513 116.41945 39.91149
1202047813 116.41438 39.91388
1202048113 116.42748 39.91123
1202048413 116.42074 39.91346
1202048713 116.42605 39.91437
1202049013 116.42085 39.90503
1202049313 116.42862 39.90366
1202049613 116.42293 39.88964
1202049913 116.42201 39.88578
1202050213 116.42196 39.88571
1202050513 116.41265 39.89125
1202050813 116.37888 39.88826
1202051113 116.36226 39.88798
1202051413 116.34283 39.89062
1202051713 116.31998 39.89592
1202052013 116.30851 39.89607
1202052313 116.31349 39.89527
1202052613 116.31349 39.89527
1202052913 116.31349 39.89527
1202053213 116.31579 39.89337
1202053513 116.30404 39.88902
1202053813 116.30035 39.88086
1202054113 116.31431 39.88743
1202054413 116.31525 39.89052
1202054713 116.31529 39.89851
1202055013 116.3151 39.90834
1202055312 116.31491 39.90672
1202055612 116.32234 39.89893
1202055912 116.31716 39.8919
1202055912 116.31716 39.8919
1202056212 116.32003 39.88842
1202056512 116.32045 39.88748
1202056812 116.34881 39.88757
1202057112 116.36273 39.8872
1202057412 116.37393 39.88794
1202057412 116.37393 39.88794
1202057712 116.38164 39.88809
1202058012 116.4057 39.89191
1202058312 116.4246 39.89207
1202058612 116.44885 39.89199
1202058912 116.47129 39.8907
1202059212 116.47167 39.89822
1202059512 116.45821 39.8994
1202059812 116.45827 39.89949
1202060112 116.45822 39.89943
1202060412 116.4582 39.89942
1202060712 116.4582 39.89942
1202061012 116.45734 39.89959
1202061312 116.45574 39.90236
1202061612 116.44963 39.90522
1202061912 116.45521 39.89368
1202062212 116.45631 39.87009
1202062512 116.45502 39.86976
1202062812 116.44 39.8797
1202063112 116.43281 39.89191
1202063412 116.42379 39.89608
1202063412 116.42379 39.89608
1202063712 116.41621 39.89925
1202064012 116.42097 39.90341
1202064312 116.42105 39.90341
1202064612 116.4216 39.9034
1202064612 116.4216 39.9034
1202064912 116.43038 39.90019
1202065212 116.42828 39.92045
1202065512 116.43364 39.92063
1202065812 116.44399 39.91691
1202066112 116.4447 39.909
1202066412 116.45463 39.90655
1202066712 116.44306 39.89807
1202067012 116.43888 39.89707
1202067312 116.43313 39.89374
1202067612 116.42238 39.89606
1202067912 116.41376 39.89954
1202068212 116.42073 39.90335
1202068512 116.42075 39.90335
1202068812 116.42077 39.90336
1202069112 116.42106 39.90338
1202069412 116.42111 39.90338
1202069712 116.42123 39.90336
1202070012 116.42137 39.90335
1202070312 116.4214 39.90338
1202070612 116.42163 39.90339
1202070912 116.42154 39.90342
1202071212 116.42155 39.90337
1202071512 116.42157 39.90337
1202071812 116.42159 39.90337
1202072111 116.42366 39.90354
1202072411 116.43033 39.90389
1202072711 116.42773 39.94438
1202073011 116.46531 39.97015
1202073311 116.45676 39.98468
1202073311 116.45676 39.98468
1202073611 116.46377 39.99103
1202074211 116.45693 39.98891
1202074511 116.47413 39.97748
1202074811 116.48459 39.96459
1202075111 116.47071 39.95298
1202075411 116.44924 39.943
1202075711 116.43539 39.93518
1202076011 116.43287 39.93943
1202076311 116.42942 39.93252
1202076611 116.42854 39.91008
1202076911 116.42586 39.90692
1202077211 116.42087 39.90837
1202077511 116.42853 39.90874
1202077811 116.44314 39.91206
1202078111 116.44627 39.92044
1202078411 116.45138 39.9182
1202078711 116.44089 39.92225
1202079011 116.42851 39.92757
1202079311 116.42611 39.94169
1202079611 116.4263 39.9427
1202079911 116.42757 39.92503
1202080211 116.42671 39.90381
1202080511 116.4296 39.90851
1202080811 116.43354 39.9232
1202081111 116.44403 39.91224
1202081411 116.45509 39.89508
1202081711 116.44662 39.88672
1202082011 116.45068 39.89214
1202082311 116.4558 39.90314
1202082611 116.45106 39.90486
1202082911 116.43231 39.90733
1202083211 116.42087 39.90412
1202083511 116.42156 39.90343
1202083811 116.42203 39.9035
1202084111 116.43009 39.90378
1202084411 116.46503 39.90699
1202084711 116.48423 39.93165
1202085011 116.51138 39.93989
1202085311 116.51179 39.93926
1202085611 116.54061 39.94053
1202085911 116.5687 39.93963
1202086211 116.58678 39.94123
1202086511 116.58409 39.92741
1202087111 116.54622 39.91485
1202087411 116.51859 39.91603
1202087711 116.48805 39.91447
1202088011 116.45769 39.90706
1202088311 116.42129 39.90714
1202088611 116.39099 39.90627
1202088911 116.39025 39.90621
1202089211 116.37867 39.89884
1202089511 116.35258 39.8982
1202089811 116.31405 39.89555
1202090110 116.3364 39.89379
1202090410 116.33654 39.89133
1202090710 116.34202 39.88821
1202091010 116.36943 39.8879
1202091310 116.40562 39.8913
1202091610 116.41215 39.90253
1202091910 116.39758 39.90658
1202092210 116.35326 39.90598
1202092510 116.33523 39.91042
1202092810 116.33258 39.90628
1202093110 116.37823 39.90581
1202093410 116.42267 39.90699
1202093710 116.4551 39.89075
1202094010 116.45284 39.88045
1202094310 116.44998 39.88319
1202094610 116.44008 39.87893
1202094910 116.4455 39.8699
1202095210 116.44475 39.87902
1202095510 116.44958 39.89028
1202095810 116.45569 39.90599
1202096110 116.45411 39.93249
1202096410 116.45078 39.92946
1202096710 116.45074 39.92944
1202097010 116.45042 39.9294
1202097310 116.45115 39.93037
1202097610 116.45591 39.93963
1202097910 116.47942 39.9557
1202098210 116.48386 39.97914
1202098510 116.48833 39.99357
1202098810 116.48837 39.99365
1202099110 116.48836 39.99362
1202099410 116.48836 39.99362
1202099410 116.48836 39.99362
1202099710 116.49088 39.99637
1202100010 116.49088 39.99636
1202100310 116.4909 39.99637
1202100610 116.49091 39.99638
1202111911 116.52043 40.03341
1202112210 116.52044 40.03339
1202112510 116.52045 40.03338
1202112810 116.52045 40.03338
1202113110 116.52044 40.03339
1202113410 116.52044 40.03339
1202113710 116.52045 40.03338
1202114010 116.52045 40.03338
1202114310 116.52044 40.03338
1202114610 116.52044 40.03339
1202114910 116.52044 40.03339
1202115210 116.52044 40.03339
1202115510 116.52044 40.03339
1202115810 116.51131 40.03314
1202116110 116.49143 40.02149
1202116410 116.46464 40.02174
1202116710 116.46095 40.01392
1202117010 116.45658 40.00088
1202117310 116.45327 39.99589
1202117610 116.46137 39.99592
1202117910 116.46486 39.99226
1202118210 116.45104 39.98286
1202118510 116.41019 39.98734
1202118810 116.40189 40.00092
1202119110 116.40202 39.99744
1202119410 116.40121 39.97331
1202119652 116.52043 40.03337
1202119711 116.40442 39.96052
1202119711 116.40442 39.96052
1202120011 116.41887 39.95661
1202120311 116.42867 39.95815
1202120610 116.42951 39.9657
1202120910 116.44756 39.95677
1202121210 116.45527 39.92525
1202121510 116.47515 39.92163
1202121809 116.51 39.92201
1202122109 116.49763 39.92194
1202122409 116.4962 39.93485
1202122709 116.47395 39.96327
1202123009 116.4716 39.97169
1202123309 116.47463 39.9622
1202123609 116.48284 39.95342
1202123909 116.48878 39.93535
1202124209 116.49928 39.93572
1202124509 116.51568 39.92242
1202124809 116.54781 39.92164
1202125109 116.54874 39.91491
1202125409 116.56628 39.91414
1202125709 116.57059 39.91324
1202126009 116.57063 39.91344
1202126309 116.57161 39.91466
1202126609 116.55777 39.92316
1202126909 116.52406 39.9361
1202127509 116.48895 39.938
1202127809 116.48226 39.95632
1202128109 116.46272 39.95276
1202128409 116.45406 39.95356
1202128409 116.45406 39.95356
1202128709 116.44981 39.94719
1202129009 116.44926 39.93761
1202129309 116.45634 39.9275
1202129608 116.45562 39.92991
1202129909 116.44016 39.9618
1202130209 116.40537 39.96764
1202130509 116.40269 39.97945
1202130809 116.41088 39.9818
1202131109 116.41855 39.96826
1202131409 116.41889 39.95527
1202131709 116.41898 39.95197
1202132009 116.41901 39.94883
1202132309 116.42833 39.9203
1202132609 116.43067 39.90691
1202132909 116.43161 39.90322
1202133209 116.432 39.90383
1202133509 116.43143 39.90313
1202133809 116.43814 39.90897
1202134109 116.44384 39.90703
1202134409 116.45585 39.89333
1202134709 116.45615 39.90415
1202135009 116.45219 39.90886
1202135309 116.45172 39.91223
1202135609 116.45163 39.91591
1202135909 116.45562 39.92193
1202136209 116.46091 39.92829
1202136509 116.45577 39.92666
1202137109 116.45444 39.93238
1202137109 116.45444 39.93238
1202137409 116.46376 39.95115
1202137709 116.46086 39.94562
1202138009 116.45547 39.93205
1202138309 116.44229 39.90722
1202138609 116.42553 39.90737
1202139208 116.37989 39.90608
1202139508 116.3569 39.90603
1202139808 116.35185 39.9084
1202140108 116.35122 39.91006
1202140708 116.36393 39.89826
1202141008 116.38453 39.89883
1202141308 116.40969 39.8994
1202141608 116.41284 39.89434
1202141908 116.4071 39.89781
1202142208 116.40077 39.90322
1202142508 116.4007 39.90856
1202142808 116.40847 39.91719
1202143108 116.40013 39.9208
1202143408 116.40034 39.90699
1202143708 116.39471 39.89905
1202144008 116.37193 39.89853
1202144308 116.36994 39.89839
1202144608 116.36868 39.89842
1202144908 116.36798 39.87908
1202145208 116.36802 39.86923
1202145508 116.41135 39.86967
1202145808 116.43846 39.88892
1202145808 116.43846 39.88892
1202146108 116.42961 39.90607
1202146408 116.43246 39.92343
1202146708 116.44008 39.92184
1202147008 116.44786 39.9219
1202147308 116.45391 39.91811
1202147608 116.45239 39.91437
1202147908 116.47148 39.91221
1202148208 116.47161 39.90774
1202148508 116.46557 39.91035
1202148808 116.47017 39.91033
1202149108 116.4696 39.90984
1202149408 116.46962 39.9103
1202149708 116.47145 39.90584
1202150008 116.4585 39.90629
1202150308 116.46412 39.90686
1202150608 116.45554 39.92509
1202150908 116.45579 39.95023
1202151208 116.45214 39.95705
1202151508 116.44657 39.96191
1202151808 116.44387 39.95908
1202152108 116.45543 39.93497
1202152408 116.45531 39.91934
1202152708 116.45501 39.88725
1202153008 116.4474 39.875
1202153608 116.46172 39.88261
1202153908 116.45636 39.8832
1202154208 116.45052 39.88338
1202154508 116.4253 39.88319
1202154508 116.4253 39.88319
1202155108 116.43197 39.89831
1202155408 116.43905 39.88265
1202155708 116.44888 39.88347
1202156008 116.44833 39.88337
1202156308 116.44227 39.88345
1202156607 116.43285 39.89231
1202156907 116.41947 39.89604
1202157207 116.41428 39.89582
1202157507 116.40594 39.89444
1202157807 116.39259 39.89009
1202158107 116.38146 39.88828
1202158707 116.38138 39.87368
1202159007 116.38058 39.86049
1202159307 116.3816 39.86606
1202159607 116.34302 39.87085
1202160507 116.32812 39.88676
1202160807 116.34238 39.87006
1202161107 116.33244 39.82961
1202162307 116.30727 39.84633
1202162607 116.31906 39.84486
1202162907 116.32644 39.84746
1202163207 116.34139 39.85584
1202163207 116.34139 39.85584
1202163507 116.34812 39.86702
1202163807 116.35682 39.87672
1202164107 116.36826 39.88022
1202164407 116.3892 39.88908
1202164707 116.40297 39.89129
1202165007 116.42132 39.89471
1202165307 116.42093 39.90379
1202165607 116.42833 39.92244
1202165907 116.44511 39.95353
1202166207 116.48342 39.98515
1202166507 116.47304 39.97055
1202166807 116.48368 39.93198
1202167107 116.45152 39.90292
1202167407 116.44015 39.9039
1202167707 116.43367 39.9073
1202168007 116.42762 39.94088
1202168307 116.40744 39.93895
1202168607 116.41942 39.93963
1202169207 116.45096 39.94702
1202169507 116.44983 39.94723
1202169807 116.43548 39.94715
1202170107 116.43549 39.94715
1202170407 116.43549 39.94714
1202170707 116.43549 39.94714
1202171007 116.4355 39.94714
1202171307 116.43272 39.94607
1202171607 116.43272 39.94606
1202171907 116.42114 39.94845
1202171907 116.42114 39.94845
1202171907 116.42114 39.94845
1202171907 116.42114 39.94845
1202172207 116.43034 39.93467
1202172507 116.4487 39.93239
1202172807 116.45138 39.91835
1202173107 116.45144 39.9075
1202173406 116.41143 39.90697
1202173706 116.37182 39.90596
1202174006 116.33904 39.91237
1202174306 116.33842 39.92179
1202174606 116.33169 39.93126
1202174906 116.33065 39.93128
1202175206 116.33068 39.93129
1202175506 116.33088 39.93189
1202175806 116.32733 39.93457
1202176106 116.31972 39.93795
1202176406 116.3296 39.95095
1202176716 116.32822 39.9658
1202177006 116.32664 39.99084
1202178806 116.47593 39.95459
1202179106 116.46357 39.94885
1202179706 116.45611 39.94405
1202180006 116.45613 39.94406
1202180306 116.4565 39.94372
1202180606 116.45672 39.94402
1202180606 116.45672 39.94402
1202180906 116.45685 39.94406
1202181206 116.45698 39.94399
1202181506 116.45696 39.94373
1202181806 116.45693 39.94367
1202182106 116.45582 39.94765
1202182406 116.46035 39.95916
1202182706 116.47261 39.97858
1202183006 116.47502 39.98746
1202183306 116.50127 40.00574
1202183606 116.52366 40.03355
1202183906 116.52089 40.03341
1202184206 116.5209 40.03341
1202184506 116.52021 40.03359
1202184806 116.52023 40.03358
1202185106 116.52025 40.03354
1202185406 116.52026 40.03352
1202185706 116.52026 40.0335
1202186006 116.52026 40.03349
1202186304 116.35973 40.03038
1202186304 116.35973 40.03038
1202186606 116.52026 40.03348
1202186906 116.52027 40.03348
1202187206 116.52026 40.03347
1202187506 116.52027 40.03347
1202187806 116.52027 40.03347
1202188106 116.52027 40.03347
1202188406 116.52027 40.03347
1202188706 116.52027 40.03346
1202189006 116.52027 40.03346
1202189306 116.52027 40.03346
1202189306 116.52027 40.03346
1202189606 116.52027 40.03346
1202189905 116.52027 40.03346
1202190205 116.52027 40.03346
1202190505 116.52027 40.03346
1202190805 116.52027 40.03346
1202191105 116.52027 40.03346
1202191405 116.52027 40.03346
1202191705 116.52027 40.03346
1202192005 116.52027 40.03346
1202192305 116.52027 40.03346
1202192605 116.52027 40.03346
1202192905 116.52027 40.03346
1202193205 116.52027 40.03346
1202193505 116.52023 40.03342
1202193811 116.52023 40.03347
1202194105 116.52022 40.03347
1202194405 116.52023 40.03347
1202194705 116.52024 40.03347
1202195305 116.52023 40.03347
1202195605 116.52022 40.03346
1202195905 116.52023 40.03346
1202196205 116.52023 40.03346
1202196505 116.52023 40.03346
1202196805 116.52023 40.03346
1202197405 116.52023 40.03346
1202197705 116.52023 40.03346
1202198005 116.52023 40.03346
1202198005 116.52023 40.03346
1202198305 116.52024 40.03346
1202198605 116.5063 40.01031
1202198905 116.4819 39.98787
1202199205 116.48864 39.96184
1202199505 116.49171 39.95463
1202199805 116.49179 39.95457
1202200105 116.49173 39.95461
1202200405 116.48249 39.95435
1202200705 116.47225 39.93089
1202201005 116.47183 39.91527
1202201305 116.44847 39.91177
1202201605 116.42927 39.90437
1202201905 116.42958 39.90309
1202202205 116.4178 39.9031
1202202805 116.42103 39.90332
1202203105 116.42972 39.90305
1202203405 116.43295 39.8683
1202203705 116.43278 39.86921
1202204005 116.43026 39.9016
1202204305 116.42759 39.94178
1202204605 116.4331 39.9536
1202204905 116.4403 39.9451
1202205205 116.42716 39.94024
1202205505 116.43077 39.89872
1202205805 116.42275 39.86987
1202206060 116.40177 39.96088
1202206406 116.40533 39.85244
1202206705 116.40782 39.85894
1202206705 116.40782 39.85894
1202207005 116.41328 39.86967
1202207304 116.451 39.87008
1202207604 116.45544 39.89292
1202207904 116.45566 39.94017
1202208204 116.45525 39.94886
1202208504 116.44478 39.93991
1202208804 116.43294 39.93516
1202209104 116.43877 39.93961
1202209404 116.4293 39.93303
1202209704 116.42925 39.90399
1202210004 116.42624 39.90373
1202210304 116.41851 39.90325
1202210604 116.42058 39.90345
1202210904 116.42067 39.90342
1202211204 116.4208 39.90334
1202211504 116.42108 39.90335
1202211804 116.42109 39.90334
1202212104 116.42125 39.9033
1202212404 116.42162 39.90336
1202212704 116.43247 39.90175
1202213004 116.45211 39.90708
1202213304 116.47447 39.90666
1202213604 116.46614 39.90707
1202214504 116.43366 39.92281
1202214804 116.42308 39.94833
1202215104 116.40792 39.95799
1202215404 116.41194 39.9607
1202215404 116.41194 39.9607
1202215704 116.41306 39.94783
1202216004 116.42691 39.93812
1202216304 116.42836 39.93371
1202216604 116.42925 39.93245
1202216904 116.42646 39.91898
1202217204 116.42077 39.90386
1202217504 116.42102 39.90346
1202217804 116.42168 39.90281
1202218104 116.42164 39.9031
1202218404 116.42146 39.90339
1202218704 116.42525 39.90379
1202219004 116.41596 39.89911
1202219304 116.40563 39.90001
1202219604 116.40526 39.9036
1202219904 116.40631 39.90907
1202220204 116.41981 39.91398
1202220504 116.42843 39.92216
1202220804 116.43188 39.94819
1202232199 116.52891 40.04379
1202232499 116.52882 40.04259
1202232799 116.52788 40.04184
1202233099 116.53221 40.04921
1202233099 116.53221 40.04921
1202233399 116.55223 40.08279
1202233699 116.56942 40.1165
1202233999 116.60702 40.11652
1202234299 116.65645 40.11586
1202234599 116.69296 40.12375
1202234899 116.69696 40.14004
1202235199 116.71728 40.1809
1202235499 116.73501 40.20887
1202235799 116.75499 40.22382
1202236099 116.78843 40.24466
1202236399 116.83888 40.23159
1202236699 116.88304 40.23518
1202236999 116.90933 40.25287
1202237299 116.92657 40.27745
1202237599 116.95615 40.29736
1202237899 116.93893 40.3128
1202238199 116.93893 40.3128
1202238499 116.93893 40.31281
1202238799 116.93893 40.31281
1202239099 116.93893 40.31281
1202239399 116.93893 40.31281
1202239699 116.93893 40.31281
1202239999 116.93893 40.31281
1202240299 116.93893 40.3128
1202240599 116.93893 40.3128
1202240899 116.93892 40.31279
1202241199 116.93891 40.31279
1202241499 116.93891 40.31279
1202241799 116.93891 40.31279
1202241799 116.93891 40.31279
1202242098 116.93891 40.31279
1202242398 116.9389 40.31279
1202242698 116.9389 40.31278
1202242998 116.9389 40.31278
1202243298 116.9389 40.31278
1202243598 116.9389 40.31278
1202243898 116.9389 40.31278
1202244198 116.93891 40.31278
1202244498 116.9389 40.31278
1202244798 116.9389 40.31278
1202245098 116.9389 40.31279
1202245398 116.9389 40.31279
1202245698 116.9389 40.31279
1202245998 116.9389 40.31279
1202246298 116.9389 40.31279
1202246598 116.93891 40.31279
1202246898 116.93891 40.31279
1202247198 116.93891 40.31279
1202247498 116.93891 40.31279
1202247798 116.93891 40.31279
1202248098 116.93891 40.31279
1202248398 116.93891 40.31279
1202248698 116.93891 40.31279
1202248998 116.9389 40.31279
1202249598 116.9389 40.31279
1202249898 116.9389 40.31279
1202250198 116.9389 40.31279
1202250498 116.9389 40.31279
1202250498 116.9389 40.31279
1202250798 116.9389 40.31279
1202251098 116.9389 40.31279
1202251398 116.9389 40.31279
1202251698 116.9389 40.31279
1202251998 116.9389 40.31279
1202252298 116.9389 40.3128
1202252598 116.9389 40.3128
1202253198 116.93891 40.3128
1202253498 116.93891 40.31281
1202253798 116.93891 40.31281
1202254098 116.93891 40.31281
1202254398 116.93891 40.31281
1202254698 116.93891 40.31281
1202254998 116.93891 40.31281
1202255298 116.93891 40.31281
1202255598 116.93891 40.31281
1202255898 116.93891 40.31281
1202256198 116.93891 40.31281
1202256498 116.93891 40.31281
1202256798 116.93891 40.31281
1202257098 116.93891 40.31281
1202257398 116.93891 40.31281
1202257698 116.93891 40.31281
1202257998 116.93891 40.31281
1202258898 116.93891 40.31281
1202259197 116.9389 40.31281
1202259197 116.9389 40.31281
1202259497 116.9389 40.31281
1202259797 116.9389 40.31282
1202260097 116.9389 40.31282
1202260397 116.9389 40.31282
1202260697 116.9389 40.31282
1202260997 116.9389 40.31282
1202261297 116.9389 40.31282
1202261597 116.9389 40.31282
1202261897 116.9389 40.31282
1202262197 116.9389 40.31282
1202262497 116.9389 40.31282
1202262797 116.9389 40.31282
1202263097 116.9389 40.31282
1202263397 116.9389 40.31282
1202263997 116.9389 40.31282
1202264897 116.9389 40.31282
1202265197 116.9389 40.31282
1202265497 116.9389 40.31282
1202265797 116.9389 40.31282
1202266097 116.9389 40.31282
1202266397 116.9389 40.31282
1202266697 116.9389 40.31282
1202266997 116.9389 40.31282
1202267297 116.9389 40.31282
1202267597 116.93891 40.31282
1202267897 116.9389 40.31282
1202268197 116.9389 40.31282
1202268497 116.9389 40.31282
1202268797 116.9389 40.31282
1202269097 116.9389 40.31282
1202269397 116.9389 40.31282
1202269697 116.9389 40.31282
1202269997 116.9389 40.31282
1202270297 116.9389 40.31282
1202270597 116.9389 40.31282
1202270897 116.9389 40.31282
1202271197 116.9389 40.31282
1202271497 116.9389 40.31282
1202271797 116.9389 40.31282
1202272097 116.9389 40.31282
1202272697 116.9389 40.31282
1202273297 116.9389 40.31282
1202273597 116.9389 40.31282
1202273897 116.9389 40.31282
1202274197 116.9389 40.31282
1202274497 116.9389 40.31282
1202274797 116.9389 40.31282
1202275397 116.9389 40.31282
1202275697 116.9389 40.31282
1202276596 116.9389 40.31283
1202276596 116.9389 40.31283
1202276896 116.9389 40.31283
1202277196 116.93891 40.31283
1202277496 116.93891 40.31283
1202277796 116.93891 40.31283
1202278096 116.93891 40.31283
1202278396 116.93891 40.31283
1202278696 116.93891 40.31283
1202278996 116.93891 40.31283
1202279296 116.93891 40.31282
1202279596 116.93891 40.31283
1202280196 116.93891 40.31283
1202280496 116.93891 40.31283
1202280796 116.93891 40.31283
1202281096 116.93886 40.31304
1202281396 116.93888 40.31299
1202281696 116.93888 40.31297
1202281996 116.93887 40.31295
1202282596 116.93887 40.31293
1202282896 116.93887 40.31292
1202283196 116.93888 40.31291
1202283496 116.93888 40.3129
1202283796 116.93888 40.3129
1202284096 116.93888 40.3129
1202284696 116.93887 40.31289
1202285296 116.93887 40.31288
1202285296 116.93887 40.31288
1202285596 116.93887 40.31288
1202285896 116.93887 40.31287
1202286196 116.93888 40.31287
1202286496 116.93888 40.31287
1202286796 116.93888 40.31286
1202287096 116.93889 40.31286
1202287396 116.93889 40.31286
1202287696 116.93889 40.31286
1202287996 116.93889 40.31286
1202288296 116.93889 40.31286
1202288596 116.9389 40.31286
1202289196 116.9389 40.31286
1202289496 116.9389 40.31286
1202289796 116.9389 40.31286
1202290096 116.9389 40.31286
1202290396 116.9389 40.31286
1202290696 116.9389 40.31285
1202291296 116.9389 40.31285
1202291596 116.9389 40.31285
1202292145 116.9389 40.3128
1202292497 116.93877 40.3128
1202292797 116.9388 40.31281
1202293096 116.93882 40.31281
1202293395 116.93882 40.31281
1202293695 116.93882 40.31281
1202293995 116.93882 40.31281
1202293995 116.93882 40.31281
1202294295 116.93883 40.31282
1202294595 116.93884 40.31281
1202294895 116.93892 40.31296
1202295195 116.93872 40.31256
1202295495 116.93877 40.31262
1202295495 116.61482 39.87589
1202295795 116.93881 40.31265
1202296095 116.93882 40.31266
1202296395 116.93882 40.31266
1202296695 116.93882 40.31267
1202296995 116.93899 40.31292
1202297295 116.93897 40.3129
1202297895 116.93892 40.31289
1202298795 116.93893 40.31287
1202299095 116.93893 40.31287
1202299395 116.93894 40.31287
1202299695 116.93894 40.31288
1202299995 116.93894 40.31288
1202300295 116.93895 40.31287
1202300595 116.93895 40.31287
1202300895 116.93895 40.31287
1202301195 116.93895 40.31287
1202301495 116.93895 40.31287
1202301795 116.93895 40.31287
1202302095 116.93895 40.31287
1202302395 116.93895 40.31286
1202302695 116.93895 40.31286
1202302695 116.93895 40.31286
1202302995 116.93895 40.31286
1202303295 116.93895 40.31286
1202303595 116.93932 40.31211
1202303895 116.93914 40.31243
1202304195 116.93908 40.31263
1202304495 116.93903 40.31276
1202304795 116.93902 40.31278
1202305095 116.93901 40.31279
1202305395 116.93901 40.3128
1202305695 116.939 40.3128
1202305995 116.939 40.31282
1202306295 116.939 40.31282
1202306595 116.939 40.31283
1202306895 116.93874 40.31298
1202307195 116.96136 40.292
1202307495 116.95898 40.32162
1202307795 116.95872 40.32162
1202308095 116.9587 40.32163
1202308395 116.9587 40.32162
1202308695 116.9587 40.32162
1202308995 116.95871 40.32162
1202309295 116.95871 40.32162
1202309594 116.95871 40.32163
1202309894 116.95871 40.32163
1202310194 116.95871 40.32164
1202310494 116.95871 40.32164
1202310794 116.95872 40.32165
1202311094 116.95872 40.32165
1202311694 116.95873 40.32165
1202311994 116.95873 40.32165
1202312294 116.95873 40.32165
1202312594 116.95873 40.32166
1202312894 116.95873 40.32166
1202313194 116.95874 40.32166
1202313494 116.95973 40.321
1202313794 116.96487 40.29278
1202314094 116.94882 40.29978
1202314394 116.93898 40.31292
1202314694 116.93898 40.31292
1202314994 116.93897 40.31294
1202315294 116.93897 40.31295
1202315594 116.93897 40.31294
1202315894 116.93898 40.31293
1202316194 116.93897 40.31292
1202316494 116.93896 40.31289
1202316794 116.93896 40.31288
1202317094 116.93896 40.31287
1202317394 116.93896 40.31287
1202317694 116.93897 40.31286
1202317994 116.93897 40.31286
1202318294 116.93897 40.31286
1202318594 116.93896 40.31286
1202318894 116.93897 40.31287
1202319194 116.93897 40.31287
1202319494 116.93897 40.31287
1202319794 116.93897 40.31287
1202320094 116.93897 40.31287
1202320094 116.93897 40.31287
1202320394 116.93883 40.31274
1202320694 116.9389 40.31282
1202320994 116.93894 40.31285
1202321294 116.93895 40.31285
1202321594 116.93895 40.31285
1202321894 116.93895 40.31285
1202322194 116.93895 40.31285
1202322494 116.93895 40.31284
1202322794 116.93895 40.31284
1202323094 116.93895 40.31284
1202323394 116.93895 40.31284
1202323694 116.93895 40.31284
1202323994 116.93895 40.31284
1202324594 116.93894 40.31283
1202324894 116.93894 40.31283
1202325194 116.93893 40.31283
1202325494 116.93893 40.31283
1202326094 116.93892 40.31282
1202326394 116.93893 40.31282
1202326694 116.93893 40.31282
1202326993 116.93893 40.31282
1202327293 116.93893 40.31282
1202327893 116.93894 40.31281
1202328193 116.93894 40.31281
1202328493 116.93894 40.31282
1202328793 116.93894 40.31282
1202328793 116.93894 40.31282
1202329093 116.93895 40.31282
1202329393 116.93894 40.31282
1202329693 116.93894 40.31282
1202329993 116.93894 40.31282
1202330293 116.93894 40.31282
1202330593 116.93894 40.31282
1202331193 116.93894 40.31282
1202331493 116.93893 40.31282
1202331793 116.93893 40.31282
1202332093 116.93893 40.31282
1202332393 116.93894 40.31282
1202332693 116.93893 40.31282
1202332993 116.93894 40.31281
1202333293 116.93894 40.31281
1202333593 116.93894 40.31281
1202334193 116.93894 40.31281
1202334493 116.93894 40.31281
1202334793 116.93894 40.31281
1202335093 116.93894 40.31281
1202335393 116.93894 40.31281
1202335693 116.93894 40.31281
1202335993 116.93894 40.3128
1202336293 116.93894 40.3128
1202336593 116.93895 40.3128
1202336893 116.93895 40.3128
1202337193 116.93894 40.31279
1202337493 116.93873 40.3125
1202337793 116.93879 40.31257
1202337793 116.93879 40.31257
1202338093 116.93882 40.3126
1202338393 116.93898 40.31293
1202338693 116.93896 40.31289
1202338993 116.93896 40.31289
1202339293 116.93896 40.31287
1202339593 116.93896 40.31287
1202339893 116.93896 40.31287
1202340193 116.93895 40.31287
1202340493 116.93895 40.31286
1202340793 116.93894 40.31286
1202341093 116.93894 40.31286
1202341393 116.93894 40.31286
1202341693 116.93894 40.31285
1202341993 116.93894 40.31285
1202342293 116.93895 40.31285
1202342593 116.93895 40.31285
1202342893 116.93895 40.31285
1202343193 116.93895 40.31285
1202343493 116.93896 40.31285
1202343792 116.93896 40.31285
1202344092 116.93896 40.31285
1202344392 116.93896 40.31285
1202344692 116.93897 40.31285
1202344992 116.93897 40.31284
1202345292 116.93897 40.31284
1202345592 116.93897 40.31284
1202345892 116.93897 40.31284
1202346192 116.93897 40.31284
1202346492 116.93897 40.31285
1202346492 116.93897 40.31285
1202346792 116.93897 40.31284
1202347092 116.93897 40.31284
1202347392 116.93897 40.31284
1202347692 116.93898 40.31284
1202347992 116.93898 40.31284
1202348292 116.93898 40.31284
1202348592 116.93898 40.31283
1202348892 116.93897 40.31283
1202349192 116.93897 40.31283
1202349492 116.93897 40.31283
1202350392 116.93897 40.31283
1202350692 116.93897 40.31284
1202350992 116.93897 40.31284
1202351292 116.93896 40.31284
1202351592 116.93896 40.31284
1202351892 116.93896 40.31284
1202352192 116.93896 40.31284
1202352492 116.93896 40.31284
1202352792 116.93896 40.31284
1202353092 116.93896 40.31284
1202353992 116.93896 40.31284
1202354292 116.93896 40.31284
1202354592 116.93895 40.31284
1202354892 116.93896 40.31283
1202355192 116.93896 40.31283
1202355192 116.93896 40.31283
1202355492 116.93896 40.31283
1202355792 116.93896 40.31283
1202356092 116.93896 40.31283
1202356392 116.93896 40.31283
1202356692 116.93896 40.31283
1202356992 116.93896 40.31282
1202357592 116.93896 40.31282
1202357892 116.93896 40.31282
1202358192 116.93896 40.31282
1202358492 116.93896 40.31282
1202358792 116.93896 40.31283
1202359092 116.93897 40.31283
1202359392 116.93897 40.31283
1202359692 116.93897 40.31283
1202359992 116.93897 40.31283
1202360292 116.93897 40.31284
1202360591 116.93897 40.31284
1202360891 116.93897 40.31284
1202361191 116.93897 40.31284
1202361491 116.93897 40.31284
1202361791 116.93897 40.31284
1202362091 116.93897 40.31284
1202362391 116.93898 40.31284
1202362691 116.93897 40.31284
1202362991 116.93897 40.31284
1202363291 116.93897 40.31284
1202363591 116.93897 40.31284
1202363891 116.93897 40.31284
1202363891 116.93897 40.31284
1202364191 116.93897 40.31284
1202364491 116.93897 40.31284
1202364791 116.93897 40.31284
1202365091 116.93897 40.31284
1202365391 116.93897 40.31284
1202365691 116.93896 40.31284
1202365991 116.93896 40.31284
1202366291 116.93896 40.31284
1202366591 116.93896 40.31284
1202366891 116.93896 40.31284
1202367191 116.93896 40.31284
1202367491 116.93896 40.31284
1202367791 116.93896 40.31284
1202368091 116.93895 40.31284
1202368391 116.93895 40.31284
1202368691 116.93895 40.31284
1202368991 116.93895 40.31284
1202369291 116.93895 40.31284
1202369591 116.93895 40.31284
1202369891 116.93895 40.31284
1202370191 116.93895 40.31284
1202370491 116.93894 40.31284
1202370791 116.93894 40.31283
1202371091 116.93894 40.31284
1202371391 116.93894 40.31283
1202371691 116.93894 40.31283
1202371991 116.93894 40.31283
1202372291 116.93895 40.31284
1202372591 116.93894 40.31284
1202372591 116.93894 40.31284
1202372891 116.93894 40.31284
1202373191 116.93894 40.31284
1202373491 116.93894 40.31284
1202373791 116.93894 40.31284
1202374091 116.93894 40.31284
1202374691 116.93894 40.31284
1202374991 116.93894 40.31284
1202375291 116.93818 40.31257
1202375591 116.93841 40.31262
1202375891 116.93858 40.31267
1202376191 116.9389 40.31269
1202376491 116.93893 40.3127
1202376791 116.93895 40.31271
1202377091 116.93896 40.31271
1202377391 116.93897 40.31271
1202377691 116.93897 40.31271
1202377990 116.93902 40.31282
1202378290 116.95884 40.29349
1202378552 116.93896 40.31284
1202378591 116.98758 40.2559
1202378891 117.015 40.21858
1202379190 117.00841 40.18961
1202379490 117.01521 40.14966
1202379790 117.00911 40.10859
1202380090 116.99979 40.1053
1202380390 116.99859 40.1059
1202380690 116.99711 40.12282
1202380990 116.96579 40.14718
1202381290 116.91016 40.15229
1202381290 116.91016 40.15229
1202381590 116.83349 40.15081
1202381890 116.76429 40.14033
1202382190 116.69756 40.1247
1202382490 116.65312 40.11623
1202383090 116.58069 40.1027
1202383390 116.58068 40.07817
1202383690 116.5609 40.03267
1202383990 116.48011 39.98535
1202384290 116.4267 39.94745
1202384590 116.43147 39.89862
1202384890 116.41318 39.86999
1202385190 116.3512 39.86726
1202385490 116.31777 39.86724
1202385790 116.31298 39.86315
1202386090 116.31628 39.8631
1202386690 116.31614 39.86414
1202386990 116.31852 39.8667
1202387290 116.36858 39.86881
1202387590 116.42473 39.86955
1202387890 116.43464 39.8978
1202388190 116.48136 39.90498
1202388490 116.48395 39.94179
1202388790 116.47778 39.98284
1202389090 116.54985 40.02788
1202389390 116.58197 40.07109
1202389690 116.57616 40.08776
1202389990 116.58218 40.11616
1202389990 116.58218 40.11616
1202390290 116.62934 40.11626
1202390590 116.68414 40.11724
1202390890 116.74923 40.13252
1202391190 116.81421 40.14835
1202391490 116.85611 40.152
1202391790 116.93759 40.15079
1202392090 116.99778 40.13935
1202392390 116.99776 40.12852
1202392690 116.99716 40.12571
1202392990 116.99494 40.10804
1202393290 116.99968 40.10433
1202393590 116.99966 40.1043
1202393890 116.99964 40.1043
1202394190 116.99963 40.10429
1202394490 116.99964 40.10431
1202394790 116.99964 40.1043
1202395090 116.99964 40.1043
1202395390 116.99964 40.10431
1202395690 116.99965 40.10431
1202395990 116.99966 40.10431
1202396289 116.99967 40.10431
1202396589 116.99968 40.10432
1202396889 116.99968 40.10432
1202397191 116.9997 40.10433
1202397489 116.99971 40.10434
1202397789 116.99971 40.10434
1202398089 116.99972 40.10435
1202398389 116.99972 40.10435
1202398689 116.99972 40.10435
1202398689 116.99972 40.10435
1202398989 116.99972 40.10435
1202399289 116.99972 40.10435
1202399589 116.99972 40.10435
1202399889 116.99972 40.10435
1202400189 116.99973 40.10436
1202400489 116.99972 40.10436
1202400789 116.99972 40.10436
1202401089 116.99972 40.10436
1202401389 116.99972 40.10437
1202401689 116.99944 40.10465
1202401989 116.99954 40.10459
1202402289 116.99961 40.10409
1202402589 116.99968 40.10426
1202402889 116.99945 40.10382
1202403189 116.99963 40.10428
1202403489 116.99972 40.1044
1202403789 116.99976 40.10444
1202404089 116.99977 40.10446
1202404389 116.99979 40.10445
1202404689 116.99979 40.10445
1202404989 116.99978 40.10445
1202405289 116.99978 40.10445
1202405589 116.99958 40.10426
1202405889 116.99981 40.10444
1202406189 116.99979 40.10443
1202406489 116.99978 40.10442
1202406789 116.99993 40.10427
1202407089 117.01387 40.1213
1202407875 117.01442 40.15548
1202408694 117.01436 40.15555
1202408994 117.01436 40.15554
1202409736 117.01645 40.14172
1202410035 117.05718 40.14462
1202410335 117.09029 40.1443
1202410635 117.09141 40.14892
1202410935 117.09379 40.14855
1202411235 117.10608 40.15672
1202411535 117.1121 40.15651
1202411835 117.11209 40.1564
1202412460 117.11176 40.15677
1202412760 117.09498 40.15194
1202413059 117.07744 40.144
1202413359 117.03988 40.14427
1202413659 117.01696 40.14142
1202413959 117.0165 40.14024
1202414259 117.01309 40.11905
1202414559 116.99974 40.10632
1202414859 116.99826 40.10673
1202415159 116.99825 40.10674
1202415459 116.99824 40.10674
1202415759 116.99823 40.10674
1202416059 116.99822 40.10673
1202416359 116.99822 40.10673
1202416659 116.99822 40.10672
1202416959 116.99822 40.10672
1202416959 116.99822 40.10672
1202417259 116.99849 40.10675
1202417559 116.9984 40.10671
1202417859 116.99836 40.10672
1202418159 116.99833 40.10672
1202418459 116.99828 40.10673
1202418759 116.99824 40.10673
1202419059 116.99823 40.10672
1202419359 116.99827 40.10657
1202419659 116.99839 40.10643
1202419959 116.99838 40.10697
1202420259 116.99836 40.10689
1202420559 116.99835 40.10687
1202420859 116.99833 40.10685
1202421159 116.99831 40.10683
1202421459 116.9983 40.1068
1202421759 116.99829 40.10679
1202422059 116.99829 40.10679
1202422359 116.99829 40.10678
1202422659 116.99829 40.10677
1202422959 116.99828 40.10675
1202423259 116.99828 40.10674
1202423559 116.99827 40.10673
1202423859 116.99827 40.10672
1202424159 116.99827 40.10671
1202424458 116.99827 40.10671
1202424758 116.99827 40.1067
1202425058 116.99827 40.1067
1202425358 116.99826 40.10669
1202425658 116.99826 40.10669
1202425658 116.99826 40.10669
1202425958 116.99826 40.10669
1202426258 116.99825 40.10669
1202426558 116.99824 40.10669
1202426858 116.99824 40.10669
1202427158 116.99824 40.10669
1202427458 116.99824 40.10669
1202427758 116.99823 40.10669
1202428058 116.99823 40.10669
1202428358 116.99823 40.10669
1202428658 116.99823 40.10668
1202428958 116.99823 40.10668
1202429258 116.99823 40.10668
1202429558 116.99823 40.10668
1202429858 116.99823 40.10668
1202430158 116.99823 40.10668
1202430458 116.99823 40.10667
1202430758 116.99823 40.10667
1202431058 116.99823 40.10667
1202431358 116.99822 40.10667
1202431658 116.99823 40.10667
1202431958 116.99823 40.10667
1202432258 116.99823 40.10667
1202432558 116.99822 40.10667
1202432858 116.99822 40.10666
1202433158 116.9982 40.10671
1202433458 116.99821 40.10669
1202433758 116.99821 40.10668
1202434058 116.9982 40.10669
1202434358 116.9982 40.1067
1202434358 116.9982 40.1067
1202434658 116.99819 40.1067
1202434958 116.99819 40.1067
1202435258 116.99819 40.10669
1202435558 116.99819 40.10669
1202435858 116.99819 40.10669
1202437358 116.99818 40.10669
1202438858 116.99812 40.1067
1202439158 116.99815 40.1067
1202439458 116.99816 40.1067
1202439758 116.99818 40.1067
1202440058 116.9982 40.10668
1202440358 116.9982 40.10668
1202440658 116.9982 40.10668
1202440958 116.9982 40.10667
1202441258 116.9982 40.10667
1202441558 116.9982 40.10667
1202441858 116.9982 40.10667
1202442158 116.9982 40.10667
1202442458 116.99821 40.10667
1202442757 116.99821 40.10667
1202443057 116.99822 40.10667
1202443057 116.99822 40.10667
1202443357 116.99822 40.10666
1202443657 116.99822 40.10666
1202444257 116.99822 40.10665
1202444557 116.99822 40.10664
1202444857 116.99822 40.10664
1202445157 116.99823 40.10664
1202445457 116.99823 40.10664
1202445757 116.99823 40.10664
1202446057 116.99824 40.10664
1202446357 116.99824 40.10664
1202446657 116.99839 40.10662
1202446957 116.99829 40.10664
1202447257 116.99827 40.10663
1202447557 116.99825 40.10662
1202447857 116.99825 40.10663
1202448157 116.99819 40.10677
1202448457 116.99822 40.10675
1202448757 116.99821 40.10674
1202449057 116.9982 40.10674
1202449357 116.9982 40.10673
1202449657 116.99819 40.10673
1202449957 116.99819 40.10673
1202450257 116.99819 40.10673
1202450557 116.99819 40.10671
1202450857 116.99823 40.10669
1202451157 116.99823 40.10668
1202451457 116.99823 40.1067
1202451757 116.99833 40.10654
1202451757 116.99833 40.10654
1202452057 116.9983 40.10664
1202452357 116.99828 40.10667
1202452657 116.99827 40.10667
1202452957 116.99827 40.10666
1202453257 116.99827 40.10664
1202453557 116.99827 40.10662
1202453857 116.99828 40.10661
1202454157 116.99828 40.1066
1202454457 116.99828 40.10659
1202454757 116.99828 40.1066
1202455057 116.99823 40.10675
1202455357 116.99823 40.10674
1202455657 116.99823 40.10672
1202455957 116.99823 40.10671
1202456257 116.99823 40.1067
1202456557 116.99823 40.1067
1202456857 116.99823 40.10669
1202457157 116.99823 40.1067
1202457457 116.99824 40.10669
1202457757 116.99824 40.10669
1202458057 116.99824 40.10669
1202458357 116.99824 40.10669
1202458657 116.99824 40.10668
1202458957 116.99824 40.10668
1202459257 116.99824 40.10668
1202459556 116.99824 40.10668
1202459856 116.99824 40.10668
1202460156 116.99822 40.10675
1202460456 116.99823 40.10674
1202460456 116.99823 40.10674
1202460756 116.99824 40.10672
1202461056 116.99824 40.10671
1202461356 116.99824 40.1067
1202461656 116.99858 40.10637
1202461956 116.99852 40.10641
1202462256 116.99846 40.10646
1202462556 116.99842 40.10648
1202462856 116.99838 40.1065
1202463156 116.99834 40.10651
1202463456 116.99832 40.10652
1202463756 116.99831 40.10652
1202464056 116.9983 40.10653
1202464356 116.99829 40.10654
1202464656 116.99828 40.10655
1202464956 116.99827 40.10656
1202465206 117.1146 40.16498
1202465257 116.99817 40.10661
1202465556 116.99817 40.10661
1202465856 116.99817 40.10661
1202466156 116.99818 40.10662
1202466456 116.99818 40.10661
1202466756 116.99819 40.1066
1202467056 116.99819 40.1066
1202467356 116.9982 40.10654
1202467656 116.9982 40.10655
1202467956 116.99812 40.10672
1202468256 116.99816 40.10666
1202468556 116.99816 40.10668
1202468856 116.99817 40.10669
1202469156 116.99816 40.10669
1202469156 116.99816 40.10669
1202469679 116.99827 40.10675
1202469978 116.99829 40.10676
1202470278 116.99829 40.10679
1202470578 116.99832 40.10694
1202470878 116.99825 40.1068
1202471178 116.99823 40.10681
1202471478 116.99825 40.10686
1202471478 116.99825 40.10686
1202471778 116.99824 40.10684
1202472078 116.99824 40.10683
1202472378 116.99864 40.10621
1202472678 117.00943 40.10937
1202472978 117.01664 40.14104
1202473278 117.05662 40.14471
1202473578 117.08967 40.1389
1202473878 117.0949 40.13251
1202474178 117.09459 40.13306
1202477286 116.99822 40.10662
1202477585 116.99822 40.10662
1202477885 116.99822 40.10662
1202478185 116.99822 40.10662
1202478485 116.99822 40.10662
1202478785 116.99822 40.10662
1202479085 116.99822 40.10662
1202479385 116.99822 40.10662
1202479685 116.99822 40.10662
1202480285 117.09484 40.13324
1202480585 117.09677 40.13346
1202480885 117.09672 40.13337
1202481185 117.09544 40.1333
1202481484 117.09558 40.13331
1202481784 117.09549 40.13333
1202484006 117.09513 40.13408
1202484305 117.09507 40.13313
1202484605 117.09307 40.14406
1202484905 117.05207 40.14543
1202485205 117.01578 40.13173
1202485505 117.01305 40.11902
1202485805 117.00181 40.07584
1202486105 116.98959 40.07743
1202486405 116.98792 40.07767
1202486705 116.98369 40.0791
1202487005 116.9947 40.10492
1202487305 116.99863 40.10602
1202487605 116.99862 40.10603
1202487905 116.9986 40.10607
1202488205 116.99861 40.10606
1202488505 116.99871 40.10581
1202488805 116.99745 40.12325
1202489105 116.99741 40.12323
1202489405 116.99729 40.12327
1202489705 116.99732 40.12331
1202490005 116.99732 40.1058
1202490305 116.99894 40.10625
1202490605 116.99898 40.10632
1202490905 116.99899 40.1063
1202490905 116.99899 40.1063
1202491205 117.00044 40.10565
1202491505 117.00045 40.10566
1202491805 117.00046 40.10566
1202492105 117.00069 40.10577
