UTS Latitude Longitude
1201959465 117.14277 40.18265
1201959765 117.14277 40.18266
1201960065 117.14276 40.18267
1201960365 117.14276 40.18264
1201960665 117.14277 40.18266
1201960967 117.14276 40.18267
1201961565 117.14276 40.18264
1201961865 117.14278 40.18263
1201962165 117.1428 40.18263
1201962465 117.14272 40.18266
1201963065 117.14275 40.18262
1201963365 117.14272 40.18261
1201963665 117.14274 40.18263
1201963965 117.14275 40.18269
1201964265 117.14275 40.18264
1201964265 117.14275 40.18264
1201964565 117.1427 40.18266
1201964865 117.14276 40.18267
1201965465 117.14275 40.18268
1201965765 117.14277 40.18269
1201966065 117.14279 40.18266
1201966365 117.14277 40.18268
1201966665 117.14276 40.18266
1201966965 117.14277 40.1827
1201967264 117.14276 40.18269
1201967564 117.14277 40.18266
1201967864 117.14275 40.18272
1201968164 117.14277 40.18269
1201968465 117.14279 40.18266
1201968764 117.14274 40.1827
1201969364 117.14277 40.18268
1201969664 117.14274 40.18271
1201969964 117.14277 40.18268
1201970264 117.14278 40.18264
1201970564 117.14276 40.18266
1201970864 117.14281 40.18264
1201971164 117.14277 40.18267
1201971464 117.14275 40.18265
1201971764 117.14277 40.18267
1201972064 117.14276 40.18263
1201972364 117.14274 40.18268
1201972664 117.14275 40.18266
1201972964 117.14278 40.18269
1201972964 117.14278 40.18269
1201973264 117.14276 40.18264
1201973564 117.14278 40.18263
1201973864 117.14275 40.18261
1201974164 117.1428 40.18264
1201974464 117.14275 40.18263
1201974764 117.14277 40.18262
1201975064 117.14276 40.18263
1201975364 117.14274 40.18263
1201975664 117.14277 40.18266
1201975964 117.13987 40.17762
1201976264 117.13461 40.15079
1201976564 117.13272 40.15021
1201977164 117.04758 40.14537
1201977464 116.98787 40.14145
1201977764 116.92077 40.1518
1201978064 116.84728 40.15181
1201978364 116.80883 40.14681
1201978664 116.79711 40.08305
1201978964 116.7512 40.06296
1201979564 116.67043 40.03072
1201979864 116.67217 39.98684
1201980164 116.63061 39.98702
1201980464 116.58766 39.97746
1201980764 116.56529 39.97578
1201981064 116.53401 39.97086
1201981364 116.52743 39.96646
1201981664 116.52765 39.96674
1201981664 116.52765 39.96674
1201981964 116.52767 39.96672
1201982264 116.52765 39.96672
1201982564 116.52766 39.96675
1201982864 116.52767 39.96675
1201983164 116.52766 39.96682
1201983463 116.52771 39.96649
1201983763 116.52236 39.96332
1201984063 116.50561 39.95695
1201984663 116.49338 39.97713
1201984963 116.47409 39.98485
1201985263 116.47424 39.98451
1201985563 116.47844 39.9755
1201985863 116.49117 39.97046
1201986163 116.49117 39.9705
1201986463 116.49113 39.97048
1201986763 116.49113 39.97047
1201987063 116.49116 39.97048
1201987363 116.49114 39.97051
1201987663 116.48796 39.97916
1201987963 116.4787 39.97453
1201988263 116.4594 39.97299
1201988563 116.39915 39.98711
1201988985 116.34426 40.02599
1201989163 116.33589 40.03705
1201989463 116.32604 40.03524
1201989763 116.30802 40.02808
1201990063 116.31715 40.03732
1201990363 116.32485 40.03613
1201990363 116.32485 40.03613
1201990663 116.3309 40.02986
1201990663 116.3309 40.02986
1201990963 116.34358 40.03433
1201991263 116.35127 40.02913
1201991563 116.3458 40.01426
1201991863 116.34945 39.99972
1201992163 116.35999 39.99247
1201992601 116.3657 40.01218
1201992763 116.36421 40.01254
1201993063 116.36975 40.00058
1201993363 116.37422 39.9992
1201993663 116.36839 40.01477
1201994263 116.37818 39.98088
1201994563 116.3811 39.98107
1201994863 116.38342 40.00847
1201995463 116.41009 39.98693
1201995763 116.41866 39.9985
1201996063 116.41779 39.99317
1201996663 116.45677 39.98474
1201996963 116.4569 39.98997
1201997263 116.46193 39.9894
1201997563 116.45885 39.9864
1201997863 116.46188 39.9992
1201998163 116.477 39.99091
1201998463 116.46793 39.97439
1201998763 116.4656 39.95116
1201999063 116.46358 39.94212
1201999063 116.46358 39.94212
1201999363 116.46365 39.94214
1201999363 116.46365 39.94214
1202000385 116.4415 39.88028
1202000562 116.45105 39.87481
1202000862 116.45805 39.87482
1202001162 116.47583 39.86941
1202001462 116.5083 39.8595
1202001762 116.50232 39.87212
1202002062 116.48383 39.89661
1202002362 116.49556 39.92176
1202002662 116.49 39.92752
1202002962 116.51271 39.92184
1202003262 116.5136 39.91001
1202003562 116.51896 39.92255
1202003862 116.5175 39.92611
1202004162 116.48984 39.92172
1202005062 116.4654 39.94977
1202005362 116.46286 39.94313
1202005962 116.46332 39.94328
1202006262 116.45619 39.94578
1202006562 116.46611 39.94144
1202006862 116.47197 39.93232
1202007162 116.47197 39.9252
1202007462 116.46712 39.92592
1202008243 116.46152 39.88106
1202008362 116.46924 39.87855
1202008662 116.48022 39.8563
1202009562 116.43111 39.87673
1202009862 116.43395 39.88305
1202010462 116.44475 39.88127
1202010762 116.44474 39.88114
1202011062 116.44467 39.87741
1202011362 116.44995 39.87767
1202011662 116.45553 39.90288
1202011962 116.4489 39.95604
1202012262 116.42402 39.98779
1202012562 116.39656 39.99514
1202012862 116.40159 40.00271
1202013162 116.4103 39.9876
1202013462 116.37391 39.97987
1202013762 116.32357 39.96617
1202014062 116.32338 39.96382
1202014362 116.32985 39.95185
1202014662 116.32991 39.95188
1202015262 116.34221 39.94919
1202015717 116.36105 39.93704
1202015861 116.3667 39.93127
1202016471 116.36521 39.9566
1202016471 116.36521 39.9566
1202016761 116.37406 39.94847
1202016761 116.37406 39.94847
1202017061 116.36494 39.95644
1202017361 116.371 39.96038
1202017661 116.36561 39.94761
1202017961 116.36696 39.92776
1202018261 116.35023 39.91484
1202018666 116.41141 39.90681
1202018861 116.43742 39.90706
1202019161 116.47923 39.90671
1202019461 116.50203 39.90925
1202019761 116.48716 39.90734
1202020061 116.4713 39.89489
1202020361 116.4608 39.87483
1202020661 116.45511 39.87005
1202020961 116.40827 39.85587
1202021261 116.40822 39.85231
1202021861 116.45896 39.87483
1202022161 116.4546 39.87182
1202022461 116.45533 39.88076
1202022761 116.47173 39.90144
1202023661 116.49586 39.91903
1202023961 116.496 39.92597
1202024561 116.51087 39.93904
1202024861 116.52583 39.96332
1202025161 116.52798 39.96598
1202025461 116.52804 39.96593
1202025761 116.52727 39.96643
1202026361 116.52765 39.96691
1202026661 116.52759 39.96689
1202028161 116.46936 39.95736
1202028761 116.45129 39.955
1202029661 116.41824 39.97875
1202029961 116.42472 39.98252
1202030261 116.40398 39.98168
1202030861 116.40193 39.9491
1202031161 116.4275 39.93918
1202031461 116.42592 39.90374
1202031761 116.41837 39.90515
1202032060 116.42068 39.91176
1202032360 116.42006 39.92238
1202032960 116.40731 39.94868
1202033260 116.38938 39.94841
1202033560 116.38812 39.9747
1202033860 116.37064 39.9867
1202034160 116.37416 39.98589
1202034160 116.37416 39.98589
1202034460 116.4084 39.987
1202035360 116.39054 39.96763
1202035660 116.39495 39.9866
1202035960 116.3957 39.97387
1202036860 116.4107 39.98479
1202037160 116.40413 39.98223
1202037460 116.40355 39.98094
1202037760 116.39507 39.98849
1202038360 116.3353 39.98523
1202038660 116.27373 39.97142
1202039260 116.27188 39.95212
1202039560 116.2683 39.94408
1202039860 116.26762 39.90643
1202040160 116.24736 39.90637
1202040460 116.23044 39.90625
1202040760 116.22786 39.90528
1202041060 116.22452 39.89052
1202041360 116.22352 39.89804
1202041960 116.24674 39.88515
1202042260 116.25843 39.86606
1202042560 116.26069 39.8543
1202042860 116.2586 39.87444
1202042860 116.2586 39.87444
1202043160 116.25866 39.89491
1202043460 116.26626 39.90623
1202043760 116.2685 39.93702
1202044060 116.28525 39.94095
1202044360 116.30377 39.93996
1202044660 116.30632 39.94992
1202044960 116.3167 39.95932
1202045260 116.3131 39.97105
1202045560 116.31642 39.96602
1202045860 116.29772 39.95907
1202046160 116.28229 39.95659
1202046460 116.28213 39.96318
1202046760 116.28858 39.95659
1202047060 116.30877 39.93897
1202047360 116.3273 39.93214
1202047660 116.31965 39.93682
1202048259 116.34311 39.94301
1202048859 116.34432 39.94278
1202049159 116.32902 39.95761
1202049459 116.33644 39.97504
1202049759 116.36377 39.97634
1202050059 116.37955 39.98609
1202050359 116.39572 39.9756
1202050959 116.43455 39.96522
1202051259 116.43221 39.96069
1202051559 116.41503 39.96073
1202051859 116.41145 39.97337
1202052159 116.40262 39.97939
1202052459 116.41102 39.97863
1202052759 116.40284 39.97987
1202053059 116.40888 39.9869
1202053359 116.40129 39.98192
1202053959 116.33637 39.98548
1202054259 116.35937 39.98221
1202054715 116.34256 39.9856
1202054859 116.3347 39.98478
1202055159 116.36219 39.98576
1202055459 116.36332 39.98268
1202056059 116.40685 39.98695
1202056359 116.40865 39.9742
1202056659 116.40314 39.98047
1202057375 116.32835 39.98507
1202057559 116.31272 39.98451
1202057859 116.31018 39.98284
1202058159 116.31082 39.9821
1202058459 116.34187 39.98528
1202058759 116.36561 39.98809
1202059059 116.36584 39.98579
1202059359 116.40096 39.98628
1202059659 116.41089 39.98222
1202059959 116.41118 39.97469
1202060259 116.41117 39.97469
1202060559 116.41117 39.97466
1202060859 116.4112 39.97468
1202061159 116.40172 39.97405
1202061459 116.40947 39.98187
1202061759 116.4179 39.98535
1202062059 116.41781 39.99203
1202062359 116.40208 39.98758
1202062659 116.40334 39.98738
1202063259 116.41067 39.9851
1202063559 116.40468 39.98686
1202063859 116.40411 39.982
1202064158 116.40122 39.98292
1202064458 116.40044 40.00402
1202064758 116.39831 40.00336
1202065058 116.40129 39.98898
1202065358 116.41065 39.98547
1202065658 116.41117 39.98199
1202065958 116.41895 39.98205
1202066258 116.44713 39.98026
1202066558 116.47294 39.97039
1202066858 116.49649 39.97062
1202067158 116.52554 39.97674
1202067458 116.52731 39.96638
1202067758 116.5272 39.9667
1202068058 116.52716 39.96669
1202068358 116.52718 39.96672
1202068658 116.52722 39.96669
1202068958 116.52719 39.96668
1202068958 116.52719 39.96668
1202069258 116.5272 39.96668
1202069558 116.52715 39.9667
1202069858 116.52717 39.96665
1202070158 116.52657 39.967
1202070458 116.50415 39.95449
1202070758 116.50097 39.93635
1202071058 116.48377 39.93251
1202071358 116.4612 39.93256
1202071658 116.45578 39.93921
1202071958 116.43636 39.93987
1202072258 116.42372 39.93964
1202072558 116.42563 39.93639
1202073158 116.43829 39.92196
1202073458 116.4467 39.9213
1202073903 116.44633 39.95791
1202074058 116.44579 39.95718
1202074358 116.43361 39.95206
1202074658 116.4489 39.95585
1202075258 116.46972 39.98534
1202075558 116.47354 39.98503
1202075858 116.48001 39.97364
1202076158 116.48997 39.97909
1202076458 116.4973 39.96332
1202076758 116.48316 39.95748
1202077058 116.46231 39.94811
1202077358 116.46846 39.93797
1202077658 116.46607 39.93949
1202077658 116.46607 39.93949
1202077958 116.45588 39.93461
1202078353 116.43665 39.93985
1202078558 116.42498 39.94837
1202078858 116.40105 39.95767
1202079458 116.39011 39.98651
1202079838 116.41882 39.98212
1202080058 116.40565 39.98447
1202080357 116.41135 39.97333
1202080657 116.4062 39.96746
1202080957 116.40161 39.9588
1202081257 116.39695 39.95015
1202081557 116.37858 39.94761
1202081857 116.36646 39.9392
1202082457 116.36582 39.94734
1202082757 116.37294 39.95443
1202083057 116.38337 39.95011
1202083357 116.37553 39.95257
1202083657 116.3755 39.95255
1202083957 116.38491 39.9523
1202084257 116.41525 39.94879
1202084557 116.419 39.9549
1202084857 116.41773 39.95598
1202085157 116.41932 39.93985
1202085457 116.41997 39.92333
1202085757 116.42057 39.90452
1202086057 116.41203 39.9021
1202086357 116.4213 39.89241
1202086357 116.4213 39.89241
1202086657 116.4333 39.87255
1202086957 116.42586 39.86192
1202087257 116.43891 39.8654
1202087557 116.46485 39.85809
1202087857 116.47359 39.84787
1202088157 116.4618 39.85907
1202088457 116.43887 39.86633
1202088757 116.42576 39.85821
1202089057 116.41305 39.864
1202089357 116.3973 39.86162
1202089657 116.38917 39.87957
1202089957 116.37785 39.88812
1202090257 116.34255 39.88828
1202090557 116.33415 39.8868
1202091157 116.31496 39.88655
1202091457 116.3117 39.87601
1202091757 116.30524 39.89681
1202092057 116.30381 39.89937
1202092357 116.25706 39.8958
1202092657 116.21515 39.9025
1202093344 116.27735 39.90065
1202094405 116.31367 39.92702
1202094457 116.3178 39.92685
1202094757 116.33686 39.91705
1202095057 116.33648 39.92193
1202095057 116.33648 39.92193
1202095738 116.41224 39.90684
1202095957 116.44727 39.907
1202096256 116.4692 39.90672
1202096556 116.48361 39.89895
1202096856 116.47145 39.88928
1202097162 116.47149 39.88924
1202097456 116.46159 39.87958
1202097756 116.46446 39.86664
1202098056 116.47188 39.86998
1202098356 116.49619 39.89181
1202098656 116.49785 39.89964
1202098956 116.47174 39.89204
1202099256 116.43852 39.89376
1202099556 116.41272 39.89982
1202099856 116.41983 39.90699
1202100156 116.46369 39.90694
1202100456 116.50664 39.90798
1202100756 116.49672 39.90688
1202101056 116.49022 39.90659
1202101656 116.60422 39.90544
1202101956 116.63848 39.90203
1202102256 116.63189 39.90502
1202102556 116.5865 39.91095
1202102856 116.5519 39.91486
1202103156 116.51487 39.91676
1202103456 116.51136 39.92436
1202103756 116.51133 39.92227
1202103756 116.51133 39.92227
1202104356 116.4718 39.91604
1202104656 116.47149 39.9042
1202105256 116.46609 39.87339
1202105556 116.44802 39.88024
1202105856 116.46235 39.87483
1202106156 116.46635 39.87473
1202106456 116.46634 39.87474
1202106756 116.46636 39.87473
1202107056 116.47029 39.87004
1202107656 116.39352 39.85569
1202107956 116.39496 39.85511
1202108256 116.42031 39.85675
1202108556 116.45535 39.89272
1202108856 116.45568 39.94828
1202109156 116.50182 40.00472
1202109457 116.57654 40.04458
1202109756 116.58638 40.0792
1202110056 116.57008 40.03781
1202110356 116.49133 39.99534
1202110956 116.52425 39.97665
1202111256 116.52445 39.97657
1202111556 116.52733 39.96647
1202111856 116.52753 39.96678
1202112155 116.52728 39.96713
1202112455 116.5273 39.96709
1202112455 116.5273 39.96709
1202112755 116.52732 39.96709
1202113055 116.52733 39.96709
1202113355 116.52731 39.96708
1202113655 116.52731 39.9671
1202114255 116.51114 39.94304
1202114555 116.48564 39.93585
1202114855 116.48202 39.95636
1202115155 116.46976 39.95822
1202115455 116.48648 39.95928
1202115755 116.49834 39.9633
1202116055 116.48453 39.97078
1202116355 116.48747 39.98669
1202116655 116.48368 39.9716
1202116955 116.46896 39.96694
1202117255 116.45573 39.95477
1202117555 116.44649 39.95669
1202117855 116.43167 39.95831
1202118155 116.4119 39.96708
1202118455 116.40461 39.98186
1202118755 116.4085 39.98951
1202119055 116.39718 39.99134
1202119355 116.40224 39.99078
1202119655 116.40177 39.99078
1202119955 116.40168 39.99076
1202120255 116.40188 39.99348
1202120555 116.39796 39.98708
1202120855 116.34028 39.98535
1202121755 116.28857 39.98208
1202122586 116.30563 40.0323
1202122655 116.30199 40.03966
1202122955 116.30062 40.04193
1202123044 116.3037 40.03645
1202123255 116.3078 40.02193
1202123555 116.31977 40.01202
1202124026 116.32701 39.98543
1202124155 116.32732 39.98
1202124755 116.36386 39.96711
1202125055 116.36539 39.95017
1202125448 116.37239 39.94719
1202125728 116.3756 39.97513
1202125955 116.36997 39.97903
1202126255 116.37324 39.97574
1202126555 116.3637 39.97366
1202126855 116.36542 39.94992
1202127155 116.3665 39.93908
1202127455 116.371 39.92335
1202128375 116.36669 39.93501
1202128654 116.36609 39.94651
1202129043 116.39103 39.94744
1202129254 116.41379 39.94797
1202129554 116.42786 39.9242
1202129854 116.43306 39.92273
1202129854 116.43306 39.92273
1202130154 116.439 39.92565
1202130454 116.44427 39.93053
1202130754 116.44436 39.93264
1202131054 116.46243 39.94292
1202131354 116.46415 39.94345
1202131654 116.46184 39.9553
1202131954 116.46998 39.96398
1202132290 116.46195 39.95455
1202132554 116.45562 39.95495
1202132854 116.45545 39.92845
1202133154 116.45542 39.90472
1202133454 116.46096 39.88301
1202133754 116.45526 39.87863
1202134054 116.45528 39.89081
1202134354 116.46519 39.90677
1202134654 116.45598 39.90805
1202134954 116.47055 39.91226
1202135254 116.47217 39.92596
1202135554 116.4683 39.94149
1202135854 116.4621 39.95262
1202136154 116.46025 39.95844
1202136454 116.44168 39.95482
1202136754 116.42812 39.95826
1202137054 116.41101 39.96072
1202137354 116.40139 39.97025
1202137654 116.40385 39.98169
1202137954 116.38887 39.96727
1202138254 116.33549 39.96649
1202138554 116.33546 39.96103
1202138554 116.33546 39.96103
1202139154 116.32707 39.98454
1202139454 116.30959 39.98445
1202139754 116.30263 39.98497
1202140054 116.31849 39.98476
1202140354 116.32676 39.98452
1202140354 116.32676 39.98452
1202140654 116.33572 39.98484
1202140954 116.36164 39.98054
1202141254 116.38977 39.98657
1202141554 116.41054 39.98637
1202141854 116.40163 39.97681
1202142154 116.40252 39.97925
1202142454 116.40359 39.98104
1202142754 116.39393 39.98698
1202143354 116.29856 39.9892
1202143654 116.31004 39.98467
1202143953 116.3205 39.98429
1202144253 116.34839 39.98533
1202144553 116.37081 39.98574
1202144853 116.41054 39.98698
1202145153 116.40933 39.9819
1202145453 116.41123 39.9743
1202145753 116.4033 39.98059
1202146053 116.411 39.97845
1202146353 116.4116 40.00123
1202146653 116.4065 39.99886
1202146953 116.40712 39.98992
1202147253 116.40624 39.9869
1202147253 116.40624 39.9869
1202147553 116.40996 39.98197
1202147853 116.41119 39.9744
1202148153 116.4112 39.97442
1202148453 116.41121 39.97433
1202148753 116.40469 39.97398
1202149051 116.38771 39.98675
1202149458 116.35817 40.00813
1202149653 116.34639 40.02103
1202149953 116.35955 40.00002
1202150253 116.36307 39.98801
1202150553 116.39969 39.9867
1202150853 116.40462 39.98274
1202151153 116.41065 39.97418
1202151453 116.41118 39.98178
1202151803 116.44237 39.98337
1202152053 116.4681 39.96648
1202152353 116.48383 39.97037
1202152653 116.5049 39.97225
1202152953 116.5338 39.97252
1202153253 116.53371 39.97035
1202153553 116.52729 39.96673
1202153853 116.5273 39.96675
1202154153 116.52731 39.96674
1202154453 116.5273 39.96672
1202154753 116.52731 39.96675
1202155053 116.51304 39.95922
1202155653 116.51849 39.92271
1202155953 116.51508 39.91602
1202155953 116.51508 39.91602
1202156253 116.49142 39.90711
1202156253 116.49142 39.90711
1202156553 116.48408 39.9138
1202156854 116.48967 39.91437
1202157153 116.49264 39.91446
1202157453 116.49435 39.91451
1202157753 116.49666 39.91458
1202158053 116.49973 39.91465
1202158353 116.49158 39.91463
1202159253 116.45176 39.90795
1202159553 116.44782 39.90735
1202160153 116.45565 39.90636
1202160452 116.45279 39.95353
1202161052 116.44495 39.97505
1202161352 116.44491 39.97505
1202161652 116.44845 39.97898
1202161952 116.46017 39.97941
1202162552 116.46203 39.99303
1202162852 116.46591 39.99034
1202163152 116.46144 40.00796
1202163452 116.46117 40.00886
1202163752 116.46251 40.00379
1202164352 116.46826 39.98131
1202164652 116.48473 39.97069
1202164952 116.50034 39.95782
1202164952 116.50034 39.95782
1202165252 116.51114 39.93285
1202165552 116.51141 39.92617
1202165852 116.51097 39.93885
1202166152 116.51098 39.93887
1202166452 116.51112 39.93073
1202166753 116.49629 39.93502
1202167352 116.44462 39.93242
1202167652 116.44101 39.93226
1202167952 116.44841 39.92207
1202168252 116.42845 39.9257
1202168552 116.43979 39.9256
1202168852 116.45501 39.91805
1202169152 116.46344 39.91569
1202169452 116.48349 39.91385
1202169752 116.48348 39.8972
1202170052 116.48344 39.89147
1202170352 116.47136 39.88442
1202170652 116.46744 39.87831
1202170952 116.46863 39.86654
1202171252 116.46159 39.87199
1202171552 116.45482 39.86684
1202171852 116.44822 39.86133
1202172152 116.40833 39.85592
1202173052 116.39961 39.81228
1202173652 116.3946 39.84621
1202173652 116.3946 39.84621
1202173952 116.40213 39.85586
1202174252 116.37899 39.85482
1202174552 116.34086 39.85054
1202174853 116.32587 39.86693
1202175152 116.32037 39.87277
1202175452 116.32026 39.88831
1202175752 116.30765 39.88629
1202176052 116.3046 39.88635
1202176352 116.30463 39.88633
1202176651 116.3045 39.89927
1202176951 116.30396 39.89942
1202178751 116.28671 39.90875
1202179051 116.30391 39.89963
1202179951 116.29663 39.90617
1202180251 116.30386 39.89942
1202180551 116.3037 39.89944
1202180851 116.30382 39.89943
1202181451 116.30947 39.88561
1202181751 116.33656 39.89071
1202182051 116.34235 39.88394
1202182351 116.34711 39.88661
1202182351 116.34711 39.88661
1202182651 116.34853 39.87647
1202182951 116.35269 39.88415
1202183251 116.34267 39.89267
1202183551 116.31516 39.89633
1202184348 116.35658 39.88784
1202184451 116.35973 39.88191
1202184751 116.36062 39.88192
1202185051 116.34592 39.88829
1202185951 116.34755 39.87939
1202186251 116.35701 39.88792
1202186551 116.36911 39.89819
1202186851 116.3784 39.88791
1202187151 116.39226 39.8822
1202187752 116.42464 39.89206
1202188051 116.42466 39.89203
1202188351 116.43255 39.89203
1202188651 116.43325 39.87052
1202188951 116.42036 39.86223
1202189251 116.43558 39.86902
1202189551 116.45457 39.88304
1202190151 116.48409 39.92798
1202190451 116.51115 39.93916
1202190751 116.52224 39.95739
1202191051 116.52776 39.9663
1202191051 116.52776 39.9663
1202191351 116.52772 39.96629
1202191651 116.5277 39.96629
1202191951 116.52764 39.96633
1202192251 116.52771 39.96631
1202192550 116.5277 39.96629
1202192850 116.52771 39.96629
1202193150 116.52774 39.9663
1202193450 116.52773 39.96629
1202193750 116.52775 39.96627
1202194050 116.52773 39.96628
1202194350 116.52773 39.96628
1202194650 116.52772 39.9663
1202195250 116.52773 39.96628
1202195550 116.52774 39.96627
1202195850 116.52773 39.9663
1202196150 116.52773 39.9663
1202196750 116.52774 39.96623
1202197050 116.52771 39.96631
1202197350 116.52727 39.96646
1202197650 116.52732 39.96708
1202197950 116.52732 39.96708
1202198250 116.52727 39.96711
1202198550 116.5273 39.96709
1202198850 116.5273 39.96703
1202199150 116.52728 39.9671
1202199450 116.52727 39.96713
1202199750 116.5273 39.96713
1202199750 116.5273 39.96713
1202200050 116.52731 39.96713
1202200350 116.50986 39.95657
1202200652 116.49569 39.93489
1202200950 116.47004 39.96569
1202201250 116.41262 39.98759
1202201550 116.41035 40.00773
1202201850 116.41149 40.03346
1202202750 116.40642 39.99888
1202203050 116.4106 39.99439
1202203350 116.39383 39.98699
1202203650 116.37198 39.96713
1202203950 116.31244 39.96486
1202204250 116.30401 39.92935
1202204550 116.30375 39.89567
1202204850 116.31352 39.89556
1202205150 116.31573 39.89493
1202205450 116.31515 39.90347
1202205750 116.30445 39.90876
1202206050 116.30629 39.93107
1202206350 116.32823 39.93128
1202206650 116.33703 39.93105
1202206950 116.34985 39.92417
1202207250 116.36013 39.90579
1202207550 116.39165 39.90618
1202207850 116.40984 39.90603
1202208150 116.41184 39.9087
1202208450 116.42007 39.9227
1202208450 116.42007 39.9227
1202208749 116.4196 39.93935
1202209049 116.44405 39.93993
1202209537 116.45118 39.95489
1202209649 116.44641 39.95666
1202209949 116.43339 39.95817
1202210249 116.41284 39.96067
1202210549 116.40288 39.96376
1202210849 116.40378 39.98144
1202211149 116.40709 39.98983
1202211449 116.40114 39.97572
1202211749 116.43197 39.96713
1202212049 116.45523 39.93292
1202212349 116.44358 39.93246
1202212649 116.43266 39.93979
1202212949 116.45972 39.94261
1202213249 116.46176 39.95653
1202213549 116.46997 39.96396
1202213849 116.46768 39.94516
1202214149 116.46172 39.95701
1202214449 116.44695 39.95713
1202214749 116.43604 39.95363
1202215049 116.41887 39.96047
1202215349 116.41333 39.96068
1202215649 116.40782 39.96176
1202215949 116.40145 39.97384
1202216249 116.40612 39.9817
1202216549 116.41166 39.96821
1202216849 116.42964 39.9628
1202217149 116.43346 39.95897
1202217149 116.43346 39.95897
1202217448 116.43422 39.94831
1202217749 116.44412 39.94051
1202218049 116.44008 39.92211
1202218349 116.43888 39.92596
1202218649 116.4381 39.92215
1202218949 116.43007 39.92323
1202219249 116.42937 39.90951
1202219549 116.43807 39.87242
1202219849 116.38707 39.8702
1202220149 116.36816 39.86956
1202220449 116.37881 39.86945
1202220840 116.43651 39.86927
1202221049 116.44915 39.87488
1202221349 116.45 39.88166
1202221649 116.45539 39.88948
1202221949 116.4559 39.91032
1202222249 116.4634 39.92037
1202222549 116.46083 39.9311
1202223492 116.42598 39.95455
1202223792 116.41042 39.94801
1202224078 116.41047 39.94289
1202224378 116.41047 39.94131
1202224678 116.41089 39.933
1202224978 116.43033 39.93228
1202224978 116.43033 39.93228
1202225278 116.45681 39.93222
1202225578 116.46091 39.92822
1202225878 116.46085 39.92229
1202226178 116.466 39.91457
1202226478 116.47241 39.9057
1202226778 116.47201 39.92128
1202227078 116.45606 39.92211
1202227378 116.43991 39.92381
1202227678 116.43765 39.93576
1202227978 116.43377 39.93985
1202228278 116.42043 39.9323
1202228578 116.41927 39.9322
1202228878 116.4303 39.93228
1202229178 116.44439 39.93411
1202229478 116.4571 39.94258
1202229778 116.46657 39.9328
1202230078 116.47822 39.9269
1202230378 116.47237 39.93212
1202230678 116.46269 39.94524
1202230978 116.45782 39.94878
1202231278 116.45134 39.95477
1202231578 116.43382 39.95352
1202231878 116.41914 39.95811
1202232178 116.41407 39.96073
1202232478 116.41203 39.96321
1202232777 116.39286 39.96747
1202233077 116.39863 39.97559
1202233377 116.40425 39.98171
1202233677 116.40136 39.99309
1202233677 116.40136 39.99309
1202233977 116.40649 39.99777
1202234277 116.40722 39.98999
1202234577 116.40154 39.99528
1202234877 116.4046 40.00125
1202235177 116.40618 39.99356
1202235477 116.39769 39.98711
1202235777 116.33653 39.98536
1202236077 116.3193 39.97495
1202236377 116.30939 39.9747
1202236677 116.31084 39.97457
1202236977 116.32707 39.97514
1202237277 116.34789 39.97982
1202237577 116.36898 39.98579
1202237877 116.41191 39.98711
1202238177 116.41744 39.98725
1202238477 116.428 39.98731
1202238777 116.45035 39.97825
1202239077 116.4833 39.9699
1202239377 116.50709 39.97352
1202239677 116.53382 39.97248
1202239977 116.52768 39.96648
1202240277 116.52739 39.96673
1202240577 116.52741 39.96673
1202240877 116.5274 39.96672
1202241177 116.52741 39.96674
1202241177 116.52741 39.96674
1202241477 116.52741 39.96672
1202241777 116.52742 39.96673
1202242077 116.50559 39.95583
1202242377 116.49453 39.93457
1202242377 116.49453 39.93457
1202242677 116.47123 39.96497
1202242977 116.47715 39.98623
1202243277 116.48027 39.98872
1202243577 116.48115 39.98812
1202243877 116.47819 39.97533
1202244177 116.48174 39.96981
1202244477 116.5057 39.97274
1202244777 116.48261 39.9699
1202245077 116.48558 39.96597
1202245377 116.49241 39.9672
1202245677 116.48378 39.96552
1202245977 116.48365 39.94557
1202246277 116.46424 39.90706
1202246577 116.42931 39.90859
1202246877 116.42949 39.89962
1202247177 116.43307 39.89458
1202247477 116.43183 39.88309
1202247777 116.43264 39.86496
1202248077 116.43734 39.86895
1202248377 116.42976 39.90418
1202248976 116.44583 39.92077
1202249276 116.43971 39.91653
1202249576 116.45195 39.91853
1202250494 116.51144 39.91536
1202250494 116.51144 39.91536
1202250776 116.51138 39.93343
1202251076 116.49874 39.93559
1202251076 116.49874 39.93559
1202251376 116.51123 39.92476
1202251676 116.52784 39.9155
1202251976 116.53216 39.91583
1202252276 116.53213 39.91589
1202252576 116.5268 39.91567
1202252876 116.51689 39.92468
1202253176 116.51139 39.93011
1202253476 116.49663 39.93387
1202253776 116.49118 39.92695
1202254076 116.48694 39.93263
1202254376 116.47304 39.97054
1202254676 116.48377 39.97881
1202254976 116.49238 39.98998
1202255276 116.4835 39.98362
1202255876 116.48968 39.95424
1202256176 116.46538 39.95117
1202256476 116.44805 39.95841
1202256776 116.48779 39.99197
1202257076 116.56691 40.0353
1202257376 116.58644 40.07922
1202257676 116.58447 40.06641
1202257976 116.56563 40.06102
1202258276 116.55117 40.06198
1202258576 116.55116 40.06201
1202259176 116.58661 40.06358
1202259476 116.58794 40.05374
1202259776 116.56836 40.03344
1202259776 116.56836 40.03344
1202260076 116.54473 40.00772
1202260376 116.50801 39.99329
1202260676 116.48352 39.97763
1202260976 116.46939 39.98799
1202261276 116.47171 39.97905
1202261725 116.45538 39.93443
1202261876 116.45549 39.90657
1202262176 116.43867 39.85751
1202262476 116.40894 39.8384
1202262776 116.42177 39.83847
1202263076 116.41598 39.8445
1202263376 116.41323 39.85549
1202263976 116.37467 39.83885
1202264276 116.38068 39.85512
1202264875 116.40291 39.89142
1202265175 116.37853 39.88808
1202265475 116.36432 39.88201
1202265775 116.34718 39.8857
1202266375 116.35808 39.86633
1202266675 116.35853 39.85827
1202266975 116.3578 39.87496
1202267275 116.3806 39.86373
1202267575 116.3807 39.85578
1202267875 116.43251 39.8579
1202268175 116.43984 39.87949
1202268475 116.44193 39.89694
1202268475 116.44193 39.89694
1202268775 116.45498 39.89059
1202269075 116.43803 39.89288
1202269375 116.42975 39.89626
1202269675 116.44471 39.87943
1202269975 116.44046 39.87496
1202270275 116.44537 39.87489
1202270575 116.46181 39.8749
1202270875 116.42805 39.88293
1202271175 116.38691 39.88135
1202271475 116.37846 39.88701
1202271775 116.3804 39.888
1202272075 116.38122 39.87884
1202272675 116.43712 39.85731
1202273275 116.47108 39.86657
1202273575 116.46088 39.88063
1202273875 116.45553 39.90193
1202274175 116.46078 39.93052
1202274475 116.47208 39.92914
1202274775 116.48358 39.90792
1202275075 116.50126 39.86941
1202275375 116.55275 39.86465
1202275675 116.55102 39.86772
1202275975 116.50521 39.87067
1202276275 116.47138 39.88712
1202276575 116.47109 39.88888
1202276875 116.46973 39.88296
1202277175 116.47114 39.86932
1202277175 116.47114 39.86932
1202277475 116.4497 39.87063
1202277775 116.44439 39.88031
1202278075 116.45474 39.89196
1202278675 116.47357 39.87012
1202278975 116.46161 39.88114
1202279275 116.48314 39.89188
1202279575 116.48477 39.91026
1202279875 116.493 39.93392
1202280175 116.51129 39.94695
1202280475 116.52752 39.96654
1202280775 116.52719 39.96649
1202281074 116.52727 39.96654
1202281374 116.52742 39.96667
1202281674 116.52743 39.96668
1202281974 116.52741 39.96671
1202282274 116.5274 39.96669
1202282574 116.52744 39.96668
1202282874 116.5274 39.96668
1202283475 116.52744 39.96669
1202283774 116.52743 39.96668
1202284074 116.5274 39.96671
1202284374 116.5274 39.96669
1202284674 116.52745 39.96673
1202284974 116.52742 39.96676
1202285274 116.52744 39.96676
1202285574 116.52742 39.96673
1202285874 116.52741 39.9667
1202285874 116.52741 39.9667
1202286174 116.52745 39.9667
1202286474 116.52627 39.96412
1202286774 116.51108 39.94441
1202287074 116.48696 39.9393
1202287374 116.48383 39.96612
1202287674 116.48665 39.96322
1202287974 116.47731 39.9325
1202288274 116.46092 39.92967
1202288574 116.48398 39.93704
1202288874 116.48096 39.98579
1202289174 116.55182 40.02844
1202289474 116.58423 40.05337
1202289774 116.58297 40.06417
1202290374 116.58467 40.07859
1202290674 116.56564 40.03476
1202291274 116.48357 39.97291
1202291574 116.47006 39.96111
1202291874 116.46355 39.94329
1202292174 116.45373 39.95347
1202292474 116.41889 39.95977
1202292774 116.41177 39.96739
1202293074 116.36033 39.9665
1202293374 116.33038 39.97516
1202293674 116.32078 39.97486
1202293974 116.34652 39.97511
1202294274 116.36542 39.98059
1202294574 116.38411 39.98639
1202294574 116.38411 39.98639
1202294874 116.40662 39.98198
1202294874 116.40662 39.98198
1202295174 116.40576 39.98748
1202295774 116.40504 39.99753
1202296044 116.41112 40.01565
1202296064 116.41112 40.01565
1202296374 116.43077 40.03102
1202296674 116.41165 40.03121
1202296974 116.41019 40.00472
1202297573 116.403 39.99081
1202297873 116.40859 39.987
1202298173 116.41158 39.96997
1202298473 116.42692 39.96821
1202298773 116.45544 39.92869
1202299073 116.45423 39.88651
1202299373 116.44841 39.88496
1202299673 116.44995 39.88058
1202300573 116.44997 39.8824
1202300873 116.45552 39.89147
1202301173 116.45607 39.90829
1202301473 116.47368 39.91417
1202301773 116.48392 39.93269
1202302073 116.47582 39.98107
1202302373 116.54322 40.02578
1202302973 116.58368 40.07957
1202303273 116.58225 40.05933
1202303273 116.58225 40.05933
1202303573 116.57063 40.03544
1202303573 116.57063 40.03544
1202303873 116.54888 40.02645
1202304173 116.5601 40.0011
1202304473 116.55227 39.97001
1202304773 116.52815 39.96611
1202305073 116.52819 39.96608
1202305373 116.52817 39.96612
1202305973 116.52819 39.96609
1202306273 116.5282 39.96611
1202306573 116.51044 39.97569
1202306873 116.48068 39.97314
1202307173 116.47927 39.97404
1202307773 116.4912 39.97044
1202308073 116.48905 39.97064
1202308373 116.47308 39.97567
1202308973 116.47038 39.95297
1202309273 116.46546 39.97021
1202309573 116.52881 40.02063
1202309873 116.58391 40.05228
1202310173 116.5822 40.07934
1202310773 116.56413 40.03192
1202311073 116.55751 40.01042
1202311373 116.56501 39.976
1202311973 116.58498 39.91875
1202311973 116.58498 39.91875
1202312273 116.59477 39.9085
1202312273 116.59477 39.9085
1202312573 116.59826 39.88992
1202312872 116.57363 39.89221
1202313172 116.59177 39.90127
1202313472 116.62429 39.90535
1202313772 116.65186 39.90571
1202314072 116.63869 39.90581
1202314372 116.60274 39.90776
1202314672 116.57784 39.91298
1202314972 116.55467 39.91509
1202315272 116.53854 39.91502
1202315572 116.55691 39.91505
1202315872 116.53285 39.91531
1202316172 116.51501 39.92071
1202316472 116.51135 39.93876
1202316772 116.4892 39.93933
1202317372 116.47202 39.90725
1202317672 116.47213 39.92061
1202317972 116.47075 39.93251
1202318272 116.44169 39.93992
1202318575 116.41709 39.94822
1202318872 116.41891 39.95553
1202319172 116.41159 39.97107
1202319472 116.41162 39.96869
1202319772 116.40754 39.97406
1202320072 116.41174 39.96065
1202320972 116.38755 39.96716
1202320972 116.38755 39.96716
1202321272 116.35966 39.96664
1202321572 116.36341 39.98441
1202322029 116.4128 39.98758
1202322172 116.38225 39.98659
1202322848 116.31476 39.97243
1202323672 116.37675 39.98604
1202323972 116.42482 39.98747
1202324275 116.41792 39.9821
1202324572 116.40917 39.98698
1202324872 116.41807 39.97972
1202325172 116.41527 39.96701
1202325472 116.45294 39.95306
1202325772 116.47346 39.97053
1202326072 116.50753 39.97377
1202326372 116.53468 39.9722
1202326672 116.52636 39.96456
1202326972 116.52768 39.96658
1202327272 116.52767 39.96658
1202327572 116.52772 39.96661
1202327872 116.52769 39.96661
1202328172 116.52766 39.96664
1202328472 116.52763 39.96665
1202328771 116.53065 39.96443
1202329071 116.54344 39.96977
1202329371 116.53084 39.97516
1202329671 116.52874 39.96433
1202329671 116.52874 39.96433
1202329971 116.48459 39.95268
1202330271 116.46563 39.95124
1202330571 116.44422 39.94633
1202330871 116.42357 39.93975
1202331171 116.43286 39.93813
1202331471 116.42003 39.93223
1202331771 116.42357 39.92614
1202332371 116.42563 39.92731
1202332671 116.42801 39.92472
1202332971 116.44526 39.90511
1202333271 116.44959 39.89269
1202333571 116.44951 39.88719
1202333871 116.43327 39.88
1202334171 116.43332 39.87996
1202334471 116.42491 39.88368
1202334771 116.4221 39.88268
1202335371 116.43287 39.84512
1202335671 116.44422 39.82556
1202335971 116.44302 39.80471
1202336271 116.43765 39.80361
1202336571 116.45048 39.80573
1202337171 116.41197 39.80535
1202337771 116.39118 39.79039
1202338071 116.39313 39.80155
1202338371 116.3957 39.82245
1202338371 116.3957 39.82245
1202338671 116.38017 39.84248
1202338971 116.38053 39.84631
1202339271 116.40227 39.85546
1202339571 116.39602 39.86299
1202339871 116.40756 39.86429
1202340171 116.40752 39.86426
1202340471 116.4076 39.86427
1202340771 116.40757 39.86431
1202341071 116.40757 39.8643
1202341371 116.40732 39.87175
1202341671 116.40793 39.85617
1202341971 116.40837 39.84448
1202342271 116.43828 39.85745
1202342571 116.45562 39.90636
1202342871 116.46085 39.93043
1202343171 116.46654 39.92168
1202343471 116.47644 39.91414
1202343771 116.48392 39.94916
1202344071 116.45367 39.98386
1202344371 116.45799 39.99579
1202344671 116.46023 39.97972
1202344971 116.46172 39.95623
1202345270 116.45578 39.94546
1202345570 116.43357 39.93436
1202345870 116.4368 39.93505
1202346170 116.42773 39.94201
1202346470 116.37323 39.9518
1202346799 116.35787 40.00828
1202347070 116.32529 40.05068
1202347070 116.32529 40.05068
1202347370 116.33355 40.07189
1202347670 116.32346 40.07238
1202347970 116.31792 40.08919
1202348270 116.32304 40.07442
1202348570 116.3285 40.07195
1202348870 116.32281 40.07629
1202349170 116.30462 40.0759
1202349470 116.32826 40.07397
1202350370 116.33345 40.07374
1202350670 116.33344 40.07378
1202350970 116.33339 40.07376
1202351270 116.32859 40.07067
1202351570 116.32589 40.05608
1202352770 116.42758 39.93942
1202353070 116.44929 39.93492
1202353370 116.45589 39.90698
1202353670 116.4871 39.89949
1202353970 116.5011 39.89966
1202354570 116.47831 39.89933
1202354870 116.47919 39.89782
1202355170 116.47176 39.90362
1202355470 116.45557 39.92677
1202355770 116.42508 39.96826
1202355770 116.42508 39.96826
1202356070 116.35387 39.96654
1202356370 116.33517 39.98553
1202356670 116.33518 39.99164
1202356970 116.34185 39.99184
1202357270 116.37501 39.97508
1202357570 116.37761 39.94494
1202357570 116.37761 39.94494
1202357870 116.38756 39.94719
1202358170 116.33926 39.93754
1202358470 116.33855 39.91812
1202358770 116.33639 39.89673
1202359070 116.34835 39.90896
1202359370 116.33886 39.91659
1202359670 116.35948 39.9239
1202359970 116.3614 39.9225
1202360270 116.35854 39.91689
1202360570 116.37377 39.93161
1202360870 116.38419 39.94113
1202361169 116.38976 39.93804
1202361469 116.40237 39.93859
1202361769 116.42745 39.93566
1202362069 116.45511 39.93238
1202362669 116.45586 39.93605
1202363394 116.39733 39.96743
1202363569 116.35508 39.96647
1202364469 116.36403 39.96392
1202364469 116.36403 39.96392
1202365069 116.37568 39.95243
1202365369 116.38592 39.95239
1202365669 116.38775 39.93957
1202365969 116.40203 39.94872
1202366269 116.4249 39.96773
1202366569 116.45627 39.98455
1202366869 116.46492 39.98105
1202367169 116.44564 39.95596
1202367469 116.41204 39.94809
1202367769 116.42604 39.9396
1202368069 116.44925 39.93327
1202368369 116.42794 39.9327
1202368669 116.41189 39.9068
1202368969 116.41908 39.90351
1202369269 116.47187 39.90741
1202369569 116.48365 39.89956
1202369868 116.48387 39.90063
1202370169 116.48789 39.93239
1202370469 116.49131 39.93345
1202370769 116.51181 39.94934
1202371069 116.52732 39.96666
1202371369 116.52734 39.96668
1202371669 116.52734 39.96665
1202371969 116.52735 39.96665
1202372269 116.52731 39.96667
1202372569 116.52728 39.96666
1202372869 116.52733 39.96667
1202373169 116.52732 39.96666
1202373169 116.52732 39.96666
1202373469 116.52729 39.96668
1202373769 116.5273 39.96665
1202374069 116.52734 39.96666
1202374369 116.52734 39.96665
1202374669 116.52734 39.96665
1202374969 116.52732 39.96667
1202375269 116.51772 39.9622
1202375569 116.50718 39.93809
1202376169 116.44455 39.9324
1202376469 116.42136 39.94836
1202376769 116.36923 39.94763
1202377069 116.35117 39.95779
1202377369 116.36546 39.9498
1202377668 116.36505 39.95501
1202378268 116.40862 39.95787
1202378868 116.40196 39.99746
1202379168 116.40187 39.98691
1202379915 116.42834 39.98217
1202380068 116.41611 39.9821
1202380368 116.4116 39.96825
1202380668 116.40384 39.95774
1202380968 116.40386 39.97404
1202381268 116.40156 39.99725
1202381568 116.41006 39.99488
1202381868 116.40116 39.98312
1202381868 116.40116 39.98312
1202382168 116.40176 39.95388
1202382448 116.40259 39.93188
1202382448 116.40259 39.93188
1202382459 116.40259 39.93188
1202383068 116.39212 39.93219
1202383368 116.36659 39.93714
1202383784 116.36941 39.96668
1202383968 116.41239 39.96777
1202384268 116.43681 39.94899
1202384568 116.43349 39.95816
1202384868 116.42795 39.95829
1202385168 116.41286 39.95592
1202385468 116.40779 39.96087
1202385768 116.40196 39.94559
1202386068 116.39019 39.93913
1202386968 116.35513 39.95102
1202387268 116.36391 39.97096
1202387568 116.36975 39.97913
1202387868 116.37618 39.96678
1202388468 116.39726 39.94783
1202388768 116.38975 39.97389
1202389068 116.4009 39.97195
1202389368 116.40108 39.97509
1202389668 116.41183 39.96453
1202389968 116.41894 39.95504
1202390268 116.41898 39.9529
1202390568 116.41909 39.95039
1202390568 116.41909 39.95039
1202390868 116.42746 39.94444
1202391168 116.43079 39.89873
1202391468 116.43329 39.87009
1202391768 116.4335 39.87353
1202392068 116.43252 39.87542
1202392368 116.42823 39.87944
1202392668 116.41515 39.87947
1202392968 116.41499 39.87543
1202393267 116.43201 39.88292
1202393568 116.45473 39.87751
1202393867 116.45568 39.90142
1202394167 116.45174 39.90738
1202394467 116.44426 39.91508
1202394767 116.46069 39.92195
1202395067 116.46632 39.93234
1202395367 116.46258 39.94639
1202395667 116.4389 39.94979
1202395967 116.41222 39.94805
1202396267 116.37462 39.94764
1202396567 116.35967 39.96665
1202396867 116.35706 39.9804
1202397286 116.36359 39.9713
1202397467 116.36359 39.96747
1202397767 116.36364 39.96741
1202398067 116.3636 39.96744
1202398367 116.36359 39.96745
1202398667 116.34724 39.9672
1202398967 116.35502 39.95099
1202399462 116.36686 39.99624
1202399567 116.35731 40.00937
1202399867 116.33581 40.03718
1202400167 116.3287 40.03745
1202400467 116.32153 40.03449
1202400767 116.30746 40.02791
1202401067 116.32529 40.0118
1202401367 116.32675 39.99155
1202401667 116.35513 39.98557
1202401967 116.37745 39.98606
1202402267 116.42867 39.98774
1202402567 116.477 39.98224
1202402867 116.52069 39.96331
1202403167 116.53574 39.96484
1202403467 116.51198 39.9587
1202403767 116.50135 39.93646
1202404067 116.4857 39.93658
1202404367 116.48237 39.95612
1202404667 116.4969 39.96922
1202404967 116.50254 39.9712
1202405267 116.47657 39.96958
1202405567 116.46434 39.97642
1202405867 116.47115 39.97292
1202406167 116.4701 39.96099
1202406467 116.46283 39.94337
1202406767 116.46254 39.9465
1202407067 116.45494 39.95423
1202407367 116.44992 39.95507
1202407667 116.45276 39.95342
1202407967 116.43344 39.95661
1202407967 116.43344 39.95661
1202408267 116.41286 39.96068
1202408567 116.40182 39.95214
1202408867 116.40249 39.93243
1202409167 116.39439 39.93192
1202409466 116.39757 39.92295
1202409766 116.41939 39.92286
1202410066 116.43761 39.9321
1202410366 116.45595 39.94248
1202410666 116.46794 39.94469
1202410966 116.4647 39.96363
1202411266 116.49333 39.97063
1202411566 116.52815 39.97648
1202411866 116.52635 39.96464
1202412166 116.52771 39.96667
1202412466 116.52768 39.9666
1202412766 116.52765 39.96662
1202413066 116.52766 39.96665
1202413366 116.5277 39.96663
1202413666 116.52151 39.95743
1202413966 116.51119 39.92815
1202414266 116.5001 39.91481
1202414566 116.48231 39.90769
1202414866 116.48652 39.91069
1202415166 116.48816 39.91449
1202415466 116.46329 39.91535
1202415766 116.4364 39.92256
1202416066 116.42642 39.9478
1202416368 116.41962 39.9434
1202416666 116.41957 39.93252
1202416666 116.41957 39.93252
1202416966 116.42013 39.91819
1202417266 116.40526 39.90673
1202417566 116.37719 39.90589
1202417866 116.34769 39.89708
1202418166 116.31515 39.89744
1202418466 116.30036 39.896
1202418766 116.30557 39.9071
1202419066 116.28685 39.91602
1202419366 116.30389 39.90505
1202419666 116.31294 39.85424
1202419966 116.35305 39.84404
1202420266 116.36183 39.83448
1202420566 116.3778 39.85573
1202420866 116.42111 39.85715
1202421166 116.42027 39.86509
1202421466 116.43968 39.88624
1202421766 116.45545 39.89425
1202422066 116.45566 39.94052
1202422366 116.44939 39.95161
1202422666 116.45552 39.948
1202423266 116.4047 39.99475
1202423566 116.41148 40.01815
1202423866 116.41602 40.03933
1202424166 116.42016 40.04252
1202424466 116.41128 40.02083
1202424766 116.41099 39.99738
1202425272 116.47434 39.96272
1202425365 116.48352 39.94865
1202425365 116.48352 39.94865
1202425665 116.49722 39.93035
1202425965 116.51319 39.93968
1202426265 116.54471 39.94565
1202426565 116.52445 39.94036
1202426865 116.52005 39.92464
1202427165 116.52009 39.92463
1202427465 116.52011 39.92465
1202427765 116.51479 39.92218
1202428065 116.4967 39.91476
1202428364 116.48362 39.91221
1202428665 116.44502 39.90712
1202428965 116.42752 39.94277
1202429265 116.36578 39.94734
1202429565 116.33923 39.94446
1202429865 116.32533 39.95067
1202430165 116.31641 39.96211
1202430465 116.33626 39.9566
1202430765 116.35053 39.95073
1202431065 116.36564 39.9476
1202431365 116.42205 39.94824
1202431665 116.42796 39.90376
1202431965 116.41208 39.89988
1202432265 116.41268 39.88738
1202432565 116.4004 39.8716
1202432865 116.41484 39.87929
1202433165 116.41274 39.89435
1202433465 116.43283 39.89176
1202433765 116.43391 39.88301
1202434065 116.44496 39.88033
1202434065 116.44496 39.88033
1202434365 116.42178 39.87739
1202435045 116.43875 39.88313
1202435265 116.44294 39.88033
1202435565 116.43978 39.8805
1202435865 116.42468 39.89621
1202437365 116.41264 39.89217
1202438865 116.40376 39.98144
1202439165 116.41181 39.97414
1202439465 116.40736 39.96057
1202439765 116.41875 39.95605
1202440065 116.41898 39.95087
1202440365 116.41861 39.93962
1202440665 116.41454 39.93234
1202440965 116.36665 39.9314
1202441265 116.35013 39.91495
1202441564 116.33976 39.91265
1202441925 116.34646 39.90539
1202442164 116.36387 39.90754
1202442483 116.37661 39.90552
1202442764 116.41151 39.9068
1202442764 116.41151 39.9068
1202443064 116.45625 39.90636
1202443364 116.45813 39.94872
1202443364 116.45813 39.94872
1202443364 116.45813 39.94872
1202443664 116.47542 39.96983
1202443964 116.47545 39.96989
1202444264 116.47546 39.96995
1202444564 116.47474 39.97006
1202444564 116.47474 39.97006
1202444864 116.45348 39.95296
1202445164 116.4492 39.92956
1202445464 116.45568 39.94069
1202445764 116.47074 39.97766
1202446064 116.46191 39.98183
1202446364 116.46747 39.98182
1202446664 116.48157 39.9698
1202446964 116.48541 39.964
1202447264 116.46232 39.95005
1202447564 116.4552 39.94067
1202447864 116.42785 39.93999
1202448164 116.39734 39.9231
1202448464 116.42275 39.92691
1202448764 116.44105 39.93223
1202449064 116.4555 39.90838
1202449364 116.46161 39.86871
1202449664 116.4661 39.87197
1202449964 116.45545 39.89186
1202450264 116.42257 39.89934
1202450564 116.42838 39.907
1202450864 116.4284 39.92619
1202451164 116.43552 39.93236
1202451464 116.4211 39.9071
1202451464 116.4211 39.9071
1202451764 116.37831 39.90596
1202452064 116.37734 39.90398
1202452364 116.37363 39.93383
1202452664 116.37346 39.9601
1202452992 116.38292 39.98107
1202453264 116.41691 39.98729
1202453564 116.4181 39.98099
1202453864 116.42998 39.98757
1202454164 116.43052 39.9875
1202454464 116.43053 39.98757
1202454764 116.43055 39.98754
1202455064 116.43054 39.98729
1202455364 116.43283 39.98323
1202455664 116.43277 39.98322
1202455964 116.43279 39.98346
1202456264 116.46125 39.97124
1202456564 116.48364 39.92355
1202456864 116.47158 39.89933
1202457164 116.4839 39.91553
1202457465 116.48799 39.93235
1202457763 116.4956 39.93464
1202458063 116.51271 39.94988
1202458363 116.52735 39.9667
1202458663 116.52733 39.96672
1202458963 116.51142 39.95837
1202459263 116.49696 39.93519
1202459563 116.48362 39.90641
1202459863 116.479 39.8483
1202460163 116.41446 39.83101
1202460163 116.41446 39.83101
1202460463 116.39559 39.81569
1202460763 116.41112 39.80142
1202461063 116.41448 39.78545
1202461363 116.44515 39.78987
1202461663 116.4479 39.81945
1202461963 116.47833 39.84621
1202462263 116.48381 39.9045
1202462563 116.47556 39.9621
1202462863 116.5152 40.01559
1202463163 116.5831 40.05065
1202463463 116.58091 40.07789
1202463763 116.5849 40.05532
1202464063 116.56047 40.03061
1202464363 116.55504 40.01758
1202464663 116.55809 40.00831
1202464963 116.55424 39.97067
1202465263 116.5274 39.96899
1202465563 116.51115 39.95081
1202465863 116.48532 39.9325
1202466163 116.45614 39.93252
1202466463 116.42789 39.93506
1202466763 116.3764 39.94756
1202467063 116.35381 39.9224
1202467363 116.35014 39.91892
1202467663 116.31796 39.89598
1202467963 116.31618 39.89524
1202468263 116.31093 39.90632
1202468563 116.26975 39.90627
1202468853 116.25863 39.90026
1202469163 116.25793 39.89147
1202469463 116.26203 39.9062
1202469763 116.27844 39.9062
1202470063 116.30552 39.90519
1202470366 116.31307 39.93105
1202470663 116.31825 39.95035
1202470963 116.32825 39.96588
1202471263 116.34671 39.97516
1202471563 116.36307 39.98057
1202471863 116.39863 39.98691
1202472163 116.41289 39.97415
1202472463 116.41196 39.97866
1202472763 116.3898 39.9673
1202473063 116.37304 39.95587
1202473363 116.37308 39.95059
1202473663 116.37454 39.93801
1202473962 116.37384 39.9465
1202474262 116.3883 39.95012
1202474562 116.39605 39.97559
1202474863 116.40161 39.99693
1202475162 116.40389 40.00608
1202475462 116.40448 39.99743
1202475762 116.40131 39.99248
1202476062 116.39998 39.97192
1202476362 116.39613 39.9756
1202476662 116.40171 40.00078
1202476962 116.40435 40.03078
1202477269 116.40602 40.04578
1202477269 116.40602 40.04578
1202477562 116.40721 40.06213
1202477562 116.40721 40.06213
1202477862 116.40689 40.06589
1202478162 116.4078 40.07782
1202478462 116.40191 40.07454
1202478762 116.40607 40.07267
1202479062 116.4064 40.07277
1202479362 116.40667 40.06691
1202479662 116.40543 40.04895
1202479962 116.41178 40.0288
1202480262 116.40626 40.00031
1202480562 116.40243 39.9974
1202480862 116.40837 39.98952
1202481162 116.4012 39.97408
1202481462 116.40156 39.95642
1202481762 116.38877 39.9617
1202482062 116.39881 39.97392
1202482362 116.38633 39.96731
1202483019 116.37323 39.97555
1202483262 116.37228 39.96032
1202483562 116.35951 39.96687
1202483862 116.36368 39.97388
1202484162 116.36362 39.9674
1202484462 116.3636 39.96733
1202484762 116.36364 39.96745
1202485062 116.36349 39.96758
1202485362 116.36368 39.96739
1202485662 116.35953 39.9693
1202485962 116.36296 39.99202
1202486262 116.36365 39.99998
1202486262 116.36365 39.99998
1202486562 116.36623 39.98585
1202486862 116.40512 39.98689
1202487162 116.41827 39.97664
1202487462 116.41887 39.95665
1202487762 116.419 39.95513
1202488062 116.41898 39.95339
1202488362 116.41936 39.95014
1202488662 116.42421 39.94816
1202488962 116.4177 39.92315
1202489275 116.42285 39.93228
1202489562 116.45124 39.93236
1202489861 116.47155 39.9324
1202490161 116.4723 39.93195
1202490461 116.46255 39.94698
1202490761 116.45375 39.94253
1202491061 116.45497 39.94776
1202491361 116.4628 39.94414
1202491661 116.44993 39.95548
1202491961 116.44685 39.96695
1202492261 116.42969 39.96839
