UTS Latitude Longitude
1201959706 116.36393 39.96574
1201959757 116.3646 39.95804
1201960089 116.36364 39.97824
1201960360 116.3588 39.99526
1201960611 116.3672 39.99532
1201960913 116.35899 39.9883
1201961516 116.35901 39.98823
1201962120 116.35915 39.98819
1201962472 116.35922 39.98815
1201962723 116.33798 39.98542
1201962774 116.32818 39.98493
1201963075 116.32739 39.97539
1201963326 116.3247 39.96634
1201963377 116.32345 39.96626
1201963679 116.32087 39.96612
1201963980 116.31918 39.97087
1201964282 116.31898 39.97555
1201964533 116.33 39.97511
1201964584 116.3383 39.97499
1201964885 116.34783 39.98036
1201965187 116.37333 39.99268
1201965438 116.37391 39.99289
1201965489 116.37391 39.99289
1201965739 116.37391 39.99289
1201965793 116.37391 39.99289
1201970452 116.40156 39.99762
1201970460 116.40156 39.99758
1201970753 116.40697 39.98704
1201970761 116.40789 39.98703
1201971055 116.43315 39.97502
1201971063 116.43338 39.97491
1201971365 116.41951 39.96816
1201971658 116.41298 39.98203
1201971666 116.41217 39.98202
1201971960 116.40002 39.97565
1201971968 116.39936 39.97563
1201972262 116.39555 39.97062
1201976033 116.38759 39.94636
1201976308 116.37952 39.94775
1201976334 116.37864 39.94773
1201976609 116.37286 39.95355
1201976639 116.37283 39.95225
1201976911 116.37309 39.94694
1201976938 116.37487 39.94651
1201977213 116.39126 39.93938
1201977239 116.39307 39.9394
1201977514 116.39628 39.93943
1201977541 116.39628 39.93943
1201977816 116.39909 39.93944
1201977843 116.39921 39.93945
1201978118 116.40229 39.93803
1201978144 116.40233 39.93789
1201978419 116.40222 39.94313
1201978446 116.40216 39.94539
1201978721 116.40182 39.95542
1201979023 116.40139 39.97135
1201979049 116.40148 39.97382
1201979324 116.3894 39.97549
1201979351 116.3894 39.97549
1201979351 116.3894 39.97549
1201979626 116.39541 39.97548
1201979653 116.39545 39.97374
1201979928 116.39588 39.969
1201979928 116.39588 39.969
1201979954 116.3958 39.97094
1201980229 116.38895 39.97548
1201980256 116.38895 39.97548
1201980531 116.37652 39.97557
1201980557 116.37652 39.97557
1201980832 116.37599 39.97559
1201980858 116.37599 39.97559
1201981133 116.37599 39.97559
1201981160 116.37599 39.97559
1201981435 116.37599 39.97559
1201981737 116.37599 39.97559
1201981763 116.37599 39.97559
1201982038 116.37539 39.97548
1201982065 116.37478 39.97419
1201982340 116.37221 39.96733
1201982366 116.37089 39.96709
1201982642 116.37039 39.963
1201982668 116.37052 39.96271
1201982943 116.3746 39.96624
1201982970 116.37706 39.96666
1201983245 116.39581 39.96608
1201983271 116.39586 39.96475
1201983546 116.39166 39.9614
1201983573 116.39361 39.95903
1201983573 116.39361 39.95903
1201983848 116.38878 39.9611
1201983875 116.38869 39.96208
1201984150 116.39563 39.97003
1201984176 116.3956 39.96931
1201984753 116.34853 39.96871
1201984780 116.34834 39.97165
1201985055 116.35943 39.97314
1201985081 116.35943 39.97254
1201985356 116.34833 39.97225
1201985383 116.34826 39.97467
1201985658 116.36238 39.9753
1201985685 116.3632 39.9753
1201985960 116.37932 39.97544
1201985986 116.38138 39.97544
1201986261 116.38795 39.97401
1201986288 116.38813 39.97057
1201986563 116.37737 39.96719
1201986590 116.37633 39.96715
1201986865 116.36646 39.97539
1201986891 116.36445 39.97541
1201986891 116.36445 39.97541
1201987166 116.36327 39.98556
1201987193 116.36325 39.9857
1201987468 116.3467 39.99918
1201987468 116.3467 39.99918
1201987494 116.3467 39.99918
1201987770 116.33882 39.99833
1201987796 116.33882 39.99833
1201988071 116.33192 39.99162
1201988098 116.33192 39.99162
1201988399 116.30952 39.99741
1201988675 116.31274 40.00946
1201988701 116.31256 40.01035
1201988976 116.331 39.9979
1201989003 116.331 39.9979
1201989278 116.3269 39.99204
1201989304 116.3269 39.99204
1201989580 116.33367 39.99816
1201989881 116.33274 39.99169
1201989908 116.33146 39.99165
1201990183 116.33384 39.99816
1201990209 116.33372 39.999
1201990484 116.33806 40.01139
1201990512 116.33882 40.01297
1201990786 116.33512 40.01474
1201990813 116.33541 40.01383
1201991088 116.3462 40.00654
1201991129 116.34621 40.00272
1201991389 116.34761 39.97983
1201991416 116.34728 39.97556
1201991691 116.34883 39.94082
1201991718 116.34875 39.94004
1201991993 116.33626 39.94558
1201992019 116.33569 39.94646
1201992294 116.33281 39.96097
1201992321 116.33557 39.96102
1201992596 116.3284 39.96341
1201992623 116.32823 39.96569
1201992898 116.33881 39.97526
1201992948 116.34268 39.97538
1201993199 116.35313 39.98553
1201993226 116.35763 39.98568
1201993501 116.35913 39.99047
1201993528 116.35913 39.99047
1201993803 116.35902 39.98857
1201993829 116.35902 39.98857
1201994104 116.35201 39.98601
1201994131 116.34845 39.98593
1201994406 116.3476 39.98493
1201994433 116.34698 39.98599
1201994433 116.34698 39.98599
1201994708 116.33302 39.99169
1201994734 116.33209 39.99168
1201995009 116.3232 40.01284
1201995009 116.3232 40.01284
1201995036 116.3208 40.01211
1201995310 116.3082 40.02803
1201995336 116.31053 40.02843
1201995612 116.30551 40.03527
1201995638 116.30371 40.03488
1201995913 116.27215 40.03216
1201995940 116.27023 40.03173
1201996215 116.25217 40.04101
1201996241 116.25083 40.0417
1201996517 116.20638 40.03899
1201996543 116.20183 40.03987
1201996818 116.20304 40.03335
1201996845 116.20145 40.0327
1201997120 116.20072 40.03993
1201997146 116.20072 40.03994
1201997422 116.24375 40.04429
1201997448 116.24744 40.04298
1201997750 116.26209 40.03016
1201998025 116.27986 40.02114
1201998051 116.28141 40.02184
1201998326 116.30989 40.02831
1201998353 116.31123 40.0285
1201998655 116.32237 40.03917
1201998930 116.33023 40.04334
1201998956 116.33257 40.04027
1201999231 116.30898 40.03616
1201999258 116.30881 40.03617
1201999533 116.29186 40.05305
1201999560 116.29596 40.05472
1201999835 116.31517 40.05916
1201999861 116.31514 40.06028
1202000136 116.30824 40.07377
1202000163 116.30824 40.07377
1202000438 116.31014 40.07485
1202000465 116.31017 40.07476
1202000740 116.31437 40.06438
1202000766 116.31437 40.06438
1202001068 116.29282 40.05361
1202001343 116.28056 40.06477
1202001370 116.28245 40.06339
1202001645 116.28443 40.06015
1202001671 116.28524 40.05747
1202001946 116.31497 40.05994
1202001973 116.31638 40.06077
1202001973 116.31638 40.06077
1202002248 116.29868 40.08604
1202002275 116.29816 40.08867
1202002550 116.31 40.06938
1202002550 116.31 40.06938
1202002576 116.31205 40.06737
1202002851 116.31979 40.0479
1202002878 116.31979 40.0479
1202003153 116.32072 40.03912
1202003179 116.31708 40.03907
1202003455 116.30864 40.03621
1202003481 116.30987 40.03626
1202003756 116.33315 40.02953
1202003783 116.33496 40.02945
1202004084 116.34082 40.02614
1202004989 116.33336 40.0296
1202007362 116.33787 40.02914
1202007600 116.33856 40.02358
1202031155 116.34721 39.92238
1202034775 116.34963 39.94847
1202035077 116.34341 39.93855
1202035307 116.30476 39.94087
1202035378 116.30364 39.94175
1202035608 116.30465 39.92014
1202035608 116.30465 39.92014
1202035910 116.3044 39.92163
1202036212 116.31652 39.92701
1202036283 116.31918 39.92694
1202036513 116.31961 39.93693
1202036585 116.31967 39.93717
1202036815 116.31735 39.95515
1202036887 116.3163 39.9626
1202037117 116.34377 39.96639
1202037188 116.3569 39.9664
1202037418 116.37546 39.97462
1202037490 116.37466 39.97484
1202037720 116.37468 39.97432
1202037792 116.37452 39.9743
1202038041 116.37474 39.9744
1202038093 116.37281 39.9738
1202038323 116.37237 39.97376
1202038395 116.37237 39.97376
1202038625 116.37237 39.97376
1202038927 116.37237 39.97376
1202038998 116.37237 39.97376
1202039228 116.37237 39.97376
1202039300 116.37237 39.97376
1202039530 116.37237 39.97376
1202039601 116.37237 39.97376
1202039832 116.37237 39.97376
1202039903 116.37237 39.97376
1202040205 116.37242 39.97379
1202040435 116.37251 39.97385
1202040506 116.37251 39.97385
1202041038 116.37254 39.97371
1202041641 116.37423 39.96959
1202041713 116.37419 39.96928
1202041943 116.3727 39.95619
1202042245 116.36515 39.95395
1202042245 116.36515 39.95395
1202042316 116.36211 39.95667
1202042546 116.35764 39.96619
1202042618 116.36133 39.96655
1202042678 116.35942 39.96953
1202042848 116.3595 39.97414
1202042920 116.3635 39.97534
1202043150 116.37353 39.98603
1202043150 116.37353 39.98603
1202043221 116.37989 39.9862
1202046676 116.31994 39.89593
1202047308 116.32622 39.9096
1202047549 116.3285 39.91648
1202048184 116.33768 39.92877
1202048454 116.3381 39.93594
1202048787 116.34542 39.94203
1202049089 116.34056 39.95526
1202049692 116.34998 39.92256
1202049999 116.35023 39.90951
1202050599 116.4065 39.9066
1202051203 116.41374 39.90022
1202051772 116.41128 39.92301
1202051806 116.41118 39.9252
1202052074 116.40871 39.93212
1202052677 116.34977 39.9352
1202052709 116.3502 39.93879
1202053009 116.33086 39.93703
1202053009 116.33086 39.93703
1202053311 116.31845 39.94816
1202053581 116.31739 39.95477
1202053613 116.31743 39.95505
1202053914 116.31232 39.9517
1202054216 116.31621 39.94726
1202054486 116.30252 39.94181
1202054788 116.3041 39.90727
1202054819 116.30408 39.90394
1202055121 116.31374 39.89512
1202055391 116.31625 39.89591
1202055422 116.31406 39.89596
1202055994 116.30496 39.9234
1202056327 116.31376 39.92793
1202057235 116.31332 39.97065
1202057534 116.31069 39.9816
1202057804 116.31587 39.98402
1202057838 116.32016 39.98423
1202058441 116.35507 39.97524
1202058709 116.37312 39.97542
1202064265 116.30211 39.95413
1202067661 116.41829 40.03603
1202067945 116.41122 40.03159
1202067961 116.41122 40.03159
1202068247 116.39893 40.00822
1202068263 116.39535 40.00834
1202068549 116.38094 39.9919
1202068565 116.38093 39.98988
1202068850 116.37386 39.96449
1202068866 116.37346 39.96167
1202069152 116.37303 39.95065
1202069168 116.373 39.9505
1202069454 116.37029 39.94768
1202069470 116.36939 39.94762
1202069755 116.36653 39.94753
1202069771 116.36616 39.94755
1202070057 116.37293 39.94138
1202070073 116.3729 39.94129
1202070358 116.37358 39.93357
1202070375 116.37361 39.93329
1202070660 116.37369 39.93235
1202070676 116.37369 39.93235
1202070962 116.36489 39.93123
1202070978 116.36489 39.93123
1202071263 116.36028 39.92578
1202071280 116.35977 39.92474
1202071280 116.35977 39.92474
1202071565 116.35837 39.91768
1202071565 116.35837 39.91768
1202071581 116.35833 39.91709
1202071867 116.35361 39.91488
1202071883 116.3536 39.91487
1202072168 116.35649 39.90726
1202072185 116.35686 39.90713
1202072470 116.32676 39.90631
1202072486 116.32338 39.90622
1202072772 116.30275 39.90625
1202072788 116.30256 39.90626
1202073073 116.28696 39.90633
1202073090 116.28522 39.9063
1202073375 116.27827 39.90627
1202073391 116.27826 39.90627
1202073677 116.2773 39.89919
1202073693 116.27659 39.89908
1202073978 116.27152 39.89907
1202073995 116.27152 39.89907
1202074280 116.26717 39.89465
1202074582 116.25522 39.88585
1202074598 116.2547 39.88584
1202074883 116.25027 39.8884
1202074899 116.25026 39.8884
1202075185 116.2826 39.89573
1202075201 116.28537 39.89571
1202075486 116.30491 39.89568
1202075502 116.30512 39.89568
1202075803 116.30567 39.89568
1202076089 116.30689 39.89566
1202076105 116.30719 39.89566
1202076391 116.31151 39.8956
1202076407 116.31163 39.8956
1202076692 116.31391 39.89511
1202076708 116.31409 39.89517
1202076994 116.31728 39.8956
1202077010 116.31852 39.8959
1202077295 116.30571 39.90696
1202077312 116.3049 39.90762
1202077597 116.30209 39.92336
1202077613 116.30042 39.9232
1202077915 116.29882 39.9376
1202078200 116.31939 39.93735
1202078217 116.31959 39.93761
1202078518 116.31785 39.95555
1202078804 116.3327 39.96617
1202078820 116.33313 39.96628
1202078820 116.33313 39.96628
1202079105 116.33878 39.97513
1202079105 116.33878 39.97513
1202079122 116.33877 39.97513
1202079407 116.34615 39.97519
1202079423 116.34615 39.97519
1202079709 116.36906 39.98598
1202079725 116.37127 39.98565
1202080010 116.35513 40.01239
1202080027 116.35438 40.01303
1202080312 116.32265 40.05418
1202080328 116.32031 40.05717
1202080614 116.27931 40.10819
1202080630 116.27657 40.11023
1202080915 116.26781 40.14439
1202080932 116.27167 40.14548
1202081217 116.28019 40.14773
1202081233 116.27748 40.1471
1202081519 116.26113 40.13342
1202081535 116.26198 40.13132
1202081820 116.27863 40.10804
1202081836 116.28095 40.10629
1202082138 116.30924 40.07095
1202082424 116.31312 40.07003
1202082725 116.31408 40.06483
1202083027 116.3301 40.04354
1202083043 116.33139 40.04183
1202083329 116.3173 40.03541
1202083345 116.31731 40.03489
1202083630 116.31983 40.03098
1202083646 116.31983 40.03098
1202083932 116.33094 40.02976
1202083948 116.33088 40.02812
1202084225 116.34224 40.02205
1202084414 116.34213 40.02152
1202084554 116.33957 40.0145
1202084716 116.33545 40.00617
1202084856 116.33328 40.00223
1202085161 116.33375 40.00306
1202085259 116.33679 40.00893
1202085462 116.34235 40.02382
1202085561 116.33941 40.02885
1202085764 116.33569 40.02943
1202087594 116.33401 40.0035
1202087859 116.33684 39.99931
1202087895 116.33684 39.99931
1202088161 116.33716 39.99946
1202088197 116.33219 39.9996
1202088462 116.34264 40.02335
1202088498 116.34179 40.02465
1202088764 116.33589 40.02941
1202088800 116.33589 40.02941
1202092932 116.33587 40.02954
1202093112 116.34181 40.02858
1202093233 116.35004 40.01804
1202093414 116.37048 39.99129
1202093535 116.37448 39.96979
1202093716 116.36639 39.94964
1202093837 116.36541 39.95138
1202094017 116.35519 39.95517
1202094138 116.35252 39.94845
1202094319 116.35406 39.94635
1202094440 116.355 39.94544
1202094621 116.35506 39.94544
1202094742 116.35506 39.94544
1202094922 116.35506 39.94544
1202095043 116.35506 39.94544
1202095224 116.35505 39.94543
1202095345 116.35505 39.94543
1202095345 116.35505 39.94543
1202095526 116.35505 39.94543
1202095647 116.35505 39.94543
1202095827 116.35505 39.94543
1202095948 116.35505 39.94543
1202096129 116.35505 39.94543
1202096250 116.35505 39.94543
1202096431 116.35505 39.94543
1202096552 116.35505 39.94543
1202096732 116.35505 39.94543
1202096853 116.35505 39.94543
1202097034 116.35503 39.94542
1202097155 116.35501 39.94545
1202097336 116.35501 39.94545
1202097457 116.35498 39.94543
1202097637 116.35498 39.94543
1202097758 116.35498 39.94543
1202097939 116.35498 39.94543
1202098060 116.35498 39.94543
1202098241 116.35501 39.94546
1202098362 116.35501 39.94546
1202098542 116.35508 39.94407
1202098542 116.35508 39.94407
1202098663 116.34939 39.93042
1202098965 116.34362 39.92706
1202099146 116.34362 39.92706
1202099266 116.34701 39.92691
1202099447 116.34956 39.937
1202099568 116.3686 39.94737
1202099748 116.38825 39.93922
1202099869 116.39983 39.93944
1202100049 116.39597 39.93947
1202100170 116.38337 39.94178
1202100351 116.37324 39.95767
1202100472 116.37656 39.9706
1202100653 116.38032 39.96812
1202100774 116.37744 39.97004
1202100954 116.37439 39.97977
1202101075 116.3742 39.9904
1202101256 116.36795 39.99546
1202101377 116.36084 40.00465
1202101558 116.35025 40.02246
1202101679 116.34053 40.03122
1202101859 116.32445 40.05223
1202101980 116.32137 40.05658
1202102161 116.31317 40.07368
1202102282 116.30937 40.07057
1202102463 116.3127 40.06643
1202102584 116.3127 40.06643
1202102764 116.3127 40.06643
1202102885 116.3127 40.06643
1202102885 116.3127 40.06643
1202103066 116.3127 40.06643
1202103187 116.3127 40.06643
1202103368 116.3127 40.06643
1202103489 116.3127 40.06643
1202103669 116.3127 40.06643
1202103790 116.3127 40.06643
1202103971 116.3127 40.06643
1202104092 116.3127 40.06643
1202104273 116.3127 40.06643
1202104394 116.3127 40.06643
1202104574 116.3127 40.06643
1202104695 116.3127 40.06643
1202104876 116.3127 40.06643
1202104997 116.3127 40.06643
1202105178 116.3127 40.06643
1202105299 116.3127 40.06643
1202105479 116.3127 40.06643
1202105600 116.3127 40.06643
1202105781 116.3127 40.06643
1202105902 116.3127 40.06643
1202106083 116.3127 40.06643
1202106083 116.3127 40.06643
1202106203 116.3127 40.06643
1202106384 116.3127 40.06643
1202106505 116.3127 40.06643
1202106686 116.3127 40.06643
1202106807 116.3127 40.06643
1202106988 116.3127 40.06643
1202107108 116.3127 40.06643
1202107289 116.3127 40.06643
1202107410 116.3127 40.06643
1202107591 116.3127 40.06643
1202107712 116.3127 40.06643
1202107892 116.31323 40.06589
1202108013 116.32246 40.05391
1202108194 116.33417 40.03834
1202108496 116.31927 40.03332
1202108617 116.3194 40.03326
1202108797 116.33068 40.03565
1202108918 116.3408 40.03
1202109220 116.36895 39.99338
1202109401 116.37326 39.96014
1202109522 116.36465 39.94717
1202109702 116.34993 39.92284
1202109823 116.35044 39.90149
1202110004 116.34301 39.87593
1202110125 116.36105 39.86825
1202110306 116.37721 39.86885
1202110427 116.38156 39.86448
1202110427 116.38156 39.86448
1202110728 116.40385 39.85561
1202110909 116.39184 39.85587
1202111030 116.38028 39.85593
1202111211 116.35191 39.85195
1202111332 116.33507 39.84788
1202111512 116.31617 39.85107
1202111633 116.30784 39.86414
1202111814 116.30819 39.86731
1202111935 116.30513 39.87969
1202112116 116.30554 39.89503
1202112237 116.30489 39.90477
1202112417 116.31071 39.89922
1202112538 116.31515 39.90214
1202112719 116.32705 39.90958
1202112840 116.32846 39.91478
1202113142 116.33785 39.93078
1202113443 116.34232 39.94894
1202113624 116.34056 39.95528
1202113745 116.34508 39.95671
1202113925 116.3498 39.96671
1202114045 116.3469 39.96396
1202114226 116.34852 39.96543
1202114528 116.35927 39.97141
1202114649 116.35927 39.97141
1202114829 116.35927 39.97141
1202114950 116.36374 39.97669
1202115131 116.36327 39.98566
1202115252 116.35883 39.99364
1202115433 116.35068 39.99989
1202115554 116.33411 39.99944
1202115734 116.32704 39.99147
1202115855 116.32697 39.98512
1202116036 116.32733 39.97542
1202116157 116.32625 39.96635
1202116338 116.30343 39.94959
1202116459 116.30391 39.93345
1202116639 116.30403 39.91308
1202116760 116.30523 39.9061
1202116941 116.31503 39.89813
1202117062 116.31059 39.89598
1202117243 116.30528 39.905
1202117364 116.30439 39.9133
1202117544 116.29883 39.92297
1202117665 116.29519 39.92643
1202117846 116.29898 39.93795
1202117967 116.30368 39.94091
1202117967 116.30368 39.94091
1202118148 116.30569 39.94985
1202118269 116.31104 39.95125
1202118449 116.31549 39.95548
1202118570 116.31575 39.96445
1202118751 116.31795 39.97001
1202118872 116.3179 39.97001
1202119053 116.31868 39.97006
1202119174 116.31868 39.97006
1202119354 116.31868 39.97006
1202119475 116.31916 39.97176
1202119656 116.32721 39.97505
1202119777 116.32773 39.96659
1202119958 116.33309 39.9634
1202120079 116.33573 39.96609
1202120259 116.35958 39.96623
1202120380 116.36379 39.97367
1202120561 116.37459 39.97425
1202120682 116.37459 39.97425
1202120863 116.3733 39.97376
1202120863 116.3733 39.97376
1202121164 116.37329 39.97376
1202121285 116.37304 39.97513
1202121466 116.37275 39.97966
1202121550 116.37275 39.97965
1202126599 116.37283 39.97086
1202127434 116.3755 39.97467
1202127986 116.36372 39.97627
1202128288 116.36996 39.9806
1202128338 116.37114 39.98083
1202129193 116.33136 39.99157
1202129495 116.32907 39.99145
1202129544 116.32674 39.99037
1202129796 116.31016 39.98287
1202129846 116.3101 39.98258
1202130098 116.3186 39.97485
1202130148 116.32048 39.97492
1202130148 116.32048 39.97492
1202130400 116.32718 39.98594
1202130449 116.32913 39.98633
1202130701 116.33147 39.99143
1202130751 116.33313 39.99158
1202130827 116.33394 39.99578
1202131003 116.33463 40.00429
1202131305 116.34798 40.00644
1202131305 116.34798 40.00644
1202131354 116.35467 40.00407
1202131958 116.36357 39.97581
1202132210 116.37579 39.96653
1202132259 116.37542 39.96631
1202132511 116.37325 39.97739
1202132561 116.37288 39.97994
1202132813 116.37122 39.98063
1202132863 116.37122 39.98063
1202133115 116.37122 39.98063
1202133164 116.37122 39.98063
1202133718 116.37125 39.98061
1202133768 116.37125 39.98061
1202134020 116.37125 39.98061
1202134069 116.37125 39.98061
1202134371 116.37125 39.98061
1202134925 116.37119 39.98062
1202134974 116.37119 39.98062
1202135226 116.37119 39.98062
1202135276 116.37119 39.98062
1202135528 116.37121 39.98062
1202135578 116.37121 39.98062
1202135830 116.37121 39.98062
1202135879 116.37121 39.98062
1202136131 116.37121 39.98062
1202136181 116.37121 39.98062
1202136433 116.37121 39.98062
1202136482 116.37121 39.98062
1202136733 116.37121 39.98062
1202137035 116.37121 39.98062
1202137085 116.37121 39.98062
1202137337 116.37121 39.98062
1202137638 116.37121 39.98062
1202137688 116.37121 39.98062
1202137688 116.37121 39.98062
1202137940 116.37121 39.98062
1202138242 116.37121 39.98062
1202138291 116.37121 39.98062
1202138543 116.37121 39.98062
1202138593 116.37121 39.98062
1202139147 116.37121 39.98062
1202139196 116.37121 39.98062
1202139448 116.37124 39.98063
1202139498 116.37124 39.98063
1202139750 116.37124 39.98063
1202139800 116.37125 39.98065
1202140052 116.37125 39.98065
1202140101 116.37125 39.98065
1202140353 116.37125 39.98065
1202140403 116.37125 39.98065
1202140655 116.37125 39.98065
1202140705 116.37125 39.98065
1202141006 116.37125 39.98065
1202141308 116.37125 39.98065
1202141610 116.37125 39.98065
1202141862 116.37125 39.98065
1202141911 116.37125 39.98065
1202142163 116.37125 39.98065
1202142213 116.37125 39.98065
1202142465 116.37125 39.98065
1202142515 116.37125 39.98065
1202142767 116.37125 39.98065
1202142816 116.37125 39.98065
1202143068 116.37125 39.98065
1202143370 116.37125 39.98065
1202143419 116.37125 39.98065
1202143671 116.37125 39.98065
1202143721 116.37125 39.98065
1202143973 116.37123 39.98065
1202144275 116.37123 39.98065
1202144324 116.37123 39.98065
1202144576 116.37124 39.98064
1202144878 116.37124 39.98064
1202145180 116.37124 39.98064
1202145229 116.37124 39.98064
1202145229 116.37124 39.98064
1202145481 116.37124 39.98064
1202145783 116.37124 39.98064
1202145833 116.37124 39.98064
1202146085 116.37124 39.98064
1202146134 116.37124 39.98064
1202146386 116.37124 39.98064
1202146386 116.37124 39.98064
1202146436 116.37124 39.98064
1202146436 116.37124 39.98064
1202146688 116.37124 39.98064
1202146738 116.37124 39.98064
1202147810 116.37116 39.98048
1202148080 116.37116 39.98049
1202148112 116.37109 39.9805
1202148381 116.37109 39.9805
1202148414 116.37109 39.9805
1202148414 116.37109 39.9805
1202148683 116.37109 39.9805
1202148985 116.37109 39.9805
1202149286 116.37115 39.98052
1202149286 116.37115 39.98052
1202149620 116.37115 39.98052
1202150191 116.37115 39.98052
1202150223 116.37115 39.98052
1202150525 116.37115 39.98052
1202151096 116.37116 39.98055
1202151397 116.37116 39.98055
1202151429 116.37116 39.98055
1202152000 116.37116 39.98055
1202152032 116.37116 39.98055
1202152604 116.37114 39.98055
1202176203 116.37128 39.98064
1202176291 116.37428 39.97856
1202176505 116.36322 40.00089
1202176593 116.35556 40.0118
1202176895 116.31328 40.06636
1202177109 116.29614 40.08722
1202178618 116.33612 40.00632
1202178705 116.33612 40.00632
1202179007 116.33612 40.00632
1202206086 116.32543 39.96589
1202207139 116.34929 39.99153
1202207415 116.35832 39.9923
1202207441 116.35832 39.9923
1202207717 116.36262 40.00814
1202207742 116.36833 40.0084
1202208018 116.41085 40.01477
1202208044 116.41155 40.02029
1202208320 116.41145 40.02566
1202208346 116.41134 40.02462
1202208622 116.38152 40.00859
1202208648 116.3809 40.00858
1202208924 116.36361 40.00018
1202208949 116.36641 39.99649
1202209225 116.37118 39.98069
1202209251 116.37118 39.98069
1202209553 116.37526 39.97626
1202209829 116.36371 39.99909
1202209855 116.36371 39.99909
1202209855 116.36371 39.99909
1202210157 116.37058 39.99082
1202210251 116.37414 39.97909
1202210458 116.37225 39.97379
1202210553 116.37225 39.97379
1202210760 116.37225 39.97379
1202211061 116.37225 39.97379
1202211061 116.37225 39.97379
1202211156 116.37225 39.97379
1202211363 116.37225 39.97379
1202211458 116.37225 39.97379
1202211665 116.37225 39.97379
1202211760 116.37225 39.97379
1202211966 116.37225 39.97379
1202212061 116.37225 39.97379
1202212267 116.37225 39.97379
1202212362 116.37225 39.97379
1202212569 116.37233 39.97385
1202212664 116.37233 39.97385
1202212870 116.37238 39.97389
1202212965 116.37234 39.97387
1202213172 116.37234 39.97387
1202213474 116.37234 39.97387
1202213569 116.3723 39.97386
1202213775 116.3723 39.97386
1202213870 116.37266 39.9737
1202214077 116.37285 39.95731
1202214172 116.37292 39.95257
1202214379 116.36839 39.94961
1202214680 116.35393 39.95673
1202214775 116.35302 39.95664
1202214982 116.34912 39.95021
1202215077 116.34883 39.94035
1202215284 116.3428 39.9474
1202215379 116.34138 39.95255
1202215585 116.33223 39.95656
1202215680 116.3288 39.96031
1202215887 116.33302 39.96614
1202215982 116.33278 39.96944
1202216189 116.32786 39.97159
1202216284 116.32777 39.97435
1202216490 116.32733 39.98331
1202216585 116.32695 39.99113
1202216792 116.33054 39.997
1202216887 116.33062 39.99706
1202217094 116.33906 39.99938
1202217188 116.34608 39.99962
1202217395 116.36265 40.00003
1202217490 116.36586 40.00018
1202217697 116.37399 39.99574
1202217792 116.37404 39.98981
1202217998 116.37121 39.98652
1202218093 116.3764 39.98601
1202218300 116.37726 39.98114
1202218602 116.37731 39.98108
1202218602 116.37731 39.98108
1202218697 116.37731 39.98108
1202218903 116.38301 39.981
1202218998 116.38785 39.97563
1202219205 116.38883 39.95506
1202219300 116.39425 39.94751
1202219507 116.42746 39.94475
1202219602 116.42787 39.92868
1202219808 116.42379 39.91427
1202219903 116.42061 39.90981
1202220110 116.42049 39.90449
1202220205 116.41856 39.90355
1202220412 116.41199 39.90623
1202220713 116.41161 39.91551
1202221015 116.41087 39.92916
1202221110 116.41093 39.93042
1202221317 116.41077 39.93517
1202221412 116.41057 39.93905
1202221618 116.41035 39.94739
1202221713 116.41031 39.94775
1202221920 116.41226 39.95769
1202222015 116.41208 39.96208
1202222222 116.41164 39.9705
1202222317 116.41126 39.97912
1202222523 116.41427 39.9826
1202222618 116.41532 39.98526
1202222825 116.41528 39.98706
1202222920 116.41727 39.98724
1202222920 116.41727 39.98724
1202222920 116.41727 39.98724
1202222920 116.41727 39.98724
1202223127 116.44753 39.98021
1202223222 116.46361 39.9696
1202223428 116.49656 39.99994
1202223523 116.51773 40.01672
1202223523 116.51773 40.01672
1202223730 116.5748 40.04298
1202223825 116.57955 40.04699
1202224032 116.58672 40.07764
1202224126 116.58658 40.07894
1202224333 116.58034 40.07582
1202224428 116.58098 40.07211
1202224635 116.57863 40.0626
1202224730 116.57047 40.06125
1202224936 116.56249 40.06915
1202224936 116.56249 40.06915
1202225238 116.56703 40.07081
1202225238 116.56703 40.07081
1202225370 116.56612 40.07188
1202235449 116.56614 40.07189
1202235537 116.56614 40.07189
1202235751 116.56614 40.07189
1202235838 116.56614 40.07189
1202236053 116.56614 40.07189
1202236140 116.56614 40.07189
1202236441 116.56614 40.07189
1202236656 116.56614 40.07189
1202236743 116.56614 40.07189
1202236958 116.56614 40.07189
1202237045 116.56614 40.07189
1202237259 116.56614 40.07189
1202237346 116.56614 40.07189
1202237561 116.56614 40.07189
1202237648 116.56614 40.07189
1202237863 116.56395 40.07018
1202237950 116.56242 40.06882
1202238164 116.56838 40.06357
1202238251 116.56838 40.06357
1202238466 116.58131 40.0623
1202238553 116.58131 40.0623
1202238768 116.58291 40.0609
1202238855 116.58292 40.0609
1202239069 116.58252 40.06333
1202239156 116.58171 40.06843
1202239370 116.58171 40.06843
1202239457 116.58171 40.06843
1202239671 116.58152 40.06951
1202239759 116.58098 40.07236
1202239973 116.58098 40.07236
1202240060 116.58098 40.07236
1202240060 116.58098 40.07236
1202240275 116.58178 40.07627
1202240362 116.58179 40.07629
1202240576 116.58179 40.07629
1202240664 116.58179 40.07629
1202240878 116.58568 40.07668
1202240965 116.58568 40.07668
1202241180 116.58568 40.07668
1202241267 116.58568 40.07668
1202241481 116.58568 40.07668
1202241569 116.58568 40.07668
1202241783 116.58568 40.07668
1202241870 116.58568 40.07668
1202242085 116.58568 40.07668
1202242085 116.58568 40.07668
1202242172 116.58568 40.07668
1202242474 116.58568 40.07668
1202242688 116.58568 40.07668
1202242775 116.58568 40.07668
1202242990 116.58568 40.07668
1202243077 116.58568 40.07668
1202244498 116.58544 40.07975
1202244585 116.58197 40.06927
1202244800 116.57835 40.04635
1202245101 116.50706 40.00956
1202245188 116.4897 39.99384
1202245403 116.45001 39.95824
1202245490 116.44412 39.95951
1202245705 116.44336 39.95929
1202245792 116.44997 39.95782
1202246006 116.48344 39.98805
1202246093 116.49656 39.99994
1202246308 116.53734 40.02367
1202246395 116.55674 40.03032
1202246610 116.5798 40.04711
1202246697 116.58332 40.06226
1202246911 116.58266 40.07945
1202246998 116.58342 40.07579
1202247514 116.58277 40.07622
1202247602 116.58347 40.05954
1202247602 116.58347 40.05954
1202247816 116.55792 40.03105
1202247903 116.53621 40.02342
1202248118 116.49375 40.00078
1202248205 116.47869 40.01228
1202248419 116.42332 40.02078
1202248507 116.40006 40.0211
1202248721 116.34787 40.02312
1202248808 116.35242 40.01498
1202249023 116.34635 40.00647
1202249110 116.34082 39.99959
1202249324 116.33226 39.99173
1202249412 116.33031 39.99175
1202249626 116.33031 39.99175
1202249626 116.33031 39.99175
1202249713 116.3308 39.99162
1202249928 116.3362 39.99937
1202250015 116.34597 39.99959
1202250229 116.35863 39.99448
1202250317 116.36287 39.99136
1202250618 116.34165 39.96661
1202250833 116.32932 39.96957
1202250920 116.32875 39.96951
1202251134 116.32735 39.98065
1202251221 116.32721 39.98432
1202251436 116.33406 39.99214
1202251523 116.33394 39.99531
1202251738 116.33394 39.99531
1202251825 116.33394 39.99531
1202252039 116.33387 39.99532
1202252126 116.33146 39.99169
1202252341 116.33042 39.99166
1202252428 116.32794 39.99162
1202252643 116.30998 39.9846
1202252730 116.30994 39.98446
1202252944 116.28631 39.99813
1202253031 116.28166 40.01029
1202253246 116.27069 40.02668
1202253333 116.2631 40.03527
1202253548 116.25261 40.04633
1202253635 116.25262 40.04633
1202253848 116.2609 40.05032
1202253935 116.26099 40.05009
1202254150 116.25357 40.04905
1202254237 116.24685 40.05443
1202254451 116.23763 40.0723
1202254539 116.22558 40.06878
1202254753 116.19803 40.06719
1202254840 116.17968 40.06717
1202255055 116.13905 40.06693
1202255142 116.15494 40.06698
1202255142 116.15494 40.06698
1202255356 116.15192 40.08129
1202255444 116.14927 40.09245
1202255658 116.14792 40.09701
1202255745 116.14977 40.0892
1202255960 116.15508 40.06728
1202256047 116.16447 40.06694
1202256261 116.19862 40.06699
1202256349 116.21252 40.06684
1202256650 116.24185 40.07334
1202256865 116.24365 40.08519
1202256952 116.24413 40.08852
1202257166 116.24432 40.08859
1202257166 116.24432 40.08859
1202257254 116.25238 40.09139
1202257468 116.26247 40.07643
1202257555 116.26271 40.07614
1202257770 116.26288 40.0752
1202257857 116.26288 40.0752
1202258071 116.27432 40.06893
1202258159 116.28349 40.06688
1202258460 116.30076 40.04132
1202258675 116.30857 40.0359
1202258762 116.31685 40.03476
1202258976 116.33075 40.04443
1202259063 116.32502 40.05315
1202259278 116.3332 40.03939
1202259365 116.34229 40.02804
1202259580 116.34052 40.01375
1202259667 116.34592 40.00916
1202259881 116.34278 40.00346
1202259968 116.34378 39.99953
1202260183 116.372 39.98764
1202260270 116.37463 39.97162
1202260485 116.40698 39.96761
1202260572 116.4264 39.96816
1202260786 116.45549 39.94109
1202260873 116.4513 39.93242
1202261088 116.45568 39.93807
1202261175 116.45929 39.9491
1202261390 116.46392 39.95422
1202261477 116.46577 39.95472
1202261691 116.46528 39.95465
1202261778 116.46201 39.95396
1202262080 116.44556 39.95837
1202262295 116.41036 39.96786
1202262382 116.40007 39.96763
1202262596 116.38674 39.97547
1202262683 116.3749 39.97767
1202262683 116.3749 39.97767
1202262898 116.3635 39.99946
1202262985 116.36527 39.99778
1202263199 116.36294 39.99128
1202263287 116.3631 39.98647
1202263501 116.39736 39.98679
1202264104 116.42031 39.98214
1202264192 116.41787 39.98703
1202264406 116.38403 39.98668
1202264493 116.36889 39.98654
1202264708 116.36123 39.99254
1202264708 116.36123 39.99254
1202264795 116.36122 39.99253
1202265009 116.35835 39.99244
1202265097 116.35029 39.99217
1202265311 116.33745 39.99179
1202265398 116.33023 39.99162
1202265613 116.33393 39.99523
1202265700 116.33795 39.99936
1202265914 116.36218 40.00002
1202266002 116.37006 40.00021
1202266216 116.37399 39.99282
1202266518 116.36937 39.99567
1202266605 116.36396 40.00019
1202266819 116.35983 40.00426
1202266907 116.36342 40.00045
1202267121 116.36292 40.00022
1202267208 116.35471 40.0
1202267423 116.33383 39.99554
1202267510 116.3328 39.99167
1202267724 116.334 39.99393
1202267811 116.34006 39.99944
1202268026 116.35862 39.99753
1202268112 116.36128 39.99237
1202268327 116.36347 39.97798
1202268414 116.36364 39.97431
1202268628 116.33443 39.96651
1202268776 116.33278 39.96925
1202285495 116.25643 40.04052
1202289116 116.58245 40.0759
1202290142 116.42934 39.97559
1202290157 116.4271 39.9758
1202290443 116.41998 39.98211
1202290459 116.41829 39.98209
1202290744 116.40166 39.98174
1202290760 116.40166 39.98174
1202291046 116.40165 39.96498
1202291061 116.40161 39.96541
1202291347 116.39512 39.96761
1202291363 116.39512 39.96761
1202291649 116.39512 39.96761
1202291665 116.39512 39.96761
1202291966 116.37358 39.96446
1202292268 116.37211 39.95004
1202292554 116.35243 39.95672
1202292554 116.35243 39.95672
1202292570 116.35002 39.95671
1202292855 116.34614 39.9393
1202292871 116.34599 39.94003
1202293157 116.34023 39.95603
1202293173 116.34022 39.95589
1202293459 116.34021 39.95589
1202293475 116.34021 39.95589
1202294062 116.3158 39.96424
1202294078 116.31538 39.96536
1202294364 116.3106 39.98082
1202294380 116.31054 39.98254
1202294665 116.3232 39.99134
1202294681 116.32515 39.9914
1202294967 116.33607 39.99931
1202294983 116.33607 39.99931
1202295269 116.35867 39.99471
1202295285 116.35868 39.99434
1202295570 116.36168 40.00009
1202295872 116.34901 40.02319
1202295888 116.34598 40.02428
1202296174 116.33006 40.04542
1202296190 116.32831 40.04766
1202296475 116.34049 40.05907
1202296491 116.34092 40.05917
1202296777 116.35174 40.08248
1202296793 116.35174 40.08249
1202297079 116.34329 40.08177
1202297095 116.34344 40.08018
1202297380 116.31388 40.0741
1202297682 116.3322 40.0414
1202297698 116.33448 40.03838
1202297984 116.36155 40.00293
1202297999 116.36292 40.00102
1202298285 116.37216 39.99323
1202298301 116.37215 39.99323
1202298587 116.3689 39.99308
1202298603 116.36742 39.99276
1202298889 116.36767 39.99211
1202298904 116.36767 39.99211
1202299190 116.37339 39.97543
1202299492 116.37269 39.96931
1202299508 116.3727 39.96834
1202299794 116.364 39.97368
1202299794 116.364 39.97368
1202299809 116.36375 39.97426
1202300095 116.3594 39.96871
1202300111 116.35935 39.96723
1202300397 116.35526 39.95322
1202300413 116.35518 39.95316
1202300698 116.34928 39.95331
1202300714 116.34911 39.95607
1202301000 116.36443 39.9618
1202301016 116.36426 39.96375
1202301302 116.37297 39.95655
1202301318 116.3731 39.95652
1202301603 116.37434 39.95276
1202301619 116.37434 39.95276
1202301905 116.37431 39.95367
1202301921 116.37362 39.95385
1202302207 116.36484 39.96688
1202302223 116.36419 39.96695
1202302508 116.34835 39.97522
1202302524 116.34835 39.97522
1202302810 116.34941 39.98012
1202302826 116.35146 39.98019
1202303112 116.36287 39.97527
1202303128 116.36405 39.97529
1202303413 116.37367 39.97538
1202303429 116.3745 39.97538
1202303715 116.39634 39.98686
1202303731 116.40009 39.98698
1202304017 116.44421 39.99799
1202304033 116.44536 40.00117
1202304318 116.46094 40.01916
1202304334 116.46094 40.01916
1202304620 116.45406 40.03513
1202304636 116.45413 40.03659
1202304922 116.4545 40.04264
1202304937 116.45433 40.04221
1202305222 116.45894 40.02437
1202305238 116.4593 40.02389
1202305524 116.4543 40.00714
1202305540 116.4543 40.00714
1202305826 116.4146 40.00795
1202305841 116.41222 40.00799
1202306127 116.39395 40.0051
1202306429 116.38724 39.98083
1202306445 116.38739 39.97795
1202306731 116.38213 39.96666
1202307032 116.38741 39.94882
1202307048 116.38741 39.94882
1202307048 116.38741 39.94882
1202307334 116.34942 39.93451
1202307334 116.34942 39.93451
1202307350 116.34948 39.93144
1202307575 116.35014 39.91108
1202307635 116.35 39.91092
1202307651 116.35019 39.91061
1202307834 116.34985 39.91042
1202311111 116.35015 39.90876
1202311201 116.35012 39.90257
1202311822 116.37463 39.96924
1202312089 116.35911 40.00695
1202312106 116.3574 40.00926
1202324424 116.16423 40.52762
1202324474 116.16617 40.52101
1202324725 116.13493 40.50217
1202324776 116.12407 40.49625
1202325027 116.08792 40.46923
1202325027 116.08792 40.46923
1202325078 116.08956 40.46056
1202325328 116.07443 40.42302
1202325379 116.06523 40.41999
1202325630 116.07601 40.39176
1202325681 116.07948 40.38399
1202325932 116.07924 40.38331
1202325983 116.0865 40.37701
1202326233 116.11772 40.3477
1202326535 116.15543 40.31749
1202326586 116.16799 40.31457
1202326837 116.20257 40.28782
1202326888 116.20668 40.27971
1202327138 116.20763 40.22926
1202327189 116.20931 40.22158
1202327440 116.22885 40.18603
1202327742 116.25762 40.13744
1202327793 116.26207 40.12905
1202328043 116.28765 40.09837
1202328094 116.2912 40.0938
1202328345 116.31984 40.0567
1202328396 116.3224 40.05392
1202328646 116.33479 40.03779
1202328697 116.33479 40.03779
1202328947 116.35544 40.01141
1202328998 116.35944 40.00598
1202329249 116.37366 39.96463
1202329300 116.37347 39.96268
1202329551 116.37325 39.95652
1202329602 116.37681 39.95665
1202329852 116.36973 39.96691
1202333618 116.34084 40.01753
1202334195 116.34211 40.01378
1202334221 116.34431 40.01385
1202334497 116.37256 39.98465
1202334523 116.374 39.97988
1202334798 116.3767 39.94731
1202335100 116.4273 39.93728
1202335126 116.42734 39.93272
1202335402 116.42268 39.90369
1202335428 116.42267 39.90369
1202335703 116.39984 39.89945
1202335729 116.39561 39.89925
1202336005 116.37093 39.89854
1202336031 116.36628 39.89838
1202336306 116.33656 39.89666
1202336332 116.33625 39.89649
1202336607 116.33607 39.89926
1202336658 116.33661 39.90178
1202336909 116.34644 39.91139
1202336935 116.34643 39.9112
1202358871 116.06872 40.48825
1202359011 116.03945 40.47992
1202375673 115.97794 40.45108
1202375773 115.97794 40.45108
1202375773 115.97794 40.45108
1202375975 115.97794 40.45108
1202376075 115.97794 40.45108
1202376276 115.97794 40.45108
1202376377 115.97794 40.45108
1202376578 115.97794 40.45108
1202376678 115.97794 40.45108
1202376880 115.97794 40.45108
1202376980 115.97794 40.45108
1202377181 115.97794 40.45108
1202377282 115.97794 40.45108
1202377483 115.97794 40.45108
1202377583 115.97794 40.45108
1202377785 115.97794 40.45108
1202377885 115.97794 40.45108
1202378086 115.97794 40.45108
1202378187 115.97794 40.45108
1202378388 115.97794 40.45108
1202378388 115.97794 40.45108
1202378690 116.02576 40.46197
1202378790 116.04557 40.46718
1202378991 116.08511 40.49198
1202379092 116.09649 40.50204
1202379293 116.13801 40.52124
1202379393 116.14676 40.52425
1202379595 116.14676 40.52425
1202379695 116.14685 40.52431
1202379896 116.16727 40.52893
1202379996 116.1677 40.52796
1202380198 116.1677 40.52796
1202380298 116.1677 40.52796
1202380500 116.16097 40.5281
1202380600 116.14206 40.52296
1202380801 116.10551 40.51094
1202380901 116.09904 40.51828
1202381103 116.08759 40.53512
1202381203 116.08449 40.54889
1202381404 116.05005 40.55278
1202381555 116.05287 40.55293
1202381871 116.05289 40.55298
1202381871 116.05289 40.55298
1202382482 116.05037 40.54766
1202382595 116.05076 40.54762
1202382784 116.08563 40.54894
1202382896 116.08714 40.53862
1202383086 116.09712 40.52831
1202383198 116.0983 40.52859
1202383387 116.08846 40.5308
1202383500 116.08668 40.54261
1202383689 116.08579 40.5522
1202383801 116.08586 40.55215
1202383991 116.08596 40.55249
1202384103 116.08597 40.55249
1202384292 116.08597 40.55249
1202384404 116.08597 40.55249
1202384594 116.08597 40.55249
1202384706 116.09471 40.55347
1202384895 116.10691 40.58892
1202385008 116.11045 40.59652
1202385197 116.11714 40.60927
1202385309 116.1206 40.61327
1202385499 116.12946 40.62431
1202385611 116.13634 40.6263
1202385800 116.15221 40.62704
1202386015 116.16007 40.61799
1202386017 116.16007 40.61799
1202396632 116.16013 40.61806
1202396782 116.15995 40.61872
1202396934 116.15995 40.61872
1202397084 116.1598 40.61931
1202397235 116.15209 40.62711
1202397235 116.15209 40.62711
1202397386 116.14718 40.62984
1202397537 116.13603 40.62538
1202397687 116.12731 40.62525
1202397838 116.12342 40.61758
1202397989 116.11836 40.61097
1202398139 116.11378 40.6013
1202406353 116.07264 40.5485
1202406635 116.0912 40.52869
1202406655 116.09408 40.52915
1202406936 116.09828 40.52857
1202406957 116.09828 40.52857
1202407238 116.09828 40.52857
1202407258 116.09828 40.52857
1202407540 116.09828 40.52857
1202407561 116.09828 40.52857
1202407841 116.09836 40.52854
1202407861 116.09836 40.52854
1202408143 116.08877 40.52852
1202408164 116.08877 40.52852
1202408444 116.08673 40.52849
1202408465 116.08662 40.52817
1202415616 115.98235 40.52315
1202415871 115.98359 40.48791
1202415917 115.98555 40.48054
1202416172 115.98796 40.47344
1202416219 115.98796 40.47344
1202416474 115.9833 40.46244
1202416520 115.98058 40.46169
1202416776 115.97602 40.46148
1202416822 115.97619 40.46202
1202417077 115.98047 40.46869
1202417124 115.98121 40.4691
1202421005 115.98573 40.4801
1202421087 115.98054 40.49395
1202421306 115.9889 40.52435
1202421306 115.9889 40.52435
1202421389 116.00517 40.53006
1202421608 116.05034 40.54859
1202421691 116.05294 40.55295
1202421910 116.04897 40.54741
1202421992 116.03104 40.54312
1202422211 115.9889 40.52439
1202422294 115.98244 40.52352
1202463408 115.98113 40.46938
1202463438 115.98113 40.46938
1202463709 115.98113 40.46938
1202463739 115.98113 40.46938
1202464012 115.98113 40.46935
1202464041 115.98113 40.46935
1202464313 115.98037 40.46883
1202464343 115.97909 40.4675
1202464615 115.9781 40.45107
1202464644 115.97799 40.45104
1202464916 115.97799 40.45104
1202464946 115.97799 40.45104
1202465218 115.97799 40.45104
1202465247 115.97799 40.45104
1202465519 115.978 40.45107
1202465549 115.978 40.45107
1202465822 115.978 40.45107
1202466123 115.97743 40.44669
1202466152 115.9787 40.44187
1202466454 115.95183 40.39056
1202466726 115.96574 40.3628
1202466756 115.96861 40.36196
1202467329 116.01022 40.29905
1202467359 116.01051 40.29471
1202467661 116.06219 40.28058
1202467933 116.11519 40.25754
1202467962 116.12085 40.25441
1202468234 116.15585 40.23364
1202468264 116.16117 40.23103
1202468536 116.21393 40.21539
1202468566 116.2171 40.21059
1202468837 116.23485 40.17098
1202468867 116.23691 40.16662
1202468867 116.23691 40.16662
1202469169 116.26203 40.12512
1202469441 116.28064 40.10655
1202469441 116.28064 40.10655
1202469471 116.28604 40.10156
1202469742 116.31454 40.0642
1202469772 116.31631 40.06165
1202470044 116.32947 40.04438
1202470074 116.33205 40.04095
1202470346 116.34088 40.02988
1202470376 116.33934 40.02908
1202470647 116.34084 40.01769
1202470677 116.34083 40.01767
1202470949 116.3415 40.01956
1202470979 116.3415 40.01956
1202471251 116.34191 40.02448
1202471281 116.3395 40.02425
1202471552 116.32074 40.02985
1202471582 116.31731 40.02952
1202471854 116.29636 40.02405
1202471884 116.2938 40.02367
1202472156 116.30592 40.02475
1202472186 116.30768 40.02254
1202472457 116.3249 40.0119
1202472487 116.32843 40.00902
1202472759 116.33593 40.00716
1202472789 116.33615 40.00752
1202473061 116.34615 40.00647
1202473090 116.34617 40.00369
1202473362 116.37156 39.98826
1202473392 116.37282 39.9837
1202473663 116.38751 39.96701
1202473693 116.3918 39.96705
1202473965 116.39941 39.96068
1202473994 116.40104 39.96064
1202474266 116.41118 39.96064
1202474296 116.41213 39.96065
1202474568 116.41314 39.95607
1202474598 116.41314 39.95607
1202474870 116.40174 39.95922
1202474899 116.40176 39.96039
1202475171 116.39269 39.96219
1202475201 116.3919 39.962
1202475473 116.37069 39.96682
1202475503 116.36845 39.96674
1202475775 116.33497 39.96633
1202475805 116.34942 39.93989
1202475805 116.34942 39.93989
1202475805 116.34942 39.93989
1202476076 116.30218 39.96113
1202476106 116.29855 39.95956
1202476378 116.29862 39.96997
1202476408 116.30047 39.96827
1202476408 116.30047 39.96827
1202476679 116.30162 39.95464
1202476709 116.30177 39.95507
1202476981 116.30302 39.95313
1202476981 116.30302 39.95313
1202477011 116.30315 39.9502
1202477283 116.27948 39.94528
1202477313 116.27405 39.9454
1202477584 116.24874 39.94588
1202477614 116.24339 39.9462
1202477886 116.20795 39.95475
1202477916 116.20752 39.95498
1202478188 116.20691 39.95514
1202478218 116.20706 39.95512
1202478489 116.24618 39.94596
1202478519 116.25173 39.94559
1202478791 116.27045 39.95545
1202478821 116.27587 39.95579
1202479093 116.29585 39.967
1202479123 116.30013 39.96715
1202479394 116.29421 39.95171
1202479424 116.29266 39.95024
1202479696 116.29032 39.95445
1202479726 116.29031 39.95728
1202479998 116.30489 39.96134
1202480028 116.30489 39.96134
1202480299 116.35401 39.9663
1202480329 116.36136 39.96641
1202480601 116.42493 39.96771
1202480631 116.42621 39.97042
1202480903 116.46149 40.01376
1202480932 116.46942 40.01375
1202485663 116.74712 39.93102
1202485913 116.80091 39.94287
1202485965 116.80838 39.94274
1202486215 116.81061 39.95539
1202486517 116.8069 39.94749
1202486568 116.80845 39.94619
1202486818 116.78623 39.94111
1202486870 116.77664 39.93965
1202487246 116.70069 39.92234
1202487422 116.65201 39.92152
1202487422 116.65201 39.92152
1202487663 116.64129 39.92143
1202487850 116.63127 39.92599
1202488326 116.56601 39.92316
1202488453 116.54797 39.92294
1202488628 116.52435 39.92264
1202488755 116.51241 39.92203
1202489081 116.47611 39.92173
1202489358 116.45627 39.92192
1202489659 116.44309 39.92176
1202489961 116.41558 39.92317
1202490438 116.37606 39.92135
1202490564 116.3738 39.93118
1202490866 116.36638 39.93917
1202490866 116.36638 39.93917
1202491168 116.36493 39.95632
1202491343 116.36381 39.96992
1202491469 116.36862 39.97686
1202491645 116.36368 39.97736
