UTS Latitude Longitude
1201959392 116.12983 39.82718
1201959694 116.12983 39.82718
1201959995 116.12976 39.82695
1201960297 116.14933 39.81314
1201960598 116.16597 39.81654
1201960899 116.18352 39.83704
1201961201 116.20577 39.84026
1201961503 116.24968 39.8637
1201961804 116.30848 39.88518
1201962106 116.32459 39.88843
1201962261 116.33134 39.88331
1201962408 116.33376 39.88655
1201962709 116.34146 39.88957
1201963011 116.34146 39.88957
1201963313 116.34146 39.88957
1201963614 116.34146 39.88957
1201963916 116.34146 39.88957
1201964218 116.34146 39.88957
1201964519 116.34146 39.88957
1201964821 116.34146 39.88957
1201965123 116.34146 39.88957
1201965424 116.34146 39.88957
1201965424 116.34146 39.88957
1201965726 116.34146 39.88957
1201965880 116.34146 39.88957
1201966028 116.34146 39.88957
1201966329 116.34146 39.88957
1201966631 116.34145 39.88952
1201966932 116.34145 39.88952
1201967536 116.34138 39.88963
1201967837 116.34138 39.88963
1201968139 116.34141 39.88963
1201968441 116.34148 39.88962
1201968742 116.34148 39.88962
1201969044 116.3415 39.88957
1201969346 116.3415 39.88957
1201969500 116.34151 39.88955
1201969647 116.34151 39.88955
1201969949 116.34151 39.88955
1201970552 116.34145 39.88957
1201971156 116.34144 39.88953
1201971457 116.34146 39.88947
1201972362 116.36812 39.89827
1201972664 116.38546 39.90048
1201972966 116.3907 39.9061
1201972966 116.3907 39.9061
1201973267 116.39377 39.90619
1201973569 116.40838 39.90664
1201973871 116.42069 39.90405
1201974172 116.42791 39.89634
1201974474 116.4469 39.90244
1201974776 116.51207 39.90652
1201975378 116.47604 39.90715
1201975680 116.46102 39.90719
1201975981 116.45509 39.90034
1201976283 116.4366 39.89254
1201977061 116.42151 39.89232
1201977363 116.41727 39.89204
1201977664 116.41285 39.89215
1201977966 116.41253 39.89886
1201978268 116.41582 39.90883
1201978568 116.42064 39.91281
1201978870 116.42009 39.92209
1201979172 116.41974 39.93431
1201979473 116.41925 39.95209
1201979775 116.42526 39.95799
1201980077 116.4211 39.94846
1201980378 116.41107 39.94818
1201980424 116.40634 39.94802
1201980680 116.38766 39.9478
1201980982 116.37962 39.94787
1201981283 116.36931 39.94964
1201981585 116.36549 39.94814
1201981887 116.35787 39.94486
1201982188 116.35195 39.94328
1201982490 116.34919 39.93448
1201982791 116.34958 39.92793
1201983093 116.34998 39.91518
1201985010 116.33561 39.92184
1201985311 116.35022 39.92374
1201985613 116.35761 39.94449
1201985915 116.37386 39.96311
1201986520 116.41185 39.96836
1201986819 116.41097 39.98632
1201987120 116.40625 39.98192
1201987422 116.40714 39.99001
1201987724 116.39998 39.9876
1201988200 116.37563 39.97544
1201988327 116.3746 39.97338
1201988632 116.3746 39.97332
1201988632 116.3746 39.97332
1201990683 116.35363 39.91269
1201990984 116.35373 39.91236
1201991286 116.34988 39.92649
1201991588 116.3714 39.94765
1201991889 116.39969 39.96718
1201992191 116.40462 39.97671
1201992493 116.40267 39.98178
1201992794 116.39423 39.96753
1201993096 116.37329 39.96168
1201993398 116.38779 39.96196
1201993699 116.4064 39.96055
1201993814 116.41208 39.95994
1201994001 116.41195 39.95822
1201994303 116.38796 39.95018
1201994604 116.36608 39.94751
1201994906 116.34323 39.93382
1201995232 116.34518 39.92697
1201995509 116.31538 39.92701
1201995811 116.30415 39.93915
1201996113 116.26961 39.94892
1201996414 116.2692 39.96199
1201996716 116.26896 39.92188
1201997018 116.24806 39.90626
1201997018 116.24806 39.90626
1201997319 116.24672 39.89929
1201997434 116.24676 39.89244
1201997621 116.24222 39.87101
1201997923 116.25513 39.87092
1201998224 116.26968 39.8791
1201998526 116.2886 39.88822
1201999129 116.28986 39.90633
1201999431 116.28898 39.89985
1201999733 116.30172 39.88865
1202000034 116.10976 39.95856
1202000034 116.26828 39.88927
1202000336 116.2683 39.89194
1202000637 116.28289 39.89901
1202000939 116.30415 39.88723
1202001054 116.28947 39.87881
1202001241 116.27841 39.87252
1202002993 116.15921 39.80863
1202003295 116.15934 39.80861
1202003596 116.13051 39.82321
1202003859 116.12984 39.82719
1202033541 116.12974 39.82728
1202033843 116.12974 39.82728
1202034144 116.12974 39.82728
1202034446 116.12974 39.82728
1202034446 116.12974 39.82728
1202034748 116.15046 39.81234
1202035049 116.16829 39.8185
1202035351 116.17931 39.83932
1202035653 116.20606 39.84308
1202035954 116.21443 39.84421
1202036256 116.23538 39.85787
1202036558 116.26882 39.88407
1202036847 116.28951 39.88837
1202036859 116.2904 39.88837
1202037161 116.29676 39.88684
1202037463 116.29676 39.88684
1202037764 116.29676 39.88684
1202038066 116.29677 39.88695
1202038669 116.26815 39.90232
1202038971 116.26913 39.94438
1202039273 116.26727 39.92381
1202039574 116.28195 39.91798
1202039876 116.282 39.91803
1202040482 116.28846 39.91153
1202040708 116.29025 39.9179
1202040783 116.29348 39.92247
1202041387 116.30771 39.96295
1202041688 116.3269 39.9664
1202041990 116.30348 39.9619
1202042292 116.30377 39.94592
1202042593 116.30403 39.91464
1202042895 116.3095 39.90615
1202043197 116.32273 39.89803
1202043498 116.3223 39.89219
1202043800 116.3223 39.89219
1202044102 116.32232 39.8922
1202044328 116.32232 39.8922
1202044403 116.32232 39.8922
1202044705 116.32232 39.8922
1202045007 116.32232 39.8922
1202045308 116.32232 39.8922
1202045610 116.32232 39.8922
1202045912 116.32232 39.8922
1202046213 116.32232 39.89224
1202046515 116.32232 39.89224
1202047118 116.34152 39.88963
1202047420 116.3414 39.8895
1202047722 116.34144 39.8895
1202047947 116.34144 39.8895
1202048023 116.34144 39.8895
1202048627 116.33733 39.88851
1202048765 116.33756 39.88778
1202052798 116.33855 39.88795
1202053100 116.34144 39.88965
1202053401 116.34144 39.88965
1202053703 116.34144 39.88965
1202054005 116.34146 39.88965
1202054306 116.34145 39.88964
1202054608 116.34145 39.88964
1202054910 116.34145 39.88964
1202055211 116.34143 39.88959
1202055513 116.34143 39.88959
1202055815 116.34146 39.88958
1202056116 116.34147 39.88958
1202056339 116.34147 39.88958
1202056418 116.34147 39.88958
1202056720 116.34147 39.88958
1202057021 116.34146 39.88959
1202057323 116.34146 39.88959
1202057625 116.34146 39.88959
1202057926 116.34146 39.88959
1202058228 116.34146 39.88959
1202058228 116.34146 39.88959
1202058530 116.34146 39.88959
1202058831 116.34146 39.88959
1202059133 116.34145 39.88956
1202059435 116.34157 39.88977
1202059736 116.34153 39.88969
1202059959 116.34149 39.88963
1202060038 116.34149 39.88963
1202060340 116.34149 39.88963
1202060641 116.34142 39.88951
1202060943 116.34141 39.88949
1202061245 116.34141 39.88949
1202061546 116.34141 39.88949
1202061848 116.34141 39.88949
1202062451 116.34141 39.88949
1202062753 116.34141 39.88949
1202063055 116.34139 39.88932
1202063356 116.34139 39.88932
1202063579 116.34139 39.88932
1202063658 116.34139 39.88932
1202063960 116.34139 39.88932
1202064261 116.34139 39.88932
1202064563 116.34139 39.88932
1202064864 116.34139 39.88933
1202065166 116.34134 39.88933
1202065467 116.34133 39.88933
1202065768 116.34133 39.88933
1202065768 116.34133 39.88933
1202066070 116.33812 39.89104
1202066372 116.33027 39.89624
1202066673 116.32612 39.90596
1202066975 116.32281 39.90886
1202067198 116.31506 39.90987
1202067277 116.31305 39.90984
1202067578 116.30311 39.91132
1202067880 116.29636 39.9118
1202068182 116.28924 39.91569
1202068483 116.29606 39.91279
1202068785 116.31426 39.90975
1202069087 116.32925 39.90674
1202069388 116.33809 39.90587
1202069690 116.35575 39.90581
1202069992 116.35875 39.90588
1202070293 116.36173 39.89834
1202070595 116.34986 39.89729
1202070818 116.32276 39.89582
1202071198 116.28952 39.89606
1202071500 116.28882 39.89039
1202071802 116.29683 39.88535
1202072103 116.29683 39.88535
1202072405 116.29683 39.88535
1202073104 116.2968 39.88561
1202073787 116.29312 39.88115
1202074089 116.28952 39.8956
1202074692 116.30547 39.90631
1202074994 116.29888 39.90632
1202075296 116.2962 39.91128
1202075597 116.28895 39.90691
1202075899 116.29808 39.90597
1202076201 116.30413 39.89185
1202076502 116.32589 39.84762
1202076502 116.32589 39.84762
1202076804 116.35871 39.84271
1202077106 116.35873 39.83445
1202077407 116.35886 39.84259
1202077709 116.36533 39.85356
1202078011 116.3682 39.86851
1202078312 116.36841 39.89346
1202078614 116.37411 39.8989
1202078916 116.35684 39.89848
1202079217 116.34664 39.89851
1202079518 116.34694 39.90004
1202079820 116.33903 39.89112
1202080121 116.3407 39.88181
1202080423 116.33663 39.89195
1202080659 116.30599 39.89603
1202080725 116.30432 39.90154
1202081026 116.30359 39.94129
1202081328 116.30406 39.92254
1202081630 116.3042 39.90322
1202081931 116.31476 39.88772
1202082233 116.31642 39.88324
1202082535 116.29843 39.88105
1202082836 116.29843 39.88105
1202083138 116.29843 39.88105
1202083440 116.29314 39.87992
1202083741 116.30392 39.8858
1202084043 116.28811 39.86567
1202084043 116.28811 39.86567
1202084279 116.27733 39.8656
1202084345 116.27155 39.8757
1202084646 116.2634 39.91645
1202084948 116.24725 39.9222
1202085250 116.26945 39.91843
1202085536 116.28198 39.91806
1202085856 116.28896 39.90667
1202086158 116.30393 39.89959
1202086460 116.31525 39.90081
1202086761 116.31499 39.90369
1202087063 116.29721 39.88859
1202087364 116.28907 39.89238
1202087666 116.29608 39.90543
1202087968 116.31538 39.90433
1202088020 116.3154 39.90431
1202088269 116.3154 39.90431
1202088571 116.3154 39.90431
1202088873 116.31538 39.90423
1202089174 116.31532 39.90412
1202089476 116.31529 39.90403
1202089778 116.31524 39.90397
1202090079 116.31114 39.90629
1202090380 116.29151 39.92373
1202090682 116.29027 39.91896
1202091285 116.30996 39.88606
1202091285 116.30996 39.88606
1202091587 116.30994 39.88606
1202091639 116.30994 39.88606
1202091888 116.30992 39.88606
1202092190 116.26534 39.87081
1202092492 116.20432 39.84291
1202092793 116.19493 39.83711
1202093095 116.16319 39.81414
1202093397 116.12891 39.82593
1202093601 116.12981 39.82718
1202124547 116.12982 39.82719
1202125151 116.16337 39.81425
1202125452 116.16832 39.8382
1202125760 116.19603 39.83784
1202126055 116.21494 39.84425
1202126369 116.23361 39.85534
1202126659 116.22534 39.88192
1202126968 116.22376 39.89542
1202127262 116.20463 39.90181
1202127564 116.19336 39.90419
1202128034 116.1705 39.9117
1202128167 116.16714 39.91335
1202128469 116.18716 39.90607
1202128770 116.20925 39.90256
1202129072 116.22377 39.8964
1202129675 116.26639 39.89895
1202129977 116.27026 39.90563
1202130279 116.27736 39.90279
1202130580 116.28897 39.9034
1202130881 116.29173 39.88831
1202131183 116.29655 39.88696
1202131484 116.29663 39.88682
1202131653 116.29661 39.88693
1202131786 116.29663 39.88686
1202132088 116.29658 39.88665
1202132389 116.2931 39.8899
1202132691 116.31184 39.89554
1202133006 116.32297 39.89246
1202133294 116.3185 39.88899
1202133596 116.29676 39.88483
1202134384 116.29664 39.88685
1202134686 116.29661 39.88684
1202134988 116.29662 39.88812
1202135289 116.30422 39.89844
1202135591 116.30413 39.93702
1202135893 116.31485 39.9714
1202136194 116.31464 39.96671
1202136496 116.33383 39.9663
1202136798 116.34854 39.93669
1202137099 116.34275 39.93202
1202137401 116.34671 39.92405
1202137401 116.34671 39.92405
1202137703 116.3472 39.91618
1202137871 116.34659 39.91408
1202138004 116.34585 39.90628
1202138306 116.34167 39.89348
1202138608 116.33359 39.88528
1202139211 116.32267 39.89587
1202139513 116.31032 39.88629
1202139814 116.29588 39.88364
1202140027 116.2949 39.88359
1202142841 116.29652 39.88529
1202143146 116.2968 39.88691
1202143447 116.2968 39.88691
1202143749 116.2968 39.88691
1202144051 116.29675 39.88697
1202144352 116.29672 39.88692
1202144654 116.29672 39.88692
1202144956 116.2967 39.88691
1202145257 116.2967 39.88691
1202145559 116.2967 39.88691
1202145861 116.2967 39.88691
1202146162 116.2967 39.88691
1202146443 116.2967 39.88691
1202146464 116.2967 39.88691
1202146766 116.29871 39.88855
1202147067 116.31149 39.88634
1202147369 116.35069 39.88803
1202147671 116.35931 39.88186
1202147972 116.35277 39.88361
1202148274 116.35266 39.8861
1202148576 116.34382 39.8941
1202148877 116.33972 39.89261
1202149179 116.33972 39.89261
1202149481 116.33972 39.89261
1202149782 116.33972 39.89261
1202150063 116.33972 39.89261
1202150084 116.33972 39.89261
1202150386 116.33972 39.89261
1202150989 116.33977 39.89261
1202151291 116.3397 39.89264
1202151592 116.3397 39.89264
1202151894 116.3397 39.89264
1202151894 116.3397 39.89264
1202152196 116.3397 39.89264
1202152497 116.3397 39.89264
1202152799 116.33972 39.89263
1202153101 116.33972 39.89263
1202153402 116.33972 39.89261
1202153682 116.33973 39.89262
1202153704 116.33973 39.89262
1202154006 116.33973 39.89262
1202154611 116.33977 39.89272
1202154913 116.33625 39.89575
1202155215 116.32309 39.89807
1202155516 116.32279 39.89975
1202155818 116.33461 39.89604
1202156120 116.34198 39.89332
1202156421 116.35545 39.88792
1202156723 116.3676 39.88783
1202157025 116.36847 39.89681
1202157326 116.35661 39.89816
1202157543 116.34457 39.89649
1202158231 116.24284 39.89584
1202158533 116.20812 39.89927
1202159438 116.26906 39.93026
1202159438 116.26906 39.93026
1202160100 116.30062 39.96778
1202160401 116.30251 39.95572
1202160862 116.29779 39.95702
1202161167 116.29777 39.95697
1202161719 116.29781 39.95232
1202162322 116.28615 39.94621
1202162624 116.28628 39.94621
1202162624 116.28628 39.94621
1202162926 116.28223 39.95671
1202163529 116.31218 39.98416
1202163831 116.34681 39.99922
1202164132 116.34667 39.99162
1202164736 116.33789 39.96672
1202165037 116.33798 39.9668
1202165209 116.33798 39.9668
1202165339 116.33799 39.9668
1202165641 116.33798 39.96684
1202165942 116.33798 39.96678
1202166244 116.32484 39.96648
1202166546 116.30124 39.96749
1202166847 116.29422 39.96275
1202167149 116.2944 39.9627
1202167451 116.29443 39.9627
1202167752 116.29443 39.9627
1202168054 116.29443 39.9627
1202168356 116.29443 39.9627
1202168657 116.29448 39.9627
1202168829 116.29452 39.96264
1202168959 116.2945 39.96265
1202169261 116.2945 39.96265
1202169562 116.2945 39.96265
1202169864 116.29718 39.95209
1202170166 116.30376 39.93136
1202170166 116.30376 39.93136
1202170467 116.29051 39.92384
1202170769 116.28207 39.90892
1202171071 116.2968 39.90597
1202171372 116.30108 39.90585
1202171674 116.30508 39.90759
1202171976 116.30393 39.91387
1202172276 116.31521 39.90338
1202172448 116.32837 39.90592
1202172578 116.33293 39.91271
1202172880 116.33844 39.91266
1202173483 116.37424 39.96708
1202173785 116.37926 39.99563
1202174086 116.38157 39.97745
1202174392 116.37452 39.97208
1202174693 116.35214 39.95131
1202174995 116.34354 39.92797
1202175296 116.34655 39.90698
1202175597 116.32662 39.89705
1202175899 116.3504 39.86699
1202179063 116.20727 39.89483
1202180823 116.15775 39.88448
1202181124 116.15684 39.86335
1202181426 116.16347 39.86065
1202181736 116.16858 39.83121
1202182029 116.14673 39.81608
1202182331 116.12984 39.82719
1202182685 116.12979 39.82726
1202182685 116.12979 39.82726
1202182685 116.12979 39.82726
1202182685 116.12979 39.82726
1202182685 116.12979 39.82726
1202182685 116.12979 39.82726
1202182685 116.12979 39.82726
1202182685 116.12979 39.82726
1202182685 116.12979 39.82726
1202182685 116.12979 39.82726
1202182685 116.12979 39.82726
1202182685 116.12979 39.82726
1202182685 116.12979 39.82726
1202182685 116.12979 39.82726
1202182685 116.12979 39.82726
1202182685 116.12979 39.82726
1202182685 116.12979 39.82726
1202182685 116.12979 39.82726
1202182685 116.12979 39.82726
1202182685 116.12979 39.82726
1202182685 116.12979 39.82726
1202182685 116.12979 39.82726
1202182685 116.12979 39.82726
1202214678 116.12975 39.82727
1202214980 116.12975 39.82727
1202215282 116.1381 39.81905
1202215583 116.16128 39.8126
1202215885 116.16787 39.83622
1202216187 116.19753 39.83902
1202216488 116.21403 39.84411
1202216790 116.23319 39.8561
1202217092 116.26852 39.88588
1202217393 116.2905 39.88832
1202217695 116.28914 39.90392
1202217997 116.30467 39.90774
1202218109 116.30442 39.91683
1202218298 116.29985 39.92329
1202218600 116.27842 39.92311
1202218600 116.27842 39.92311
1202218902 116.2776 39.90618
1202219203 116.29414 39.89557
1202219505 116.30543 39.86932
1202219807 116.29662 39.87967
1202220108 116.31675 39.88824
1202220712 116.3373 39.88791
1202221013 116.33853 39.8881
1202221432 116.33506 39.88522
1202221432 116.33506 39.88522
1202221432 116.33506 39.88522
1202221432 116.33506 39.88522
1202221432 116.33506 39.88522
1202221432 116.33506 39.88522
1202221432 116.33506 39.88522
1202221432 116.33506 39.88522
1202221432 116.33506 39.88522
1202221432 116.33506 39.88522
1202221432 116.33506 39.88522
1202225062 116.33888 39.88763
1202225363 116.33974 39.89259
1202226415 116.29672 39.88145
1202226717 116.29679 39.88671
1202226717 116.29679 39.88671
1202227019 116.29683 39.8867
1202227320 116.29683 39.8867
1202227622 116.29683 39.8867
1202228226 116.2969 39.88678
1202228527 116.2969 39.88678
1202228829 116.29683 39.88686
1202229131 116.29683 39.88686
1202229432 116.29683 39.88686
1202229460 116.29683 39.88686
1202229734 116.29684 39.88676
1202230035 116.30445 39.88223
1202230337 116.30982 39.88568
1202230639 116.31745 39.88824
1202230940 116.32014 39.88853
1202231242 116.32038 39.8878
1202231544 116.32036 39.88654
1202231845 116.32039 39.88619
1202232147 116.32035 39.88773
1202232449 116.3117 39.88673
1202232750 116.2967 39.88615
1202233052 116.29675 39.88669
1202233080 116.29675 39.88669
1202233354 116.29673 39.88668
1202233655 116.29673 39.88668
1202233957 116.29669 39.88668
1202234259 116.29669 39.88668
1202234259 116.29669 39.88668
1202234560 116.29598 39.88345
1202234865 116.29618 39.88338
1202235471 116.29675 39.88511
1202235773 116.30351 39.88273
1202236074 116.30488 39.87699
1202236376 116.297 39.86826
1202236678 116.30596 39.87268
1202236979 116.30799 39.87603
1202237122 116.31162 39.88291
1202237281 116.3135 39.88288
1202237583 116.31504 39.88747
1202237884 116.31369 39.88776
1202238186 116.29669 39.88342
1202238488 116.29676 39.88699
1202239091 116.29668 39.88701
1202239393 116.29664 39.88701
1202239694 116.29665 39.88701
1202239996 116.29665 39.88701
1202240298 116.29667 39.88699
1202240599 116.2967 39.88696
1202240742 116.2967 39.88696
1202240901 116.29665 39.88506
1202241203 116.3058 39.87016
1202241504 116.35278 39.85172
1202241504 116.35278 39.85172
1202241806 116.35321 39.84608
1202242107 116.35017 39.82998
1202242409 116.34061 39.83363
1202242711 116.33325 39.84782
1202243012 116.30187 39.85673
1202243314 116.28666 39.85406
1202243616 116.28803 39.85846
1202243917 116.28041 39.87473
1202244219 116.28929 39.88468
1202244422 116.28929 39.88468
1202244521 116.28929 39.88468
1202244822 116.28911 39.89742
1202245124 116.2964 39.90599
1202245425 116.31064 39.89729
1202245726 116.30335 39.88345
1202246028 116.30989 39.88596
1202246330 116.30989 39.88596
1202246631 116.30989 39.88595
1202246933 116.30989 39.88595
1202247235 116.30982 39.88598
1202247536 116.26906 39.87262
1202247838 116.21873 39.84486
1202248041 116.20351 39.83292
1202248140 116.20474 39.82595
1202248441 116.18912 39.80739
1202248743 116.1663 39.8061
1202249045 116.13826 39.81899
1202249045 116.13826 39.81899
1202249308 116.12984 39.82722
1202249614 116.12978 39.82723
1202249614 116.12978 39.82723
1202249614 116.12978 39.82723
1202249614 116.12978 39.82723
1202249614 116.12978 39.82723
1202249614 116.12978 39.82723
1202249614 116.12978 39.82723
1202249614 116.12978 39.82723
1202249614 116.12978 39.82723
1202249614 116.12978 39.82723
1202249614 116.12978 39.82723
1202249614 116.12978 39.82723
1202249614 116.12978 39.82723
1202249614 116.12978 39.82723
1202249614 116.12978 39.82723
1202249614 116.12978 39.82723
1202249614 116.12978 39.82723
1202249614 116.12978 39.82723
1202249614 116.12978 39.82723
1202249614 116.12978 39.82723
1202249614 116.12978 39.82723
1202249614 116.12978 39.82723
1202391443 116.34668 39.8666
1202391443 116.34668 39.8666
1202394767 116.1305 39.82326
1202395069 116.16019 39.81187
1202395370 116.16828 39.83773
1202395672 116.20347 39.84226
1202395974 116.2276 39.84866
1202396275 116.26043 39.86374
1202396577 116.27657 39.85526
1202397180 116.27907 39.85806
1202397482 116.27978 39.87448
1202397784 116.29666 39.88672
1202397955 116.29663 39.88436
1202398085 116.29663 39.88436
1202398386 116.29663 39.88436
1202398688 116.29663 39.88436
1202398688 116.29663 39.88436
1202398989 116.29663 39.88436
1202399291 116.29663 39.88436
1202399593 116.29663 39.88436
1202399894 116.29663 39.88436
1202400196 116.2967 39.88429
1202400497 116.2967 39.88429
1202400799 116.2967 39.88429
1202401101 116.2967 39.88429
1202401402 116.2967 39.88429
1202401574 116.2967 39.88429
1202401704 116.2967 39.88429
1202402006 116.2967 39.88429
1202402307 116.2967 39.88429
1202402609 116.29667 39.88429
1202402911 116.29667 39.88429
1202403212 116.29667 39.88429
1202403418 116.2968 39.88509
1202403819 116.30485 39.87755
1202404121 116.28858 39.86538
1202404422 116.28371 39.8653
1202404724 116.29826 39.88034
1202405327 116.28882 39.87663
1202405435 116.28812 39.86782
1202405629 116.27821 39.87295
1202405930 116.26839 39.88816
1202406232 116.29434 39.8854
1202406232 116.29434 39.8854
1202406534 116.2967 39.88648
1202406835 116.31845 39.88853
1202407137 116.35729 39.88539
1202407439 116.36331 39.88126
1202407740 116.36835 39.89331
1202408042 116.36797 39.90716
1202408344 116.36799 39.90801
1202408645 116.37631 39.90718
1202408947 116.4001 39.90639
1202409055 116.40984 39.90511
1202409249 116.40536 39.90745
1202409550 116.38052 39.90604
1202409852 116.36764 39.90748
1202410157 116.36223 39.89837
1202410458 116.3419 39.89826
1202410760 116.35315 39.9058
1202411062 116.36794 39.90549
1202411363 116.3673 39.92229
1202411665 116.36651 39.94009
1202411967 116.37403 39.9641
1202412268 116.37266 39.98584
1202412570 116.36368 39.97375
1202412796 116.33746 39.96665
1202412872 116.33748 39.96667
1202413173 116.32835 39.96649
1202413475 116.32653 39.95088
1202413475 116.32653 39.95088
1202413776 116.31939 39.93785
1202414077 116.30469 39.93117
1202414379 116.30377 39.9172
1202414681 116.30386 39.89775
1202414982 116.31016 39.88657
1202415284 116.30896 39.88567
1202415586 116.30896 39.88567
1202415887 116.30896 39.88567
1202416189 116.30896 39.88567
1202416415 116.30896 39.88567
1202416490 116.30896 39.88567
1202416792 116.30896 39.88567
1202417094 116.30896 39.88567
1202417395 116.30896 39.88567
1202417697 116.30896 39.88567
1202417999 116.30896 39.88567
1202418300 116.2807 39.87695
1202418602 116.22626 39.84851
1202418904 116.19718 39.83887
1202419205 116.16744 39.83472
1202419507 116.15494 39.80966
1202419809 116.12984 39.8271
1202420095 116.12982 39.82723
1202466042 116.12967 39.82714
1202466343 116.12967 39.82714
1202466645 116.12967 39.82714
1202466947 116.13052 39.82319
1202467248 116.15929 39.81129
1202467550 116.16825 39.83762
1202467852 116.18122 39.84154
1202468153 116.18122 39.84154
1202468455 116.19933 39.84065
1202468757 116.19956 39.81087
1202469058 116.21449 39.78614
1202469360 116.21435 39.78643
1202469405 116.21443 39.78675
1202469662 116.2023 39.80978
1202469962 116.17712 39.80889
1202470264 116.15699 39.82533
1202470566 116.13515 39.85538
1202470867 116.12332 39.85372
1202471169 116.15615 39.86268
1202471471 116.19092 39.85123
1202471471 116.19092 39.85123
1202471772 116.20408 39.84282
1202472074 116.20558 39.84301
1202472376 116.21252 39.84395
1202472677 116.2284 39.84912
1202472979 116.25503 39.86111
1202473024 116.25506 39.86112
1202473281 116.27749 39.84642
1202473582 116.33672 39.82964
1202473884 116.3807 39.83413
1202474186 116.38192 39.8386
1202474487 116.38087 39.8502
1202474789 116.38083 39.85339
1202475091 116.38081 39.85923
1202475392 116.387 39.87987
1202475694 116.38914 39.88002
1202475866 116.38699 39.88041
1202477297 116.31521 39.90584
1202477598 116.29608 39.91189
1202477900 116.28869 39.90645
1202478202 116.30541 39.87437
1202479416 116.34785 39.84463
1202479718 116.32054 39.84863
1202480020 116.3111 39.8568
1202480322 116.28837 39.86666
1202480623 116.29667 39.88689
1202480925 116.29665 39.88695
1202481227 116.29665 39.88695
1202481528 116.29665 39.88695
1202481830 116.29925 39.89562
1202482132 116.36572 39.89826
1202482433 116.39929 39.89929
1202482735 116.40533 39.90605
1202482846 116.40972 39.90616
1202483037 116.40151 39.89944
1202483338 116.38887 39.88943
1202483640 116.38013 39.88181
1202483942 116.38073 39.86378
1202483942 116.38073 39.86378
1202484243 116.38073 39.86378
1202484545 116.37371 39.86058
1202484847 116.38326 39.87082
1202485148 116.35798 39.87318
1202485450 116.35265 39.88771
1202485751 116.31388 39.88785
1202486053 116.29315 39.87979
1202486354 116.29315 39.87979
1202486465 116.29315 39.87979
1202486655 116.29315 39.87979
1202486957 116.29315 39.87979
1202487259 116.29315 39.87979
1202487560 116.29315 39.87979
1202487862 116.29315 39.87979
1202488164 116.29315 39.87979
1202488465 116.29315 39.87979
1202488767 116.29315 39.87979
1202489069 116.29315 39.87979
1202489370 116.29315 39.87979
1202489672 116.29315 39.87979
1202489974 116.29315 39.87979
1202490085 116.29315 39.87979
1202490275 116.29315 39.87979
1202490577 116.29315 39.87979
1202490879 116.29315 39.87979
1202491180 116.29315 39.87979
1202491482 116.29315 39.87979
1202491482 116.29315 39.87979
1202491784 116.29315 39.87979
1202492085 116.29315 39.87979
