UTS Latitude Longitude
1201959970 116.44 39.92235
1201960272 116.44831 39.9256
1201960573 116.45777 39.92732
1201960875 116.46085 39.93086
1201960999 116.46517 39.93233
1201961176 116.46841 39.94121
1201961478 116.46025 39.94641
1201961689 116.45573 39.94656
1201963311 116.45107 39.94511
1201963613 116.45403 39.95334
1201965529 116.30051 39.97572
1201965549 116.3006 39.9754
1201966393 116.31678 39.96286
1201966695 116.316 39.96547
1201968562 116.33993 39.90577
1201968605 116.33998 39.90576
1201969454 116.34689 39.92098
1201973955 116.36949 39.97538
1201974559 116.39556 39.96982
1201974861 116.39556 39.96889
1201977126 116.34926 39.93768
1201977533 116.34926 39.92264
1201977835 116.34735 39.9256
1201978137 116.34726 39.92859
1201978438 116.34727 39.93021
1201978740 116.34948 39.94005
1201979042 116.38514 39.94754
1201979343 116.40797 39.9478
1201979343 116.40797 39.9478
1201979645 116.43935 39.94848
1201979947 116.45859 39.9573
1201980550 116.45868 39.97107
1201980656 116.45867 39.97107
1201980658 116.45867 39.97107
1201981181 116.46025 39.959
1201982455 116.48011 39.91198
1201982757 116.48014 39.91394
1201983058 116.47225 39.92129
1201983917 116.45684 39.9446
1201985323 116.41828 39.97831
1201985625 116.41822 39.97832
1201985926 116.427 39.96795
1201986176 116.42935 39.95949
1201986228 116.42914 39.95878
1201986530 116.43299 39.95345
1201987575 116.46532 39.95012
1201988281 116.47836 39.92152
1201988583 116.48422 39.93067
1201988831 116.48998 39.92769
1201990119 116.49005 39.92772
1201990966 116.45632 39.95539
1201991996 116.4537 39.997
1201992298 116.45651 39.99597
1201992599 116.46028 39.98787
1201993276 116.49949 39.9761
1201993578 116.4969 39.97238
1201993879 116.4969 39.97238
1201995472 116.43974 39.94324
1201995939 116.41063 39.94107
1201996239 116.41062 39.94107
1201997469 116.47899 39.91401
1201997820 116.4975 39.93519
1201998121 116.48401 39.93853
1201998423 116.4764 39.9561
1202000641 116.46777 39.95197
1202002059 116.47168 39.97214
1202002671 116.46872 39.93587
1202004100 116.38615 39.84497
1202005059 116.35809 39.86868
1202005781 116.3889 39.88901
1202005913 116.40047 39.89109
1202006083 116.40048 39.89111
1202006384 116.40054 39.89113
1202006686 116.4006 39.89116
1202006988 116.40095 39.89112
1202007289 116.40095 39.89112
1202007591 116.40096 39.89113
1202009810 116.30596 39.87265
1202010111 116.32782 39.88849
1202010413 116.37242 39.88783
1202010715 116.4014 39.89092
1202011016 116.40142 39.89094
1202011803 116.46162 39.87494
1202011959 116.45706 39.88366
1202012291 116.46146 39.88584
1202012592 116.47156 39.89097
1202012894 116.47175 39.9015
1202013195 116.472 39.91376
1202013494 116.4635 39.91725
1202014292 116.41251 39.95789
1202014658 116.4006 39.96445
1202014960 116.40149 39.95813
1202015262 116.41127 39.93946
1202015564 116.43518 39.93495
1202015865 116.4479 39.9345
1202016434 116.46593 39.89431
1202016736 116.4624 39.89218
1202017038 116.45567 39.93228
1202017339 116.44789 39.93567
1202017339 116.44789 39.93567
1202017641 116.44795 39.93464
1202017943 116.44798 39.93459
1202018244 116.44792 39.93563
1202019782 116.34952 39.93051
1202020645 116.34588 39.88811
1202020941 116.39191 39.8898
1202021243 116.41222 39.89151
1202021544 116.43515 39.89779
1202021858 116.43847 39.92109
1202022158 116.45482 39.9324
1202022459 116.4621 39.96004
1202023059 116.4602 39.96992
1202023358 116.4602 39.96992
1202023659 116.4602 39.96992
1202024121 116.45865 39.97107
1202026128 116.45862 39.97102
1202026430 116.46138 39.97176
1202026732 116.47564 39.97647
1202027335 116.46847 39.9372
1202029357 116.4375 39.92915
1202029657 116.45481 39.92191
1202030258 116.46091 39.93119
1202030861 116.46253 39.94626
1202031163 116.46253 39.94626
1202031326 116.46249 39.94641
1202031465 116.46249 39.94641
1202032237 116.41611 39.9337
1202032837 116.43549 39.93973
1202034375 116.47647 40.00787
1202034677 116.47448 40.01003
1202034978 116.49209 39.99716
1202035280 116.50493 40.01051
1202035582 116.50489 40.01054
1202035883 116.50489 40.01054
1202036197 116.50035 40.00596
1202036497 116.49606 40.00807
1202036756 116.49052 40.00342
1202036797 116.48886 40.00447
1202037096 116.47258 39.9997
1202037396 116.46183 39.98952
1202037771 116.46344 39.99508
1202038073 116.46187 39.9896
1202038374 116.45972 39.98727
1202039526 116.47231 39.92881
1202040427 116.44267 39.97292
1202040728 116.45579 39.97461
1202040892 116.45865 39.97102
1202041601 116.46261 39.9685
1202041902 116.48275 39.96986
1202042204 116.49004 39.97045
1202042491 116.49109 39.97052
1202042858 116.49093 39.97048
1202042858 116.49093 39.97048
1202042858 116.49093 39.97048
1202042858 116.49093 39.97048
1202042858 116.49093 39.97048
1202042858 116.49093 39.97048
1202042858 116.49093 39.97048
1202042858 116.49093 39.97048
1202042858 116.49093 39.97048
1202042858 116.49093 39.97048
1202044667 116.4911 39.97044
1202049550 116.491 39.97047
1202049852 116.491 39.97047
1202050154 116.491 39.97047
1202050455 116.4814 39.96981
1202050757 116.47514 39.96554
1202051586 116.40143 39.97485
1202051887 116.40368 39.98092
1202052189 116.40032 39.97563
1202052491 116.39577 39.96899
1202052792 116.39571 39.9687
1202053655 116.40172 39.9939
1202053956 116.40618 39.99746
1202056115 116.3958 39.96875
1202056235 116.3958 39.96875
1202056855 116.40831 39.97921
1202057157 116.41148 39.97068
1202057458 116.39921 39.96753
1202057760 116.39558 39.9691
1202058760 116.40911 39.97618
1202059061 116.40889 39.97704
1202060048 116.37738 39.96662
1202060350 116.39658 39.96723
1202060658 116.39682 39.96718
1202060953 116.39682 39.96718
1202061255 116.39683 39.96717
1202061913 116.44653 39.97099
1202062215 116.44724 39.97749
1202062517 116.45336 39.97613
1202063494 116.4716 39.90704
1202064943 116.37602 39.96698
1202065245 116.39145 39.96717
1202065546 116.42904 39.97439
1202065848 116.44447 39.97572
1202066153 116.44689 39.97713
1202066365 116.45865 39.97108
1202066672 116.45875 39.97109
1202066672 116.45875 39.97109
1202068426 116.46459 39.9678
1202068728 116.46173 39.95581
1202069560 116.46686 39.92532
1202070301 116.44427 39.92236
1202070301 116.44427 39.92236
1202070301 116.44427 39.92236
1202071480 116.39137 39.96193
1202072512 116.40722 39.95749
1202072814 116.41373 39.95786
1202073115 116.42597 39.95728
1202073417 116.42872 39.95326
1202073762 116.43866 39.94987
1202074620 116.45152 39.93235
1202075028 116.45355 39.94745
1202075554 116.44432 39.90802
1202076396 116.47186 39.90887
1202076698 116.47204 39.92122
1202076957 116.46513 39.92441
1202078509 116.46534 39.92446
1202078509 116.46534 39.92446
1202078811 116.46534 39.92446
1202079112 116.46534 39.92446
1202079112 116.46534 39.92446
1202079414 116.4609 39.92902
1202080234 116.46082 39.92389
1202080894 116.43303 39.93802
1202081734 116.38039 39.95115
1202082335 116.38081 39.95008
1202082637 116.38081 39.95008
1202082938 116.38084 39.95007
1202083716 116.34644 39.90979
1202083721 116.34644 39.90979
1202084017 116.3497 39.91253
1202086923 116.37011 39.89834
1202087225 116.37843 39.88845
1202087225 116.37843 39.88845
1202088093 116.40503 39.83795
1202088093 116.40503 39.83795
1202089296 116.44996 39.87595
1202089601 116.45284 39.88305
1202091101 116.5454 39.9149
1202091403 116.51192 39.91545
1202091704 116.49598 39.92574
1202092143 116.48755 39.94101
1202092443 116.4985 39.92988
1202092443 116.4985 39.92988
1202093279 116.46043 39.98157
1202093581 116.46301 39.97309
1202093882 116.45919 39.95774
1202094183 116.46608 39.94797
1202094183 116.46608 39.94797
1202094485 116.45865 39.92758
1202094786 116.44928 39.93331
1202095088 116.44455 39.93245
1202095390 116.42198 39.93972
1202095691 116.41786 39.9397
1202095993 116.41263 39.93948
1202096295 116.41263 39.93948
1202096374 116.41263 39.93948
1202096596 116.41263 39.93948
1202096898 116.41263 39.93948
1202097200 116.41842 39.93962
1202097512 116.42242 39.93944
1202097812 116.4301 39.93903
1202098112 116.44552 39.93455
1202098412 116.46075 39.93063
1202098712 116.46094 39.92975
1202099612 116.41232 39.93951
1202099912 116.42248 39.93957
1202100212 116.4225 39.93964
1202100512 116.41992 39.93986
1202100812 116.39524 39.93947
1202101113 116.39682 39.9394
1202101414 116.39682 39.9394
1202101716 116.39692 39.93942
1202101804 116.39119 39.93941
1202107918 116.38007 39.9319
1202108220 116.40626 39.93199
1202108522 116.42748 39.94221
1202109125 116.46022 39.96987
1202109271 116.45868 39.97097
1202109271 116.45868 39.97097
1202112047 116.45859 39.97098
1202112349 116.45859 39.97098
1202112650 116.45859 39.97098
1202112952 116.45859 39.97098
1202113254 116.45859 39.97098
1202113556 116.45859 39.97098
1202119375 116.4586 39.97079
1202119677 116.4773 39.96054
1202119979 116.48363 39.91772
1202120280 116.44385 39.9025
1202120582 116.43832 39.87358
1202120582 116.43832 39.87358
1202120884 116.3878 39.8702
1202121185 116.33439 39.86679
1202121487 116.34115 39.86338
1202123251 116.34116 39.86344
1202123551 116.34116 39.86344
1202124740 116.34128 39.86341
1202125288 116.34118 39.86338
1202125710 116.36278 39.86838
1202126012 116.4116 39.8697
1202126615 116.46845 39.87476
1202126917 116.48147 39.88263
1202127219 116.48386 39.91547
1202127520 116.47972 39.95889
1202127822 116.45865 39.9709
1202128124 116.46143 39.97172
1202128425 116.46649 39.98257
1202128727 116.48108 39.98821
1202129029 116.4975 40.00258
1202129331 116.50564 40.0105
1202129636 116.50484 40.01058
1202130394 116.50484 40.01057
1202132381 116.50501 40.01045
1202132722 116.50493 40.0106
1202132722 116.50493 40.0106
1202132722 116.50493 40.0106
1202132722 116.50493 40.0106
1202132722 116.50493 40.0106
1202132722 116.50493 40.0106
1202132722 116.50493 40.0106
1202132722 116.50493 40.0106
1202132722 116.50493 40.0106
1202135745 116.50504 40.0106
1202136047 116.50501 40.01059
1202136348 116.50501 40.01059
1202136650 116.50501 40.01059
1202136952 116.50499 40.01058
1202137253 116.50499 40.01058
1202137857 116.50499 40.01058
1202138158 116.50499 40.01058
1202138392 116.50499 40.01058
1202142357 116.50493 40.01052
1202142659 116.50494 40.01051
1202142960 116.50494 40.01051
1202143262 116.50494 40.01051
1202146725 116.50487 40.01061
1202146850 116.50485 40.01057
1202153131 116.50505 40.01031
1202153792 116.50161 40.00621
1202154094 116.48228 39.98827
1202154396 116.47396 39.98072
1202161839 116.48387 39.97416
1202163173 116.52369 40.00577
1202163775 116.47636 39.99115
1202164077 116.46162 39.97835
1202164077 116.46162 39.97835
1202164378 116.4586 39.97111
1202164546 116.45862 39.97105
1202198987 116.45874 39.97107
1202199288 116.45874 39.97107
1202199590 116.45874 39.97107
1202199892 116.45874 39.97107
1202200193 116.46221 39.97871
1202200495 116.47266 39.97089
1202200797 116.46218 39.95034
1202201098 116.46609 39.94147
1202201545 116.44934 39.94904
1202201845 116.46214 39.95034
1202202145 116.46749 39.93464
1202202445 116.46335 39.91893
1202202745 116.4563 39.91217
1202203525 116.43637 39.95849
1202204076 116.42793 39.94514
1202204127 116.42502 39.94848
1202204429 116.4197 39.93952
1202204731 116.4298 39.93954
1202205332 116.45166 39.9515
1202205634 116.46217 39.95042
1202205935 116.46735 39.94151
1202206285 116.44778 39.9412
1202206585 116.45112 39.93988
1202207025 116.46052 39.95816
1202207327 116.46779 39.94452
1202207629 116.46252 39.94628
1202209805 116.51606 39.78903
1202210106 116.50353 39.79149
1202210408 116.49315 39.79813
1202210710 116.49315 39.79813
1202211011 116.49315 39.79813
1202211324 116.49294 39.79834
1202211624 116.47458 39.79942
1202211924 116.45479 39.81781
1202211924 116.45479 39.81781
1202212224 116.44079 39.83666
1202212541 116.44039 39.85734
1202213964 116.40352 39.98092
1202214264 116.40003 39.97563
1202214562 116.39571 39.96955
1202214864 116.39574 39.96937
1202214935 116.39591 39.96936
1202215166 116.39591 39.96896
1202216348 116.43339 39.95749
1202216650 116.43986 39.95534
1202217384 116.45773 39.92768
1202217684 116.46065 39.93071
1202217984 116.4687 39.93632
1202218284 116.46269 39.94514
1202218556 116.45568 39.94681
1202220144 116.45593 39.94736
1202221142 116.4145 39.98457
1202222023 116.45982 39.9894
1202222325 116.45716 39.98505
1202222627 116.46268 39.97904
1202223279 116.48391 39.97295
1202223581 116.48368 39.97419
1202225190 116.56685 40.01178
1202225377 116.55525 40.00117
1202225491 116.5428 39.99796
1202225793 116.50805 39.99963
1202226424 116.48371 39.96659
1202226424 116.48371 39.96659
1202226960 116.50824 39.97424
1202230881 116.46977 39.991
1202231036 116.47607 39.98813
1202232219 116.49225 39.95821
1202232521 116.49065 39.96059
1202232521 116.49065 39.96059
1202232822 116.48595 39.96379
1202233807 116.45291 39.9973
1202234109 116.45654 39.99445
1202234410 116.45669 39.99206
1202235603 116.48576 39.97066
1202235674 116.48391 39.97113
1202236442 116.48638 39.99947
1202236743 116.48206 39.98813
1202237045 116.47025 39.9857
1202237347 116.46056 39.97756
1202237648 116.46017 39.97712
1202237950 116.45931 39.97668
1202238263 116.45864 39.97703
1202238563 116.45871 39.9768
1202240363 116.3322 39.97366
1202240663 116.34512 39.96655
1202240838 116.3347 39.96658
1202241264 116.31937 39.9696
1202241284 116.31923 39.97126
1202242301 116.375 39.99634
1202242603 116.37618 39.99639
1202242904 116.38095 39.98692
1202243206 116.35585 39.98604
1202244097 116.29743 39.98794
1202244120 116.29743 39.98794
1202244120 116.29743 39.98794
1202244120 116.29743 39.98794
1202244120 116.29743 39.98794
1202244896 116.36348 39.98244
1202245198 116.35902 39.99167
1202245959 116.34201 40.0084
1202246261 116.34621 40.00128
1202246496 116.32931 39.99159
1202246714 116.31481 39.99222
1202247309 116.29395 40.02377
1202247309 116.29395 40.02377
1202247623 116.30928 40.01725
1202247922 116.31111 40.00497
1202248223 116.29898 39.98701
1202248523 116.29977 39.98064
1202249701 116.35146 39.97357
1202250305 116.3522 39.97359
1202250605 116.35138 39.97359
1202250907 116.36322 39.97528
1202252705 116.44171 39.93519
1202253007 116.44877 39.93986
1202253309 116.46472 39.94353
1202254084 116.45082 39.94837
1202254386 116.45691 39.95588
1202255074 116.44935 39.93405
1202255738 116.46975 39.9729
1202257402 116.43721 39.92796
1202257547 116.44201 39.93229
1202257702 116.44161 39.92557
1202259545 116.38066 39.84933
1202260281 116.39372 39.86287
1202260581 116.39413 39.88538
1202260881 116.41268 39.89353
1202261182 116.41192 39.90762
1202261484 116.42085 39.92293
1202261785 116.43973 39.92183
1202262087 116.43816 39.9257
1202262389 116.43759 39.92631
1202262389 116.43759 39.92631
1202262690 116.43759 39.9263
1202262992 116.43767 39.92629
1202263897 116.4378 39.92663
1202264500 116.43753 39.92845
1202264802 116.43771 39.92875
1202266221 116.54776 39.9163
1202266521 116.52842 39.91555
1202266821 116.51184 39.92201
1202267121 116.49353 39.9392
1202267422 116.47162 39.96547
1202268290 116.45867 39.97107
1202268597 116.4587 39.97111
1202268597 116.4587 39.97111
1202268597 116.4587 39.97111
1202268597 116.4587 39.97111
1202268597 116.4587 39.97111
1202268597 116.4587 39.97111
1202268597 116.4587 39.97111
1202268597 116.4587 39.97111
1202268597 116.4587 39.97111
1202268597 116.4587 39.97111
1202268597 116.4587 39.97111
1202268597 116.4587 39.97111
1202268597 116.4587 39.97111
1202268597 116.4587 39.97111
1202268597 116.4587 39.97111
1202268597 116.4587 39.97111
1202268597 116.4587 39.97111
1202268597 116.4587 39.97111
1202268597 116.4587 39.97111
1202268597 116.4587 39.97111
1202268597 116.4587 39.97111
1202268597 116.4587 39.97111
1202268597 116.4587 39.97111
1202287267 116.45859 39.97111
1202287580 116.45859 39.97111
1202287880 116.45863 39.97108
1202288180 116.45863 39.97108
1202288480 116.45863 39.97108
1202288780 116.46052 39.96977
1202288780 116.46052 39.96977
1202289080 116.45461 39.94779
1202289380 116.43036 39.93981
1202289920 116.39648 39.91761
1202290220 116.38967 39.90178
1202290520 116.37877 39.88813
1202290520 116.37877 39.88813
1202290821 116.37858 39.88062
1202291100 116.37863 39.88058
1202291100 116.37863 39.88058
1202292499 116.38022 39.88191
1202292799 116.39538 39.87034
1202293099 116.43948 39.8811
1202293700 116.45589 39.94239
1202294001 116.46389 39.94545
1202294001 116.46389 39.94545
1202294303 116.45582 39.94964
1202294605 116.49166 39.99558
1202294906 116.56382 40.03381
1202295208 116.58208 40.0696
1202295510 116.58195 40.092
1202295811 116.60957 40.11652
1202296113 116.64986 40.11615
1202296415 116.68569 40.1185
1202296716 116.7336 40.12313
1202297018 116.78422 40.14562
1202297320 116.83391 40.15088
1202297716 116.9145 40.15211
1202297923 116.95078 40.14994
1202298225 117.01557 40.14131
1202298526 117.06249 40.14508
1202298828 117.06537 40.14497
1202323117 117.06537 40.14498
1202323245 117.06537 40.14498
1202397855 117.06536 40.14497
1202398157 117.0654 40.14496
1202398458 117.0654 40.14496
1202398760 117.07538 40.14391
1202399062 117.10422 40.14152
1202399363 117.10432 40.14143
1202399566 117.10446 40.14142
1202401160 117.10509 40.13785
1202401461 117.09498 40.13419
1202405833 117.09483 40.13479
1202405833 117.09483 40.13479
1202406299 117.08372 40.13473
1202407885 117.0837 40.13478
1202408174 117.09497 40.13413
1202408914 117.07225 40.14448
1202409205 117.06539 40.14495
1202467791 117.06547 40.14508
1202468093 117.06488 40.14407
1202468395 117.01641 40.14038
1202468707 117.00656 40.09038
1202469007 116.97845 40.07387
1202469308 116.92759 40.07908
1202469607 116.8606 40.0737
1202469908 116.80559 40.06735
1202470207 116.74893 40.06226
1202470509 116.67251 40.06208
1202470808 116.66938 40.03014
1202471110 116.67312 40.01182
1202471412 116.64765 39.98493
1202471713 116.60198 39.98001
1202472015 116.5658 39.97252
1202472316 116.53193 39.97597
1202473068 116.4974 39.97061
1202475727 116.41796 39.99449
1202477263 116.42308 39.90378
1202477863 116.44175 39.89861
1202478164 116.45516 39.89296
1202478466 116.47138 39.9066
1202478768 116.47198 39.90729
1202479185 116.49587 39.91483
1202479487 116.49842 39.9298
1202480338 116.44808 39.92205
1202480609 116.44427 39.91511
1202481531 116.45721 39.97539
1202481833 116.45832 39.97632
1202482134 116.45808 39.97616
1202483122 116.30402 39.97575
1202483424 116.31808 39.98418
1202483725 116.34904 39.98522
1202484887 116.3506 40.03176
1202485971 116.36766 39.94758
1202485971 116.36766 39.94758
1202486009 116.36754 39.94759
1202486687 116.39025 39.93064
1202486989 116.41662 39.93216
1202487290 116.44343 39.93225
1202488505 116.39759 39.99703
1202489525 116.44361 39.96417
1202489825 116.44753 39.97773
1202490051 116.45862 39.97105
1202490358 116.45868 39.97117
1202490358 116.45868 39.97117
1202490358 116.45868 39.97117
1202490358 116.45868 39.97117
1202490358 116.45868 39.97117
1202490358 116.45868 39.97117
1202490358 116.45868 39.97117
1202490358 116.45868 39.97117
1202490358 116.45868 39.97117
1202490358 116.45868 39.97117
1202490358 116.45868 39.97117
1202490358 116.45868 39.97117
1202490358 116.45868 39.97117
1202490358 116.45868 39.97117
1202490358 116.45868 39.97117
1202490358 116.45868 39.97117
1202490358 116.45868 39.97117
1202490358 116.45868 39.97117
1202490358 116.45868 39.97117
1202490358 116.45868 39.97117
1202490358 116.45868 39.97117
1202490358 116.45868 39.97117
