UTS Latitude Longitude
1201959535 116.41299 39.92252
1201959835 116.41296 39.92266
1201960135 116.41288 39.9227
1201960435 116.41286 39.92264
1201960735 116.41281 39.9227
1201961035 116.41288 39.92273
1201961335 116.41288 39.92271
1201961635 116.41284 39.92276
1201962235 116.41295 39.92256
1201962235 116.41295 39.92256
1201962535 116.41293 39.92253
1201962835 116.41281 39.92275
1201963135 116.41289 39.92273
1201963435 116.4129 39.92269
1201963735 116.41291 39.92264
1201964035 116.41289 39.92235
1201964335 116.41291 39.92227
1201964635 116.41289 39.92264
1201964935 116.41282 39.92251
1201965235 116.41295 39.92269
1201965535 116.41296 39.92252
1201966135 116.41281 39.92282
1201966435 116.41286 39.92278
1201966735 116.41285 39.92283
1201967035 116.41281 39.92274
1201967335 116.41284 39.92278
1201967935 116.41291 39.92274
1201968235 116.41283 39.92271
1201968535 116.41281 39.9227
1201968835 116.41287 39.92266
1201969135 116.41275 39.92275
1201969435 116.41289 39.92282
1201969735 116.41287 39.92276
1201970034 116.41284 39.92273
1201970934 116.41292 39.92276
1201970934 116.41292 39.92276
1201971234 116.41291 39.92273
1201971534 116.41297 39.92283
1201971834 116.41288 39.92279
1201972134 116.41289 39.92274
1201972435 116.41293 39.92272
1201972734 116.41289 39.92268
1201973034 116.41301 39.92291
1201973334 116.41296 39.92278
1201973634 116.41265 39.92201
1201973934 116.41292 39.92269
1201974234 116.41285 39.92246
1201974534 116.41294 39.92278
1201975134 116.41289 39.92266
1201975434 116.41287 39.92271
1201975734 116.41288 39.92274
1201976034 116.41293 39.92276
1201976334 116.41288 39.92275
1201976634 116.41283 39.92275
1201976934 116.41287 39.92281
1201977234 116.41292 39.92276
1201977834 116.41099 39.9299
1201978134 116.41802 39.93232
1201978434 116.41384 39.93506
1201978734 116.4194 39.94271
1201979034 116.42674 39.94721
1201979334 116.42785 39.92697
1201979634 116.42818 39.92045
1201979634 116.42818 39.92045
1201979934 116.42898 39.90676
1201980234 116.45604 39.90695
1201980534 116.47116 39.9067
1201980834 116.4741 39.91414
1201981134 116.4873 39.91419
1201981434 116.50009 39.9148
1201982034 116.47767 39.90443
1201982334 116.45519 39.90067
1201982634 116.44956 39.8929
1201982934 116.45213 39.89425
1201983234 116.43721 39.89355
1201983534 116.43985 39.87838
1201983834 116.43781 39.87091
1201984134 116.39418 39.87042
1201984434 116.34479 39.86702
1201984734 116.30231 39.86592
1201985034 116.28307 39.86428
1201985334 116.30817 39.86618
1201985634 116.34251 39.86691
1201985934 116.34681 39.88802
1201986534 116.36835 39.89702
1201986833 116.38813 39.89593
1201987133 116.38838 39.89431
1201987433 116.38361 39.88847
1201987733 116.37786 39.89865
1201988033 116.36798 39.90542
1201988333 116.36759 39.91292
1201988333 116.36759 39.91292
1201988933 116.33916 39.91713
1201989233 116.3279 39.92766
1201989533 116.32211 39.93213
1201990133 116.32733 39.92159
1201990733 116.33682 39.90295
1201991033 116.33804 39.9071
1201991371 116.33825 39.92574
1201991633 116.33813 39.92584
1201991933 116.34025 39.92692
1201992233 116.34972 39.93426
1201992833 116.36677 39.97374
1201993133 116.36873 39.9665
1201993433 116.37325 39.96133
1201993733 116.37366 39.94621
1201994033 116.37384 39.93183
1201994333 116.38912 39.93202
1201994633 116.39355 39.93941
1201994933 116.40205 39.94578
1201995233 116.4177 39.958
1201995533 116.419 39.95127
1201995833 116.45163 39.95401
1201996133 116.47227 39.96981
1201996433 116.46729 39.96582
1201996733 116.4379 39.96326
1201997033 116.38153 39.96703
1201997033 116.38153 39.96703
1201997333 116.36475 39.95699
1201997333 116.36475 39.95699
1201997633 116.36043 39.95119
1201997933 116.36454 39.95134
1201998233 116.36445 39.95127
1201998533 116.36446 39.95131
1201998833 116.36454 39.95127
1201999133 116.37316 39.94239
1201999433 116.38967 39.93191
1201999733 116.42786 39.93183
1202000033 116.4533 39.96098
1202000333 116.50559 40.008
1202000633 116.57195 40.03967
1202000933 116.58687 40.04209
1202001233 116.59105 40.03869
1202001533 116.57445 40.03384
1202001833 116.53093 40.01999
1202002133 116.49541 39.99733
1202002433 116.4782 39.97523
1202002733 116.45672 39.95576
1202003032 116.44469 39.93983
1202003332 116.44148 39.93494
1202003632 116.44408 39.93254
1202003932 116.43362 39.93506
1202004232 116.42019 39.923
1202005132 116.42752 39.89959
1202005432 116.42095 39.90669
1202006032 116.41131 39.92205
1202006032 116.41131 39.92205
1202006332 116.40066 39.90655
1202006632 116.4112 39.90689
1202006932 116.42044 39.91266
1202007232 116.43482 39.91027
1202007532 116.44417 39.92096
1202007832 116.4427 39.92739
1202008132 116.44267 39.92739
1202008432 116.44295 39.92732
1202008732 116.44305 39.9273
1202009032 116.44293 39.92731
1202009632 116.44422 39.93202
1202009932 116.43475 39.9398
1202010232 116.45029 39.95901
1202010532 116.46004 39.98675
1202010832 116.46128 40.00997
1202011132 116.46137 40.00272
1202011432 116.45745 39.9846
1202011732 116.4593 39.98679
1202012032 116.44707 39.9922
1202012332 116.45938 39.98703
1202012632 116.47181 39.97152
1202012932 116.46184 39.96012
1202013232 116.4618 39.96006
1202013532 116.4581 39.95715
1202013832 116.44004 39.96181
1202014132 116.37079 39.96672
1202014732 116.27883 39.95604
1202014732 116.27883 39.95604
1202015032 116.28199 39.956
1202015332 116.30296 39.95366
1202015632 116.30408 39.93117
1202016232 116.35834 39.93094
1202016930 116.41117 39.92335
1202017230 116.41774 39.91424
1202017516 116.41265 39.92274
1202018116 116.41266 39.92276
1202018416 116.41265 39.92268
1202018716 116.41269 39.92273
1202019016 116.41252 39.92275
1202019316 116.41263 39.92275
1202019616 116.41262 39.92277
1202019916 116.41255 39.92271
1202020216 116.41249 39.92289
1202020516 116.41266 39.92294
1202020816 116.41253 39.92279
1202020816 116.41253 39.92279
1202021116 116.41254 39.92282
1202021416 116.41262 39.92276
1202021716 116.41263 39.92275
1202022016 116.41255 39.92274
1202022316 116.41261 39.92273
1202022916 116.41265 39.9227
1202023216 116.41255 39.92272
1202023516 116.41249 39.92273
1202023816 116.4126 39.92274
1202024116 116.41262 39.9227
1202025016 116.41265 39.92283
1202025615 116.41264 39.92268
1202026215 116.41261 39.92273
1202026515 116.41254 39.92282
1202026815 116.41252 39.92283
1202027415 116.41258 39.9229
1202028315 116.41259 39.92268
1202028615 116.41271 39.92274
1202028915 116.41257 39.92271
1202029515 116.41257 39.92284
1202029515 116.41257 39.92284
1202029815 116.41259 39.92299
1202030415 116.41265 39.92275
1202030715 116.4126 39.92277
1202031015 116.41262 39.92271
1202031615 116.41265 39.9227
1202031915 116.41264 39.92275
1202032215 116.41274 39.92266
1202032815 116.4126 39.92273
1202033115 116.41254 39.92275
1202033415 116.4126 39.92285
1202033715 116.41266 39.92276
1202034015 116.4126 39.92283
1202034315 116.41261 39.92275
1202034615 116.41263 39.92283
1202034915 116.41261 39.9228
1202035215 116.41259 39.92288
1202035815 116.41259 39.92311
1202036115 116.41265 39.92324
1202036415 116.41264 39.92333
1202036715 116.4126 39.92357
1202037015 116.41262 39.92345
1202037315 116.41265 39.92351
1202037615 116.41265 39.9228
1202037915 116.41261 39.92274
1202038215 116.41263 39.92288
1202038215 116.41263 39.92288
1202038815 116.41262 39.92284
1202039115 116.41258 39.92286
1202039415 116.4126 39.92275
1202039715 116.4125 39.92284
1202040015 116.4126 39.92287
1202040313 116.41251 39.92294
1202040615 116.41257 39.92276
1202040896 116.41252 39.92274
1202040906 116.41252 39.92274
1202041215 116.41259 39.92278
1202041515 116.41269 39.92282
1202041815 116.41258 39.92275
1202042115 116.41262 39.92273
1202042415 116.41257 39.92273
1202042715 116.41253 39.9228
1202043014 116.41251 39.92283
1202043314 116.41265 39.92262
1202043614 116.41259 39.92285
1202043914 116.41263 39.92267
1202044214 116.41261 39.92279
1202044514 116.41261 39.9227
1202044814 116.41262 39.92278
1202045114 116.41259 39.92284
1202045414 116.41266 39.92273
1202045714 116.41267 39.9226
1202046014 116.4126 39.92252
1202046314 116.41255 39.92255
1202046614 116.4126 39.92271
1202046914 116.41246 39.92252
1202046914 116.41246 39.92252
1202047214 116.41259 39.92262
1202047514 116.41243 39.92272
1202047814 116.4126 39.9227
1202048114 116.41264 39.92266
1202048414 116.41264 39.92269
1202048714 116.41254 39.92268
1202049014 116.41251 39.92261
1202049314 116.41241 39.92313
1202049614 116.41263 39.92272
1202049914 116.41264 39.92275
1202050214 116.41256 39.92263
1202050514 116.41262 39.92248
1202050814 116.41262 39.9227
1202051114 116.41263 39.92266
1202051414 116.41264 39.92265
1202051714 116.41264 39.92277
1202052014 116.41254 39.9227
1202052314 116.41255 39.92285
1202052614 116.41257 39.92263
1202052914 116.41253 39.9227
1202053214 116.41262 39.92278
1202053514 116.41264 39.92283
1202053814 116.41258 39.9228
1202054114 116.41263 39.92281
1202054714 116.41262 39.92279
1202055014 116.41256 39.92273
1202055314 116.41257 39.9229
1202055614 116.41255 39.92287
1202055614 116.41255 39.92287
1202055914 116.4125 39.92276
1202056214 116.41254 39.92275
1202056514 116.41256 39.92273
1202056814 116.41262 39.92271
1202057114 116.41262 39.92276
1202057414 116.41264 39.92288
1202057714 116.41265 39.9228
1202058014 116.41266 39.92277
1202058320 116.41262 39.92279
1202058614 116.41268 39.92271
1202058914 116.41266 39.92292
1202059214 116.41257 39.92261
1202059514 116.41265 39.92289
1202059813 116.41261 39.92284
1202060113 116.41267 39.92326
1202060413 116.41269 39.92294
1202060713 116.41262 39.92283
1202061313 116.4126 39.9227
1202061613 116.41261 39.92261
1202061913 116.41258 39.92269
1202062513 116.41262 39.92263
1202062813 116.41259 39.92275
1202063113 116.41259 39.92283
1202063713 116.41268 39.92269
1202064013 116.41264 39.92283
1202064313 116.41263 39.92277
1202064313 116.41263 39.92277
1202064613 116.411 39.92933
1202064613 116.411 39.92933
1202064913 116.41726 39.9322
1202065213 116.4281 39.92293
1202065513 116.42847 39.91378
1202065813 116.42107 39.89928
1202066113 116.41039 39.89992
1202066413 116.40782 39.89971
1202066713 116.40595 39.89963
1202067013 116.40538 39.90361
1202067313 116.40522 39.90885
1202067613 116.41148 39.91709
1202067913 116.41126 39.92346
1202068213 116.41094 39.93048
1202068513 116.40851 39.93219
1202068813 116.40868 39.93199
1202069113 116.4224 39.93165
1202069413 116.42239 39.93203
1202069713 116.41971 39.92739
1202070013 116.40691 39.92297
1202070313 116.38994 39.92193
1202070613 116.37972 39.92116
1202070913 116.37546 39.91326
1202071213 116.37631 39.90719
1202071513 116.3779 39.8992
1202072113 116.37837 39.88996
1202072413 116.37847 39.88912
1202072713 116.37573 39.88194
1202073013 116.3792 39.88485
1202073013 116.3792 39.88485
1202073313 116.39476 39.88557
1202073313 116.39476 39.88557
1202073613 116.41819 39.88258
1202073913 116.44927 39.88311
1202074213 116.45903 39.88294
1202074513 116.47127 39.88188
1202074813 116.47109 39.88979
1202075113 116.47105 39.88904
1202075413 116.47111 39.889
1202075713 116.47112 39.88895
1202076013 116.47147 39.89615
1202076313 116.45596 39.90573
1202076612 116.4557 39.92005
1202077212 116.43208 39.93239
1202077512 116.42571 39.93435
1202077812 116.41927 39.94712
1202078112 116.41225 39.94774
1202078412 116.40986 39.94921
1202078712 116.41237 39.95727
1202079012 116.41864 39.96864
1202079312 116.41862 39.97169
1202079612 116.41855 39.97168
1202079912 116.41861 39.97167
1202080212 116.41858 39.97162
1202080512 116.41863 39.97169
1202080812 116.41865 39.97166
1202081112 116.41862 39.97167
1202081412 116.41866 39.9717
1202081712 116.41862 39.97172
1202082012 116.41855 39.97158
1202082012 116.41855 39.97158
1202082312 116.41863 39.97164
1202082912 116.41866 39.9716
1202083212 116.41863 39.97168
1202083512 116.41859 39.97168
1202083812 116.41862 39.97168
1202084112 116.41858 39.97163
1202084412 116.41864 39.97165
1202084712 116.41864 39.97162
1202085012 116.41861 39.97166
1202085312 116.41858 39.97163
1202085612 116.41853 39.96991
1202085912 116.41902 39.951
1202086212 116.43039 39.9342
1202086512 116.43038 39.93416
1202086812 116.4303 39.93416
1202087112 116.43029 39.93419
1202087412 116.43038 39.93414
1202087712 116.4303 39.93418
1202088012 116.4276 39.94523
1202088312 116.41867 39.96739
1202088612 116.41862 39.9717
1202088912 116.41862 39.97174
1202089212 116.41864 39.97169
1202089812 116.41864 39.97171
1202090112 116.41861 39.97167
1202090412 116.41853 39.96517
1202090712 116.41899 39.94852
1202091012 116.42244 39.9313
1202091312 116.42566 39.93213
1202091612 116.41961 39.93331
1202091912 116.41972 39.93963
1202092215 116.40858 39.93218
1202092512 116.41095 39.92999
1202092812 116.41886 39.93221
1202093111 116.4231 39.92321
1202093411 116.4111 39.92509
1202093711 116.42311 39.93222
1202094011 116.42598 39.95618
1202094311 116.43881 39.95205
1202094611 116.44003 39.95548
1202094911 116.44402 39.94296
1202095211 116.44423 39.94296
1202095511 116.44403 39.94297
1202095811 116.44407 39.94303
1202096111 116.44402 39.94293
1202096411 116.4441 39.94294
1202096711 116.44408 39.94291
1202097011 116.43861 39.93493
1202097311 116.43876 39.93503
1202097611 116.43038 39.9344
1202097911 116.41115 39.92614
1202098511 116.46098 39.92192
1202098811 116.47229 39.92706
1202099111 116.4556 39.94412
1202099411 116.40472 39.96786
1202099411 116.40472 39.96786
1202099711 116.40643 39.97769
1202100011 116.41199 39.96089
1202100311 116.41252 39.95578
1202100611 116.41211 39.95755
1202100911 116.41101 39.92905
1202101211 116.41144 39.92056
1202101511 116.41149 39.92064
1202101811 116.41148 39.92063
1202102111 116.41142 39.92065
1202102411 116.41143 39.92061
1202102711 116.41278 39.92266
1202103011 116.41268 39.92264
1202103311 116.41268 39.92277
1202103611 116.41272 39.92287
1202103911 116.4128 39.92264
1202104211 116.41276 39.92272
1202104811 116.41277 39.92276
1202105111 116.4128 39.92273
1202105411 116.41278 39.92277
1202105711 116.41277 39.92277
1202106011 116.41277 39.92281
1202106311 116.41275 39.92277
1202106611 116.41279 39.9226
1202106911 116.41284 39.92245
1202107211 116.41272 39.92279
1202107511 116.41271 39.92281
1202108111 116.41269 39.92264
1202108111 116.41269 39.92264
1202108411 116.41263 39.92269
1202108711 116.41278 39.92265
1202109011 116.41273 39.92272
1202109311 116.41279 39.92264
1202109611 116.41278 39.92263
1202109911 116.41276 39.92264
1202110210 116.41268 39.92273
1202110510 116.41278 39.92269
1202110810 116.41276 39.92278
1202111110 116.41275 39.92276
1202111410 116.41279 39.92259
1202111710 116.4128 39.92269
1202112010 116.41275 39.92276
1202112310 116.4127 39.92277
1202112910 116.41272 39.92273
1202113510 116.41284 39.92266
1202113810 116.4128 39.92268
1202114110 116.41276 39.92268
1202114410 116.41279 39.92266
1202114710 116.41276 39.92272
1202115010 116.41282 39.92277
1202115310 116.4127 39.92277
1202115610 116.41286 39.92271
1202115910 116.41275 39.92283
1202116210 116.41276 39.92287
1202116510 116.41269 39.92297
1202116810 116.41273 39.92276
1202116810 116.41273 39.92276
1202117110 116.4128 39.92274
1202117410 116.41278 39.92277
1202117710 116.41281 39.92262
1202118010 116.4128 39.92273
1202118310 116.41279 39.9227
1202118610 116.41273 39.92275
1202118910 116.41274 39.92273
1202119210 116.41281 39.92277
1202119510 116.41274 39.92276
1202119810 116.41277 39.92277
1202120110 116.4127 39.92274
1202120410 116.41262 39.92271
1202120710 116.41277 39.9228
1202121010 116.41277 39.92285
1202121310 116.41276 39.92277
1202121610 116.41276 39.92279
1202121910 116.41276 39.92278
1202122210 116.41281 39.92281
1202122510 116.41276 39.92289
1202122806 116.41277 39.92268
1202123110 116.41276 39.92344
1202123410 116.41276 39.92318
1202123710 116.41286 39.92322
1202124010 116.41278 39.92277
1202124310 116.4128 39.92281
1202124610 116.41278 39.92287
1202124910 116.41287 39.92285
1202125210 116.41269 39.92291
1202125510 116.41285 39.9229
1202125510 116.41285 39.9229
1202125810 116.41277 39.92281
1202126108 116.4123 39.92261
1202126402 116.41299 39.92291
1202126405 116.41299 39.92291
1202126710 116.41291 39.92298
1202127010 116.41288 39.92283
1202127310 116.41281 39.92279
1202127909 116.41276 39.92275
1202128209 116.41275 39.92267
1202128509 116.41276 39.92268
1202128809 116.41288 39.92259
1202129109 116.41278 39.92275
1202129409 116.4128 39.92273
1202129709 116.41277 39.9227
1202130009 116.41286 39.92259
1202130309 116.41281 39.92284
1202130609 116.41273 39.92278
1202130909 116.41277 39.92271
1202131209 116.41276 39.92278
1202131509 116.41277 39.9227
1202131809 116.41274 39.92277
1202132109 116.41275 39.92271
1202132409 116.41273 39.92269
1202132709 116.41276 39.92267
1202133009 116.41275 39.92268
1202133309 116.41276 39.92263
1202133609 116.41273 39.92265
1202133912 116.41274 39.92257
1202134209 116.41281 39.92268
1202134209 116.41281 39.92268
1202134509 116.41275 39.92271
1202134809 116.41267 39.92257
1202135109 116.41273 39.92254
1202135409 116.4127 39.92262
1202135709 116.41267 39.92263
1202136009 116.41278 39.92265
1202136309 116.41272 39.92269
1202136609 116.41272 39.92266
1202137209 116.41274 39.92259
1202137809 116.41273 39.92274
1202138109 116.41269 39.92257
1202138409 116.4127 39.9228
1202138709 116.41271 39.92269
1202139309 116.41269 39.92279
1202139609 116.41275 39.92289
1202139909 116.41273 39.92299
1202140209 116.41277 39.92281
1202140509 116.4128 39.9226
1202140809 116.41277 39.92275
1202141109 116.41278 39.92263
1202141409 116.41274 39.92274
1202141709 116.41269 39.92282
1202142009 116.4127 39.92275
1202142309 116.41271 39.92275
1202142609 116.41281 39.92268
1202142909 116.41279 39.92267
1202142909 116.41279 39.92267
1202143209 116.41274 39.92275
1202143509 116.41274 39.92272
1202143809 116.41276 39.92276
1202144108 116.41276 39.92282
1202144408 116.41278 39.9227
1202144708 116.41281 39.92265
1202145008 116.4128 39.92262
1202145308 116.41274 39.92259
1202145608 116.41278 39.92276
1202145908 116.41277 39.9228
1202146206 116.4128 39.92282
1202146508 116.41276 39.92269
1202146808 116.41273 39.92267
1202147108 116.41268 39.92255
1202147408 116.41277 39.92264
1202148008 116.41279 39.92236
1202148608 116.41276 39.92268
1202148908 116.41269 39.9227
1202149208 116.4127 39.92274
1202149508 116.41273 39.92272
1202149808 116.41271 39.92271
1202150108 116.41266 39.92275
1202151008 116.41274 39.92274
1202151308 116.41271 39.92276
1202151608 116.41273 39.92267
1202151608 116.41273 39.92267
1202151908 116.41283 39.92253
1202152208 116.41279 39.92263
1202152508 116.41272 39.92258
1202152808 116.42568 39.92283
1202153108 116.4283 39.92809
1202153408 116.42799 39.93426
1202153708 116.42577 39.95757
1202154008 116.43095 39.95338
1202154308 116.43347 39.95755
1202154608 116.43339 39.95753
1202154908 116.4333 39.9575
1202155208 116.43323 39.9575
1202155508 116.42575 39.9574
1202155808 116.42062 39.9481
1202156108 116.42082 39.94811
1202156408 116.42183 39.94814
1202156708 116.42191 39.94816
1202157008 116.42187 39.94809
1202157308 116.42188 39.94813
1202157608 116.42188 39.94817
1202157908 116.42446 39.94818
1202158208 116.41921 39.94194
1202158508 116.41917 39.94196
1202158808 116.41919 39.94194
1202159108 116.41915 39.94194
1202159408 116.41918 39.94195
1202159708 116.41914 39.94197
1202160308 116.41911 39.94197
1202160308 116.41911 39.94197
1202160908 116.4191 39.94196
1202161807 116.4191 39.94196
1202162107 116.41911 39.94197
1202162407 116.4191 39.94199
1202162707 116.41911 39.94197
1202162707 116.41911 39.94197
1202163007 116.41913 39.94194
1202163607 116.41933 39.94767
1202163907 116.42708 39.94026
1202164207 116.4373 39.94933
1202164507 116.43036 39.95343
1202165107 116.44307 39.97014
1202165407 116.44684 39.97707
1202165707 116.47663 39.97577
1202166006 116.46404 39.97148
1202166307 116.40979 39.98735
1202166607 116.34755 39.98579
1202166907 116.33409 39.99566
1202167207 116.33406 39.99192
1202167507 116.34954 39.99184
1202167807 116.34969 39.9919
1202168107 116.34965 39.9919
1202168407 116.34967 39.99189
1202168707 116.36025 39.99235
1202169007 116.37425 39.96885
1202169007 116.37425 39.96885
1202169307 116.40055 39.96719
1202169607 116.40153 39.99301
1202169907 116.3807 40.00862
1202170207 116.37426 39.99955
1202170507 116.38789 39.97594
1202170807 116.38867 39.94772
1202171107 116.38991 39.93309
1202171407 116.41049 39.93212
1202171707 116.42959 39.90599
1202172007 116.433 39.86844
1202172307 116.43257 39.85301
1202172609 116.44089 39.83194
1202172907 116.4375 39.80707
1202173507 116.39631 39.80329
1202173807 116.3884 39.80142
1202174107 116.39575 39.82165
1202174407 116.39458 39.84395
1202174707 116.40721 39.8554
1202175307 116.41284 39.89118
1202175607 116.41193 39.9063
1202176207 116.40234 39.94815
1202176507 116.40197 39.97752
1202176807 116.40589 39.98178
1202177107 116.41865 39.9719
1202178606 116.4187 39.97206
1202178906 116.41892 39.95448
1202179506 116.42237 39.93086
1202179806 116.41102 39.92849
1202180106 116.42809 39.93437
1202180406 116.43032 39.93473
1202180706 116.41085 39.93212
1202181006 116.41172 39.90936
1202181306 116.41444 39.88276
1202181606 116.40977 39.85575
1202181906 116.37801 39.84841
1202182206 116.36508 39.84565
1202182506 116.38077 39.85009
1202182806 116.42405 39.857
1202183106 116.42756 39.86443
1202183406 116.40059 39.87073
1202183706 116.32991 39.86687
1202184006 116.30529 39.87863
1202184306 116.31039 39.90618
1202184606 116.3306 39.90588
1202184906 116.36074 39.90585
1202185206 116.36736 39.91959
1202185506 116.37661 39.9062
1202185858 116.41969 39.90369
1202186106 116.41292 39.8999
1202186406 116.42432 39.89196
1202186406 116.42432 39.89196
1202186706 116.41466 39.89589
1202187006 116.41151 39.91721
1202187306 116.41151 39.92062
1202187606 116.41145 39.92053
1202187906 116.41146 39.92062
1202188206 116.41143 39.92072
1202188506 116.41143 39.92062
1202188806 116.41142 39.9206
1202189106 116.41146 39.9206
1202189706 116.411 39.92886
1202190006 116.41096 39.92956
1202190306 116.41123 39.92264
1202190606 116.4103 39.93953
1202190906 116.41092 39.92771
1202191206 116.41046 39.92283
1202191506 116.41145 39.91598
1202191806 116.40283 39.90668
1202192106 116.35639 39.90596
1202192406 116.30888 39.90628
1202192706 116.30475 39.87845
1202193306 116.34612 39.88812
1202193606 116.36843 39.89586
1202193906 116.37834 39.89866
1202194206 116.39708 39.90732
1202194506 116.40478 39.9192
1202194805 116.41269 39.92271
1202195105 116.41278 39.92273
1202195105 116.41278 39.92273
1202195405 116.41269 39.9227
1202195705 116.41267 39.92264
1202196005 116.41273 39.92271
1202196305 116.41271 39.92272
1202196605 116.41283 39.92276
1202196905 116.41276 39.92287
1202197205 116.41271 39.92268
1202197505 116.4127 39.92265
1202197805 116.41272 39.92266
1202198105 116.41279 39.92263
1202198405 116.41279 39.9227
1202198705 116.41276 39.92275
1202199305 116.41268 39.92277
1202199605 116.41267 39.92281
1202199905 116.41274 39.92278
1202200205 116.41274 39.92273
1202200505 116.41278 39.9227
1202200805 116.41264 39.92274
1202201105 116.41267 39.92279
1202201405 116.41271 39.92278
1202201705 116.41275 39.92275
1202202005 116.41277 39.92273
1202202305 116.41288 39.92297
1202202605 116.41267 39.92281
1202202905 116.41286 39.92273
1202203205 116.41282 39.92277
1202203505 116.41272 39.92269
1202203805 116.41272 39.92271
1202203805 116.41272 39.92271
1202204105 116.41273 39.92278
1202204405 116.41276 39.92269
1202204705 116.41276 39.92268
1202205005 116.41277 39.92273
1202205305 116.41285 39.92272
1202205605 116.41271 39.92277
1202206205 116.41271 39.92279
1202206505 116.41273 39.92271
1202206805 116.41277 39.92279
1202207105 116.41271 39.92277
1202207405 116.41275 39.92272
1202207705 116.41277 39.92283
1202208005 116.41268 39.92286
1202208305 116.41278 39.92324
1202208605 116.4128 39.9232
1202208903 116.41276 39.92303
1202209205 116.41268 39.92287
1202209805 116.41279 39.92298
1202210105 116.4128 39.92275
1202210405 116.4128 39.92276
1202210705 116.41294 39.92293
1202211005 116.41281 39.92279
1202211305 116.41281 39.9228
1202211904 116.41273 39.92271
1202212204 116.41297 39.92285
1202212504 116.41293 39.92295
1202212504 116.41293 39.92295
1202212804 116.41299 39.92309
1202212854 116.41294 39.92302
1202213104 116.41284 39.92284
1202213404 116.41292 39.92282
1202213704 116.41288 39.92279
1202214004 116.41264 39.92277
1202214304 116.41277 39.92272
1202214604 116.41278 39.92269
1202214904 116.41272 39.92282
1202215204 116.41293 39.9224
1202215504 116.41272 39.9228
1202215804 116.41272 39.92271
1202216104 116.41272 39.92271
1202216404 116.41276 39.92263
1202216704 116.41288 39.92264
1202217004 116.41275 39.92268
1202217304 116.41285 39.92261
1202217604 116.41277 39.92266
1202217904 116.4128 39.92266
1202218204 116.41284 39.92265
1202218504 116.41269 39.92267
1202218804 116.41264 39.92278
1202219104 116.41267 39.92273
1202219404 116.41276 39.92275
1202219704 116.41268 39.92275
1202220304 116.41275 39.92261
1202220604 116.41269 39.92259
1202220904 116.41279 39.92262
1202221504 116.41272 39.9225
1202221804 116.41261 39.92306
1202222104 116.41269 39.92274
1202222404 116.41265 39.92278
1202222704 116.4127 39.92268
1202223004 116.41278 39.92282
1202223304 116.4127 39.92267
1202223604 116.41269 39.92258
1202223905 116.41283 39.92263
1202224204 116.41273 39.9227
1202224504 116.41273 39.92284
1202224804 116.41271 39.9229
1202225104 116.41278 39.92265
1202225404 116.41265 39.92275
1202225704 116.41271 39.92284
1202226004 116.41269 39.9229
1202226304 116.41272 39.92291
1202226604 116.41272 39.92269
1202226904 116.41276 39.9229
1202227204 116.41281 39.92273
1202227504 116.4127 39.9228
1202227804 116.41275 39.92283
1202228103 116.41272 39.92277
1202228403 116.41272 39.92282
1202228703 116.41271 39.92282
1202229003 116.41279 39.92269
1202229303 116.41276 39.92277
1202229603 116.41275 39.92275
1202229903 116.41277 39.9226
1202229903 116.41277 39.9226
1202230203 116.41277 39.92275
1202230203 116.41277 39.92275
1202231103 116.41276 39.92272
1202231403 116.41279 39.92269
1202231703 116.41274 39.92269
1202232003 116.41278 39.92283
1202232303 116.41277 39.92281
1202232603 116.41271 39.92253
1202232903 116.41271 39.9226
1202233203 116.41274 39.92278
1202233503 116.41272 39.92266
1202233803 116.41275 39.92266
1202234103 116.41275 39.92261
1202234403 116.41278 39.92256
1202234703 116.411 39.93045
1202235003 116.42096 39.93503
1202235303 116.41933 39.94683
1202235603 116.42059 39.95797
1202235903 116.43326 39.95825
1202236203 116.43785 39.96351
1202236503 116.41863 39.97171
1202236803 116.41853 39.97171
1202237103 116.41849 39.97185
1202237403 116.41863 39.97172
1202237703 116.41859 39.9718
1202238003 116.41866 39.97172
1202238603 116.41859 39.97173
1202238603 116.41859 39.97173
1202238903 116.41861 39.97172
1202238903 116.41861 39.97172
1202239203 116.41865 39.97169
1202239503 116.4186 39.97172
1202239803 116.4186 39.97175
1202240103 116.41865 39.97173
1202240403 116.4186 39.97171
1202240703 116.41862 39.97173
1202241003 116.35701 39.97174
1202241003 116.41865 39.97174
1202241303 116.41863 39.97176
1202241603 116.41863 39.9718
1202241903 116.41863 39.97179
1202242203 116.41862 39.97177
1202242503 116.41863 39.97177
1202242803 116.4186 39.97182
1202243103 116.41866 39.97178
1202243403 116.41871 39.97175
1202243703 116.41871 39.97176
1202244003 116.41866 39.97173
1202244303 116.41868 39.97174
1202244602 116.41861 39.97175
1202244902 116.41865 39.97175
1202245202 116.4186 39.97179
1202245802 116.41861 39.97179
1202246102 116.41871 39.97182
1202246402 116.41855 39.9718
1202246702 116.41844 39.96751
1202247002 116.41843 39.96756
1202247302 116.41845 39.96754
1202247602 116.41877 39.95972
1202247602 116.41877 39.95972
1202247902 116.4102 39.94818
1202248802 116.43041 39.93418
1202249102 116.42855 39.93924
1202249402 116.42974 39.93239
1202249702 116.42988 39.90358
1202250302 116.44878 39.87231
1202250602 116.4496 39.87221
1202250902 116.4499 39.87464
1202251202 116.43528 39.89779
1202251502 116.40205 39.8995
1202251802 116.38102 39.89884
1202252102 116.33865 39.89648
1202252402 116.31529 39.89916
1202252702 116.31565 39.90727
1202253002 116.31841 39.90974
1202253302 116.33296 39.91696
1202253902 116.34276 39.8713
1202254502 116.363 39.85858
1202254802 116.35864 39.86256
1202255102 116.365 39.86844
1202255402 116.40333 39.87053
1202255702 116.41632 39.87945
1202256002 116.42878 39.88283
1202256302 116.45477 39.86848
1202256302 116.45477 39.86848
1202256602 116.42457 39.85428
1202256902 116.42759 39.8571
1202257202 116.43377 39.86894
1202257502 116.43038 39.8925
1202257802 116.43026 39.9005
1202258102 116.43365 39.92289
1202258702 116.42834 39.92691
1202259002 116.40402 39.9477
1202259302 116.36588 39.94951
1202259602 116.36522 39.95027
1202259902 116.36676 39.93166
1202260202 116.36778 39.90818
1202260502 116.36769 39.90917
1202260802 116.37516 39.92116
1202261102 116.40835 39.92278
1202261402 116.41139 39.91786
1202261701 116.39674 39.91309
1202262001 116.37319 39.90594
1202262301 116.36714 39.92522
1202262601 116.38975 39.93189
1202262901 116.39023 39.92851
1202263201 116.40192 39.93945
1202263501 116.40128 39.97385
1202264101 116.40109 39.98053
1202264701 116.40176 39.95308
1202265001 116.41312 39.93957
1202265001 116.41312 39.93957
1202265301 116.42247 39.93002
1202265601 116.41959 39.93609
1202265901 116.41555 39.95914
1202266201 116.40994 39.95787
1202266501 116.41003 39.94833
1202266801 116.41087 39.93264
1202267101 116.41109 39.92571
1202267401 116.40582 39.92309
1202267701 116.40587 39.9231
1202268003 116.40582 39.9231
1202268301 116.40585 39.92314
1202268901 116.40584 39.92312
1202269201 116.40578 39.92303
1202269801 116.40583 39.9231
1202270101 116.4058 39.92315
1202270401 116.40586 39.92306
1202271301 116.40514 39.91723
1202271601 116.41656 39.89907
1202272201 116.42638 39.8994
1202272501 116.43416 39.92271
1202272801 116.45492 39.91803
1202273401 116.48006 39.9122
1202273701 116.47486 39.9144
1202273701 116.47486 39.9144
1202274001 116.45534 39.91813
1202274301 116.42909 39.92323
1202274601 116.41273 39.92313
1202274901 116.41234 39.93583
1202275201 116.41059 39.93702
1202275501 116.41058 39.93695
1202275801 116.41098 39.92665
1202276101 116.41105 39.92668
1202276401 116.4111 39.92661
1202276701 116.4111 39.92665
1202277001 116.40544 39.92293
1202277301 116.4199 39.92525
1202277601 116.41681 39.91425
1202277901 116.4109 39.93197
1202278200 116.39633 39.93216
1202278500 116.39636 39.93213
1202278800 116.39636 39.93217
1202279100 116.39633 39.93219
1202279400 116.39634 39.93214
1202279700 116.39632 39.9322
1202280000 116.39638 39.93218
1202280300 116.39632 39.93218
1202280600 116.39634 39.93214
1202280900 116.39633 39.93215
1202281200 116.39637 39.93211
1202281500 116.39636 39.93212
1202281800 116.38974 39.93737
1202282100 116.41108 39.92628
1202282400 116.42776 39.94309
1202282400 116.42776 39.94309
1202282700 116.4326 39.96046
1202283000 116.41943 39.94835
1202283300 116.34907 39.94123
1202283600 116.33724 39.89642
1202283900 116.3152 39.9042
1202284200 116.34383 39.90586
1202284500 116.37636 39.90577
1202284800 116.41188 39.90813
1202285100 116.41404 39.9151
1202285400 116.41958 39.92293
1202285700 116.43667 39.90709
1202286000 116.49037 39.90657
1202286300 116.48952 39.90712
1202286600 116.48574 39.91129
1202286900 116.48409 39.91402
1202287200 116.47598 39.96176
1202287500 116.50417 40.00671
1202287800 116.57362 40.04165
1202288100 116.58204 40.04928
1202288400 116.58377 40.0594
1202288700 116.5822 40.0695
1202289000 116.58563 40.07682
1202289300 116.5839 40.07684
1202289600 116.56926 40.03714
1202290200 116.4481 39.95648
1202290500 116.46226 39.96013
1202290800 116.46291 39.96015
1202291100 116.46571 39.9652
1202291100 116.46571 39.9652
1202291400 116.46573 39.96522
1202291700 116.46576 39.96523
1202292000 116.46575 39.96519
1202292300 116.46568 39.9652
1202292600 116.46566 39.96521
1202292900 116.46563 39.96522
1202293200 116.45402 39.95333
1202293500 116.44413 39.94454
1202293800 116.42806 39.92735
1202294100 116.42306 39.90375
1202294400 116.4188 39.91398
1202294700 116.41437 39.93225
1202294999 116.42333 39.93012
1202295299 116.42677 39.93236
1202295599 116.40336 39.94775
1202295899 116.34999 39.94857
1202340036 116.41282 39.92281
1202340036 116.41282 39.92281
1202340322 116.41282 39.92247
1202340622 116.41287 39.92263
1202340922 116.41282 39.92279
1202341222 116.41287 39.92271
1202341522 116.41278 39.9227
1202341822 116.41284 39.92263
1202342122 116.41284 39.92279
1202342421 116.41283 39.92257
1202342721 116.41285 39.92264
1202342721 116.41285 39.92264
1202343021 116.41289 39.92273
1202343321 116.41296 39.92272
1202343621 116.41292 39.92266
1202343921 116.41285 39.9227
1202344221 116.41288 39.92274
1202344521 116.41281 39.92277
1202344821 116.41287 39.92265
1202345121 116.41289 39.92267
1202345421 116.41281 39.92273
1202345721 116.41283 39.92276
1202346021 116.4129 39.92264
1202346321 116.41288 39.92267
1202346621 116.41286 39.92272
1202346921 116.41286 39.92256
1202347221 116.41287 39.92256
1202347521 116.41278 39.92255
1202347821 116.41287 39.92257
1202348121 116.4128 39.92251
1202348421 116.41288 39.92258
1202348721 116.41289 39.9225
1202349021 116.4129 39.92269
1202349321 116.41286 39.92275
1202349621 116.41287 39.92298
1202349623 116.26405 39.89489
1202350821 116.41274 39.92276
1202351121 116.41278 39.92285
1202351421 116.41285 39.92269
1202351421 116.41285 39.92269
1202351721 116.41282 39.92272
1202352321 116.41277 39.92261
1202352621 116.4128 39.92267
1202352921 116.4128 39.9227
1202353221 116.41284 39.92282
1202353521 116.4128 39.92284
1202353821 116.41281 39.92283
1202354121 116.41288 39.92277
1202354421 116.41258 39.92249
1202354721 116.41282 39.92275
1202355021 116.41274 39.92282
1202355321 116.41284 39.92295
1202355621 116.41275 39.92284
1202355921 116.41279 39.92277
1202356221 116.4128 39.92287
1202356521 116.41284 39.92282
1202356821 116.41285 39.92283
1202357121 116.41286 39.92284
1202357421 116.41282 39.92278
1202358021 116.41281 39.92277
1202358321 116.41285 39.92266
1202358621 116.41281 39.92273
1202359520 116.4128 39.92268
1202359820 116.41275 39.9227
1202360120 116.41278 39.92263
1202360120 116.41278 39.92263
1202360420 116.41284 39.92279
1202360720 116.41282 39.92266
1202361020 116.41272 39.92249
1202361320 116.4128 39.92257
1202361620 116.4128 39.92266
1202361920 116.41269 39.9228
1202362220 116.41287 39.92277
1202362520 116.41302 39.92251
1202362820 116.41284 39.92273
1202363120 116.41281 39.9227
1202363420 116.41279 39.92272
1202363720 116.41289 39.92275
1202364020 116.41287 39.92276
1202364320 116.41279 39.92275
1202364620 116.4129 39.92286
1202364920 116.41286 39.92277
1202365220 116.41281 39.92279
1202365520 116.41279 39.92286
1202366120 116.4128 39.92283
1202366420 116.4128 39.92276
1202366720 116.4128 39.92272
1202367020 116.41281 39.92269
1202367320 116.41284 39.92269
1202367620 116.41281 39.92274
1202367920 116.41279 39.92264
1202368220 116.41269 39.92281
1202368520 116.41291 39.92281
1202368820 116.41282 39.92265
1202368820 116.41282 39.92265
1202369120 116.41282 39.92266
1202369420 116.41282 39.92267
1202369720 116.41285 39.92265
1202370020 116.41283 39.92269
1202370320 116.41289 39.92263
1202370620 116.41283 39.92259
1202370920 116.41287 39.92268
1202371220 116.41293 39.92267
1202371520 116.41284 39.92265
1202371820 116.41286 39.92276
1202372120 116.41286 39.92274
1202372420 116.41286 39.92264
1202372720 116.41288 39.92268
1202373020 116.4128 39.92271
1202373320 116.41288 39.92269
1202373620 116.41277 39.92271
1202374222 116.41288 39.92281
1202374520 116.41288 39.92286
1202374820 116.41282 39.92281
1202375420 116.41284 39.9227
1202375720 116.41288 39.92275
1202376020 116.41289 39.92272
1202376320 116.41288 39.92272
1202376620 116.41284 39.9227
1202376919 116.41287 39.92268
1202377219 116.41285 39.92266
1202377519 116.41287 39.92279
1202377519 116.41287 39.92279
1202377819 116.41278 39.92279
1202378119 116.4127 39.92277
1202378419 116.41276 39.92278
1202378719 116.41284 39.92269
1202379319 116.41282 39.92288
1202379619 116.41282 39.92285
1202379919 116.41292 39.92289
1202380219 116.41275 39.92277
1202380819 116.41283 39.923
1202381119 116.41284 39.92291
1202381419 116.41287 39.92405
1202381719 116.41286 39.92362
1202382019 116.41285 39.92338
1202382319 116.41285 39.92293
1202382619 116.41284 39.92284
1202382919 116.41281 39.92295
1202383219 116.41288 39.92283
1202383519 116.41281 39.92285
1202383819 116.41287 39.92281
1202384419 116.41286 39.92286
1202384719 116.41291 39.92282
1202385019 116.41301 39.92295
1202385319 116.413 39.92289
1202385602 116.41299 39.92283
1202385611 116.41299 39.92283
1202385919 116.41289 39.92277
1202386219 116.41298 39.92289
1202386219 116.41298 39.92289
1202386519 116.41297 39.92267
1202386819 116.41282 39.92266
1202387119 116.41287 39.92268
1202387419 116.41286 39.92272
1202387719 116.41286 39.92274
1202388019 116.41287 39.92282
1202388319 116.41287 39.92278
1202388919 116.41286 39.92266
1202389219 116.41282 39.92276
1202389519 116.41282 39.92272
1202389819 116.41283 39.92269
1202390119 116.41291 39.9227
1202390419 116.41294 39.92265
1202390719 116.4129 39.92272
1202391019 116.41284 39.92282
1202391619 116.41283 39.92265
1202391919 116.41285 39.92269
1202392219 116.41294 39.92258
1202392519 116.41289 39.9226
1202393119 116.41281 39.92275
1202393419 116.41284 39.92266
1202394019 116.41296 39.92297
1202394318 116.41291 39.92293
1202394618 116.4128 39.92253
1202394918 116.41285 39.92263
1202394918 116.41285 39.92263
1202395218 116.41288 39.92257
1202395518 116.41283 39.92271
1202395818 116.41287 39.92259
1202396118 116.41288 39.9224
1202396418 116.41274 39.92277
1202396718 116.41273 39.92264
1202397018 116.41284 39.92274
1202397318 116.41279 39.92283
1202397618 116.4128 39.9227
1202397918 116.4128 39.92274
1202398218 116.41279 39.92259
1202398518 116.41284 39.92277
1202398818 116.41289 39.9226
1202399118 116.41288 39.92277
1202399418 116.41288 39.92269
1202399718 116.41277 39.92281
1202400018 116.41281 39.92283
1202400318 116.41279 39.92283
1202400618 116.41279 39.92275
1202400918 116.41286 39.92274
1202401218 116.41289 39.92268
1202401518 116.4129 39.92269
1202401818 116.41952 39.92303
1202402118 116.42777 39.92341
1202402418 116.43952 39.922
1202402718 116.4276 39.94272
1202403018 116.41906 39.95174
1202403318 116.4186 39.96779
1202403618 116.41866 39.97171
1202403618 116.41866 39.97171
1202403918 116.41861 39.97178
1202404218 116.41863 39.9717
1202404518 116.41862 39.97168
1202404818 116.41861 39.97172
1202405118 116.41866 39.97174
1202405418 116.41862 39.97173
1202405720 116.41856 39.9717
1202406018 116.41858 39.9717
1202406318 116.41863 39.97171
1202406618 116.41861 39.9717
1202406918 116.41857 39.97171
1202407218 116.41861 39.97171
1202407518 116.41858 39.9717
1202407818 116.41863 39.9717
1202408118 116.41859 39.97173
1202408418 116.4186 39.97172
1202408718 116.41859 39.97172
1202409018 116.41866 39.97174
1202409318 116.4186 39.97174
1202409618 116.4186 39.97179
1202409918 116.41862 39.97176
1202410218 116.4186 39.97181
1202410517 116.41861 39.97181
1202410817 116.41864 39.97172
1202411117 116.41868 39.97169
1202411417 116.41859 39.97175
1202411717 116.41861 39.9717
1202412017 116.41866 39.97174
1202412317 116.41864 39.9717
1202412317 116.41864 39.9717
1202412617 116.41859 39.97169
1202412917 116.41861 39.97174
1202413217 116.41863 39.97178
1202413517 116.41859 39.97175
1202413817 116.41862 39.97183
1202414117 116.41862 39.97178
1202414417 116.41861 39.97178
1202414717 116.4186 39.9718
1202415017 116.41864 39.97187
1202415317 116.41863 39.97181
1202415617 116.4186 39.97177
1202415917 116.41859 39.97182
1202416217 116.41863 39.97173
1202416517 116.41863 39.97179
1202416817 116.41862 39.97176
1202417117 116.41861 39.97178
1202417417 116.41858 39.97176
1202417717 116.4186 39.97177
1202418017 116.4186 39.97179
1202418317 116.41857 39.97181
1202418617 116.41868 39.96425
1202418917 116.42269 39.94812
1202419217 116.43031 39.93431
1202419517 116.43003 39.9383
1202419817 116.42954 39.9323
1202420117 116.45599 39.93222
1202420417 116.48067 39.93247
1202420717 116.48299 39.95409
1202421017 116.4998 40.00292
1202421017 116.4998 40.00292
1202421317 116.5795 40.04692
1202421617 116.5815 40.07938
1202421917 116.58214 40.06842
1202422217 116.5619 40.03297
1202422517 116.48748 39.99187
1202422817 116.4537 39.95381
1202423117 116.46437 39.97639
1202423417 116.46816 39.98887
1202423717 116.45569 40.00993
1202424017 116.4616 39.9977
1202424317 116.46485 39.98343
1202424617 116.49115 39.98764
1202424917 116.50056 39.99865
1202425217 116.4834 39.98613
1202425517 116.48326 39.97763
1202425817 116.48362 39.97868
1202426117 116.47098 39.9867
1202426417 116.45105 39.95958
1202426717 116.43841 39.94161
1202427017 116.42819 39.92124
1202427316 116.43665 39.89523
1202427616 116.41301 39.89183
1202427916 116.38149 39.88825
1202428250 116.35797 39.88802
1202428516 116.3287 39.88878
1202429207 116.3678 39.90343
1202429416 116.36749 39.888
1202429716 116.34711 39.88422
1202429716 116.34711 39.88422
1202430016 116.36798 39.88791
1202430316 116.36794 39.9034
1202430616 116.35373 39.91381
1202431216 116.3752 39.93163
1202431516 116.41073 39.93214
1202431816 116.43753 39.92694
1202432116 116.43065 39.93245
1202432416 116.42784 39.92353
1202432716 116.4395 39.92198
1202433016 116.41109 39.9262
1202433316 116.42951 39.93966
1202433616 116.42315 39.93234
1202433916 116.44178 39.95045
1202434216 116.44352 39.97376
1202434516 116.41844 39.97261
1202434816 116.41057 39.95787
1202435116 116.40513 39.95816
1202435416 116.4124 39.95347
1202435716 116.40855 39.93215
1202436016 116.40737 39.93194
1202437516 116.46752 39.98555
1202439016 116.40138 39.97461
1202439316 116.40855 39.97585
1202439616 116.4118 39.96459
1202439916 116.41052 39.94137
1202440216 116.39367 39.93693
1202440516 116.3953 39.92919
1202440816 116.40233 39.93194
1202441116 116.40746 39.92289
1202441416 116.41168 39.90931
1202441716 116.40941 39.89173
1202442016 116.4202 39.90375
1202442316 116.41804 39.91425
1202442616 116.41116 39.92558
1202442916 116.41116 39.92631
1202443216 116.41119 39.92631
1202443516 116.41117 39.92634
1202443816 116.41119 39.92633
1202444115 116.41109 39.92621
1202444415 116.41123 39.92323
1202444715 116.43847 39.92199
1202445315 116.4108 39.87004
1202445615 116.35464 39.8652
1202445915 116.35605 39.86728
1202446215 116.35761 39.8798
1202446515 116.36797 39.88793
1202446815 116.36765 39.91133
1202447115 116.37246 39.92119
1202447115 116.37246 39.92119
1202447415 116.39012 39.93168
1202447715 116.41166 39.93951
1202448015 116.41955 39.94004
1202448315 116.41957 39.93999
1202448615 116.41955 39.94
1202448915 116.41951 39.93993
1202449215 116.42205 39.93957
1202449515 116.42233 39.93215
1202449815 116.4112 39.92514
1202450115 116.42082 39.9135
1202450415 116.4109 39.92752
1202450715 116.41117 39.92445
1202451015 116.41186 39.90739
1202451315 116.41116 39.92612
1202451615 116.41118 39.92628
1202451915 116.42263 39.92907
1202452215 116.42223 39.93173
1202452515 116.4223 39.93174
1202452815 116.42229 39.93175
1202453115 116.42231 39.93174
1202453415 116.42241 39.93183
1202453715 116.42252 39.93192
1202454015 116.42251 39.93205
1202454315 116.42225 39.93197
1202454615 116.4222 39.93184
1202454915 116.455 39.93229
1202455215 116.45959 39.92783
1202455515 116.44304 39.9324
1202455815 116.44754 39.92566
1202455815 116.44754 39.92566
1202456115 116.4476 39.92565
1202456415 116.42778 39.93882
1202456715 116.41121 39.9396
1202457016 116.4302 39.93427
1202457315 116.43023 39.93423
1202457615 116.43031 39.93416
1202457915 116.43032 39.93411
1202458215 116.42835 39.93278
1202458515 116.4189 39.95867
1202458815 116.4186 39.97179
1202459115 116.41859 39.97179
1202459415 116.41874 39.97181
1202459715 116.41865 39.97178
1202460015 116.41862 39.97178
1202460315 116.41873 39.97173
1202460615 116.41875 39.9718
1202460914 116.41866 39.97175
1202461214 116.41861 39.97179
1202461514 116.41874 39.9718
1202461814 116.41868 39.97175
1202462114 116.41866 39.97178
1202462414 116.41872 39.9718
1202462714 116.41868 39.97175
1202463014 116.41874 39.97182
1202463314 116.41874 39.97181
1202463614 116.41862 39.97175
1202463914 116.41861 39.97176
1202464214 116.41865 39.97177
1202464514 116.41862 39.97177
1202464514 116.41862 39.97177
1202464814 116.4186 39.97178
1202465114 116.41862 39.97179
1202465414 116.41855 39.97179
1202465714 116.41855 39.97176
1202466014 116.41856 39.97176
1202466314 116.4186 39.97176
1202466614 116.4187 39.97185
1202466914 116.41859 39.97181
1202467214 116.41851 39.97178
1202467300 116.41859 39.97182
1202467514 116.41862 39.97185
1202467814 116.41861 39.97182
1202468114 116.41861 39.97181
1202468714 116.41859 39.97183
1202469014 116.41865 39.97183
1202469314 116.41867 39.97181
1202469614 116.41861 39.97189
1202469914 116.41861 39.97187
1202470214 116.4188 39.95638
1202470514 116.406 39.94787
1202470814 116.35201 39.94311
1202471114 116.34321 39.92227
1202471414 116.33077 39.91969
1202471714 116.33079 39.91958
1202472007 116.33761 39.92186
1202472010 116.33761 39.92186
1202472314 116.32778 39.92994
1202472614 116.34715 39.92739
1202472914 116.31659 39.92238
1202473214 116.30408 39.90626
1202473214 116.30408 39.90626
1202473514 116.29671 39.88976
1202473814 116.29667 39.89015
1202474114 116.30421 39.88321
1202474414 116.31958 39.88864
1202474714 116.35016 39.88794
1202475014 116.36488 39.88785
1202475314 116.37445 39.8879
1202475614 116.38925 39.88911
1202475914 116.41235 39.89152
1202476214 116.45233 39.89203
1202476514 116.45461 39.89204
1202476814 116.45566 39.90724
1202477113 116.45139 39.95462
1202477413 116.4986 40.00183
1202477713 116.57838 40.04606
1202478013 116.58237 40.07939
1202478313 116.57864 40.04686
1202478613 116.51569 40.01601
1202478913 116.45693 39.96434
1202479213 116.46107 39.95961
1202479513 116.4572 39.95984
1202479813 116.46181 39.95999
1202480113 116.46181 39.95999
1202480413 116.46179 39.96004
1202480713 116.46004 39.95887
1202481013 116.45319 39.94774
1202481313 116.45318 39.9477
1202481613 116.45323 39.94842
1202481913 116.45317 39.94871
1202481913 116.45317 39.94871
1202482213 116.44925 39.94314
1202482513 116.44412 39.93148
1202482813 116.44034 39.91559
1202483113 116.44416 39.91756
1202483413 116.4352 39.92276
1202483713 116.42584 39.93061
1202484013 116.42585 39.92679
1202484313 116.42588 39.92674
1202484613 116.42582 39.92671
1202484913 116.42588 39.9267
1202485213 116.4259 39.92663
1202485513 116.42567 39.92835
1202485813 116.43418 39.92292
1202486113 116.4398 39.92574
1202486413 116.43639 39.9256
1202486713 116.43869 39.93513
1202487013 116.42886 39.93237
1202487313 116.42891 39.91172
1202487613 116.40587 39.89969
1202487913 116.38127 39.89888
1202488213 116.38507 39.899
1202488513 116.38489 39.91863
1202488813 116.39896 39.92292
1202489113 116.41266 39.92277
1202489413 116.41266 39.92275
1202489713 116.41263 39.92273
1202490013 116.41264 39.92245
1202490313 116.41265 39.92267
1202490613 116.41257 39.92279
1202490613 116.41257 39.92279
1202490913 116.41266 39.92277
1202491213 116.41261 39.92274
1202491513 116.41258 39.9227
1202491813 116.41253 39.92267
1202492113 116.41265 39.92272
