UTS Latitude Longitude
1201959233 116.29494 39.97299
1201959834 116.30198 39.96069
1201960134 116.30363 39.93824
1201960268 116.29984 39.93979
1201960568 116.30354 39.93698
1201960714 116.30381 39.93347
1201961014 116.31863 39.93116
1201961314 116.34202 39.93097
1201961614 116.35622 39.93103
1201961914 116.37106 39.92518
1201962163 116.38372 39.9208
1201962626 116.3856 39.9022
1201963193 116.37843 39.89397
1201963231 116.37817 39.89519
1201963531 116.36795 39.90337
1201963725 116.3679 39.90712
1201964025 116.36576 39.90688
1201964325 116.35791 39.908
1201964625 116.35008 39.90727
1201964925 116.34645 39.89888
1201965225 116.34648 39.89888
1201965525 116.34634 39.89883
1201965825 116.34664 39.8988
1201966124 116.3466 39.89895
1201966424 116.34018 39.90086
1201966713 116.34658 39.90492
1201967013 116.33695 39.88857
1201967198 116.33149 39.88119
1201967498 116.33114 39.87599
1201967798 116.33127 39.87609
1201968098 116.33554 39.88085
1201968398 116.33261 39.88746
1201968699 116.34215 39.88838
1201968722 116.34556 39.8881
1201968999 116.34695 39.88943
1201969298 116.34695 39.88981
1201969321 116.34659 39.88868
1201969621 116.3499 39.86691
1201970221 116.41535 39.86698
1201970521 116.41402 39.85603
1201970531 116.41402 39.85603
1201970821 116.4083 39.8556
1201971121 116.35845 39.85342
1201971421 116.33496 39.84784
1201971721 116.31477 39.84666
1201971853 116.31412 39.84075
1201972153 116.31424 39.8405
1201972453 116.31426 39.84051
1201972513 116.3142 39.84129
1201972813 116.32307 39.84802
1201973113 116.30598 39.87127
1201973619 116.314 39.89605
1201973919 116.33121 39.89575
1201974218 116.3312 39.89574
1201974518 116.33126 39.89582
1201974818 116.33125 39.89582
1201975118 116.33125 39.89582
1201975418 116.33157 39.8959
1201975718 116.3232 39.89604
1201976018 116.3284 39.90603
1201976318 116.34627 39.9051
1201976399 116.34636 39.90426
1201976699 116.34647 39.89904
1201976999 116.35052 39.89211
1201977150 116.34882 39.88835
1201977450 116.34728 39.88624
1201977750 116.34712 39.88627
1201978050 116.34715 39.88624
1201978350 116.34718 39.88621
1201978653 116.34674 39.88576
1201978950 116.34677 39.8858
1201979250 116.34682 39.8858
1201979550 116.34688 39.88583
1201979850 116.34689 39.88585
1201980150 116.34688 39.88584
1201980450 116.3468 39.88584
1201980749 116.33347 39.88578
1201981049 116.34682 39.88577
1201981349 116.34685 39.88578
1201981649 116.34669 39.88584
1201981949 116.34669 39.88582
1201982249 116.34652 39.88585
1201982249 116.34652 39.88585
1201982549 116.34651 39.88613
1201982849 116.34695 39.88564
1201983149 116.34677 39.88574
1201983449 116.34669 39.88586
1201983749 116.34666 39.88596
1201984049 116.34685 39.88581
1201984649 116.34699 39.88571
1201984949 116.34686 39.88592
1201985249 116.34669 39.88615
1201985544 116.34674 39.88605
1201985849 116.34685 39.88573
1201986149 116.34698 39.88573
1201986449 116.347 39.8859
1201987049 116.34689 39.88555
1201987349 116.34687 39.88558
1201987649 116.34678 39.8859
1201987949 116.34671 39.88557
1201988249 116.34635 39.88564
1201988549 116.34666 39.88567
1201988849 116.34677 39.88573
1201989149 116.34642 39.88561
1201989749 116.34705 39.88577
1201990049 116.34693 39.88562
1201990349 116.34671 39.88565
1201990649 116.34666 39.88565
1201990949 116.34653 39.88565
1201990949 116.34653 39.88565
1201991249 116.34644 39.88562
1201991549 116.34671 39.88567
1201991849 116.3467 39.88568
1201992149 116.34709 39.88616
1201992449 116.34704 39.88612
1201992749 116.34669 39.88621
1201993049 116.34694 39.88605
1201993349 116.34689 39.88609
1201993649 116.34691 39.88607
1201993949 116.3469 39.88606
1201994249 116.34689 39.88604
1201994549 116.34655 39.8856
1201995149 116.34669 39.88576
1201995449 116.34663 39.88568
1201995748 116.34642 39.88548
1201996048 116.34644 39.88561
1201996348 116.34643 39.88539
1201996648 116.34668 39.88583
1201996948 116.34726 39.88639
1201997248 116.3468 39.88601
1201997548 116.34669 39.88587
1201997848 116.34667 39.88527
1201998148 116.34663 39.88574
1201998448 116.34644 39.88568
1201998748 116.34651 39.88573
1201999048 116.34659 39.88566
1201999348 116.34648 39.88562
1201999648 116.3466 39.88567
1201999648 116.3466 39.88567
1201999948 116.34682 39.8857
1202000248 116.3467 39.88563
1202000548 116.34697 39.88583
1202000848 116.34669 39.88583
1202001148 116.34672 39.88533
1202001448 116.34642 39.88526
1202001748 116.34708 39.88585
1202002048 116.34693 39.88573
1202002348 116.34691 39.88576
1202002648 116.34675 39.88568
1202002948 116.34677 39.88572
1202003248 116.34675 39.88565
1202003548 116.34675 39.88582
1202003848 116.34675 39.88582
1202004148 116.34658 39.88556
1202005048 116.34655 39.8855
1202005342 116.34617 39.88494
1202005948 116.34639 39.88528
1202006236 116.34581 39.88526
1202006548 116.34584 39.88542
1202006848 116.34676 39.88558
1202007148 116.34695 39.88588
1202007448 116.34659 39.88568
1202007748 116.34655 39.88567
1202008048 116.34652 39.88568
1202008348 116.34653 39.88568
1202008348 116.34653 39.88568
1202008648 116.34651 39.88565
1202008948 116.34655 39.88565
1202009548 116.3465 39.88579
1202009848 116.34689 39.88575
1202010447 116.34692 39.88572
1202010747 116.34686 39.88573
1202011047 116.34689 39.88563
1202011647 116.34684 39.88567
1202011947 116.34489 39.88488
1202012247 116.34673 39.88587
1202012547 116.34678 39.88592
1202012847 116.34655 39.88573
1202013147 116.3465 39.88572
1202013447 116.34663 39.88609
1202013747 116.34671 39.88554
1202014033 116.34667 39.88553
1202014315 116.34667 39.88553
1202014647 116.34662 39.8855
1202014947 116.34657 39.88555
1202015247 116.34656 39.88557
1202015547 116.34662 39.88569
1202015847 116.34666 39.88568
1202016147 116.34664 39.88568
1202016447 116.34664 39.88576
1202016747 116.34656 39.88592
1202017047 116.34669 39.88584
1202017047 116.34669 39.88584
1202017347 116.34588 39.88526
1202017647 116.347 39.88558
1202017947 116.34703 39.88549
1202018247 116.34641 39.88522
1202018547 116.34675 39.88583
1202018847 116.34679 39.88588
1202019147 116.34728 39.88594
1202019447 116.34688 39.88589
1202019747 116.34685 39.88589
1202020047 116.34639 39.88578
1202020647 116.34672 39.88574
1202020947 116.34686 39.88573
1202021247 116.34688 39.8856
1202021547 116.3466 39.88571
1202021847 116.34715 39.8859
1202022147 116.34695 39.8858
1202022447 116.34719 39.88582
1202022747 116.347 39.88594
1202023047 116.34695 39.88593
1202023347 116.34681 39.88601
1202023647 116.34696 39.88588
1202023947 116.34692 39.88566
1202024247 116.34682 39.88586
1202024547 116.34669 39.88552
1202024847 116.34688 39.88567
1202025446 116.34668 39.8858
1202025746 116.3466 39.88573
1202025746 116.3466 39.88573
1202026046 116.34661 39.88576
1202026346 116.3464 39.88576
1202026646 116.34643 39.8858
1202027246 116.34647 39.88582
1202027846 116.34654 39.88579
1202028146 116.34895 39.88465
1202028446 116.35402 39.88692
1202029046 116.35379 39.88705
1202029339 116.35343 39.887
1202029639 116.35023 39.89786
1202030094 116.34979 39.94894
1202030094 116.34979 39.94894
1202030917 116.30884 39.99774
1202031139 116.3101 39.9855
1202031439 116.31297 39.97107
1202032039 116.31949 39.93794
1202032339 116.3207 39.92203
1202032847 116.31487 39.90852
1202033098 116.31492 39.90661
1202033398 116.32646 39.90598
1202033998 116.33103 39.88875
1202034327 116.32568 39.88883
1202034898 116.36758 39.88784
1202035241 116.38847 39.88899
1202035498 116.39485 39.8945
1202035798 116.39443 39.89658
1202036098 116.40008 39.90651
1202036398 116.4346 39.90673
1202036435 116.43467 39.90662
1202037035 116.41673 39.90238
1202037332 116.411 39.89992
1202037405 116.41087 39.89975
1202037705 116.41988 39.90698
1202038005 116.4557 39.91209
1202038480 116.46193 39.95514
1202038779 116.45572 39.95493
1202039079 116.45543 39.92963
1202039379 116.45493 39.88073
1202039379 116.45493 39.88073
1202039547 116.45463 39.87013
1202040147 116.45399 39.86842
1202040211 116.45424 39.86829
1202040811 116.44897 39.90727
1202041111 116.4311 39.90729
1202041411 116.42072 39.90522
1202041411 116.42072 39.90522
1202041496 116.42058 39.90464
1202042096 116.4145 39.90068
1202042396 116.41126 39.90001
1202042479 116.40907 39.89972
1202042779 116.39407 39.89896
1202043079 116.36739 39.89849
1202043379 116.35908 39.89823
1202043675 116.31813 39.89587
1202043979 116.30401 39.88979
1202044279 116.30621 39.86728
1202044463 116.30725 39.85682
1202044652 116.30284 39.86295
1202044952 116.31449 39.86641
1202045252 116.34307 39.86589
1202045552 116.34382 39.89369
1202045852 116.35093 39.90431
1202046241 116.35323 39.90913
1202046541 116.35767 39.91447
1202046608 116.35612 39.91352
1202046841 116.34994 39.9128
1202047374 116.35037 39.89029
1202047455 116.34742 39.88866
1202047455 116.34742 39.88866
1202047755 116.33895 39.88851
1202048147 116.32056 39.88322
1202048208 116.31995 39.88212
1202048403 116.3204 39.88018
1202048703 116.31142 39.87399
1202048903 116.30573 39.87563
1202049203 116.31155 39.87723
1202049230 116.31131 39.87859
1202049529 116.31554 39.89127
1202049529 116.31554 39.89127
1202049829 116.32271 39.89882
1202050332 116.33668 39.9128
1202050431 116.3379 39.91282
1202050731 116.3492 39.91253
1202050964 116.35626 39.90511
1202051264 116.35558 39.89828
1202051264 116.35558 39.89828
1202051564 116.35303 39.89865
1202051611 116.35192 39.89951
1202051911 116.35043 39.9141
1202052274 116.34902 39.954
1202052811 116.4012 39.987
1202053019 116.42322 39.99228
1202053319 116.41886 39.99762
1202053619 116.41887 39.99761
1202053919 116.41888 39.99759
1202054219 116.41888 39.99759
1202054519 116.41811 39.99495
1202054676 116.41541 39.98876
1202054976 116.40665 39.98597
1202055071 116.40554 39.98334
1202055260 116.40159 39.98178
1202055267 116.40159 39.98178
1202055876 116.36789 39.96664
1202056476 116.33308 39.96628
1202056776 116.30294 39.95599
1202056776 116.30294 39.95599
1202057076 116.304 39.92747
1202057376 116.30409 39.90763
1202057676 116.31204 39.89557
1202057951 116.3144 39.89494
1202058149 116.32141 39.89549
1202058449 116.34697 39.89679
1202058749 116.35075 39.90767
1202058762 116.35076 39.90767
1202059063 116.35005 39.91163
1202059107 116.35026 39.9109
1202059406 116.35041 39.9008
1202059706 116.33642 39.88603
1202059967 116.33343 39.87954
1202060267 116.33414 39.88851
1202060567 116.34669 39.88661
1202060867 116.34722 39.88575
1202061167 116.34721 39.88577
1202061467 116.34721 39.88578
1202061767 116.3472 39.88579
1202062067 116.3472 39.8858
1202062367 116.34721 39.8858
1202062667 116.34645 39.88577
1202062967 116.34669 39.88578
1202063567 116.34693 39.88579
1202063867 116.34722 39.88566
1202064167 116.34702 39.88585
1202064467 116.34689 39.88586
1202065067 116.34678 39.88584
1202065367 116.34679 39.88583
1202065667 116.34679 39.88584
1202065967 116.34651 39.88586
1202066267 116.34682 39.88582
1202066569 116.3468 39.88583
1202066867 116.34652 39.88583
1202067167 116.34693 39.8859
1202067767 116.34686 39.88596
1202068067 116.34683 39.88591
1202068365 116.34725 39.88585
1202068667 116.3468 39.88616
1202068667 116.3468 39.88616
1202068967 116.34682 39.88587
1202069267 116.3468 39.88585
1202069567 116.34701 39.88576
1202069867 116.34679 39.88586
1202070167 116.34686 39.88585
1202070467 116.34689 39.88582
1202070767 116.34689 39.88579
1202071064 116.34686 39.88577
1202071367 116.34688 39.88553
1202071667 116.34663 39.886
1202071966 116.34675 39.88582
1202072266 116.34671 39.88589
1202072566 116.34668 39.88594
1202072866 116.34668 39.88594
1202073166 116.34667 39.88593
1202073466 116.34668 39.88592
1202073766 116.3467 39.88591
1202074066 116.34673 39.88581
1202074666 116.34677 39.88586
1202075266 116.34667 39.88579
1202075565 116.34694 39.88593
1202075866 116.34678 39.88584
1202076166 116.34707 39.88604
1202076466 116.34672 39.88589
1202076766 116.34672 39.88577
1202077066 116.3468 39.88582
1202077366 116.34679 39.88582
1202077366 116.34679 39.88582
1202077666 116.34655 39.88563
1202077966 116.34658 39.88564
1202078266 116.34686 39.88603
1202078566 116.34714 39.88626
1202078866 116.3468 39.88593
1202079166 116.34688 39.88592
1202079466 116.34688 39.88594
1202079766 116.34688 39.88591
1202080066 116.34688 39.8859
1202080366 116.34686 39.88589
1202080966 116.34684 39.88588
1202081266 116.34667 39.88566
1202081566 116.34674 39.88573
1202081864 116.34586 39.88504
1202082166 116.34738 39.88668
1202082466 116.34683 39.88607
1202082766 116.3464 39.88549
1202083066 116.34643 39.88564
1202083366 116.34695 39.88612
1202083666 116.34675 39.88594
1202084266 116.34658 39.88579
1202084566 116.34682 39.8859
1202084866 116.3468 39.88598
1202085166 116.34678 39.88596
1202085466 116.34679 39.88594
1202085766 116.3469 39.88577
1202086066 116.34688 39.8858
1202086066 116.34688 39.8858
1202086365 116.34685 39.88581
1202086665 116.34684 39.88581
1202086965 116.34682 39.88582
1202087265 116.34667 39.88566
1202087565 116.34693 39.88587
1202087865 116.34693 39.88589
1202088165 116.34693 39.88592
1202088465 116.34692 39.88594
1202088765 116.34687 39.88594
1202089065 116.34702 39.88617
1202089665 116.34675 39.88563
1202089965 116.34677 39.88566
1202090265 116.34675 39.88579
1202090565 116.34644 39.88515
1202091465 116.34647 39.8855
1202091765 116.34644 39.88532
1202092065 116.3465 39.88545
1202092357 116.34703 39.88625
1202092665 116.34704 39.88619
1202092965 116.34689 39.88601
1202093265 116.34689 39.88603
1202093565 116.34674 39.88603
1202093865 116.34695 39.88595
1202094165 116.34685 39.88589
1202094465 116.3465 39.88575
1202094765 116.34671 39.88586
1202094765 116.34671 39.88586
1202095065 116.34672 39.88587
1202095365 116.34716 39.88574
1202095665 116.34668 39.88578
1202095965 116.34669 39.8858
1202096265 116.3468 39.88586
1202096565 116.34682 39.88591
1202096865 116.34689 39.88594
1202097165 116.34676 39.88593
1202097465 116.34673 39.88564
1202097765 116.34677 39.88574
1202098065 116.34676 39.88577
1202098365 116.34676 39.88577
1202098665 116.34696 39.88569
1202098965 116.34685 39.88583
1202099265 116.34679 39.88577
1202099565 116.34654 39.88592
1202099862 116.34655 39.88545
1202100165 116.34677 39.88611
1202100449 116.34676 39.88608
1202100765 116.34647 39.88568
1202101065 116.34673 39.88568
1202101364 116.34666 39.88568
1202101664 116.34677 39.88568
1202101964 116.34669 39.88554
1202102264 116.34679 39.88588
1202102564 116.34661 39.88592
1202102864 116.34661 39.88586
1202103164 116.34537 39.88663
1202103463 116.34665 39.88591
1202103463 116.34665 39.88591
1202103764 116.34578 39.88644
1202104064 116.34641 39.88575
1202104364 116.34691 39.88586
1202104664 116.34683 39.88583
1202104964 116.34686 39.88585
1202105264 116.34645 39.88587
1202105564 116.34684 39.88573
1202105864 116.34692 39.88575
1202106164 116.3469 39.88579
1202106464 116.34689 39.88579
1202107064 116.34683 39.88581
1202107364 116.34685 39.8858
1202107964 116.34653 39.88585
1202108264 116.34693 39.88582
1202108864 116.3467 39.8857
1202109464 116.34684 39.8858
1202109764 116.34689 39.886
1202110064 116.34687 39.88597
1202110364 116.34687 39.88596
1202110664 116.34695 39.88561
1202110964 116.34688 39.88587
1202111564 116.34677 39.88595
1202112164 116.34669 39.88591
1202112164 116.34669 39.88591
1202112464 116.34642 39.88605
1202112764 116.34662 39.8856
1202113064 116.34635 39.88602
1202113364 116.34681 39.8867
1202113364 116.34681 39.8867
1202113664 116.34677 39.88662
1202113964 116.34673 39.88573
1202114264 116.3466 39.88584
1202114564 116.34665 39.88581
1202114864 116.35406 39.88705
1202115164 116.35404 39.88701
1202115464 116.3539 39.88708
1202115764 116.35397 39.88698
1202115845 116.35315 39.88705
1202116144 116.3507 39.90019
1202116444 116.34952 39.93398
1202116744 116.34772 39.97924
1202117044 116.32659 39.99118
1202117308 116.30885 39.9978
1202117367 116.30905 39.99599
1202117667 116.32521 39.9914
1202117967 116.33716 40.00953
1202117967 116.33716 40.00953
1202118077 116.34193 40.00949
1202118377 116.34603 40.0035
1202118552 116.34662 39.99355
1202118552 116.34662 39.99355
1202118852 116.34715 39.96381
1202119152 116.3505 39.94567
1202119452 116.35006 39.93752
1202119752 116.35025 39.91825
1202119884 116.35279 39.91544
1202120184 116.34655 39.90721
1202120190 116.34656 39.90771
1202120490 116.35367 39.91316
1202120789 116.35371 39.91984
1202120883 116.35028 39.92152
1202121089 116.34319 39.9224
1202121382 116.31985 39.92428
1202121682 116.32205 39.93714
1202121982 116.35917 39.94505
1202122282 116.38828 39.94732
1202122582 116.38923 39.95402
1202122656 116.38913 39.95656
1202122956 116.38726 39.95564
1202122989 116.38713 39.95402
1202123288 116.38906 39.95445
1202123704 116.37925 39.96161
1202124000 116.36872 39.96688
1202124237 116.36465 39.95684
1202124536 116.34688 39.96641
1202124836 116.30272 39.96149
1202125136 116.29458 39.96007
1202125426 116.2749 39.95478
1202125462 116.27581 39.95402
1202125726 116.28778 39.9542
1202126026 116.28591 39.94094
1202126326 116.28547 39.94106
1202126649 116.29434 39.92282
1202126949 116.31287 39.93103
1202127249 116.33021 39.93108
1202127249 116.33021 39.93108
1202127504 116.34187 39.93084
1202127803 116.34696 39.92679
1202128103 116.3471 39.92298
1202128140 116.34646 39.92227
1202128440 116.31767 39.92227
1202128740 116.30385 39.92556
1202128858 116.30195 39.92537
1202129158 116.29818 39.92295
1202129458 116.29617 39.92292
1202129758 116.29529 39.92643
1202130058 116.30388 39.92447
1202130358 116.30387 39.90981
1202130658 116.30385 39.90818
1202130915 116.30384 39.90324
1202131214 116.3042 39.88576
1202131447 116.30087 39.88013
1202131551 116.30082 39.88164
1202131849 116.32382 39.84763
1202131849 116.32382 39.84763
1202132149 116.33912 39.82477
1202132305 116.33938 39.82263
1202132605 116.34374 39.84301
1202132905 116.34469 39.84452
1202133205 116.34173 39.85889
1202133505 116.34214 39.8595
1202133805 116.34214 39.8595
1202134105 116.34214 39.8595
1202134405 116.34214 39.8595
1202134705 116.34214 39.85949
1202135005 116.34214 39.85949
1202135305 116.34812 39.86527
1202135605 116.35056 39.86841
1202135905 116.34755 39.87783
1202136205 116.34722 39.88639
1202136505 116.34912 39.89153
1202136805 116.34901 39.89117
1202137105 116.34898 39.89116
1202137105 116.34898 39.89116
1202137403 116.34855 39.89075
1202137403 116.34855 39.89075
1202137705 116.34894 39.89115
1202137893 116.34928 39.88782
1202138194 116.36597 39.88764
1202138494 116.36795 39.88787
1202138794 116.37025 39.90528
1202139694 116.42864 39.91687
1202139994 116.43293 39.93926
1202140026 116.43295 39.93924
1202140294 116.43082 39.93984
1202140294 116.43082 39.93984
1202140487 116.42039 39.94526
1202140787 116.41873 39.94822
1202140813 116.41649 39.94805
1202141113 116.38368 39.94773
1202141413 116.35253 39.94855
1202141638 116.35653 39.95372
1202141714 116.35588 39.95331
1202142014 116.36419 39.9566
1202142312 116.3891 39.96713
1202142612 116.4448 39.95866
1202142912 116.48608 39.99044
1202142912 116.48608 39.99044
1202143212 116.55329 40.02881
1202143512 116.5825 40.06745
1202143747 116.58226 40.0795
1202144047 116.58034 40.07655
1202144347 116.58184 40.06643
1202144647 116.57033 40.06322
1202144647 116.57033 40.06322
1202144947 116.56282 40.07002
1202145247 116.56511 40.07199
1202145547 116.56509 40.07197
1202145847 116.56507 40.07197
1202146147 116.56506 40.07197
1202146447 116.56506 40.07197
1202146747 116.56505 40.07196
1202147047 116.56505 40.07196
1202147347 116.56504 40.07195
1202147647 116.56504 40.07195
1202147947 116.56504 40.07195
1202148247 116.56504 40.07195
1202148547 116.56504 40.07195
1202148847 116.56504 40.07195
1202149147 116.56504 40.07195
1202149447 116.56504 40.07195
1202150047 116.56504 40.07195
1202150347 116.56504 40.07195
1202150647 116.56504 40.07195
1202150947 116.56504 40.07195
1202151547 116.56504 40.07195
1202151847 116.56504 40.07195
1202152447 116.56504 40.07195
1202152747 116.56504 40.07195
1202153047 116.56504 40.07195
1202153347 116.56504 40.07195
1202153347 116.56504 40.07195
1202153650 116.56504 40.07196
1202153947 116.56378 40.07023
1202157994 116.58162 40.0686
1202158294 116.58136 40.07019
1202158594 116.58123 40.07102
1202159194 116.58123 40.07102
1202159794 116.58083 40.07246
1202160094 116.58091 40.07647
1202161491 116.56312 40.03359
1202161790 116.48796 39.99262
1202162091 116.43098 39.94826
1202162390 116.37612 39.94747
1202162990 116.35039 39.90214
1202163290 116.3178 39.89588
1202163782 116.25886 39.89029
1202164082 116.27475 39.87515
1202164082 116.27475 39.87515
1202164536 116.33792 39.88829
1202164682 116.34709 39.88767
1202164982 116.34711 39.88645
1202165282 116.34711 39.88645
1202165582 116.34797 39.88683
1202165882 116.34721 39.88635
1202166482 116.34678 39.88587
1202166782 116.34677 39.88578
1202167082 116.34703 39.88593
1202167382 116.3468 39.88568
1202167682 116.34679 39.8857
1202167982 116.34645 39.88563
1202168282 116.34686 39.88611
1202168582 116.34647 39.88569
1202169182 116.34652 39.88577
1202169482 116.34653 39.88558
1202169782 116.34645 39.88574
1202170082 116.34645 39.88581
1202170382 116.34648 39.88582
1202170682 116.34642 39.88567
1202170982 116.34647 39.88565
1202171282 116.34647 39.88567
1202171582 116.34648 39.8857
1202171882 116.34623 39.88573
1202172182 116.34643 39.88559
1202172482 116.34642 39.88575
1202172782 116.34667 39.88598
1202172782 116.34667 39.88598
1202173082 116.34636 39.88571
1202173382 116.34656 39.88575
1202173982 116.34688 39.88615
1202174282 116.34687 39.88613
1202174582 116.34667 39.88589
1202174882 116.34675 39.88576
1202175182 116.34647 39.88525
1202175482 116.34679 39.88523
1202175782 116.34655 39.88535
1202176081 116.34703 39.8863
1202176381 116.3467 39.88535
1202176681 116.34667 39.88549
1202176975 116.34644 39.8852
1202178781 116.34688 39.88556
1202179081 116.34684 39.88592
1202179681 116.34673 39.88588
1202179981 116.34666 39.88589
1202180281 116.34664 39.88588
1202180581 116.34663 39.88586
1202181181 116.34662 39.88584
1202181481 116.34662 39.88583
1202181781 116.34661 39.88583
1202182081 116.34661 39.88582
1202182381 116.34661 39.88581
1202182681 116.34648 39.88605
1202182981 116.34653 39.88596
1202183281 116.34639 39.8864
1202183881 116.34653 39.88611
1202184181 116.34651 39.886
1202184481 116.34651 39.88599
1202184781 116.34639 39.8859
1202185081 116.34653 39.88589
1202185381 116.3466 39.88596
1202185681 116.34654 39.88591
1202185981 116.34645 39.88609
1202186279 116.34644 39.88604
1202186581 116.34649 39.88584
1202186862 116.34649 39.88584
1202187144 116.34649 39.88584
1202187481 116.34646 39.88571
1202187781 116.34658 39.88573
1202188081 116.34663 39.8856
1202188381 116.34657 39.88577
1202188681 116.34667 39.8858
1202188981 116.3467 39.88582
1202189281 116.34667 39.88592
1202189581 116.3467 39.88591
1202189881 116.34606 39.88485
1202190181 116.34593 39.88477
1202190181 116.34593 39.88477
1202190483 116.34665 39.88565
1202190780 116.34663 39.8858
1202191380 116.34698 39.88569
1202191680 116.34684 39.88582
1202192280 116.34674 39.88584
1202192580 116.34664 39.88588
1202192880 116.34729 39.88588
1202193180 116.34674 39.88564
1202193480 116.34751 39.88594
1202193780 116.34709 39.886
1202194080 116.34612 39.88576
1202194380 116.34661 39.88598
1202194680 116.34686 39.88599
1202194980 116.34681 39.88588
1202195280 116.34684 39.88603
1202195580 116.34699 39.88586
1202195880 116.34675 39.88585
1202196180 116.34662 39.88585
1202196480 116.34671 39.88589
1202196780 116.34641 39.88582
1202197680 116.34646 39.88581
1202197980 116.34648 39.88608
1202198280 116.34645 39.88598
1202198580 116.34663 39.88604
1202198880 116.34655 39.88616
1202198880 116.34655 39.88616
1202199180 116.34647 39.88626
1202199480 116.3465 39.88566
1202199780 116.34654 39.88569
1202200080 116.34657 39.88584
1202200380 116.34651 39.88597
1202200680 116.34661 39.8858
1202200980 116.34661 39.8858
1202201280 116.34721 39.88483
1202201580 116.35396 39.88708
1202201880 116.35407 39.88708
1202201920 116.35317 39.88699
1202202220 116.35065 39.90148
1202209838 116.31537 39.89574
1202209908 116.31543 39.89563
1202210208 116.31539 39.89636
1202210508 116.31538 39.89635
1202210808 116.31735 39.90605
1202211108 116.32936 39.90507
1202211408 116.33551 39.90604
1202211708 116.33991 39.90467
1202211822 116.34634 39.90344
1202212122 116.35041 39.89088
1202212203 116.35039 39.88926
1202212422 116.35231 39.88841
1202212722 116.36098 39.88314
1202213022 116.36108 39.88515
1202213242 116.36123 39.88292
1202213366 116.35329 39.88184
1202213666 116.34714 39.88639
1202213966 116.34715 39.88639
1202214266 116.34722 39.88638
1202214566 116.3473 39.88636
1202214866 116.34734 39.88633
1202215166 116.35004 39.88596
1202215466 116.34639 39.87914
1202216066 116.34618 39.87934
1202216366 116.34626 39.87927
1202216666 116.34626 39.87931
1202216966 116.34627 39.87932
1202217266 116.34625 39.87951
1202217566 116.34627 39.87948
1202217866 116.34628 39.87945
1202218166 116.34629 39.87939
1202218466 116.34629 39.87938
1202218766 116.3464 39.87905
1202219066 116.34637 39.87908
1202219366 116.34635 39.87912
1202219666 116.34634 39.87913
1202219966 116.34637 39.87888
1202220266 116.34623 39.87914
1202220566 116.34622 39.879
1202220866 116.34627 39.87899
1202221166 116.34629 39.87894
1202221466 116.34623 39.87901
1202221766 116.34619 39.87907
1202222066 116.34615 39.87904
1202222366 116.34628 39.87907
1202222366 116.34628 39.87907
1202222666 116.34628 39.87895
1202222966 116.34658 39.87913
1202223266 116.34639 39.87927
1202223566 116.34638 39.87928
1202223866 116.34637 39.8794
1202223989 116.34638 39.87942
1202224289 116.34709 39.88584
1202224589 116.34725 39.88395
1202224889 116.34644 39.87949
1202225189 116.34646 39.87922
1202225489 116.34645 39.87923
1202225789 116.34645 39.8792
1202226089 116.34644 39.87919
1202226389 116.34643 39.87919
1202226689 116.34641 39.87919
1202226989 116.34641 39.87919
1202227289 116.34641 39.87918
1202227589 116.34635 39.87903
1202227589 116.34635 39.87903
1202227876 116.3464 39.87919
1202227876 116.3464 39.87919
1202227880 116.3464 39.87919
1202227880 116.3464 39.87919
1202228190 116.34646 39.87918
1202228489 116.34646 39.87914
1202228789 116.34647 39.87911
1202229089 116.34645 39.87915
1202229389 116.34638 39.87924
1202229689 116.34657 39.87892
1202229989 116.34647 39.87907
1202230289 116.34653 39.87905
1202230589 116.3464 39.87884
1202230889 116.34643 39.87959
1202231189 116.34677 39.8789
1202231489 116.34655 39.87969
1202231789 116.34652 39.87895
1202232089 116.34659 39.87901
1202232389 116.34679 39.87893
1202232689 116.34685 39.87893
1202232988 116.34669 39.87914
1202233288 116.3467 39.87911
1202233588 116.34643 39.87929
1202233888 116.34643 39.87928
1202234188 116.34657 39.87914
1202234488 116.34653 39.87914
1202234788 116.3467 39.87916
1202235688 116.34636 39.87899
1202235988 116.34643 39.87897
1202236288 116.34613 39.87849
1202236288 116.34613 39.87849
1202236588 116.34643 39.8791
1202236888 116.34654 39.87917
1202237188 116.34641 39.8791
1202237488 116.34642 39.8791
1202237788 116.34642 39.87918
1202238088 116.34634 39.87917
1202238388 116.34634 39.87917
1202238688 116.34636 39.87915
1202238988 116.34635 39.87916
1202239288 116.34628 39.87924
1202239588 116.34655 39.87907
1202239888 116.34654 39.87909
1202240188 116.34652 39.87907
1202240488 116.34642 39.87913
1202240788 116.34645 39.87936
1202241088 116.34655 39.87931
1202241388 116.34653 39.87885
1202241688 116.3465 39.87924
1202242288 116.3465 39.87926
1202242588 116.34653 39.87926
1202242888 116.34654 39.87927
1202243188 116.34653 39.87926
1202243488 116.34652 39.87926
1202243788 116.34609 39.87926
1202244088 116.34609 39.87927
1202244388 116.34609 39.87918
1202244689 116.346 39.87892
1202244988 116.34646 39.87903
1202244988 116.34646 39.87903
1202245288 116.3465 39.87893
1202245588 116.3469 39.87929
1202245888 116.3465 39.87903
1202246188 116.34654 39.87924
1202246488 116.3462 39.87902
1202246788 116.34642 39.8791
1202247088 116.34642 39.87912
1202247388 116.3463 39.8791
1202247688 116.34632 39.87908
1202247987 116.34612 39.87924
1202248287 116.34695 39.8858
1202248587 116.3472 39.88621
1202248887 116.34721 39.88622
1202249187 116.34723 39.88622
1202249487 116.34724 39.88622
1202249787 116.34729 39.8862
1202250087 116.34735 39.88609
1202250387 116.347 39.88632
1202250687 116.34702 39.88632
1202250987 116.34704 39.88632
1202251287 116.3471 39.8863
1202251587 116.34706 39.88634
1202251887 116.34785 39.88632
1202252187 116.34725 39.88651
1202252487 116.34725 39.88648
1202252787 116.34721 39.88647
1202253087 116.34719 39.88645
1202253387 116.34719 39.88643
1202253687 116.34717 39.88641
1202253687 116.34717 39.88641
1202253987 116.34716 39.88601
1202254287 116.34674 39.88567
1202254587 116.3465 39.8856
1202254887 116.34638 39.88531
1202255187 116.34699 39.88623
1202255487 116.34688 39.88599
1202255787 116.34652 39.88576
1202256087 116.34679 39.88595
1202256387 116.34654 39.88568
1202256687 116.34664 39.8859
1202256987 116.34654 39.88582
1202257287 116.34654 39.88581
1202257587 116.34655 39.88582
1202257887 116.34651 39.88575
1202258187 116.34654 39.88566
1202258487 116.34667 39.88584
1202258787 116.34665 39.88585
1202259087 116.34665 39.88583
1202259387 116.34665 39.88583
1202259686 116.34657 39.88577
1202259987 116.34657 39.88577
1202260287 116.34703 39.88599
1202260587 116.34694 39.88598
1202260887 116.34685 39.88592
1202261187 116.3468 39.88586
1202261487 116.34675 39.88594
1202261787 116.34676 39.88595
1202262087 116.34673 39.88589
1202262387 116.34671 39.88587
1202262387 116.34671 39.88587
1202262687 116.34669 39.88584
1202262987 116.34672 39.88573
1202263275 116.3463 39.88506
1202264165 116.34665 39.88586
1202264482 116.34659 39.88544
1202264786 116.34584 39.88527
1202265086 116.34588 39.88539
1202265386 116.34684 39.88583
1202265685 116.34656 39.88571
1202265986 116.34636 39.88569
1202266286 116.34638 39.88575
1202266586 116.34638 39.88575
1202266886 116.34639 39.88575
1202267186 116.34643 39.8857
1202267486 116.34647 39.8857
1202268086 116.34667 39.88568
1202268386 116.3468 39.88584
1202268686 116.3472 39.88539
1202268986 116.34682 39.88578
1202269286 116.34682 39.88578
1202269586 116.34681 39.88579
1202269886 116.34681 39.8858
1202270186 116.34657 39.88601
1202270486 116.34659 39.88601
1202270786 116.3466 39.88601
1202271086 116.34661 39.88602
1202271086 116.34661 39.88602
1202271386 116.34647 39.88553
1202271686 116.34631 39.88571
1202271986 116.34633 39.88564
1202272285 116.34642 39.88535
1202272567 116.34642 39.88535
1202272849 116.34642 39.88535
1202273132 116.34642 39.88535
1202273486 116.34641 39.8856
1202274086 116.34653 39.88546
1202274386 116.3464 39.88578
1202274686 116.34666 39.88572
1202274986 116.34665 39.88603
1202275286 116.34544 39.88706
1202275586 116.34703 39.88504
1202275886 116.34674 39.8859
1202276186 116.34665 39.88623
1202276486 116.34705 39.88593
1202276786 116.34669 39.88582
1202277086 116.3467 39.88582
1202277386 116.34685 39.88581
1202277985 116.34696 39.8858
1202278285 116.3469 39.88579
1202278885 116.3469 39.88577
1202279185 116.34571 39.88565
1202279485 116.34611 39.88573
1202279785 116.34718 39.88597
1202279785 116.34718 39.88597
1202280085 116.34666 39.88591
1202280385 116.34729 39.88613
1202280685 116.34676 39.88586
1202280985 116.34663 39.88597
1202281285 116.34688 39.88593
1202281585 116.34644 39.88594
1202281885 116.34687 39.88598
1202282185 116.34684 39.88592
1202282485 116.34697 39.88599
1202282785 116.34689 39.88591
1202283085 116.34687 39.88591
1202283385 116.3468 39.88613
1202283685 116.34675 39.88615
1202283985 116.34653 39.88599
1202284281 116.34659 39.88592
1202284585 116.34671 39.88596
1202284885 116.3467 39.88594
1202285175 116.34749 39.88585
1202285485 116.34708 39.88546
1202285785 116.34701 39.88557
1202286085 116.34694 39.88568
1202286385 116.3469 39.88575
1202286685 116.34696 39.88578
1202286985 116.34692 39.88582
1202287285 116.34684 39.88589
1202287585 116.34692 39.88591
1202287885 116.34672 39.88597
1202288185 116.34668 39.88597
1202288485 116.3468 39.88582
1202288485 116.3468 39.88582
1202288785 116.34665 39.88593
1202289082 116.34599 39.8855
1202289365 116.34599 39.8855
1202289685 116.34662 39.88565
1202289686 116.34915 39.95247
1202289985 116.34642 39.88554
1202290279 116.34645 39.88556
1202290585 116.34546 39.88519
1202290885 116.34684 39.88588
1202291185 116.34737 39.88587
1202291485 116.34653 39.88567
1202291785 116.34654 39.88566
1202292085 116.34588 39.88559
1202292684 116.34715 39.88591
1202292984 116.3471 39.88595
1202293584 116.34673 39.88576
1202293884 116.34683 39.88614
1202294184 116.34736 39.88588
1202294484 116.36602 39.88782
1202294784 116.39168 39.88976
1202295084 116.42669 39.89287
1202295384 116.45973 39.9033
1202295984 116.61779 39.90949
1202296284 116.67836 39.92264
1202296584 116.75166 39.93221
1202296884 116.79742 39.94243
1202297184 116.84605 39.94589
1202297784 116.95479 39.96289
1202298084 116.95478 39.96289
1202298384 116.95477 39.96287
1202298684 116.95476 39.96287
1202298984 116.95475 39.96287
1202299284 116.95474 39.96289
1202299584 116.95471 39.96292
1202299884 116.95469 39.96291
1202300184 116.95469 39.963
1202300484 116.95477 39.96288
1202300784 116.95479 39.96285
1202301084 116.9548 39.96284
1202301684 116.9548 39.96281
1202302573 116.95477 39.96281
1202302856 116.95477 39.96281
1202303184 116.95473 39.96267
1202303484 116.95457 39.96298
1202303784 116.95462 39.9629
1202304084 116.95469 39.96282
1202304384 116.95474 39.96275
1202304684 116.95475 39.96275
1202304984 116.95475 39.96276
1202305284 116.95476 39.96277
1202305584 116.95476 39.96277
1202305884 116.95477 39.96278
1202305884 116.95477 39.96278
1202306184 116.95477 39.96278
1202306184 116.95477 39.96278
1202306484 116.95477 39.96278
1202306783 116.95477 39.96278
1202307083 116.95477 39.96278
1202307383 116.95477 39.96278
1202307683 116.95477 39.96278
1202307983 116.95477 39.96277
1202308283 116.95477 39.96277
1202308583 116.95458 39.962
1202308883 116.95265 39.96194
1202309183 116.95265 39.96196
1202309483 116.95266 39.96196
1202309783 116.95267 39.96197
1202310083 116.95268 39.962
1202310383 116.95268 39.962
1202310683 116.95269 39.96201
1202311283 116.9527 39.96201
1202311583 116.9527 39.962
1202311883 116.9527 39.962
1202312183 116.95271 39.96201
1202312484 116.9527 39.96201
1202312783 116.9527 39.96201
1202313383 116.95271 39.96202
1202313683 116.95271 39.96202
1202314280 116.95271 39.96203
1202314283 116.95271 39.96203
1202314583 116.95273 39.96211
1202314883 116.95274 39.96218
1202314883 116.95274 39.96218
1202315183 116.95274 39.9622
1202315483 116.95273 39.96224
1202315783 116.95273 39.96224
1202316083 116.95264 39.9616
1202316383 116.95269 39.96186
1202316683 116.95271 39.96191
1202316983 116.95271 39.96192
1202317283 116.95272 39.96193
1202317583 116.95273 39.96194
1202317883 116.95273 39.96196
1202318183 116.95272 39.96197
1202318483 116.95273 39.96199
1202318783 116.95273 39.96201
1202319083 116.95274 39.96203
1202319383 116.95274 39.96203
1202319683 116.95274 39.96203
1202319983 116.95274 39.96203
1202320283 116.95274 39.96203
1202320583 116.95274 39.96203
1202320883 116.95274 39.96204
1202321482 116.95274 39.96204
1202321782 116.95274 39.96204
1202322082 116.95274 39.96204
1202322382 116.95273 39.96204
1202322682 116.95273 39.96204
1202322982 116.95273 39.96204
1202323282 116.95273 39.96204
1202323582 116.95273 39.96204
1202323582 116.95273 39.96204
1202323882 116.95273 39.96203
1202324182 116.95273 39.96203
1202324482 116.95273 39.96204
1202324782 116.95273 39.96204
1202325082 116.95273 39.96204
1202325382 116.95273 39.96204
1202325682 116.95272 39.96204
1202325982 116.95272 39.96203
1202326282 116.95272 39.96203
1202326582 116.95272 39.96203
1202326882 116.95272 39.96203
1202327182 116.95273 39.96203
1202327482 116.95273 39.96202
1202327782 116.95407 39.96204
1202328082 116.95469 39.96267
1202328382 116.9547 39.96265
1202328682 116.95469 39.96265
1202328982 116.9547 39.96265
1202329282 116.9547 39.96265
1202329582 116.9547 39.96265
1202329882 116.9547 39.96265
1202330182 116.95474 39.96268
1202330782 116.95477 39.96268
1202331082 116.95476 39.96269
1202331382 116.95474 39.9627
1202331682 116.95446 39.96278
1202331982 116.95446 39.96278
1202332282 116.95449 39.96277
1202332282 116.95449 39.96277
1202332582 116.9547 39.96272
1202332882 116.95458 39.96272
1202333182 116.95459 39.96273
1202333482 116.95463 39.96271
1202333782 116.95466 39.96269
1202334082 116.95467 39.96267
1202334382 116.95228 39.96172
1202334682 116.90614 39.95236
1202334982 116.8432 39.94559
1202335282 116.80137 39.94208
1202335582 116.80277 39.94008
1202335882 116.8028 39.94006
1202336181 116.80281 39.94007
1202336781 116.80281 39.94006
1202337081 116.8028 39.94007
1202337382 116.80279 39.94008
1202337681 116.80279 39.94009
1202337981 116.80279 39.9401
1202338281 116.80278 39.9401
1202338581 116.80278 39.94011
1202338881 116.80278 39.94011
1202339181 116.80278 39.94011
1202339481 116.80241 39.93936
1202341656 116.80283 39.94015
1202341881 116.80283 39.94015
1202342181 116.80304 39.94024
1202342481 116.80278 39.9402
1202342781 116.80295 39.94018
1202343081 116.80287 39.94016
1202343381 116.80282 39.94017
1202343681 116.8028 39.94016
1202343981 116.80278 39.94015
1202345210 116.80278 39.94014
1202345481 116.80273 39.94013
1202345781 116.80272 39.94015
1202346081 116.80271 39.94027
1202346381 116.80142 39.94229
1202346681 116.79922 39.94322
1202346981 116.79922 39.94321
1202347281 116.79928 39.9432
1202347581 116.79928 39.94321
1202347881 116.79921 39.94324
1202348181 116.79922 39.94253
1202348481 116.79938 39.94319
1202348781 116.79939 39.94363
1202349681 116.79927 39.94321
1202350281 116.79934 39.94327
1202350881 116.80054 39.9436
1202351180 116.79935 39.94335
1202351480 116.7994 39.9433
1202351780 116.79933 39.94325
1202352080 116.79935 39.94323
1202352380 116.79933 39.94323
1202352680 116.79933 39.94331
1202352980 116.79931 39.94329
1202353280 116.79928 39.94325
1202354180 116.79924 39.94325
1202354480 116.79925 39.94324
1202354780 116.79925 39.94324
1202355080 116.79926 39.94323
1202355380 116.79925 39.94323
1202355680 116.79925 39.94322
1202355980 116.79924 39.94322
1202356280 116.79925 39.94322
1202356580 116.79924 39.94322
1202356880 116.79967 39.94312
1202357180 116.79931 39.94315
1202358080 116.79943 39.94313
1202358380 116.79945 39.94319
1202358380 116.79945 39.94319
1202358680 116.7995 39.94323
1202358980 116.79951 39.94328
1202359280 116.79936 39.94322
1202359580 116.79937 39.94322
1202359880 116.79936 39.94323
1202360180 116.79924 39.94337
1202360480 116.79932 39.94331
1202360780 116.79965 39.94329
1202361080 116.79944 39.94307
1202361380 116.79942 39.9431
1202361680 116.79941 39.94308
1202361980 116.79931 39.9431
1202362280 116.79931 39.94308
1202362580 116.79932 39.94308
1202362880 116.79932 39.9431
1202363180 116.79931 39.94312
1202363480 116.79928 39.94314
1202363780 116.79871 39.94347
1202364080 116.79922 39.94327
1202364380 116.79914 39.94329
1202365280 116.80001 39.94274
1202366180 116.79924 39.94325
1202366480 116.79924 39.94324
1202366779 116.79925 39.94324
1202367079 116.79925 39.94328
1202367079 116.79925 39.94328
1202367379 116.79929 39.94328
1202367679 116.79921 39.94327
1202367979 116.79919 39.94338
1202368279 116.79915 39.94344
1202368579 116.79916 39.94342
1202368879 116.79917 39.94338
1202369179 116.79917 39.94337
1202369479 116.7994 39.94308
1202369779 116.79927 39.94323
1202370079 116.79927 39.94316
1202370379 116.79924 39.94315
1202370679 116.79936 39.94301
1202370979 116.7993 39.9431
1202371279 116.79928 39.94314
1202371579 116.79926 39.94317
1202371879 116.79925 39.94319
1202372179 116.79926 39.94319
1202372479 116.79917 39.94323
1202372779 116.7992 39.94322
1202373079 116.79922 39.94322
1202373379 116.79921 39.94324
1202373679 116.7992 39.94325
1202373979 116.79918 39.94327
1202374579 116.79926 39.9433
1202374879 116.79919 39.94328
1202375179 116.79909 39.94335
1202375479 116.79916 39.94328
1202375779 116.79917 39.94322
1202376379 116.79919 39.94321
1202376679 116.79921 39.94319
1202376679 116.79921 39.94319
1202376979 116.79922 39.94318
1202377279 116.79922 39.9432
1202377579 116.79921 39.94322
1202377879 116.7992 39.94324
1202378479 116.79951 39.9429
1202378779 116.79939 39.94335
1202379079 116.79934 39.94323
1202379379 116.79928 39.94325
1202379679 116.79927 39.94326
1202379979 116.79926 39.94326
1202380279 116.7993 39.94319
1202380579 116.79926 39.94326
1202380879 116.79924 39.94326
1202381178 116.79922 39.9433
1202381478 116.79923 39.9433
1202381778 116.79926 39.94335
1202382078 116.7992 39.94324
1202382378 116.79933 39.94327
1202382678 116.79931 39.94327
1202382978 116.79933 39.94324
1202383278 116.79932 39.94326
1202383578 116.79919 39.94348
1202383878 116.79918 39.94344
1202384178 116.79922 39.94339
1202384478 116.79923 39.94337
1202384478 116.79923 39.94337
1202384778 116.79924 39.94336
1202385076 116.79969 39.94311
1202385378 116.80155 39.94178
1202385678 116.81072 39.94255
1202385978 116.83919 39.94512
1202386278 116.89266 39.95047
1202386578 116.90951 39.95266
1202386878 116.9136 39.95315
1202387178 116.92815 39.95586
1202387478 116.95603 39.96017
1202387778 116.99457 39.96876
1202388078 116.99459 39.96874
1202388378 116.99458 39.96873
1202388678 116.99426 39.96851
1202388978 116.95951 39.96107
1202389278 116.95461 39.96276
1202389578 116.9546 39.96277
1202389878 116.95461 39.96277
1202390178 116.95457 39.96287
1202390478 116.95459 39.96286
1202390778 116.9546 39.96286
1202391078 116.95461 39.96287
1202391678 116.95463 39.96289
1202391978 116.95464 39.96288
1202392278 116.95465 39.96288
1202392578 116.95465 39.96288
1202392878 116.9547 39.96267
1202393178 116.9547 39.96268
1202393178 116.9547 39.96268
1202393478 116.95468 39.96268
1202393778 116.95469 39.9627
1202394078 116.95468 39.9627
1202394378 116.95468 39.96272
1202394678 116.95468 39.96272
1202394978 116.95468 39.96273
1202395278 116.95468 39.96273
1202395578 116.95468 39.96273
1202395877 116.95468 39.96274
1202396177 116.95468 39.96275
1202396477 116.95468 39.96275
1202396777 116.95468 39.96275
1202397077 116.95466 39.96261
1202397377 116.95467 39.96262
1202397677 116.95419 39.9628
1202397977 116.99468 39.9687
1202398277 116.9589 39.96109
1202398577 116.94373 39.95829
1202398877 116.95571 39.96276
1202399177 116.95472 39.96273
1202399477 116.95472 39.9627
1202399777 116.95917 39.9613
1202400077 116.95646 39.96847
1202400377 116.9565 39.96852
1202400677 116.95651 39.96852
1202400811 116.95651 39.96851
1202400978 116.95651 39.96853
1202401278 116.95654 39.96853
1202401577 116.95653 39.96851
1202401877 116.95653 39.96848
1202401877 116.95653 39.96848
1202402177 116.95653 39.96845
1202402477 116.95654 39.96843
1202402777 116.95654 39.96841
1202403077 116.95653 39.9684
1202403377 116.95653 39.96839
1202403677 116.95653 39.96839
1202403977 116.95653 39.96839
1202404277 116.95652 39.96839
1202404577 116.95652 39.96839
1202404877 116.95652 39.96839
1202405177 116.95652 39.9684
1202405477 116.95651 39.9684
1202405777 116.95651 39.9684
1202406077 116.95651 39.9684
1202406377 116.95651 39.9684
1202406677 116.95651 39.9684
1202406977 116.95651 39.9684
1202407277 116.95651 39.9684
1202407577 116.95651 39.9684
1202407877 116.95651 39.9684
1202408177 116.95651 39.9684
1202408477 116.95651 39.9684
1202408777 116.95651 39.9684
1202409077 116.95651 39.9684
1202409377 116.95651 39.9684
1202409677 116.95651 39.9684
1202409977 116.95651 39.9684
1202410276 116.95651 39.9684
1202410576 116.95651 39.9684
1202410576 116.95651 39.9684
1202410876 116.95651 39.9684
1202411176 116.95651 39.9684
1202411476 116.95651 39.9684
1202411776 116.95651 39.9684
1202412076 116.9565 39.9684
1202412376 116.9565 39.9684
1202412676 116.9565 39.9684
1202412976 116.95651 39.9684
1202413276 116.95651 39.9684
1202413576 116.95651 39.9684
1202413876 116.95651 39.9684
1202414176 116.95651 39.9684
1202414476 116.95651 39.9684
1202414776 116.95652 39.96841
1202415076 116.95635 39.96251
1202415376 116.95486 39.96287
1202415676 116.95492 39.96285
1202415976 116.95492 39.96285
1202416276 116.95497 39.96281
1202416576 116.95498 39.96282
1202416876 116.95486 39.96279
1202417176 116.95489 39.9628
1202417476 116.9549 39.96289
1202417776 116.95502 39.96284
1202418076 116.95502 39.96284
1202418376 116.95502 39.96284
1202418676 116.955 39.96284
1202418976 116.95498 39.96283
1202419276 116.95496 39.96284
1202419276 116.95496 39.96284
1202419576 116.95497 39.96283
1202419876 116.95496 39.96282
1202420176 116.95496 39.96282
1202420476 116.95497 39.96282
1202420776 116.95497 39.96281
1202421076 116.95496 39.96281
1202421376 116.95495 39.96282
1202421676 116.95375 39.96196
1202421976 116.90362 39.9521
1202422276 116.82261 39.9435
1202422576 116.80166 39.94071
1202422862 116.80349 39.93971
1202423144 116.80349 39.93971
1202423427 116.80349 39.93971
1202423772 116.80264 39.94033
1202424076 116.80273 39.94016
1202424376 116.80274 39.94018
1202424676 116.80281 39.94016
1202424970 116.8028 39.94017
1202425276 116.80274 39.94022
1202425576 116.80255 39.93929
1202425875 116.80289 39.94024
1202426175 116.80274 39.94017
1202426475 116.80269 39.94015
1202426775 116.80266 39.94015
1202427075 116.80264 39.94015
1202427375 116.80266 39.94014
1202427675 116.80268 39.94014
1202427975 116.80267 39.94012
1202427975 116.80267 39.94012
1202428275 116.80269 39.94013
1202428575 116.8027 39.94013
1202429175 116.80273 39.94014
1202429475 116.80274 39.94013
1202429775 116.80292 39.94015
1202430075 116.80291 39.94009
1202430375 116.80293 39.94011
1202430675 116.80286 39.93998
1202430975 116.80284 39.93998
1202431275 116.80285 39.93999
1202431575 116.80286 39.93999
1202431875 116.80286 39.93999
1202432175 116.80287 39.93999
1202432475 116.80287 39.93999
1202432775 116.80287 39.93998
1202433075 116.80283 39.94024
1202433375 116.80288 39.94019
1202433675 116.80289 39.94015
1202433975 116.80289 39.94014
1202434275 116.80288 39.94014
1202434575 116.80287 39.94015
1202434875 116.80289 39.93999
1202435175 116.80289 39.93999
1202435475 116.80289 39.94
1202435775 116.8029 39.94001
1202436075 116.8029 39.94001
1202437275 116.80287 39.9401
1202438775 116.80283 39.94008
1202439075 116.80249 39.94001
1202439375 116.80267 39.94004
1202439675 116.80272 39.94002
1202439975 116.80276 39.94001
1202440274 116.80278 39.94001
1202440574 116.8028 39.94001
1202440874 116.80281 39.94001
1202441174 116.80282 39.94001
1202441474 116.80306 39.93998
1202441774 116.80295 39.94004
1202442074 116.80293 39.94004
1202442374 116.80291 39.94005
1202442674 116.80289 39.94006
1202442974 116.80291 39.94006
1202443274 116.80301 39.94008
1202443574 116.80299 39.94006
1202443874 116.08683 39.94292
1202443874 116.08683 39.94292
1202444174 116.80297 39.94008
1202444474 116.80296 39.9401
1202444774 116.80296 39.94011
1202444774 116.80296 39.94011
1202445074 116.80295 39.94012
1202445374 116.80295 39.94013
1202445374 116.80295 39.94013
1202445674 116.80295 39.94014
1202445974 116.80295 39.94015
1202446274 116.80298 39.9399
1202446574 116.80289 39.94017
1202446874 116.80273 39.9397
1202447174 116.80277 39.93999
1202447474 116.80282 39.94005
1202447774 116.80286 39.94031
1202448074 116.80286 39.94029
1202448374 116.80285 39.94023
1202448674 116.80284 39.9402
1202448974 116.80276 39.93983
1202449274 116.80281 39.94033
1202449574 116.80281 39.94028
1202449874 116.80296 39.94034
1202450174 116.80291 39.94028
1202450474 116.80251 39.93975
1202450774 116.80276 39.94026
1202451074 116.80276 39.94026
1202451374 116.80277 39.94024
1202451674 116.80286 39.94012
1202451976 116.8029 39.93994
1202452274 116.80285 39.94002
1202452574 116.80286 39.94
1202452874 116.80286 39.94005
1202453174 116.80286 39.94003
1202453474 116.80286 39.94004
1202453774 116.80287 39.94003
1202454074 116.80287 39.94001
1202454074 116.80287 39.94001
1202454374 116.80287 39.94001
1202454674 116.80288 39.94003
1202454974 116.80289 39.94004
1202455274 116.80289 39.94003
1202455573 116.8029 39.94003
1202455873 116.8029 39.94003
1202456173 116.8029 39.94003
1202456473 116.8029 39.94004
1202456773 116.8029 39.94004
1202457073 116.80296 39.94016
1202457373 116.80292 39.94017
1202457673 116.80291 39.94014
1202457973 116.80289 39.94015
1202458273 116.80287 39.94016
1202458573 116.80286 39.94017
1202458873 116.80285 39.94017
1202459173 116.80274 39.94
1202459473 116.80276 39.94005
1202459773 116.80278 39.94006
1202460073 116.80286 39.94043
1202460373 116.80286 39.94033
1202460673 116.80286 39.94028
1202460973 116.80285 39.94025
1202461273 116.80284 39.94026
1202461573 116.80287 39.93938
1202461873 116.80293 39.94007
1202462173 116.80292 39.94012
1202462473 116.80289 39.94005
1202462773 116.80289 39.94009
1202462773 116.80289 39.94009
1202463073 116.8029 39.94012
1202463373 116.8029 39.94012
1202463673 116.80295 39.93995
1202463973 116.8029 39.93979
1202464273 116.80287 39.94002
1202464573 116.80286 39.94005
1202464873 116.80286 39.94008
1202465173 116.80285 39.94011
1202465473 116.80284 39.94008
1202465773 116.80284 39.94006
1202466073 116.80284 39.94005
1202466373 116.80284 39.94005
1202466673 116.80284 39.94005
1202466973 116.80284 39.94006
1202467273 116.80279 39.94001
1202467573 116.80278 39.9402
1202467873 116.80282 39.94007
1202468173 116.82303 39.94346
1202468473 116.88644 39.94943
1202468773 116.94303 39.95809
1202469073 116.95455 39.96268
1202469373 116.95457 39.96269
1202469673 116.95459 39.96271
1202469973 116.95461 39.96273
1202470272 116.95462 39.96274
1202470572 116.95463 39.96274
1202470872 116.95464 39.96276
1202471172 116.95465 39.96276
1202471472 116.95466 39.96276
1202471472 116.95466 39.96276
1202471772 116.95465 39.96277
1202472072 116.95465 39.96276
1202472372 116.95464 39.96276
1202472672 116.9547 39.96254
1202472972 116.95469 39.96258
1202473272 116.95471 39.96258
1202473572 116.95472 39.9626
1202473872 116.95469 39.96263
1202474172 116.95468 39.96264
1202474472 116.95467 39.96265
1202474772 116.95466 39.96265
1202475070 116.95465 39.96265
1202475353 116.95465 39.96265
1202475672 116.95463 39.96271
1202475972 116.9546 39.96272
1202476272 116.9546 39.96272
1202476572 116.95461 39.96272
1202476872 116.95461 39.96273
1202477172 116.95462 39.96273
1202477472 116.95463 39.96273
1202477772 116.95463 39.96274
1202478072 116.95463 39.96274
1202478372 116.95464 39.96276
1202478672 116.95465 39.96277
1202478972 116.95465 39.96277
1202479272 116.95465 39.96279
1202479572 116.95483 39.96314
1202479872 116.95466 39.96267
1202480172 116.9547 39.96274
1202480172 116.9547 39.96274
1202480472 116.95469 39.96271
1202480772 116.95457 39.96233
1202481072 116.95459 39.96242
1202481372 116.9546 39.96246
1202481672 116.95461 39.96249
1202481972 116.95462 39.96253
1202482272 116.95462 39.96256
1202482572 116.95463 39.96257
1202482872 116.95464 39.9626
1202483172 116.95465 39.96261
1202483472 116.95466 39.96262
1202483772 116.95466 39.96263
1202484072 116.95467 39.96264
1202484372 116.95467 39.96264
1202484671 116.9546 39.96285
1202484971 116.95461 39.96284
1202485271 116.95461 39.96292
1202485571 116.95462 39.96291
1202485871 116.95463 39.96289
1202486171 116.95464 39.96288
1202486471 116.95466 39.96285
1202486771 116.95455 39.9628
1202487071 116.95517 39.96279
1202487216 116.95518 39.96279
1202487372 116.95513 39.96292
1202487672 116.95515 39.96291
1202487971 116.95518 39.96288
1202488271 116.95519 39.96286
1202488571 116.95519 39.96284
1202488871 116.95518 39.9628
1202488871 116.95518 39.9628
1202489171 116.95517 39.96278
1202489471 116.95517 39.96277
1202489771 116.95517 39.96277
1202490071 116.95517 39.96277
1202490371 116.95516 39.96278
1202490671 116.95516 39.96278
1202490971 116.95516 39.96279
1202491271 116.95568 39.96273
1202491571 116.91307 39.95337
1202491871 116.84436 39.94573
1202492171 116.80561 39.94284
