UTS Latitude Longitude
1201959631 116.31526 39.90511
1201959631 116.31526 39.90511
1201959933 116.31567 39.90718
1201960235 116.31564 39.90718
1201960537 116.31567 39.90719
1201961141 116.30078 39.91175
1201961443 116.28895 39.91228
1201961745 116.27745 39.91992
1201962046 116.26843 39.93833
1201962348 116.27261 39.95053
1201962650 116.27244 39.95061
1201962952 116.27139 39.95074
1201963254 116.2714 39.95074
1201963556 116.2714 39.95076
1201963858 116.27139 39.95077
1201964160 116.27141 39.95076
1201964462 116.27769 39.94875
1201964764 116.2856 39.94094
1201965368 116.28889 39.90734
1201965670 116.29603 39.89968
1201965972 116.28907 39.90586
1201966274 116.26874 39.90635
1201966576 116.24738 39.9063
1201966878 116.21259 39.90629
1201966878 116.21259 39.90629
1201967482 116.18056 39.92322
1201967784 116.17836 39.92905
1201968086 116.17479 39.93332
1201968388 116.17474 39.93333
1201968689 116.17475 39.93342
1201968991 116.16892 39.94394
1201969293 116.16782 39.94434
1201969595 116.16843 39.94454
1201969885 116.16837 39.94456
1201970199 116.1683 39.94439
1201970501 116.16835 39.94451
1201970803 116.16842 39.9445
1201971105 116.16837 39.94441
1201971407 116.1678 39.94422
1201972011 116.16776 39.94421
1201972313 116.1678 39.94415
1201972615 116.16778 39.94414
1201972917 116.16776 39.94414
1201973219 116.16842 39.94447
1201973521 116.16841 39.94456
1201973823 116.16846 39.94445
1201974125 116.1683 39.94456
1201974427 116.1684 39.94452
1201974729 116.16835 39.9445
1201975031 116.16826 39.9444
1201975333 116.16841 39.94447
1201975635 116.16838 39.94452
1201975937 116.16835 39.94457
1201976239 116.16824 39.94452
1201976842 116.16847 39.9446
1201977144 116.16836 39.94461
1201977446 116.1685 39.94454
1201978050 116.16831 39.94445
1201978352 116.16778 39.94419
1201978654 116.1678 39.94418
1201978956 116.16777 39.9442
1201979258 116.16782 39.94422
1201979560 116.19418 39.94355
1201979862 116.19222 39.92976
1201980164 116.19164 39.92378
1201980466 116.19235 39.91648
1201980768 116.19266 39.91261
1201981070 116.20577 39.92299
1201981372 116.21506 39.98018
1201981674 116.2405 40.00122
1201981976 116.24361 40.00438
1201982278 116.24436 40.00298
1201982580 116.2476 40.00421
1201982882 116.25105 40.00297
1201984573 116.3093 40.07204
1201984573 116.3093 40.07204
1201984875 116.31516 40.08064
1201984875 116.31516 40.08064
1201985177 116.30631 40.07387
1201985479 116.33985 40.03157
1201985781 116.36366 40.00022
1201986385 116.37132 39.94779
1201986687 116.35138 39.94294
1201986989 116.34964 39.93169
1201987592 116.35045 39.91221
1201987894 116.35048 39.90152
1201988196 116.33649 39.89637
1201988498 116.34235 39.87001
1201988800 116.34934 39.8655
1201989102 116.34932 39.86556
1201989404 116.34927 39.86575
1201989706 116.34929 39.86566
1201989964 116.35803 39.8687
1201990266 116.34183 39.87663
1201990568 116.34186 39.87656
1201990870 116.37841 39.86962
1201991542 116.45858 39.90323
1201991843 116.48383 39.9348
1201992145 116.47714 39.98243
1201992447 116.54303 40.02572
1201992749 116.58353 40.06061
1201993051 116.58245 40.08884
1201993353 116.60624 40.11656
1201993655 116.63523 40.11783
1201993957 116.63492 40.12059
1201994259 116.63494 40.12062
1201994561 116.62693 40.13123
1201994863 116.62589 40.12973
1201995466 116.62403 40.13204
1201995768 116.62406 40.13201
1201996070 116.62405 40.13211
1201996372 116.62407 40.13203
1201996674 116.62404 40.13207
1201996976 116.62406 40.13204
1201997278 116.62407 40.13201
1201997580 116.62407 40.13205
1201997882 116.62404 40.13198
1201998184 116.62403 40.13197
1201998486 116.62401 40.13194
1201998486 116.62401 40.13194
1201998788 116.624 40.13188
1201999090 116.624 40.13192
1201999392 116.624 40.13191
1201999694 116.62403 40.1319
1201999995 116.62402 40.13196
1202000297 116.62404 40.13187
1202000599 116.62404 40.13187
1202000901 116.62405 40.13188
1202001203 116.62405 40.13187
1202001505 116.62403 40.13192
1202001807 116.62405 40.13205
1202002109 116.62404 40.13194
1202002411 116.62405 40.13194
1202002713 116.62407 40.13192
1202003015 116.62406 40.13203
1202003317 116.62405 40.13208
1202003619 116.62403 40.13193
1202003921 116.62404 40.13206
1202004223 116.62406 40.13201
1202005401 116.62421 40.13209
1202006005 116.62418 40.132
1202006307 116.62414 40.13203
1202006609 116.62419 40.13205
1202006609 116.62419 40.13205
1202006911 116.62414 40.13207
1202007213 116.62416 40.13207
1202007514 116.62423 40.13204
1202007816 116.62419 40.13207
1202008118 116.62429 40.13206
1202008420 116.62422 40.13202
1202008722 116.6241 40.13202
1202009024 116.62405 40.13202
1202009326 116.624 40.1321
1202009628 116.62399 40.13206
1202010232 116.62394 40.13213
1202010534 116.62407 40.13209
1202010836 116.62402 40.13205
1202011138 116.62405 40.13206
1202011440 116.62399 40.13209
1202011742 116.62402 40.13197
1202012345 116.62402 40.13206
1202012647 116.62402 40.13215
1202012949 116.62397 40.13211
1202013251 116.62403 40.13204
1202013553 116.62395 40.13216
1202013855 116.62402 40.13211
1202014157 116.62407 40.13201
1202014459 116.62412 40.13212
1202014761 116.62413 40.13212
1202015063 116.62412 40.13203
1202015365 116.62416 40.13212
1202015667 116.62412 40.13208
1202015969 116.62411 40.13188
1202016271 116.6241 40.13191
1202016573 116.62412 40.13206
1202017177 116.62406 40.13197
1202017479 116.62403 40.13196
1202017781 116.624 40.13199
1202018083 116.62401 40.13206
1202018384 116.62316 40.13093
1202018686 116.60371 40.1167
1202019290 116.55261 40.10646
1202019592 116.55267 40.10647
1202019894 116.55062 40.07346
1202020196 116.52522 40.03617
1202020498 116.48995 39.99559
1202020800 116.46466 39.97229
1202021102 116.43483 39.94743
1202021404 116.37921 39.94756
1202021706 116.35046 39.91098
1202022008 116.30769 39.89601
1202022310 116.30517 39.89698
1202022612 116.29599 39.9142
1202022914 116.296 39.91419
1202023216 116.30489 39.91082
1202023820 116.38296 39.90591
1202024424 116.36798 39.90544
1202025329 116.38919 39.95203
1202025631 116.39924 39.95769
1202025933 116.40176 39.95732
1202026235 116.39597 39.96411
1202026537 116.40709 39.96739
1202026839 116.39726 39.96758
1202027443 116.39269 39.96756
1202028349 116.34235 39.89472
1202029255 116.38096 39.85552
1202029859 116.40571 39.85546
1202030161 116.38159 39.85947
1202030765 116.43856 39.87357
1202031368 116.45823 39.88313
1202031670 116.42903 39.88294
1202031972 116.40656 39.88694
1202032878 116.37508 39.87744
1202033180 116.3809 39.8638
1202033482 116.37554 39.8788
1202034086 116.3764 39.89875
1202034388 116.37315 39.90584
1202034690 116.39807 39.90644
1202034992 116.42168 39.90705
1202035294 116.43848 39.91197
1202035596 116.45139 39.91312
1202035898 116.45569 39.91779
1202035898 116.45569 39.91779
1202036200 116.45595 39.9373
1202036502 116.45596 39.93733
1202036804 116.45593 39.93734
1202037105 116.45592 39.93987
1202037709 116.44957 39.98045
1202038011 116.45668 39.99485
1202038313 116.46141 40.00101
1202038917 116.41813 39.98778
1202039823 116.36766 39.96651
1202040125 116.32323 39.96079
1202040427 116.30572 39.97468
1202040729 116.30053 39.96858
1202041937 116.29125 39.93858
1202042238 116.29557 39.94376
1202042540 116.29556 39.94379
1202042842 116.29572 39.94372
1202043144 116.32619 39.93685
1202043144 116.32619 39.93685
1202043446 116.32265 39.93745
1202043748 116.31817 39.94683
1202044050 116.34575 39.93858
1202044352 116.34942 39.93454
1202044654 116.34933 39.9313
1202044956 116.35025 39.91511
1202045258 116.34199 39.89674
1202045560 116.32144 39.89597
1202045862 116.31713 39.89664
1202046164 116.31522 39.90543
1202046466 116.30425 39.91716
1202046768 116.30362 39.95233
1202047070 116.30144 39.96594
1202047372 116.30381 39.98374
1202047674 116.31079 39.97603
1202047975 116.3065 39.96285
1202048277 116.3113 39.96414
1202048579 116.30958 39.96439
1202049183 116.30398 39.9232
1202049485 116.30413 39.90144
1202049787 116.30719 39.89564
1202050089 116.31577 39.89551
1202050391 116.30496 39.89724
1202050693 116.30497 39.90758
1202050693 116.30497 39.90758
1202050995 116.30652 39.92684
1202051599 116.30433 39.93093
1202051901 116.29078 39.9393
1202052203 116.29584 39.94369
1202052505 116.31605 39.93763
1202052807 116.32187 39.95598
1202053109 116.31973 39.9557
1202053411 116.30909 39.93914
1202053713 116.29585 39.94567
1202054015 116.28728 39.94467
1202054316 116.26968 39.94562
1202054618 116.26407 39.9456
1202054920 116.29001 39.94578
1202055222 116.30879 39.93902
1202055524 116.35136 39.94268
1202055826 116.38567 39.94004
1202056128 116.38912 39.93913
1202056430 116.37684 39.9476
1202056732 116.36466 39.94712
1202057034 116.3547 39.94397
1202057336 116.34423 39.94286
1202057638 116.3237 39.96609
1202057638 116.3237 39.96609
1202057940 116.32827 39.96488
1202057940 116.32827 39.96488
1202058242 116.32571 39.96635
1202058544 116.30175 39.96399
1202058846 116.29957 39.98174
1202059148 116.29979 39.97859
1202059450 116.31128 39.97457
1202059752 116.31659 39.96559
1202060356 116.3281 39.94941
1202060658 116.34582 39.94021
1202060960 116.32169 39.9375
1202061262 116.35662 39.93911
1202061564 116.3606 39.93757
1202061866 116.35754 39.93543
1202062470 116.34721 39.92632
1202062772 116.33913 39.92687
1202063074 116.33579 39.93617
1202063376 116.3378 39.92953
1202063678 116.34701 39.9268
1202063980 116.35352 39.91701
1202064282 116.36602 39.91047
1202064584 116.35958 39.91259
1202065187 116.33424 39.92185
1202065187 116.33424 39.92185
1202065489 116.32135 39.9221
1202065791 116.29517 39.92452
1202066728 116.33798 39.92173
1202067029 116.35337 39.92232
1202067331 116.35393 39.91703
1202067633 116.35267 39.91724
1202067935 116.35268 39.91726
1202068237 116.35266 39.91723
1202068539 116.35038 39.91718
1202069143 116.3403 39.91915
1202069445 116.33919 39.9221
1202070049 116.32222 39.9221
1202070351 116.29496 39.92275
1202070653 116.27417 39.92334
1202070955 116.29788 39.92264
1202071257 116.30285 39.90761
1202071559 116.29743 39.90629
1202071861 116.28982 39.90628
1202071861 116.28982 39.90628
1202072163 116.28902 39.90066
1202072465 116.28806 39.89906
1202072767 116.28888 39.88893
1202073069 116.30506 39.88357
1202073371 116.3069 39.88763
1202073673 116.30603 39.90568
1202074578 116.29517 39.92636
1202074880 116.2932 39.93897
1202075182 116.29683 39.93215
1202075484 116.29038 39.94534
1202075786 116.30401 39.94698
1202076088 116.30574 39.94171
1202076390 116.30345 39.95185
1202076692 116.29785 39.93494
1202076994 116.29343 39.94459
1202077296 116.30373 39.92501
1202077598 116.30584 39.96229
1202077900 116.31306 39.97085
1202078202 116.3138 39.97128
1202078504 116.32123 39.97414
1202078504 116.32123 39.97414
1202078806 116.31199 39.9748
1202079108 116.30683 39.98004
1202079108 116.30683 39.98004
1202079410 116.31065 39.97948
1202080014 116.32237 39.9663
1202080014 116.32237 39.9663
1202080316 116.31934 39.96617
1202080618 116.32155 39.96577
1202080920 116.32766 39.9749
1202081221 116.32673 39.99121
1202081523 116.31261 40.00951
1202082127 116.30898 40.01783
1202082429 116.29897 40.03842
1202083033 116.31214 40.01168
1202083335 116.32735 40.00856
1202083637 116.33137 39.9978
1202083939 116.34191 40.00853
1202084241 116.34685 39.99193
1202084543 116.34737 39.95927
1202084845 116.34975 39.93584
1202085147 116.36696 39.94708
1202085449 116.3742 39.96634
1202085751 116.36606 39.99754
1202086053 116.37613 39.99633
1202086959 116.40707 39.96738
1202087261 116.42248 39.96776
1202087562 116.45126 40.01565
1202087864 116.4303 40.03589
1202088166 116.42746 40.03809
1202088468 116.43335 40.01876
1202088770 116.49123 39.99777
1202089072 116.50478 40.00987
1202089374 116.52364 40.03345
1202089676 116.54938 40.0654
1202089978 116.56091 40.11544
1202090280 116.60695 40.11649
1202090582 116.61218 40.11587
1202091186 116.61234 40.11548
1202091790 116.63093 40.11618
1202092062 116.63498 40.12044
1202092092 116.63503 40.12043
1202092394 116.62622 40.128
1202092696 116.62321 40.13208
1202092998 116.62323 40.13207
1202093300 116.6232 40.1321
1202093602 116.62322 40.13208
1202093904 116.62322 40.1321
1202094206 116.62324 40.1321
1202094508 116.62322 40.13209
1202094810 116.6232 40.13211
1202095111 116.62324 40.13212
1202095413 116.62323 40.1321
1202095715 116.62319 40.13211
1202096017 116.62324 40.13208
1202096319 116.62326 40.13209
1202096621 116.62317 40.13212
1202096923 116.62321 40.13213
1202097225 116.62325 40.13214
1202097527 116.62328 40.13212
1202097829 116.62324 40.13213
1202098131 116.62321 40.13212
1202098131 116.62321 40.13212
1202098433 116.62319 40.13211
1202098735 116.62322 40.13213
1202099037 116.62325 40.13206
1202099339 116.62323 40.13208
1202099641 116.62324 40.13211
1202099943 116.62318 40.13212
1202100245 116.62322 40.13213
1202100547 116.62318 40.1321
1202100848 116.62319 40.13211
1202101150 116.62322 40.1321
1202101150 116.62322 40.1321
1202101452 116.62323 40.1321
1202101754 116.62323 40.13211
1202102056 116.6232 40.1321
1202102358 116.62321 40.1321
1202102660 116.62323 40.13208
1202102962 116.62321 40.13209
1202103264 116.6232 40.13208
1202103566 116.62321 40.13208
1202103868 116.62322 40.13207
1202104170 116.62322 40.13209
1202104472 116.62322 40.13209
1202104774 116.6232 40.13209
1202105076 116.62322 40.13209
1202105378 116.62316 40.13207
1202105680 116.62319 40.13208
1202105982 116.6232 40.13208
1202106284 116.62324 40.13208
1202106586 116.62322 40.13206
1202106888 116.62323 40.13209
1202107189 116.6232 40.13208
1202107793 116.62325 40.13206
1202108095 116.62321 40.13207
1202108397 116.6232 40.13207
1202108397 116.6232 40.13207
1202108699 116.62325 40.13208
1202109001 116.62323 40.13209
1202109303 116.62321 40.13209
1202109605 116.62322 40.13207
1202109907 116.62313 40.13208
1202110209 116.62318 40.13207
1202110511 116.62652 40.13186
1202110813 116.60453 40.12709
1202111115 116.56795 40.12202
1202111417 116.55053 40.07311
1202111719 116.5321 40.04929
1202112021 116.52971 40.04517
1202112323 116.51403 40.01653
1202112625 116.45418 39.96185
1202112927 116.42813 39.92534
1202113228 116.43991 39.87678
1202113832 116.34877 39.86648
1202114134 116.35362 39.86669
1202114436 116.35877 39.86783
1202115040 116.43007 39.90261
1202115644 116.41868 39.96749
1202115644 116.41868 39.96749
1202115946 116.41862 39.96655
1202116248 116.40176 39.9635
1202116550 116.40305 39.96074
1202116852 116.40183 39.95244
1202117154 116.4277 39.93642
1202117456 116.43619 39.89738
1202117758 116.43812 39.87227
1202118362 116.33039 39.86689
1202118664 116.31046 39.86668
1202118966 116.30875 39.86706
1202119570 116.32017 39.88917
1202119871 116.32337 39.89363
1202120173 116.32332 39.89274
1202120475 116.32801 39.90592
1202120777 116.32858 39.92043
1202121079 116.33339 39.9171
1202121381 116.33841 39.91707
1202121683 116.34306 39.91311
1202121985 116.34581 39.91704
1202122287 116.35006 39.92978
1202122589 116.36769 39.93125
1202122891 116.37355 39.93086
1202123193 116.37147 39.91445
1202123193 116.37147 39.91445
1202124099 116.39069 39.87118
1202124401 116.39824 39.8732
1202124703 116.39254 39.88491
1202125005 116.40625 39.89093
1202125306 116.40582 39.89772
1202125608 116.4054 39.89959
1202125910 116.40078 39.90231
1202126212 116.40201 39.91705
1202126514 116.40716 39.92393
1202126816 116.40681 39.92449
1202127118 116.40709 39.92462
1202127420 116.40258 39.93309
1202127722 116.40189 39.95308
1202128024 116.40415 39.96733
1202128326 116.40315 39.96068
1202128628 116.40198 39.94623
1202128930 116.39284 39.93941
1202129232 116.39 39.93899
1202129534 116.3899 39.93462
1202129836 116.38752 39.922
1202130137 116.38566 39.90683
1202130439 116.37948 39.89875
1202130439 116.37948 39.89875
1202130741 116.37806 39.8987
1202131043 116.37839 39.8884
1202131345 116.37884 39.88217
1202131647 116.36186 39.88793
1202131949 116.34287 39.89027
1202132251 116.30624 39.89592
1202132553 116.30426 39.91491
1202132855 116.30418 39.92453
1202133157 116.30381 39.94806
1202133459 116.30223 39.96185
1202133761 116.30335 39.97425
1202134063 116.31594 39.96335
1202134365 116.31847 39.94559
1202134667 116.33461 39.93678
1202134969 116.31866 39.9459
1202135271 116.32826 39.96542
1202135573 116.32706 39.98435
1202135875 116.32783 39.96945
1202137082 116.3596 39.90629
1202137384 116.35849 39.90816
1202137686 116.35881 39.89803
1202137686 116.35881 39.89803
1202137988 116.3626 39.89798
1202138592 116.3681 39.88999
1202139196 116.3439 39.89589
1202139498 116.33648 39.90186
1202140404 116.32733 39.90963
1202141037 116.33404 39.90591
1202141338 116.3622 39.9033
1202141640 116.38081 39.89872
1202141942 116.40419 39.89945
1202142244 116.42013 39.89915
1202142546 116.43012 39.90277
1202142848 116.43211 39.92301
1202143150 116.43676 39.92532
1202143452 116.43294 39.93965
1202143754 116.4554 39.9336
1202144056 116.46712 39.93222
1202144358 116.4901 39.93022
1202144358 116.4901 39.93022
1202144660 116.50109 39.93208
1202144962 116.50148 39.93029
1202145263 116.49841 39.92992
1202145565 116.4983 39.92989
1202145867 116.49832 39.92989
1202146169 116.49835 39.92991
1202146471 116.4933 39.93922
1202146773 116.46411 39.97138
1202147075 116.47612 39.98818
1202147377 116.47408 39.98832
1202147679 116.46167 39.98385
1202148283 116.4541 39.98794
1202148585 116.4541 39.98794
1202149189 116.43839 39.98698
1202149491 116.4173 39.99751
1202149793 116.41777 39.98933
1202150095 116.41772 39.98812
1202150397 116.41816 39.97845
1202150699 116.4303 39.96786
1202151001 116.45547 39.94144
1202151303 116.45532 39.93308
1202151605 116.46084 39.93003
1202151605 116.46084 39.93003
1202152209 116.45602 39.93149
1202152511 116.45576 39.94752
1202152813 116.44938 39.94774
1202153115 116.44267 39.95377
1202153417 116.42995 39.95327
1202153719 116.41877 39.96391
1202154020 116.41224 39.96796
1202154322 116.37018 39.96681
1202154624 116.32127 39.96606
1202154926 116.30064 39.9712
1202155228 116.30321 39.97187
1202155530 116.31197 39.97264
1202155832 116.32745 39.96619
1202156134 116.35965 39.96642
1202156436 116.38869 39.95776
1202156738 116.40184 39.94706
1202157040 116.40232 39.93967
1202157342 116.41957 39.94003
1202157644 116.42174 39.94904
1202157946 116.41902 39.95407
1202158248 116.4123 39.95794
1202158550 116.39999 39.95274
1202158852 116.39209 39.95243
1202159154 116.39204 39.95243
1202159758 116.38672 39.94774
1202160362 116.31147 39.93851
1202161267 116.29845 39.9063
1202161569 116.2774 39.91355
1202161871 116.29129 39.92797
1202162173 116.30031 39.94167
1202162475 116.30222 39.96072
1202163079 116.29046 39.95757
1202163381 116.28228 39.94775
1202163985 116.26167 39.90629
1202164287 116.25207 39.90263
1202164589 116.24797 39.90615
1202164891 116.26843 39.90615
1202165193 116.2952 39.90623
1202165495 116.33743 39.90522
1202166099 116.34956 39.93362
1202166401 116.35581 39.94428
1202166401 116.35581 39.94428
1202166703 116.35527 39.95475
1202167005 116.35686 39.9662
1202167307 116.35953 39.97154
1202167609 116.34832 39.97528
1202167911 116.34266 39.97507
1202168213 116.37205 39.98789
1202168515 116.38054 39.99952
1202168816 116.36707 39.99572
1202169118 116.36811 39.95515
1202169420 116.3661 39.94296
1202169722 116.33192 39.93719
1202170024 116.32418 39.9373
1202170326 116.32287 39.9374
1202170628 116.34857 39.93882
1202170930 116.40792 39.94774
1202171232 116.42786 39.92352
1202171534 116.43446 39.92491
1202171836 116.43754 39.9317
1202172440 116.44438 39.9458
1202173352 116.57929 40.04679
1202173352 116.57929 40.04679
1202173654 116.57562 40.08703
1202174258 116.6353 40.1193
1202174560 116.63455 40.12053
1202174862 116.63466 40.12046
1202175164 116.63476 40.1204
1202175466 116.62383 40.13186
1202175767 116.62322 40.13199
1202176069 116.62322 40.132
1202176371 116.6232 40.132
1202176673 116.62317 40.13195
1202176975 116.6232 40.13199
1202179025 116.62332 40.13203
1202179089 116.62324 40.13193
1202179693 116.62324 40.132
1202179995 116.62323 40.13203
1202180297 116.62327 40.132
1202180599 116.62322 40.13202
1202180901 116.62321 40.13205
1202180901 116.62321 40.13205
1202181203 116.62322 40.13204
1202181505 116.6232 40.13202
1202181807 116.62322 40.13208
1202182410 116.62321 40.13207
1202183014 116.6232 40.1321
1202183316 116.62323 40.13206
1202183618 116.62316 40.13204
1202183920 116.62319 40.13202
1202184222 116.62319 40.13206
1202184524 116.62318 40.13206
1202184826 116.62322 40.13205
1202185128 116.62326 40.13208
1202185128 116.62326 40.13208
1202185430 116.6232 40.13204
1202185732 116.62322 40.13205
1202186034 116.62319 40.13202
1202186638 116.62319 40.13203
1202186940 116.62322 40.132
1202187242 116.62321 40.13201
1202187544 116.62317 40.132
1202187846 116.62324 40.13199
1202188148 116.62319 40.13206
1202188148 116.62319 40.13206
1202188450 116.62316 40.13198
1202188752 116.62317 40.13203
1202189054 116.62322 40.13203
1202189355 116.6232 40.132
1202189657 116.62319 40.13203
1202189959 116.62318 40.13203
1202190261 116.62326 40.13196
1202190563 116.62323 40.132
1202190865 116.62318 40.13201
1202191167 116.62319 40.13201
1202191771 116.62316 40.13203
1202192073 116.62317 40.13204
1202192375 116.62317 40.13199
1202192677 116.62315 40.13203
1202192979 116.62316 40.13202
1202193281 116.62313 40.132
1202193583 116.62317 40.13201
1202193885 116.62315 40.13201
1202194187 116.62318 40.13199
1202194489 116.62317 40.13204
1202195092 116.62315 40.1312
1202195394 116.60561 40.11666
1202195696 116.55639 40.10762
1202195998 116.54876 40.06417
1202196300 116.52514 40.03602
1202196602 116.49599 40.00137
1202196904 116.47669 39.98329
1202197606 116.43749 39.96381
1202197907 116.43749 39.96379
1202198209 116.43317 39.96728
1202198511 116.44502 39.98185
1202199115 116.48743 39.906
1202199416 116.49625 39.90607
1202199718 116.49021 39.90703
1202200020 116.4718 39.89202
1202200322 116.4421 39.89235
1202200624 116.41657 39.90196
1202200926 116.42088 39.90777
1202201228 116.41126 39.92263
1202201530 116.40247 39.93605
1202201832 116.38767 39.94677
1202202134 116.374 39.94995
1202202738 116.35089 39.96363
1202203040 116.35327 39.9637
1202203342 116.35316 39.96368
1202203644 116.34947 39.93565
1202203946 116.35356 39.91246
1202204550 116.34353 39.92682
1202204852 116.34057 39.92688
1202205154 116.31923 39.93756
1202205456 116.27189 39.94558
1202206060 116.29716 39.95822
1202206664 116.31312 39.90617
1202206665 116.45927 39.99682
1202206965 116.34614 39.90585
1202207267 116.37778 39.90585
1202208173 116.41451 39.91463
1202208475 116.411 39.92992
1202208777 116.41086 39.93525
1202209079 116.42892 39.93936
1202209381 116.44449 39.94394
1202209683 116.45467 39.95033
1202209985 116.44792 39.95685
1202210287 116.43689 39.96442
1202210589 116.43674 39.96451
1202210891 116.43688 39.96468
1202211193 116.43688 39.96467
1202211495 116.43684 39.96465
1202211796 116.42451 39.96832
1202212098 116.40501 39.96827
1202212400 116.41157 39.96944
1202212702 116.41251 39.95275
1202213004 116.41894 39.95777
1202213608 116.41074 39.96802
1202213910 116.40493 39.96767
1202214212 116.38859 39.95873
1202214514 116.37555 39.95339
1202214816 116.36417 39.9648
1202215118 116.3642 39.96247
1202215420 116.36585 39.94657
1202215722 116.36607 39.94533
1202216024 116.36532 39.95247
1202216628 116.32062 39.9661
1202216929 116.31071 39.97894
1202217231 116.30982 39.97954
1202217533 116.3105 39.97973
1202217835 116.31085 39.96443
1202218137 116.30396 39.93676
1202218439 116.31694 39.92227
1202218741 116.33791 39.92168
1202219043 116.34093 39.92192
1202219345 116.34445 39.92687
1202219647 116.34062 39.92689
1202219949 116.3406 39.92692
1202220251 116.33039 39.92687
1202220553 116.31391 39.92685
1202221157 116.31646 39.92229
1202221459 116.34644 39.92205
1202221761 116.35924 39.92259
1202222063 116.34725 39.92617
1202222365 116.34422 39.92689
1202222365 116.34422 39.92689
1202222667 116.34262 39.92688
1202222969 116.33954 39.92686
1202223271 116.33952 39.9269
1202223572 116.33219 39.92693
1202223874 116.31616 39.92247
1202224176 116.30427 39.93007
1202224478 116.29545 39.93083
1202224780 116.30717 39.93964
1202225082 116.3462 39.93935
1202225384 116.33695 39.94709
1202225686 116.32483 39.95073
1202225988 116.31281 39.95206
1202226290 116.30344 39.95539
1202226592 116.30129 39.96673
1202226894 116.29671 39.96064
1202227196 116.29723 39.95796
1202227498 116.30164 39.96068
1202227800 116.34955 39.96587
1202228102 116.35808 39.97526
1202228404 116.35951 39.97549
1202228706 116.36345 39.9828
1202229008 116.40382 39.98708
1202229310 116.46261 39.9703
1202229612 116.50773 40.01003
1202229914 116.57613 40.04426
1202230216 116.58198 40.07252
1202230518 116.58164 40.0767
1202230820 116.57356 40.0631
1202231122 116.54154 40.05731
1202231424 116.52225 40.0316
1202231726 116.50485 40.00992
1202232028 116.50485 40.00989
1202232330 116.50485 40.00987
1202232631 116.50484 40.00988
1202232933 116.49354 39.99919
1202233235 116.47216 39.97915
1202233537 116.44659 39.96669
1202233839 116.44099 39.96172
1202234141 116.45723 39.95617
1202234443 116.46155 39.95731
1202235047 116.45544 39.93953
1202235349 116.45535 39.93541
1202235651 116.43803 39.93238
1202235953 116.43263 39.94544
1202236255 116.44422 39.94504
1202236557 116.43762 39.93362
1202236859 116.43352 39.93978
1202237161 116.4378 39.93973
1202237161 116.4378 39.93973
1202237463 116.4441 39.92184
1202237765 116.43999 39.91639
1202238067 116.43763 39.93207
1202238369 116.43597 39.93985
1202238671 116.42798 39.94189
1202238973 116.42196 39.94846
1202239275 116.41409 39.96075
1202239577 116.40696 39.96362
1202239879 116.40346 39.96773
1202240181 116.39617 39.96768
1202240483 116.39462 39.97297
1202240785 116.40091 39.96809
1202241087 116.3962 39.96767
1202241388 116.37345 39.98227
1202241690 116.34578 40.024
1202241992 116.31054 40.07028
1202242294 116.31654 40.07754
1202242596 116.31155 40.06798
1202242898 116.32241 40.05385
1202243200 116.34339 40.02668
1202243502 116.34498 40.02438
1202243804 116.34618 40.00887
1202244106 116.34628 40.00659
1202244408 116.39491 40.00823
1202244408 116.39491 40.00823
1202244710 116.41415 40.02066
1202245012 116.4611 40.01772
1202245314 116.48665 40.02116
1202245616 116.48005 40.02065
1202245918 116.4609 40.01476
1202246220 116.45649 39.99652
1202247492 116.42939 39.96848
1202247793 116.42976 39.97726
1202248095 116.41112 39.98226
1202248397 116.41085 39.98259
1202248699 116.4115 39.96965
1202249001 116.41071 39.96807
1202249303 116.40908 39.96792
1202249907 116.36913 39.96643
1202250209 116.36921 39.96641
1202250209 116.36921 39.96641
1202250511 116.38453 39.96693
1202250813 116.38457 39.96687
1202251115 116.38457 39.96679
1202251417 116.38459 39.96677
1202251719 116.41104 39.96756
1202252021 116.43576 39.96441
1202252322 116.46238 39.97009
1202252624 116.48174 39.98753
1202252926 116.49819 40.00319
1202253228 116.51676 40.02328
1202253530 116.53501 40.05342
1202253832 116.55184 40.07968
1202254134 116.56673 40.11642
1202254436 116.60254 40.11661
1202254738 116.63445 40.11618
1202255040 116.63538 40.12144
1202255342 116.62405 40.13792
1202255644 116.62485 40.13704
1202255946 116.62486 40.13705
1202256248 116.62485 40.13698
1202256550 116.62483 40.13698
1202256852 116.62485 40.13699
1202257154 116.62483 40.13698
1202257456 116.62478 40.13695
1202257758 116.62481 40.13698
1202258060 116.62483 40.13699
1202258361 116.62488 40.13699
1202258663 116.62481 40.13685
1202258965 116.62481 40.13689
1202259267 116.62486 40.13687
1202259569 116.62484 40.13688
1202259871 116.62482 40.13689
1202260173 116.62488 40.13685
1202260475 116.62488 40.13687
1202260777 116.62487 40.13683
1202261079 116.62485 40.13689
1202261381 116.62482 40.13692
1202261683 116.62485 40.13688
1202261985 116.62482 40.13689
1202262287 116.62486 40.13687
1202262589 116.62481 40.1369
1202263192 116.62478 40.13693
1202263494 116.62483 40.13708
1202264098 116.62481 40.13705
1202264400 116.6248 40.13692
1202264702 116.62471 40.13697
1202265004 116.62484 40.13686
1202265004 116.62484 40.13686
1202265306 116.62476 40.13691
1202265608 116.62486 40.13698
1202265910 116.62481 40.13695
1202265987 116.62484 40.13699
1202266212 116.62488 40.1369
1202266514 116.62482 40.13692
1202266816 116.62487 40.13688
1202267118 116.62484 40.13697
1202267721 116.62485 40.137
1202268023 116.62478 40.13699
1202268325 116.62487 40.13697
1202268929 116.62481 40.13701
1202269231 116.62482 40.13704
1202269533 116.62484 40.13702
1202269835 116.62481 40.13715
1202270137 116.62482 40.13696
1202270741 116.6248 40.13693
1202271043 116.62485 40.13694
1202271345 116.6248 40.13689
1202271949 116.6248 40.13693
1202272251 116.62478 40.13696
1202272251 116.62478 40.13696
1202272552 116.62479 40.13693
1202272854 116.62473 40.13699
1202273156 116.62486 40.13691
1202273458 116.62485 40.13694
1202273760 116.62479 40.13696
1202274364 116.62485 40.13688
1202274666 116.62479 40.13689
1202274968 116.62477 40.13688
1202275270 116.6248 40.13689
1202275572 116.62488 40.13686
1202275874 116.62476 40.1369
1202276176 116.62482 40.13688
1202276478 116.62484 40.13689
1202276780 116.62485 40.13687
1202277082 116.62488 40.13688
1202277384 116.62487 40.13687
1202277685 116.62478 40.13691
1202277987 116.62478 40.1369
1202278289 116.62484 40.13688
1202279195 116.62484 40.13687
1202279497 116.62485 40.13688
1202279497 116.62485 40.13688
1202279799 116.62484 40.1369
1202280101 116.62486 40.13687
1202280403 116.6249 40.13691
1202280705 116.62484 40.13685
1202281007 116.62485 40.13686
1202281309 116.62486 40.13686
1202281610 116.62486 40.13687
1202281912 116.62478 40.13691
1202282214 116.62485 40.13689
1202282516 116.62486 40.13705
1202282818 116.62483 40.13709
1202283120 116.62487 40.13689
1202283422 116.62488 40.13692
1202283724 116.62484 40.13684
1202284026 116.62487 40.13689
1202284328 116.62486 40.13689
1202284932 116.62488 40.1369
1202285234 116.62485 40.13688
1202285535 116.62481 40.13702
1202285837 116.62379 40.13186
1202286139 116.62413 40.13201
1202286441 116.62413 40.13204
1202286743 116.62321 40.13098
1202287045 116.58393 40.12678
1202287347 116.58298 40.10287
1202287649 116.57981 40.07931
1202287951 116.56775 40.03593
1202288253 116.49082 39.99494
1202288555 116.43666 39.94829
1202288857 116.42961 39.90545
1202289461 116.35983 39.86907
1202289763 116.34887 39.86652
1202290065 116.34886 39.86649
1202290367 116.3489 39.86653
1202290669 116.34888 39.86652
1202290971 116.34887 39.8665
1202291273 116.34886 39.8665
1202292536 116.27725 39.91308
1202292838 116.28757 39.91779
1202292838 116.28757 39.91779
1202293442 116.31964 39.8984
1202294046 116.26752 39.8975
1202294649 116.25494 39.90636
1202294951 116.25223 39.91646
1202295253 116.25466 39.91648
1202295555 116.27283 39.92296
1202295857 116.27737 39.92027
1202296159 116.27741 39.92031
1202296763 116.28254 39.92881
1202297065 116.29919 39.93851
1202297971 116.37813 39.98094
1202298273 116.39863 39.98693
1202298877 116.45669 39.99773
1202299179 116.46154 40.00519
1202299481 116.44732 40.01962
1202299782 116.43043 40.03178
1202300084 116.43082 40.03294
1202300386 116.41597 40.04198
1202300688 116.41962 40.03952
1202300990 116.41565 40.03619
1202301292 116.4085 40.02564
1202301594 116.40631 40.00137
1202301896 116.41633 39.99742
1202302198 116.41806 39.99571
1202302500 116.41368 39.98204
1202302802 116.40134 39.98218
1202303104 116.40184 40.00371
1202303406 116.39738 40.00523
1202303708 116.39739 40.00521
1202304010 116.3974 40.00521
1202304312 116.39734 40.00526
1202304614 116.39739 40.00521
1202304915 116.39736 40.0052
1202305217 116.39831 40.00416
1202305519 116.40121 40.00412
1202305821 116.411 39.99795
1202306123 116.4031 40.00131
1202306425 116.40141 39.99737
1202306727 116.40867 39.99746
1202307029 116.41076 39.99541
1202307331 116.41146 39.9715
1202307633 116.4107 39.94986
1202307935 116.43204 39.93232
1202308237 116.4471 39.93255
1202308841 116.45386 39.93988
1202309143 116.45447 39.95232
1202309445 116.40118 39.96884
1202309747 116.404 39.98178
1202310049 116.41158 39.96847
1202310351 116.41 39.9485
1202310955 116.41915 39.90347
1202311256 116.42032 39.9177
1202311558 116.42454 39.92068
1202312162 116.46655 39.91444
1202313160 116.43265 39.92821
1202313462 116.43268 39.92821
1202313764 116.43266 39.92816
1202314066 116.43267 39.92817
1202314368 116.43973 39.92561
1202314670 116.44411 39.91175
1202315274 116.45843 39.90738
1202315575 116.44442 39.9072
1202315877 116.42826 39.92731
1202316179 116.42585 39.9325
1202317085 116.41248 39.95038
1202317387 116.39249 39.95236
1202317689 116.38381 39.9617
1202317991 116.37579 39.96731
1202318293 116.35948 39.97487
1202318595 116.33968 39.97517
1202318897 116.32783 39.96658
1202319199 116.30231 39.96118
1202319501 116.29778 39.95696
1202319803 116.29778 39.95695
1202319803 116.29778 39.95695
1202320105 116.29706 39.95865
1202320407 116.27419 39.96003
1202320709 116.26794 39.94598
1202321011 116.26942 39.91966
1202321313 116.27471 39.9063
1202321615 116.24822 39.90623
1202321917 116.22968 39.90291
1202322219 116.23431 39.89994
1202322521 116.2239 39.89177
1202322823 116.21909 39.89592
1202323125 116.20629 39.90007
1202323729 116.20624 39.90004
1202324031 116.20629 39.89998
1202324333 116.20629 39.89995
1202324634 116.20627 39.90002
1202324936 116.20631 39.89998
1202325238 116.20632 39.89995
1202325540 116.20635 39.9
1202325842 116.20631 39.89998
1202326144 116.2063 39.90009
1202326446 116.20625 39.90003
1202326748 116.20621 39.90002
1202327050 116.21505 39.9002
1202327352 116.21283 39.90277
1202327352 116.21283 39.90277
1202327654 116.21283 39.90277
1202327956 116.21286 39.90278
1202328258 116.21281 39.90279
1202328560 116.21281 39.90277
1202328862 116.21285 39.90277
1202329164 116.21285 39.90276
1202329466 116.2129 39.90278
1202329768 116.21296 39.90278
1202330070 116.21287 39.90281
1202330372 116.21284 39.90278
1202330674 116.21278 39.90282
1202330976 116.21279 39.9028
1202331278 116.21276 39.90279
1202331882 116.21278 39.9028
1202332183 116.21278 39.90283
1202332485 116.21283 39.90278
1202332787 116.21278 39.9028
1202333089 116.21278 39.90279
1202333391 116.21279 39.9028
1202333693 116.2128 39.90279
1202333995 116.2128 39.90277
1202334297 116.21282 39.90277
1202334599 116.20643 39.90018
1202335203 116.20632 39.90014
1202335505 116.20625 39.90015
1202335807 116.20624 39.90016
1202336109 116.20603 39.90011
1202336411 116.20615 39.90027
1202336713 116.20615 39.90027
1202337015 116.20617 39.90035
1202337317 116.20621 39.9003
1202337619 116.20621 39.90013
1202337921 116.20626 39.90012
1202338223 116.2062 39.90015
1202338524 116.20575 39.90626
1202338826 116.21238 39.96404
1202339128 116.26182 40.00307
1202339430 116.33803 40.0218
1202339732 116.40962 40.02078
1202341022 116.55551 40.1025
1202341324 116.60414 40.11656
1202341626 116.63466 40.11616
1202341928 116.63555 40.12724
1202342230 116.62417 40.13196
1202342532 116.62415 40.13199
1202342833 116.62477 40.13262
1202343135 116.62569 40.13692
1202343437 116.62568 40.13693
1202343739 116.62685 40.13154
1202344041 116.62683 40.13161
1202344343 116.62684 40.13159
1202344645 116.62683 40.13157
1202344947 116.62682 40.13159
1202345249 116.6268 40.13162
1202345551 116.62682 40.13165
1202345853 116.6268 40.13174
1202346457 116.62683 40.1317
1202346759 116.62684 40.13173
1202347061 116.62681 40.13171
1202347363 116.6268 40.1317
1202347363 116.6268 40.1317
1202347665 116.62683 40.1317
1202347967 116.62678 40.1317
1202348269 116.62684 40.13167
1202348571 116.62688 40.13168
1202348872 116.62684 40.13177
1202349174 116.62683 40.13169
1202349476 116.62693 40.13171
1202350382 116.62704 40.13179
1202350684 116.62716 40.13173
1202351590 116.62698 40.13167
1202351892 116.62691 40.13165
1202352194 116.62679 40.13163
1202352496 116.62673 40.1315
1202352798 116.62672 40.13164
1202352949 116.62677 40.13167
1202353100 116.62683 40.13165
1202353402 116.62688 40.13175
1202354006 116.6247 40.13667
1202354308 116.62472 40.13665
1202354610 116.62488 40.13672
1202354610 116.62488 40.13672
1202354911 116.62459 40.13658
1202355213 116.62476 40.13679
1202355515 116.62476 40.13678
1202355817 116.62476 40.13677
1202356119 116.62463 40.1368
1202356421 116.62469 40.13678
1202356723 116.62471 40.13674
1202357025 116.62474 40.13674
1202357327 116.62474 40.13673
1202357629 116.62476 40.13674
1202357931 116.62479 40.13672
1202358233 116.62468 40.13664
1202358535 116.62474 40.13672
1202358837 116.62469 40.13671
1202359139 116.62474 40.13674
1202359441 116.62476 40.13674
1202359743 116.62482 40.13676
1202360045 116.62483 40.13676
1202360347 116.62491 40.13673
1202360649 116.62486 40.13672
1202360951 116.62483 40.13672
1202361555 116.44925 39.80647
1202361555 116.44925 39.80647
1202361857 116.62481 40.13679
1202362159 116.62483 40.13677
1202362762 116.62483 40.13679
1202363064 116.62479 40.13672
1202363366 116.62479 40.13673
1202363668 116.62477 40.13678
1202363970 116.6248 40.13673
1202364272 116.6248 40.13675
1202364574 116.62475 40.13669
1202364876 116.62478 40.13673
1202365178 116.62475 40.13672
1202365480 116.62478 40.13674
1202365782 116.62485 40.13664
1202366084 116.62488 40.1367
1202366386 116.62484 40.13667
1202366688 116.62474 40.13675
1202366990 116.62478 40.13668
1202367292 116.62467 40.13675
1202367594 116.62472 40.1367
1202367896 116.62477 40.1367
1202368198 116.62478 40.13671
1202368499 116.62476 40.13671
1202368801 116.6248 40.13664
1202369103 116.6248 40.1366
1202369103 116.6248 40.1366
1202369405 116.62475 40.13663
1202369707 116.62475 40.13659
1202370009 116.62477 40.13663
1202370311 116.62477 40.13668
1202370613 116.62483 40.13662
1202370915 116.62476 40.13666
1202371217 116.62482 40.13665
1202371519 116.62486 40.13663
1202371821 116.62486 40.13667
1202372123 116.62485 40.13668
1202372425 116.62483 40.13671
1202372727 116.62481 40.1367
1202373029 116.6248 40.13668
1202373331 116.62479 40.13666
1202373633 116.6249 40.13667
1202373935 116.62483 40.13668
1202374237 116.62481 40.13669
1202374539 116.62485 40.13672
1202374840 116.62485 40.13672
1202375142 116.62486 40.13669
1202375444 116.62488 40.13668
1202375746 116.62484 40.13668
1202376048 116.62487 40.13669
1202376350 116.62487 40.13665
1202376652 116.62488 40.13665
1202376954 116.62748 40.13759
1202377256 116.60886 40.1166
1202377558 116.55663 40.10839
1202377860 116.5472 40.06192
1202378162 116.52148 40.03046
1202378464 116.50103 40.00564
1202378766 116.4836 39.97853
1202379068 116.48658 39.95949
1202379370 116.44964 39.94718
1202379672 116.42431 39.93973
1202379974 116.40562 39.93953
1202380276 116.40775 39.9578
1202380578 116.39559 39.96211
1202380880 116.37335 39.95268
1202381182 116.33226 39.96636
1202381484 116.30157 39.97201
1202381785 116.31732 39.9657
1202382389 116.34629 39.93842
1202383899 116.31729 39.95238
1202383899 116.31729 39.95238
1202384201 116.31918 39.94062
1202384503 116.35048 39.93889
1202384805 116.34613 39.93978
1202385107 116.34971 39.94002
1202386013 116.4057 39.94772
1202386315 116.42252 39.94814
1202386616 116.44155 39.93983
1202386918 116.4291 39.93938
1202387220 116.43267 39.93965
1202387522 116.45545 39.92886
1202387824 116.45474 39.87668
1202388126 116.45095 39.87001
1202388428 116.41614 39.85641
1202388730 116.40743 39.867
1202389032 116.41482 39.87919
1202389334 116.4126 39.89532
1202389636 116.41642 39.90921
1202389938 116.38843 39.90625
1202390240 116.36829 39.90593
1202390542 116.33884 39.91585
1202390844 116.33467 39.92689
1202391146 116.3153 39.92693
1202391146 116.3153 39.92693
1202391448 116.30353 39.92282
1202391750 116.28343 39.9063
1202392052 116.25953 39.90622
1202392353 116.24268 39.91533
1202392655 116.25653 39.92271
1202392957 116.27498 39.9453
1202393259 116.31166 39.93813
1202393561 116.34646 39.93715
1202393863 116.34057 39.92684
1202394165 116.32145 39.92682
1202394467 116.32141 39.92675
1202394769 116.32017 39.92684
1202395071 116.3044 39.93802
1202395373 116.31072 39.95029
1202395675 116.31078 39.95032
1202396942 116.30501 39.9405
1202397243 116.32267 39.937
1202397243 116.32267 39.937
1202397545 116.3227 39.937
1202397847 116.33623 39.93686
1202398149 116.34604 39.9399
1202398451 116.34023 39.95584
1202398753 116.34465 39.94265
1202399055 116.35029 39.91488
1202399357 116.34196 39.8949
1202399659 116.33347 39.8841
1202399961 116.31531 39.88815
1202400263 116.30526 39.89701
1202400565 116.29623 39.91315
1202400867 116.2961 39.91422
1202401169 116.31561 39.90977
1202401471 116.32842 39.92334
1202401773 116.3234 39.92686
1202402075 116.31296 39.92689
1202402377 116.30396 39.92668
1202402678 116.3026 39.92665
1202402980 116.30262 39.92691
1202403282 116.30268 39.9271
1202403584 116.3039 39.92375
1202403886 116.31075 39.90576
1202404188 116.3201 39.90969
1202404490 116.34614 39.91252
1202404490 116.34614 39.91252
1202404792 116.34967 39.93369
1202405094 116.39894 39.94747
1202405396 116.40168 39.96032
1202405698 116.41883 39.96295
1202406000 116.40598 39.96782
1202406906 116.34912 39.96358
1202407208 116.37479 39.96982
1202407510 116.40766 39.98719
1202407812 116.47085 39.965
1202408114 116.48345 39.91525
1202408416 116.48565 39.91141
1202408718 116.47212 39.92118
1202409020 116.46084 39.92908
1202409322 116.43686 39.93981
1202409624 116.42482 39.94838
1202409926 116.41015 39.94941
1202410228 116.44048 39.94926
1202410530 116.45548 39.92855
1202410832 116.45916 39.89208
1202411134 116.46505 39.89273
1202411436 116.45574 39.8991
1202411738 116.45588 39.91693
1202411738 116.45588 39.91693
1202412039 116.45588 39.92831
1202412341 116.46848 39.94012
1202412643 116.48007 39.95599
1202412945 116.48479 39.96451
1202413247 116.47931 39.97212
1202413549 116.48549 39.99099
1202413851 116.51649 40.02284
1202414153 116.5349 40.05325
1202414455 116.5539 40.09273
1202414757 116.58149 40.11687
1202415059 116.62043 40.11635
1202415361 116.63488 40.12052
1202415663 116.6281 40.12814
1202415965 116.62398 40.132
1202416569 116.62399 40.13204
1202416871 116.62395 40.13205
1202417173 116.624 40.132
1202417475 116.62397 40.13203
1202417777 116.62401 40.13205
1202418079 116.624 40.13203
1202418381 116.624 40.132
1202418682 116.62399 40.13197
1202418984 116.624 40.13192
1202418984 116.624 40.13192
1202419286 116.62398 40.13197
1202419588 116.62397 40.13197
1202419890 116.62396 40.13195
1202420192 116.62395 40.13201
1202420494 116.62401 40.13191
1202420796 116.62394 40.13196
1202421098 116.62398 40.13195
1202421400 116.62397 40.13209
1202421702 116.62397 40.13207
1202422004 116.62393 40.13213
1202422306 116.62401 40.13223
1202422608 116.62395 40.13214
1202422910 116.62392 40.13216
1202423212 116.62394 40.13219
1202423514 116.62396 40.13219
1202423816 116.62394 40.13212
1202424117 116.62398 40.13209
1202424419 116.62395 40.13222
1202424721 116.62395 40.13211
1202425023 116.62394 40.13217
1202425325 116.62389 40.13209
1202425627 116.62399 40.13197
1202425929 116.62392 40.1321
1202426231 116.62394 40.13202
1202426231 116.62394 40.13202
1202426533 116.62399 40.13211
1202426835 116.62396 40.13196
1202427137 116.624 40.13213
1202427395 116.62404 40.13199
1202427395 116.62404 40.13199
1202427696 116.62397 40.13192
1202427998 116.624 40.13195
1202428300 116.624 40.13201
1202428602 116.62397 40.13195
1202428904 116.62394 40.13189
1202429206 116.62393 40.13195
1202429508 116.62392 40.13198
1202429810 116.62394 40.13193
1202430112 116.62393 40.13197
1202430414 116.62394 40.13195
1202430716 116.62395 40.13194
1202431018 116.62396 40.13194
1202431320 116.62394 40.13196
1202431622 116.62396 40.13196
1202431924 116.62396 40.13194
1202432226 116.62701 40.13725
1202432527 116.6428 40.13097
1202432829 116.64581 40.12069
1202433131 116.65095 40.12851
1202433433 116.64262 40.12892
1202433735 116.62318 40.13201
1202434037 116.62315 40.13197
1202434339 116.62317 40.13198
1202434641 116.62318 40.13197
1202434641 116.62318 40.13197
1202434943 116.6232 40.13199
1202435245 116.62319 40.13198
1202435547 116.62322 40.13195
1202435849 116.62324 40.13202
1202437359 116.62323 40.13198
1202438869 116.62325 40.13203
1202439171 116.62321 40.13202
1202439472 116.6232 40.13199
1202439774 116.62317 40.132
1202439911 116.62316 40.13196
1202440076 116.62321 40.13199
1202440378 116.62318 40.13201
1202440680 116.6232 40.13207
1202440982 116.62318 40.1321
1202441284 116.6232 40.132
1202441586 116.62322 40.13204
1202441888 116.62321 40.13204
1202442190 116.62322 40.13201
1202442190 116.62322 40.13201
1202442492 116.62323 40.13201
1202442794 116.6232 40.13201
1202443096 116.6232 40.132
1202443398 116.6232 40.13203
1202443700 116.62318 40.13205
1202444002 116.62325 40.13202
1202444304 116.62323 40.13204
1202444606 116.62325 40.13207
1202444606 116.62325 40.13207
1202444908 116.62326 40.13205
1202445210 116.62322 40.13208
1202445512 116.62321 40.13203
1202445814 116.62323 40.13201
1202446115 116.62324 40.13201
1202446417 116.62322 40.132
1202446719 116.62321 40.13197
1202447021 116.62323 40.13201
1202447323 116.62323 40.132
1202447625 116.62325 40.13201
1202447927 116.62324 40.13201
1202448229 116.62323 40.13203
1202448531 116.62323 40.13196
1202448833 116.6232 40.13197
1202449135 116.62315 40.132
1202449437 116.6232 40.13198
1202449437 116.6232 40.13198
1202449739 116.62316 40.13198
1202450041 116.62322 40.13198
1202450343 116.62318 40.13199
1202450645 116.62319 40.13198
1202450947 116.62316 40.13201
1202451249 116.62316 40.13197
1202451551 116.62319 40.13197
1202451853 116.6232 40.13198
1202452155 116.62321 40.13196
1202452457 116.62319 40.13197
1202452758 116.62315 40.13201
1202453060 116.6232 40.13197
1202453362 116.6232 40.13197
1202453664 116.6232 40.13194
1202453966 116.62322 40.13199
1202454268 116.62321 40.13199
1202454570 116.62325 40.13195
1202454872 116.62324 40.13202
1202455174 116.62323 40.13196
1202455476 116.62322 40.13201
1202455778 116.6232 40.13196
1202456080 116.62322 40.13202
1202456382 116.62323 40.132
1202456684 116.62323 40.132
1202456684 116.62323 40.132
1202456986 116.62324 40.13198
1202457288 116.62322 40.13197
1202457590 116.62321 40.13196
1202457891 116.62323 40.132
1202458193 116.6232 40.13199
1202458495 116.62326 40.13202
1202458797 116.62319 40.13198
1202459099 116.62324 40.132
1202459401 116.62322 40.13197
1202459703 116.62321 40.13198
1202460005 116.62324 40.13199
1202460307 116.62322 40.13197
1202460609 116.62324 40.13197
1202460911 116.62321 40.13198
1202461213 116.62324 40.13196
1202461515 116.62323 40.13198
1202461817 116.62324 40.132
1202462119 116.61062 40.12769
1202462421 116.5702 40.11662
1202462723 116.53058 40.09798
1202463025 116.47448 40.09165
1202463327 116.44105 40.08022
1202463629 116.42553 40.0727
1202463931 116.4582 40.0818
1202463931 116.4582 40.0818
1202464233 116.45045 40.0817
1202464535 116.42301 40.07278
1202464837 116.40713 40.07288
1202465138 116.40598 40.10971
1202465742 116.54831 40.1223
1202466044 116.58187 40.09226
1202466346 116.58516 40.07775
1202466648 116.58296 40.07651
1202466950 116.58753 40.05664
1202467252 116.58011 40.0779
1202467554 116.58222 40.08996
1202467856 116.58151 40.09418
1202468158 116.58401 40.07935
1202468460 116.58702 40.05485
1202468762 116.57645 40.04228
1202469064 116.55705 40.02941
1202469366 116.55891 40.00538
1202469668 116.55678 39.97458
1202469970 116.54127 39.96077
1202470272 116.5244 39.94038
1202470574 116.48788 39.93271
1202470875 116.48364 39.88801
1202471177 116.50751 39.86894
1202471479 116.50181 39.87617
1202471479 116.50181 39.87617
1202471781 116.50187 39.87749
1202472083 116.50176 39.87523
1202472385 116.47285 39.88313
1202472687 116.45488 39.87761
1202472989 116.41459 39.85602
1202473291 116.40759 39.86362
1202473593 116.41209 39.8657
1202473895 116.41042 39.8641
1202474197 116.4006 39.87071
1202474801 116.36103 39.88196
1202475103 116.36342 39.88179
1202475706 116.40363 39.87072
1202476008 116.43973 39.87615
1202476310 116.45005 39.88241
1202476612 116.45009 39.88198
1202476914 116.43786 39.89472
1202477216 116.42157 39.90707
1202477518 116.38986 39.9063
1202477820 116.35762 39.90589
1202478122 116.33321 39.91264
1202478424 116.3427 39.91254
1202478726 116.35705 39.89774
1202478726 116.35705 39.89774
1202479028 116.35723 39.88524
1202479330 116.35716 39.89708
1202479632 116.34672 39.90596
1202479934 116.33565 39.90631
1202480236 116.30429 39.91032
1202480538 116.30572 39.92301
1202480840 116.29517 39.92668
1202481142 116.28151 39.92623
1202481444 116.26732 39.92326
1202481746 116.26995 39.8797
1202482048 116.29126 39.82929
1202482349 116.33902 39.80878
1202482651 116.34212 39.79581
1202482953 116.34179 39.83037
1202483255 116.3481 39.84157
1202483557 116.35337 39.84464
1202483859 116.34255 39.86721
1202484161 116.35057 39.91343
1202484463 116.37193 39.94832
1202484765 116.38009 39.96052
1202485067 116.37404 39.98092
1202485369 116.41696 39.98735
1202485671 116.41145 39.98766
1202485973 116.3817 39.98682
1202485973 116.3817 39.98682
1202486275 116.37392 39.99623
1202486577 116.38422 39.9811
1202486879 116.37356 39.96251
1202487181 116.37348 39.93472
1202487483 116.3737 39.92653
1202487785 116.35947 39.93112
1202488087 116.34719 39.92533
1202488389 116.34708 39.92318
1202488691 116.33766 39.92688
1202488993 116.32828 39.9269
1202489295 116.34165 39.91709
1202489597 116.35067 39.90908
1202489899 116.34745 39.9152
1202490201 116.34669 39.91728
1202490502 116.3467 39.91726
1202490804 116.34673 39.91728
1202491106 116.34669 39.91723
1202491408 116.33813 39.92408
1202491710 116.32826 39.95086
1202492012 116.3126 39.95345
1202492314 116.31213 39.95344
