UTS Latitude Longitude
1201960122 116.45007 39.88223
1201960450 116.44975 39.8945
1201960762 116.45557 39.90169
1201961356 116.45559 39.93914
1201961658 116.42601 39.96827
1201961658 116.42601 39.96827
1201961959 116.37279 39.96684
1201962563 116.32766 39.9742
1201963769 116.32104 39.98318
1201964071 116.32104 39.98318
1201964675 116.32104 39.98318
1201965279 116.32104 39.98318
1201965882 116.32104 39.98318
1201966486 116.32104 39.98318
1201969209 116.32136 39.9798
1201969509 116.3277 39.97254
1201969809 116.3302 39.96062
1201970409 116.37126 39.96642
1201971309 116.35562 39.95658
1201977441 116.38721 39.88502
1201980050 116.48394 39.92179
1201980922 116.47632 39.98272
1201981525 116.46724 39.99751
1201981827 116.47279 39.99761
1201982129 116.48141 39.98796
1201982431 116.49073 39.98664
1201982732 116.49603 39.99644
1201983638 116.51046 40.0112
1201983940 116.51037 40.01128
1201984241 116.51042 40.01127
1201984543 116.49053 39.9937
1201986496 116.44466 39.96019
1201987592 116.33347 39.97096
1201989788 116.58664 40.07898
1201989788 116.58664 40.07898
1201990088 116.58225 40.06409
1201990388 116.56226 40.06133
1201990688 116.53354 40.05159
1201990987 116.51548 40.02168
1201991287 116.49972 40.00199
1201991587 116.48355 39.97486
1201992190 116.452 39.95502
1201995671 116.27969 39.92913
1201995973 116.28586 39.93099
1201996630 116.31681 39.94697
1201996932 116.31135 39.9457
1201997233 116.30656 39.95572
1201998276 116.26635 40.02447
1201998577 116.28133 40.0218
1201998879 116.31212 40.01157
1201999181 116.32821 39.99108
1201999792 116.3372 40.00963
1202000022 116.34191 40.01478
1202000324 116.33723 40.00992
1202000626 116.33117 39.99748
1202000927 116.33039 39.99159
1202001340 116.29525 39.99993
1202001948 116.33029 39.99146
1202002250 116.33103 39.99146
1202002551 116.33123 39.99147
1202002551 116.33123 39.99147
1202002853 116.33123 39.99147
1202003155 116.33141 39.9914
1202003468 116.33137 39.99138
1202003768 116.33137 39.99138
1202004932 116.36374 39.97143
1202005233 116.35545 39.9508
1202005813 116.35409 39.94925
1202007287 116.35988 40.07322
1202007589 116.33623 40.05828
1202007891 116.32562 40.05613
1202012557 116.44082 39.7694
1202012827 116.41548 39.78525
1202013127 116.40403 39.80386
1202013427 116.39499 39.83508
1202013727 116.38069 39.84761
1202014327 116.41472 39.8825
1202014807 116.42932 39.89663
1202015407 116.43413 39.90708
1202016547 116.50098 39.91087
1202016847 116.48403 39.91427
1202017477 116.44923 39.93049
1202017778 116.43759 39.9273
1202018547 116.45356 39.8723
1202019150 116.45591 39.90284
1202019452 116.44412 39.92134
1202019856 116.43734 39.92751
1202020540 116.41357 39.93966
1202021143 116.42553 39.93968
1202021445 116.44128 39.93226
1202021747 116.4444 39.93539
1202023219 116.28285 39.94106
1202023520 116.31695 39.93766
1202024426 116.47372 39.97115
1202024728 116.49115 39.98898
1202025331 116.49613 39.99636
1202026237 116.49613 39.99636
1202026539 116.49613 39.99636
1202026840 116.49613 39.99636
1202027444 116.49613 39.99636
1202028651 116.49613 39.99636
1202028651 116.49613 39.99636
1202029266 116.49613 39.99636
1202029566 116.49613 39.99636
1202029866 116.49613 39.99636
1202030166 116.49613 39.99636
1202030466 116.49613 39.99636
1202031367 116.49613 39.99636
1202033178 116.49613 39.99636
1202033496 116.50196 40.00396
1202033781 116.51036 40.01123
1202035289 116.47592 39.97353
1202036497 116.47869 39.96987
1202037651 116.47655 39.98877
1202038350 116.50037 39.98213
1202040605 116.4359 39.93235
1202042660 116.43642 39.94581
1202042962 116.42697 39.9482
1202043264 116.42817 39.95352
1202043566 116.42911 39.9532
1202043867 116.42908 39.95325
1202045325 116.43457 39.92176
1202045627 116.43483 39.92213
1202046733 116.40469 39.9738
1202047035 116.4049 39.97386
1202047337 116.4049 39.97386
1202048765 116.43108 39.92619
1202049065 116.44293 39.9323
1202049365 116.44488 39.9322
1202049666 116.44488 39.9322
1202049968 116.44523 39.93227
1202050645 116.50087 39.93498
1202051225 116.49832 39.92742
1202051978 116.46662 39.92947
1202052280 116.4557 39.9378
1202052582 116.44021 39.96111
1202052883 116.42963 39.96419
1202053185 116.42766 39.95817
1202054308 116.42104 39.9046
1202054610 116.41832 39.90643
1202054780 116.4183 39.90667
1202055384 116.45573 39.918
1202055685 116.46703 39.92638
1202056488 116.45272 39.94751
1202056488 116.45272 39.94751
1202057061 116.43349 39.95264
1202057085 116.43367 39.95116
1202057387 116.43843 39.93994
1202057688 116.43744 39.92657
1202057990 116.44104 39.92083
1202058767 116.42473 39.90749
1202061424 116.29947 39.98482
1202061725 116.30196 39.985
1202065235 116.52019 39.91271
1202065536 116.50704 39.90686
1202065838 116.48424 39.91313
1202066140 116.48343 39.9529
1202066442 116.47771 39.97463
1202066743 116.4977 39.9867
1202067044 116.49605 39.99647
1202067648 116.49605 39.99647
1202067950 116.49605 39.99647
1202068263 116.51046 40.01127
1202068563 116.51041 40.01135
1202068863 116.51047 40.01136
1202069163 116.49471 39.99663
1202069463 116.48365 39.9716
1202069763 116.46639 39.96536
1202070877 116.42677 39.93998
1202071179 116.41207 39.9396
1202071481 116.41041 39.94751
1202071782 116.41211 39.96047
1202072084 116.4118 39.96706
1202072386 116.40507 39.96937
1202072688 116.40495 39.97096
1202073376 116.41091 39.98357
1202073678 116.41138 39.97265
1202073979 116.40507 39.96782
1202074281 116.40506 39.96782
1202074583 116.40506 39.96782
1202074885 116.39587 39.9676
1202075722 116.33306 39.96088
1202077658 116.33177 39.99872
1202077658 116.33177 39.99872
1202077960 116.32818 39.99139
1202078262 116.32821 39.99129
1202078687 116.33434 39.98561
1202078989 116.39127 39.98672
1202079291 116.45469 39.97561
1202079603 116.48434 39.95797
1202079903 116.46538 39.96455
1202080458 116.4252 39.96838
1202080760 116.40525 39.96795
1202081417 116.39564 39.99028
1202082757 116.39705 39.96911
1202083307 116.3424 39.96661
1202083608 116.32239 39.96627
1202084611 116.30874 39.89564
1202084913 116.33653 39.88997
1202084913 116.33653 39.88997
1202085214 116.31896 39.88321
1202085516 116.31896 39.88321
1202085818 116.31896 39.88321
1202086120 116.31896 39.88321
1202086422 116.31764 39.88316
1202086723 116.30458 39.88821
1202087025 116.30445 39.91039
1202088182 116.40711 39.84638
1202088482 116.41744 39.84978
1202088782 116.4254 39.85695
1202089083 116.41492 39.87794
1202089385 116.40139 39.89092
1202089982 116.41163 39.91586
1202090282 116.43611 39.92232
1202090583 116.43941 39.92565
1202091184 116.43799 39.92571
1202091788 116.43784 39.92575
1202092090 116.43784 39.92575
1202092693 116.43779 39.92673
1202092995 116.43728 39.92819
1202093971 116.45407 39.86531
1202094273 116.46164 39.88046
1202094574 116.456 39.90247
1202094876 116.44423 39.91625
1202095178 116.44092 39.93221
1202095480 116.43444 39.93524
1202095782 116.41794 39.93965
1202096558 116.44923 39.93219
1202096860 116.44065 39.92086
1202099342 116.30891 39.81827
1202099642 116.28732 39.83266
1202099942 116.2864 39.84886
1202100243 116.31035 39.85765
1202100542 116.30753 39.86776
1202100843 116.30469 39.88619
1202101143 116.30641 39.88625
1202101143 116.30641 39.88625
1202101590 116.28914 39.90634
1202101892 116.26845 39.90629
1202102193 116.25558 39.91878
1202102495 116.25854 39.91633
1202102797 116.26772 39.92723
1202103098 116.28231 39.94092
1202103400 116.30556 39.94005
1202103702 116.3197 39.95563
1202104004 116.34673 39.9567
1202104306 116.35883 39.95113
1202104607 116.39144 39.9394
1202104909 116.41852 39.93959
1202105148 116.43274 39.94224
1202105461 116.45324 39.95284
1202105761 116.47247 39.97871
1202106061 116.48066 39.98649
1202106361 116.48066 39.98649
1202106661 116.48066 39.98649
1202106661 116.48066 39.98649
1202106961 116.48066 39.98649
1202107261 116.48066 39.98649
1202107562 116.48066 39.98649
1202107864 116.49424 39.99614
1202108165 116.49601 39.99646
1202108769 116.49601 39.99646
1202109071 116.49601 39.99646
1202109373 116.49601 39.99646
1202109675 116.49601 39.99646
1202109976 116.49601 39.99646
1202110278 116.49601 39.99646
1202110580 116.49601 39.99646
1202110882 116.49601 39.99646
1202111183 116.49601 39.99646
1202111485 116.49601 39.99646
1202111787 116.49601 39.99646
1202112089 116.49601 39.99646
1202112391 116.49601 39.99646
1202112692 116.49601 39.99646
1202112994 116.49601 39.99646
1202113296 116.49601 39.99646
1202113598 116.49601 39.99646
1202113900 116.49601 39.99646
1202114201 116.49601 39.99646
1202114201 116.49601 39.99646
1202114503 116.49601 39.99646
1202114805 116.49601 39.99646
1202115107 116.50728 40.00879
1202115409 116.51024 40.01103
1202115721 116.51022 40.01107
1202116021 116.50992 40.01121
1202116320 116.49732 39.99499
1202116620 116.49732 39.99499
1202116920 116.49732 39.99499
1202117220 116.49109 39.9869
1202117520 116.47926 39.97198
1202118406 116.47113 39.91042
1202118708 116.47148 39.90433
1202119020 116.45866 39.89942
1202119321 116.45866 39.89942
1202120147 116.44043 39.91208
1202120315 116.43762 39.9103
1202120616 116.4647 39.9123
1202120918 116.47161 39.90773
1202121683 116.45663 39.88342
1202121683 116.45663 39.88342
1202121683 116.45663 39.88342
1202122531 116.42576 39.90925
1202122833 116.42454 39.90777
1202122931 116.42408 39.90742
1202123233 116.42044 39.91577
1202125561 116.36739 39.94955
1202125861 116.3778 39.9522
1202126161 116.39002 39.95011
1202126247 116.39693 39.95008
1202126549 116.40647 39.93954
1202128080 116.35941 39.97218
1202128380 116.35937 39.96978
1202128680 116.34232 39.97519
1202128980 116.34484 39.97195
1202129281 116.34481 39.97193
1202129281 116.34481 39.97193
1202129583 116.33684 39.96648
1202129885 116.32825 39.96255
1202130187 116.32884 39.95982
1202130488 116.3394 39.95806
1202130790 116.33614 39.94704
1202132794 116.32845 39.96001
1202133096 116.32938 39.95308
1202133938 116.34662 39.92204
1202134240 116.33859 39.91827
1202134988 116.34642 39.90819
1202135290 116.33983 39.90406
1202138776 116.41302 39.92147
1202139380 116.43417 39.9215
1202139681 116.43413 39.92139
1202140991 116.35282 39.94355
1202141163 116.35385 39.94645
1202141163 116.35385 39.94645
1202141465 116.34611 39.93937
1202142502 116.34292 39.99962
1202144662 116.34702 39.92041
1202144964 116.35066 39.91899
1202145265 116.36004 39.92248
1202145567 116.36366 39.92255
1202145869 116.37028 39.93137
1202146171 116.38866 39.93198
1202147160 116.38371 39.90149
1202148433 116.41347 39.9151
1202149379 116.43524 39.89015
1202149679 116.4497 39.89391
1202149979 116.45785 39.89937
1202150281 116.47024 39.89918
1202150583 116.47187 39.90852
1202150885 116.47195 39.91024
1202151187 116.47194 39.91399
1202151489 116.47229 39.92659
1202151790 116.46813 39.94389
1202151922 116.47012 39.95258
1202152223 116.47615 39.96966
1202152525 116.47977 39.98114
1202152827 116.48311 39.9869
1202153129 116.4972 39.99495
1202153430 116.49737 39.99497
1202153732 116.49737 39.99497
1202154034 116.49737 39.99497
1202154336 116.49569 39.99686
1202154638 116.51041 40.01117
1202154939 116.51034 40.01128
1202155241 116.50957 40.01099
1202155845 116.4836 39.97132
1202156159 116.46831 39.96647
1202157511 116.4116 39.9741
1202158995 116.41242 39.95461
1202159297 116.40333 39.9577
1202159479 116.41881 39.95738
1202159781 116.42462 39.95806
1202160686 116.40493 39.96784
1202160988 116.37811 39.96721
1202161290 116.37814 39.96721
1202163241 116.3192 39.96572
1202163501 116.33582 39.96101
1202163501 116.33582 39.96101
1202164747 116.32966 39.95287
1202169746 116.30541 39.88252
1202170047 116.31475 39.89084
1202170651 116.30461 39.88821
1202170953 116.30451 39.89325
1202171255 116.30789 39.91995
1202171620 116.30348 39.95151
1202171620 116.30348 39.95151
1202171922 116.35989 39.96638
1202172958 116.40154 39.95723
1202173258 116.40162 39.9502
1202173558 116.40162 39.9502
1202174419 116.40075 39.95015
1202178658 116.36265 39.9567
1202179958 116.3488 39.95286
1202180706 116.35115 39.93926
1202181610 116.3521 39.94655
1202181912 116.36607 39.94695
1202182214 116.38928 39.93604
1202182817 116.41247 39.93962
1202184310 116.44019 39.92099
1202187091 116.44298 39.92165
1202190141 116.42051 39.91391
1202192577 116.37299 39.84933
1202193117 116.41859 39.85636
1202193777 116.40623 39.85251
1202194077 116.42439 39.85733
1202194377 116.41409 39.88445
1202194677 116.42069 39.91066
1202196130 116.48384 39.96662
1202197035 116.49217 39.99512
1202197941 116.49612 39.99636
1202198243 116.49612 39.99636
1202199148 116.49612 39.99636
1202199450 116.49612 39.99636
1202199751 116.49778 40.00014
1202199751 116.49778 40.00014
1202200053 116.51025 40.0111
1202200355 116.51022 40.0111
1202200657 116.51009 40.01109
1202200959 116.48974 39.99296
1202201260 116.47811 39.97511
1202201562 116.47815 39.97102
1202201864 116.47815 39.97102
1202202476 116.47815 39.97102
1202202776 116.47815 39.97102
1202203076 116.47815 39.97102
1202204336 116.47152 39.90457
1202204939 116.46109 39.89681
1202207036 116.35247 39.93731
1202207366 116.3574 39.93531
1202207639 116.3574 39.93531
1202208243 116.35144 39.93324
1202208545 116.35251 39.94871
1202208872 116.3536 39.95659
1202209031 116.34234 39.95691
1202209031 116.34234 39.95691
1202209332 116.31813 39.95575
1202209646 116.32849 39.9611
1202209936 116.33865 39.95958
1202210259 116.33865 39.95958
1202211315 116.35735 39.9392
1202211617 116.36068 39.93704
1202212317 116.35009 39.90865
1202212921 116.32153 39.90966
1202213826 116.34023 39.90411
1202214430 116.34008 39.90406
1202215040 116.34001 39.90407
1202215637 116.34001 39.90407
1202216240 116.34704 39.8892
1202218448 116.34642 39.92237
1202218750 116.33251 39.92687
1202219052 116.31985 39.93509
1202219354 116.32742 39.93169
1202219655 116.34832 39.93105
1202219957 116.35853 39.92207
1202220259 116.35567 39.91076
1202220263 116.35524 39.91077
1202220565 116.35008 39.92374
1202220867 116.36776 39.94736
1202220867 116.36776 39.94736
1202221470 116.45383 39.97652
1202221772 116.45928 39.98702
1202222074 116.4645 39.98064
1202222074 116.4645 39.98064
1202222376 116.47322 39.97081
1202222677 116.47015 39.96488
1202222979 116.46459 39.95314
1202223281 116.46791 39.94415
1202223851 116.44684 39.93253
1202224153 116.44415 39.93168
1202225275 116.41584 39.93953
1202225576 116.42824 39.92061
1202225878 116.42945 39.90926
1202226179 116.43929 39.8757
1202226481 116.43239 39.8595
1202226783 116.43288 39.84488
1202227085 116.44499 39.82485
1202227387 116.44502 39.82473
1202228292 116.44672 39.82372
1202228594 116.4415 39.83021
1202229160 116.44067 39.85626
1202229964 116.42783 39.8616
1202230266 116.42767 39.86315
1202234798 116.58274 40.04952
1202235100 116.55602 40.02903
1202235714 116.49598 39.9964
1202236014 116.49601 39.99641
1202236314 116.49601 39.99641
1202236614 116.49601 39.99641
1202236915 116.49601 39.99641
1202237214 116.49601 39.99641
1202237516 116.49601 39.99641
1202237816 116.51039 40.01118
1202238118 116.5102 40.01149
1202238420 116.50984 40.01191
1202238724 116.4952 40.00053
1202239023 116.48353 39.97925
1202239325 116.46833 39.96651
1202239627 116.44522 39.9606
1202239929 116.44147 39.96131
1202241275 116.58648 40.0789
1202241576 116.58122 40.07013
1202241779 116.57446 40.0603
1202242080 116.54438 40.05954
1202242382 116.52217 40.03154
1202242382 116.52217 40.03154
1202242684 116.50572 40.00748
1202243288 116.48363 39.97187
1202243589 116.47541 39.96983
1202243891 116.47541 39.96983
1202244134 116.47373 39.97039
1202244435 116.48369 39.94495
1202245039 116.50078 39.91465
1202245341 116.47485 39.91434
1202245643 116.47009 39.91227
1202245944 116.46633 39.90715
1202246246 116.45571 39.90422
1202246548 116.45762 39.90645
1202246850 116.4704 39.89921
1202247940 116.47501 39.92888
1202248074 116.47237 39.92944
1202248376 116.45584 39.9395
1202248980 116.43828 39.93935
1202249281 116.42641 39.94995
1202249583 116.42795 39.95332
1202249885 116.43651 39.95365
1202250187 116.44331 39.96406
1202251580 116.31669 39.9963
1202251944 116.32658 39.99571
1202252246 116.3203 39.98477
1202252548 116.28899 39.98257
1202252850 116.28935 39.94143
1202253151 116.28899 39.90989
1202253453 116.30393 39.89806
1202253755 116.30484 39.87782
1202255334 116.29637 39.8311
1202255394 116.29629 39.82993
1202255696 116.27156 39.87566
1202255998 116.26844 39.90599
1202256300 116.29295 39.9062
1202256300 116.29295 39.9062
1202256601 116.3151 39.89703
1202257140 116.31565 39.91831
1202257743 116.30796 39.91986
1202257743 116.30796 39.91986
1202258045 116.30799 39.91989
1202258347 116.30799 39.91989
1202258763 116.29987 39.94024
1202259064 116.31109 39.9518
1202259366 116.31787 39.95049
1202259668 116.33454 39.95652
1202259970 116.34603 39.93906
1202260272 116.36611 39.93924
1202261013 116.39225 39.94742
1202261315 116.41222 39.95895
1202261617 116.42998 39.96213
1202262477 116.4398 39.92588
1202262779 116.43822 39.92569
1202263382 116.43801 39.9257
1202264288 116.43765 39.92653
1202264590 116.43785 39.92685
1202264892 116.43793 39.9271
1202265155 116.43764 39.92622
1202265457 116.39628 39.92216
1202265759 116.3673 39.92235
1202266061 116.38985 39.93202
1202266673 116.46945 39.97538
1202266973 116.49558 39.99707
1202267273 116.49796 39.9959
1202267573 116.49796 39.9959
1202267873 116.49796 39.9959
1202268173 116.49991 40.00207
1202268475 116.50751 40.01115
1202268475 116.50751 40.01115
1202268777 116.50751 40.01115
1202269079 116.51982 40.02786
1202269380 116.5513 40.07652
1202269682 116.58122 40.11686
1202269984 116.66293 40.11506
1202270286 116.72974 40.12207
1202270587 116.81681 40.14849
1202270889 116.90842 40.15234
1202271191 117.00424 40.13972
1202271493 117.09313 40.14407
1202271795 117.11225 40.15384
1202272097 117.11068 40.16151
1202272398 117.11068 40.16151
1202272700 117.11068 40.1615
1202273002 117.11068 40.1615
1202273303 117.11068 40.1615
1202273604 117.11068 40.1615
1202273906 117.11068 40.1615
1202274208 117.11065 40.16148
1202274510 117.11065 40.16148
1202274812 117.11065 40.16148
1202275114 117.11065 40.16148
1202275415 117.11065 40.16148
1202275717 117.11065 40.16148
1202276019 117.11065 40.16148
1202276019 117.11065 40.16148
1202276332 117.11065 40.16148
1202276632 117.11065 40.16148
1202276932 117.11065 40.16148
1202277232 117.11065 40.16148
1202277532 117.11065 40.16148
1202277832 117.11065 40.16148
1202278132 117.11065 40.16148
1202278433 117.11065 40.16148
1202278735 117.11065 40.16148
1202279037 117.11065 40.16148
1202279339 117.11065 40.16148
1202279641 117.11065 40.16148
1202279942 117.11065 40.16148
1202280244 117.11065 40.16148
1202280546 117.11065 40.16148
1202280848 117.11065 40.16148
1202281150 117.11065 40.16148
1202281451 117.11065 40.16148
1202281753 117.11065 40.16148
1202282055 117.11065 40.16148
1202282357 117.11065 40.16148
1202282659 117.11065 40.16148
1202282960 117.11065 40.16148
1202283262 117.11065 40.16148
1202283564 117.11066 40.16149
1202283564 117.11066 40.16149
1202283866 117.11066 40.16149
1202284168 117.11066 40.16149
1202284469 117.11066 40.16149
1202284771 117.11066 40.16149
1202285073 117.11066 40.16149
1202285375 117.11066 40.16149
1202285677 117.11066 40.16149
1202285978 117.11066 40.16149
1202286292 117.11066 40.16149
1202286592 117.11066 40.16149
1202286892 117.11066 40.16149
1202287192 117.11066 40.16149
1202287491 117.11066 40.16149
1202287791 117.11066 40.16149
1202288091 117.11066 40.16149
1202288392 117.11066 40.16149
1202288995 117.11066 40.16149
1202289297 117.11066 40.16149
1202289599 117.11066 40.16149
1202290203 117.11064 40.1619
1202290505 117.1063 40.14597
1202290806 117.10701 40.14596
1202291108 117.10701 40.14596
1202291410 117.10701 40.14596
1202291712 117.10701 40.14596
1202292013 117.10701 40.14596
1202292315 117.10701 40.14596
1202292617 117.11233 40.14976
1202292919 117.11359 40.15621
1202293221 117.11359 40.15621
1202293523 117.11359 40.15621
1202293825 117.11359 40.15621
1202294126 117.11359 40.15621
1202294428 117.11359 40.15621
1202294730 117.11359 40.15621
1202295032 117.11359 40.15621
1202295334 117.11359 40.15621
1202295636 117.11359 40.15621
1202295937 117.11359 40.15621
1202296251 117.11359 40.15621
1202296551 117.11359 40.15621
1202296851 117.11359 40.15621
1202297451 117.11359 40.15621
1202298051 117.11359 40.15621
1202298352 117.11359 40.15621
1202298352 117.11359 40.15621
1202298654 117.11359 40.15621
1202298956 117.11359 40.15621
1202299257 117.11059 40.16089
1202299559 117.11059 40.16089
1202299861 117.11059 40.16089
1202300163 117.11059 40.16089
1202300465 117.11059 40.16089
1202300766 117.11059 40.16089
1202301068 117.11059 40.16089
1202301370 117.11059 40.16089
1202301671 117.11455 40.16703
1202301973 117.11399 40.16721
1202302274 117.11399 40.16721
1202302642 117.11301 40.16483
1202302943 117.113 40.16089
1202303245 117.11607 40.15316
1202303547 117.11322 40.16535
1202303849 117.11399 40.16721
1202304452 117.11399 40.16721
1202304754 117.11399 40.16721
1202305056 117.11399 40.16721
1202305358 117.11399 40.16721
1202305670 117.11399 40.16721
1202305970 117.11399 40.16721
1202306270 117.11399 40.16721
1202306870 117.11399 40.16721
1202307170 117.11627 40.16082
1202307470 117.12617 40.15248
1202307772 117.12632 40.13838
1202308074 117.12632 40.13838
1202308376 117.12632 40.13838
1202308677 117.12632 40.13838
1202309281 117.12632 40.13838
1202309583 117.12632 40.13838
1202309885 117.11778 40.15275
1202310186 117.11238 40.14721
1202310488 117.11067 40.14634
1202311092 117.11067 40.14634
1202311495 117.11067 40.14634
1202311496 117.11067 40.14634
1202311971 117.11225 40.1566
1202312273 117.11073 40.16093
1202312876 117.11208 40.16391
1202313178 117.11396 40.16723
1202313480 117.11602 40.16505
1202313782 117.13497 40.1778
1202314083 117.13636 40.18551
1202314385 117.13636 40.18551
1202314687 117.13636 40.18551
1202314989 117.13636 40.18551
1202315291 117.13636 40.18551
1202315592 117.13636 40.18551
1202315894 117.13636 40.18551
1202316196 117.13636 40.18551
1202316498 117.13636 40.18551
1202316800 117.13636 40.18551
1202317101 117.14767 40.18722
1202317403 117.15287 40.18759
1202318007 117.16102 40.17158
1202318309 117.16102 40.17158
1202318610 117.16102 40.17158
1202318912 117.16102 40.17158
1202319214 117.13938 40.16091
1202319516 117.11325 40.16644
1202319516 117.11325 40.16644
1202319817 117.11325 40.16644
1202320130 117.11325 40.16644
1202320431 117.11302 40.1649
1202320730 117.11326 40.16641
1202321031 117.11326 40.16641
1202321330 117.11326 40.16641
1202321631 117.11326 40.16641
1202321930 117.11384 40.1672
1202322232 117.11384 40.1672
1202322534 117.11384 40.1672
1202322836 117.11384 40.1672
1202323137 117.11384 40.1672
1202323439 117.11384 40.1672
1202323741 117.11459 40.16608
1202324043 117.11456 40.166
1202324345 117.11456 40.166
1202324646 117.11456 40.166
1202324948 117.11456 40.166
1202325551 117.11456 40.166
1202326154 117.11456 40.166
1202326456 117.1163 40.15948
1202326758 117.11883 40.15473
1202327060 117.11882 40.15473
1202327362 117.11882 40.15473
1202327663 117.11882 40.15473
1202327965 117.11882 40.15473
1202328267 117.1188 40.15476
1202328569 117.11881 40.15414
1202328871 117.11215 40.16229
1202329172 117.11215 40.16229
1202329474 117.11215 40.16229
1202329776 117.11215 40.16229
1202330389 117.11215 40.16229
1202330989 117.11215 40.16229
1202331290 117.11215 40.16229
1202331589 117.11217 40.16228
1202331890 117.11301 40.16393
1202332190 117.11326 40.16591
1202332492 117.11326 40.16591
1202333398 117.11326 40.16591
1202333699 117.11326 40.16591
1202334001 117.11326 40.16591
1202334303 117.11326 40.16591
1202334303 117.11326 40.16591
1202334605 117.11326 40.16591
1202334906 117.11328 40.16636
1202335208 117.11328 40.16636
1202335510 117.11328 40.16636
1202335812 117.11328 40.16636
1202336114 117.11328 40.16636
1202336717 117.11328 40.16636
1202337019 117.11328 40.16636
1202337321 117.11328 40.16636
1202337623 117.11388 40.16725
1202337925 117.11388 40.16725
1202338226 117.11388 40.16725
1202338528 117.11388 40.16725
1202338830 117.11388 40.16725
1202339132 117.11388 40.16725
1202339433 117.11388 40.16725
1202339734 117.11388 40.16725
1202340048 117.11388 40.16725
1202340348 117.11388 40.16725
1202340348 117.11388 40.16725
1202340648 117.11388 40.16725
1202340950 117.11388 40.16725
1202341248 117.11209 40.16148
1202341549 117.1107 40.16126
1202341848 117.1107 40.16126
1202341848 117.1107 40.16126
1202342150 117.11073 40.16124
1202342451 117.11073 40.16124
1202342752 117.11073 40.16124
1202343054 117.11073 40.16124
1202343356 117.11073 40.16124
1202343658 117.11073 40.16124
1202343960 117.11073 40.16124
1202344261 117.11073 40.16124
1202344865 117.11073 40.16124
1202345167 117.11073 40.16124
1202345468 117.11073 40.16124
1202345770 117.11073 40.16124
1202346072 117.11073 40.16124
1202346374 117.11073 40.16124
1202346676 117.11073 40.16124
1202346977 117.11073 40.16124
1202347279 117.11073 40.16124
1202347581 117.11073 40.16124
1202347883 117.11073 40.16124
1202348185 117.11073 40.16124
1202348486 117.11073 40.16124
1202348788 117.11073 40.16124
1202349090 117.11073 40.16124
1202349392 117.11073 40.16124
1202349392 117.11073 40.16124
1202350308 117.11073 40.16124
1202350609 117.11073 40.16124
1202350908 117.11073 40.16124
1202351210 117.11073 40.16124
1202351508 117.11073 40.16124
1202351809 117.11073 40.16124
1202352108 117.11073 40.16124
1202352410 117.11073 40.16124
1202352712 117.11073 40.16124
1202353014 117.11073 40.16124
1202353315 117.11073 40.16124
1202353617 117.11073 40.16124
1202353918 117.11073 40.16124
1202354220 117.11078 40.16124
1202354521 117.11078 40.16124
1202354823 117.11078 40.16124
1202355125 117.11078 40.16124
1202355427 117.11078 40.16124
1202355729 117.11078 40.16124
1202356031 117.11078 40.16124
1202356332 117.11078 40.16124
1202356634 117.11078 40.16124
1202356634 117.11078 40.16124
1202356936 117.11078 40.16124
1202356936 117.11078 40.16124
1202357540 117.11078 40.16124
1202357841 117.11078 40.16124
1202358143 117.11078 40.16124
1202358445 117.11078 40.16124
1202358747 117.11078 40.16124
1202359049 117.11078 40.16124
1202359350 117.11078 40.16124
1202359652 117.11078 40.16124
1202359954 117.11078 40.16124
1202360267 117.11078 40.16121
1202360567 117.11079 40.16122
1202360869 117.11079 40.16122
1202361469 117.11079 40.16122
1202361767 117.11079 40.16122
1202362069 117.11079 40.16122
1202362368 117.11079 40.16122
1202362670 117.11079 40.16122
1202363274 117.11079 40.16122
1202363877 117.11079 40.16122
1202364179 117.11079 40.16122
1202364179 117.11079 40.16122
1202364481 117.11079 40.16122
1202364783 117.11079 40.16122
1202365084 117.11079 40.16122
1202365386 117.11079 40.16122
1202365688 117.11079 40.16122
1202365990 117.11079 40.16122
1202366292 117.11079 40.16122
1202366593 117.11079 40.16122
1202366895 117.11079 40.16122
1202367197 117.11079 40.16122
1202367499 117.11079 40.16122
1202367801 117.11079 40.16122
1202368102 117.11079 40.16122
1202368403 117.11079 40.16122
1202368705 117.11079 40.16122
1202369007 117.11079 40.16122
1202369309 117.11079 40.16122
1202369912 117.11079 40.16122
1202370214 117.11079 40.16122
1202370827 117.11077 40.16124
1202371128 117.11077 40.16124
1202371427 117.11077 40.16124
1202371427 117.11077 40.16124
1202371728 117.11077 40.16124
1202372027 117.11077 40.16124
1202372328 117.11077 40.16124
1202372629 117.11077 40.16124
1202372931 117.11077 40.16124
1202373232 117.11077 40.16124
1202373534 117.11077 40.16124
1202374138 117.11077 40.16124
1202374440 117.11077 40.16124
1202374741 117.11077 40.16124
1202375043 117.11077 40.16124
1202375345 117.11077 40.16124
1202375345 117.11077 40.16124
1202375647 117.11077 40.16124
1202375949 117.11077 40.16124
1202376250 117.11077 40.16124
1202376552 117.11077 40.16124
1202376854 117.11077 40.16124
1202377156 117.11077 40.16124
1202377458 117.11077 40.16124
1202377759 117.11077 40.16124
1202378363 117.11072 40.1612
1202378665 117.11072 40.1612
1202378966 117.11072 40.1612
1202378966 117.11072 40.1612
1202379268 117.11072 40.1612
1202379570 117.11072 40.1612
1202379872 117.11072 40.1612
1202380174 117.11072 40.1612
1202380487 117.11072 40.1612
1202380787 117.1107 40.16145
1202381087 117.11882 40.15415
1202381388 117.11883 40.15412
1202381687 117.11883 40.15412
1202381987 117.11883 40.15412
1202382587 117.11883 40.15412
1202382889 117.11643 40.15205
1202383191 117.10233 40.13878
1202383492 117.08981 40.12818
1202383794 117.08808 40.12381
1202384096 117.08891 40.1273
1202384398 117.10522 40.13859
1202384700 117.10462 40.16192
1202385001 117.10456 40.15981
1202385303 117.10497 40.14154
1202385605 117.0973 40.14365
1202386209 117.09688 40.14344
1202386510 117.08788 40.12517
1202386510 117.08788 40.12517
1202386812 117.08787 40.12379
1202387114 117.08787 40.12379
1202387416 117.09355 40.12211
1202387717 117.09284 40.12449
1202388019 117.07516 40.144
1202388321 117.06684 40.14509
1202388925 117.06684 40.14509
1202389226 117.06684 40.14509
1202389528 117.06684 40.14509
1202389830 117.06684 40.14509
1202390132 117.06684 40.14509
1202390434 117.06684 40.14509
1202390746 117.06684 40.14509
1202391046 117.06684 40.14509
1202391346 117.06684 40.14509
1202391946 117.06684 40.14509
1202392546 117.06684 40.14509
1202392848 117.06684 40.14509
1202393150 117.06684 40.14509
1202393452 117.06684 40.14509
1202393753 117.06684 40.14509
1202393753 117.06684 40.14509
1202394055 117.06684 40.14509
1202394357 117.06684 40.14509
1202394659 117.06684 40.14509
1202394961 117.06684 40.14509
1202395262 117.06684 40.14509
1202395564 117.06684 40.14509
1202395866 117.06684 40.14509
1202396168 117.06684 40.14509
1202396470 117.06684 40.14509
1202396770 117.06684 40.14509
1202397072 117.06684 40.14509
1202397374 117.06684 40.14509
1202397676 117.06684 40.14509
1202397978 117.06684 40.14509
1202398279 117.06684 40.14509
1202398426 117.06687 40.14455
1202398581 117.07663 40.14392
1202398883 117.09316 40.12399
1202399025 117.10014 40.1219
1202399026 117.10014 40.1219
1202399489 117.10013 40.12187
1202399791 117.10013 40.12187
1202400091 117.10013 40.12187
1202400405 117.10013 40.12187
1202400705 117.10013 40.12187
1202401005 117.10013 40.12187
1202401005 117.10013 40.12187
1202401305 117.10013 40.12187
1202401605 117.10013 40.12187
1202401905 117.10013 40.12187
1202402205 117.10013 40.12187
1202402506 117.10013 40.12187
1202402807 117.10013 40.12187
1202403109 117.10013 40.12187
1202403411 117.10013 40.12187
1202403713 117.10013 40.12187
1202404015 117.10013 40.12187
1202404316 117.10013 40.12187
1202404618 117.10013 40.12187
1202404920 117.10013 40.12187
1202405222 117.10013 40.12187
1202405524 117.10013 40.12187
1202405825 117.10013 40.12187
1202406127 117.10013 40.12187
1202406429 117.10013 40.12187
1202406731 117.10013 40.12187
1202407033 117.10013 40.12187
1202407334 117.10013 40.12187
1202407636 117.10013 40.12187
1202407938 117.10013 40.12187
1202408240 117.10013 40.12187
1202408541 117.10013 40.12187
1202408843 117.10013 40.12187
1202409145 117.10013 40.12187
1202409447 117.10013 40.12187
1202409749 117.10013 40.12187
1202410050 117.10013 40.12187
1202410352 117.10013 40.12187
1202410665 117.10013 40.12187
1202410965 117.08804 40.12399
1202411265 117.08759 40.12378
1202411565 117.08759 40.12378
1202411865 117.08759 40.12378
1202412165 117.08759 40.12378
1202412465 117.08759 40.12378
1202412767 117.08759 40.12378
1202413068 117.08759 40.12378
1202413370 117.08759 40.12378
1202413672 117.08759 40.12378
1202413974 117.08759 40.12378
1202414275 117.08759 40.12378
1202414577 117.08759 40.12378
1202414879 117.08759 40.12378
1202415181 117.08759 40.12378
1202415482 117.08759 40.12378
1202415783 117.08759 40.12378
1202416085 117.08759 40.12378
1202416085 117.08759 40.12378
1202416387 117.08759 40.12378
1202416689 117.08759 40.12378
1202416991 117.08759 40.12378
1202417292 117.08759 40.12378
1202417594 117.08759 40.12378
1202417896 117.08759 40.12378
1202418198 117.08759 40.12378
1202418500 117.08759 40.12378
1202418801 117.08759 40.12378
1202419103 117.08759 40.12378
1202419405 117.08759 40.12378
1202419707 117.08759 40.12378
1202420009 117.08759 40.12378
1202420310 117.08759 40.12378
1202420624 117.08759 40.12378
1202420924 117.08759 40.12378
1202421224 117.08759 40.12378
1202421524 117.08759 40.12378
1202421824 117.08759 40.12378
1202422124 117.08759 40.12378
1202422424 117.08759 40.12378
1202422725 117.08759 40.12378
1202423027 117.08759 40.12378
1202423328 117.08759 40.12378
1202423630 117.08759 40.12378
1202423630 117.08759 40.12378
1202423932 117.08759 40.12378
1202424234 117.08759 40.12378
1202424536 117.08759 40.12378
1202424838 117.08759 40.12378
1202425139 117.08759 40.12378
1202425441 117.08759 40.12378
1202425743 117.08759 40.12378
1202426045 117.08759 40.12378
1202426347 117.08759 40.12378
1202426648 117.08759 40.12378
1202426950 117.08759 40.12378
1202427252 117.08759 40.12378
1202427554 117.08759 40.12378
1202427856 117.08759 40.12378
1202428157 117.08759 40.12378
1202428459 117.08759 40.12378
1202428761 117.08759 40.12378
1202429063 117.08759 40.12378
1202429365 117.08759 40.12378
1202429666 117.08759 40.12378
1202429967 117.08759 40.12378
1202430269 117.08759 40.12378
1202430571 117.08759 40.12378
1202430883 117.08759 40.12378
1202431183 117.08759 40.12378
1202431483 117.08759 40.12378
1202431783 117.08759 40.12378
1202432083 117.08759 40.12378
1202432383 117.08759 40.12378
1202432683 117.08759 40.12378
1202432985 117.08759 40.12378
1202433287 117.08759 40.12378
1202433589 117.08759 40.12378
1202433891 117.08759 40.12378
1202434192 117.08759 40.12378
1202434494 117.08759 40.12378
1202434796 117.08759 40.12378
1202435098 117.08759 40.12378
1202435400 117.08759 40.12378
1202435701 117.08759 40.12378
1202436003 117.08759 40.12378
1202437512 117.08759 40.12378
1202438719 117.08759 40.12378
1202439021 117.08759 40.12378
1202439323 117.08759 40.12378
1202439625 117.08759 40.12378
1202439926 117.08759 40.12378
1202440228 117.08759 40.12378
1202440530 117.08759 40.12378
1202440843 117.08759 40.12378
1202441143 117.08759 40.12378
1202441443 117.08759 40.12378
1202441743 117.08759 40.12378
1202442043 117.08759 40.12378
1202442343 117.08759 40.12378
1202442643 117.08759 40.12378
1202442945 117.08759 40.12378
1202443246 117.08759 40.12378
1202443548 117.08759 40.12378
1202443850 117.08759 40.12378
1202444151 117.08759 40.12378
1202444453 117.08759 40.12378
1202444754 117.08759 40.12378
1202445056 117.08759 40.12378
1202445358 117.08759 40.12378
1202445660 117.08759 40.12378
1202445660 117.08759 40.12378
1202445962 117.08759 40.12378
1202446264 117.08759 40.12378
1202446565 117.08759 40.12378
1202446867 117.08759 40.12378
1202447169 117.08759 40.12378
1202447471 117.08759 40.12378
1202447772 117.08759 40.12378
1202448074 117.08759 40.12378
1202448376 117.08759 40.12378
1202448678 117.08759 40.12378
1202448980 117.08759 40.12378
1202449282 117.08759 40.12378
1202449583 117.08759 40.12378
1202449885 117.08759 40.12378
1202450187 117.08759 40.12378
1202450489 117.08759 40.12378
1202450802 117.08759 40.12378
1202451102 117.08759 40.12378
1202451402 117.08759 40.12378
1202451702 117.08759 40.12378
1202452002 117.08759 40.12378
1202452302 117.08759 40.12378
1202452602 117.08759 40.12378
1202452903 117.08759 40.12378
1202453205 117.08759 40.12378
1202453205 117.08759 40.12378
1202453507 117.08759 40.12378
1202453808 117.08759 40.12378
1202454110 117.08759 40.12378
1202454412 117.08759 40.12378
1202454714 117.08759 40.12378
1202455016 117.08759 40.12378
1202455317 117.08759 40.12378
1202455619 117.08759 40.12378
1202455921 117.08759 40.12378
1202456223 117.08759 40.12378
1202456525 117.08759 40.12378
1202456826 117.08759 40.12378
1202457128 117.08759 40.12378
1202457430 117.08759 40.12378
1202457732 117.08759 40.12378
1202458034 117.08759 40.12378
1202458335 117.08759 40.12378
1202458636 117.08759 40.12378
1202458938 117.08759 40.12378
1202459240 117.08759 40.12378
1202459542 117.08759 40.12378
1202459844 117.08759 40.12378
1202460145 117.08759 40.12378
1202460447 117.08759 40.12378
1202460749 117.08759 40.12378
1202460749 117.08759 40.12378
1202461061 117.08759 40.12378
1202461361 117.08759 40.12378
1202461661 117.08759 40.12378
1202461961 117.08759 40.12378
1202462261 117.08759 40.12378
1202462561 117.08759 40.12378
1202462862 117.08759 40.12378
1202463163 117.08759 40.12378
1202463465 117.08759 40.12378
1202463767 117.08759 40.12378
1202464069 117.08759 40.12378
1202464370 117.08759 40.12378
1202464672 117.08759 40.12378
1202464974 117.08759 40.12378
1202465276 117.08759 40.12378
1202465578 117.08759 40.12378
1202465879 117.08759 40.12378
1202466181 117.08759 40.12378
1202466483 117.08759 40.12378
1202466785 117.08759 40.12378
1202467087 117.08763 40.12385
1202467388 117.08763 40.12385
1202467690 117.08763 40.12385
1202467992 117.08763 40.12385
1202467992 117.08763 40.12385
1202468294 117.08763 40.12385
1202468596 117.08763 40.12385
1202468898 117.08763 40.12385
1202469199 117.08763 40.12385
1202469501 117.08763 40.12385
1202469803 117.08763 40.12385
1202470105 117.08763 40.12385
1202470708 117.08763 40.12385
1202471022 117.08763 40.12385
1202471322 117.08771 40.12391
1202471622 117.08765 40.12387
1202471921 117.08765 40.12387
1202472221 117.08765 40.12387
1202472521 117.08765 40.12387
1202472821 117.08765 40.12387
1202473122 117.08765 40.12387
1202473424 117.08765 40.12387
1202473725 117.08765 40.12387
1202474027 117.08765 40.12387
1202474329 117.08765 40.12387
1202474631 117.08765 40.12387
1202474933 117.08765 40.12387
1202475235 117.08765 40.12387
1202475536 117.08765 40.12387
1202475536 117.08765 40.12387
1202475838 117.08765 40.12387
1202476140 117.08765 40.12387
1202476442 117.08765 40.12387
1202476744 117.08765 40.12387
1202477045 117.08765 40.12387
1202477347 117.08765 40.12387
1202477649 117.08765 40.12387
1202477951 117.08765 40.12387
1202478253 117.08765 40.12387
1202478554 117.08765 40.12387
1202478856 117.08765 40.12387
1202479158 117.08765 40.12387
1202479460 117.08765 40.12387
1202479761 117.08765 40.12387
1202480063 117.08765 40.12387
1202480365 117.08765 40.12387
1202480667 117.08765 40.12387
1202480981 117.08881 40.13243
1202481281 117.05833 40.14458
1202481581 116.98893 40.14125
1202481881 116.92814 40.15143
1202482181 116.85191 40.15203
1202482481 116.78206 40.14516
1202482781 116.7112 40.12245
1202482781 116.7112 40.12245
1202483081 116.66373 40.1151
1202483383 116.62194 40.11646
1202483685 116.5648 40.11647
1202483897 116.55295 40.10086
1202484199 116.50591 40.09891
1202484501 116.5021 40.09617
1202484803 116.54934 40.10063
1202485105 116.56315 40.10383
1202485105 116.56315 40.10383
1202485406 116.55522 40.09947
1202485708 116.54519 40.06018
1202488317 116.33069 40.04479
1202488618 116.33069 40.04479
1202489241 116.34152 40.03201
1202489542 116.34031 40.0306
1202489844 116.3461 40.00708
1202490145 116.34267 39.9997
1202490940 116.31928 39.96609
1202491242 116.36677 39.96665
1202491544 116.38791 39.95568
1202492204 116.40234 39.93401
