UTS Latitude Longitude
1201959539 116.32842 39.9137
1201959839 116.31693 39.90971
1201960139 116.315 39.90791
1201960439 116.31514 39.89676
1201960456 116.31514 39.89676
1201960756 116.31869 39.9062
1201961648 116.34036 39.92009
1201961845 116.35785 39.92239
1201962145 116.36308 39.92252
1201962445 116.36501 39.92253
1201963045 116.38485 39.9212
1201963345 116.40233 39.923
1201963350 116.40233 39.92299
1201963645 116.41088 39.92291
1201963945 116.42865 39.91525
1201964651 116.42276 39.89237
1201964820 116.41276 39.89499
1201965018 116.42143 39.89437
1201965222 116.41261 39.89441
1201965522 116.42118 39.90701
1201965822 116.44446 39.9069
1201966067 116.4533 39.91028
1201966367 116.45251 39.90734
1201966667 116.44433 39.90786
1201966921 116.44426 39.90833
1201967079 116.44426 39.92081
1201967379 116.4439 39.92559
1201967463 116.43859 39.92563
1201967463 116.43859 39.92563
1201967763 116.42803 39.922
1201968363 116.41786 39.907
1201968684 116.39941 39.90648
1201969185 116.36577 39.90594
1201969263 116.36516 39.90943
1201969564 116.36722 39.91254
1201970164 116.37334 39.9314
1201970464 116.3731 39.94084
1201970764 116.3865 39.94998
1201971062 116.39337 39.94998
1201971092 116.39477 39.94985
1201971392 116.41039 39.95577
1201971537 116.41882 39.95547
1201971695 116.41913 39.95234
1201971995 116.41895 39.94867
1201972295 116.42774 39.93661
1201972595 116.42845 39.92036
1201972895 116.42892 39.90824
1201973195 116.42587 39.90733
1201973495 116.41609 39.90721
1201973652 116.4086 39.9073
1201973794 116.40128 39.90674
1201974394 116.38887 39.93212
1201974573 116.37882 39.93598
1201974694 116.38055 39.93308
1201974995 116.39909 39.93207
1201974995 116.39909 39.93207
1201975295 116.40225 39.9425
1201975595 116.41037 39.94723
1201975709 116.40993 39.94906
1201976009 116.41102 39.95586
1201976157 116.41886 39.95595
1201976457 116.41929 39.94938
1201976757 116.42748 39.94225
1201977057 116.428 39.92789
1201977356 116.42833 39.92072
1201977956 116.44298 39.90707
1201978256 116.45621 39.89886
1201978557 116.4618 39.89672
1201978857 116.46861 39.89915
1201979157 116.47116 39.89902
1201979441 116.4742 39.89573
1201979741 116.48679 39.9057
1201991286 116.64865 39.89546
1201991586 116.64865 39.89546
1201991886 116.64868 39.89559
1201992186 116.64868 39.89558
1201992486 116.64868 39.89558
1201992786 116.64867 39.89557
1201993086 116.64867 39.89557
1201993386 116.64867 39.89556
1201993686 116.64867 39.89556
1201993986 116.64867 39.89556
1201994286 116.64867 39.89555
1201994586 116.64867 39.89555
1201995486 116.64859 39.89522
1201995786 116.64861 39.89528
1201996086 116.64861 39.8953
1201996386 116.64862 39.8953
1201996686 116.64862 39.8953
1201996986 116.6517 39.89202
1201997586 116.65194 39.90552
1201998186 116.64866 39.89532
1201998486 116.64868 39.89531
1201998486 116.64868 39.89531
1201998786 116.64865 39.8953
1201999086 116.64864 39.89529
1201999386 116.64864 39.89529
1201999686 116.64864 39.89529
1201999986 116.64864 39.89529
1202000286 116.64864 39.89528
1202000586 116.64864 39.89528
1202000885 116.64864 39.89528
1202001185 116.64864 39.89528
1202001485 116.64864 39.89527
1202001785 116.64864 39.89528
1202002085 116.64864 39.89528
1202002385 116.64864 39.89528
1202002685 116.64864 39.89527
1202002985 116.64867 39.8951
1202003586 116.64869 39.89514
1202003886 116.64867 39.89516
1202004186 116.64859 39.89518
1202005085 116.64872 39.89516
1202005385 116.64863 39.89529
1202005985 116.64864 39.89524
1202011401 116.64864 39.89532
1202011685 116.64863 39.89534
1202011985 116.64863 39.89533
1202012285 116.64865 39.89543
1202012585 116.64865 39.89543
1202012885 116.64865 39.89543
1202013185 116.64865 39.89543
1202013485 116.64865 39.89542
1202013785 116.64872 39.89551
1202014085 116.64867 39.89505
1202014385 116.64866 39.89538
1202014685 116.6487 39.89506
1202014985 116.64867 39.89522
1202015285 116.64863 39.8954
1202015585 116.64866 39.89534
1202015885 116.6487 39.89532
1202016185 116.64874 39.89533
1202016484 116.64873 39.89532
1202016784 116.6488 39.89536
1202017084 116.64878 39.89533
1202017384 116.64877 39.89533
1202017684 116.64877 39.89533
1202017984 116.64877 39.89532
1202018284 116.64869 39.89529
1202018584 116.64873 39.89532
1202018885 116.64869 39.89534
1202019185 116.64865 39.89536
1202019485 116.64863 39.89536
1202019784 116.64867 39.89538
1202020084 116.64841 39.89536
1202020384 116.6485 39.89549
1202020684 116.64852 39.89541
1202020984 116.6484 39.89538
1202021284 116.64846 39.89535
1202021584 116.64851 39.89537
1202021884 116.64854 39.89536
1202022184 116.64854 39.89537
1202022485 116.64855 39.89536
1202023085 116.64856 39.89537
1202023385 116.64856 39.89538
1202023684 116.64856 39.89539
1202024284 116.64856 39.89539
1202024884 116.64856 39.89541
1202025184 116.64856 39.89541
1202025484 116.64855 39.89542
1202025784 116.64855 39.89543
1202026084 116.64855 39.89544
1202026384 116.64855 39.89544
1202026684 116.64855 39.89545
1202027284 116.64841 39.89528
1202027884 116.64844 39.8953
1202028484 116.64846 39.8953
1202028784 116.64848 39.8953
1202029084 116.63949 39.89303
1202029984 116.56108 39.91472
1202030284 116.53752 39.91497
1202030506 116.51592 39.91577
1202030807 116.47966 39.91434
1202031706 116.42534 39.93243
1202032006 116.40342 39.93193
1202032306 116.38425 39.93191
1202032606 116.35063 39.93105
1202033206 116.31979 39.93556
1202033506 116.3167 39.95945
1202034390 116.32111 39.98505
1202034609 116.31823 39.97906
1202035209 116.33054 39.96058
1202036633 116.33958 39.9568
1202037417 116.31858 39.94549
1202037701 116.31623 39.96558
1202037753 116.31909 39.96622
1202038192 116.32067 39.95051
1202038353 116.32061 39.9505
1202038398 116.32316 39.95055
1202038998 116.3454 39.94161
1202039298 116.33472 39.93606
1202039308 116.33446 39.936
1202039608 116.33765 39.9317
1202039772 116.3424 39.92684
1202040072 116.34977 39.92513
1202040758 116.35713 39.90854
1202041358 116.36743 39.91751
1202041958 116.38259 39.93183
1202042258 116.40261 39.92931
1202042365 116.40451 39.92387
1202042665 116.37836 39.92108
1202042965 116.37528 39.913
1202043258 116.3674 39.91153
1202043558 116.35803 39.91442
1202043858 116.35058 39.91713
1202044084 116.34936 39.92176
1202044384 116.35969 39.9117
1202044561 116.36575 39.90867
1202044684 116.36065 39.91062
1202044984 116.3541 39.91227
1202045284 116.34321 39.915
1202045288 116.34321 39.915
1202045589 116.34697 39.92115
1202045653 116.34931 39.92202
1202045953 116.35129 39.92995
1202046253 116.33797 39.93585
1202046406 116.33351 39.93585
1202046706 116.3455 39.93792
1202047006 116.34641 39.93734
1202047306 116.34328 39.92708
1202047606 116.34845 39.92273
1202047623 116.34917 39.92195
1202047623 116.34917 39.92195
1202047923 116.35035 39.90564
1202048223 116.34309 39.87476
1202048523 116.39231 39.86938
1202048633 116.39323 39.86102
1202049329 116.41476 39.87905
1202049599 116.41282 39.89128
1202049899 116.41796 39.90685
1202049970 116.42067 39.90586
1202050270 116.41481 39.90184
1202050570 116.41114 39.91484
1202050870 116.41123 39.92428
1202051170 116.4109 39.93148
1202051470 116.40676 39.93946
1202051472 116.40712 39.93949
1202051772 116.43784 39.93981
1202052048 116.43795 39.94977
1202052348 116.42863 39.95748
1202052648 116.41759 39.95276
1202052948 116.41466 39.94789
1202053248 116.41052 39.94132
1202053467 116.41039 39.94753
1202053767 116.41911 39.95111
1202053921 116.41922 39.95221
1202054067 116.41313 39.95284
1202054367 116.42727 39.94188
1202054573 116.42997 39.93574
1202054873 116.42401 39.93953
1202055451 116.41104 39.92846
1202055751 116.4111 39.92619
1202056052 116.41812 39.92291
1202056264 116.41943 39.91395
1202056500 116.41142 39.92067
1202056800 116.41107 39.9301
1202057100 116.41076 39.93695
1202057400 116.40192 39.95307
1202057700 116.40132 39.96671
1202057902 116.40832 39.97183
1202058082 116.40504 39.96842
1202058382 116.38397 39.96715
1202058682 116.35634 39.96648
1202058983 116.33939 39.96642
1202059273 116.33574 39.9624
1202059505 116.33858 39.95945
1202059805 116.34576 39.95667
1202060105 116.35544 39.95334
1202060105 116.35544 39.95334
1202060405 116.35804 39.95084
1202060705 116.36562 39.9486
1202061005 116.38029 39.94367
1202061305 116.38842 39.93919
1202061606 116.38975 39.9374
1202061906 116.39784 39.93193
1202061928 116.39784 39.93193
1202062228 116.40902 39.93197
1202062252 116.4103 39.93208
1202062528 116.42447 39.9322
1202062828 116.42733 39.92319
1202063128 116.43817 39.92198
1202063428 116.44407 39.91246
1202063584 116.44392 39.90735
1202063885 116.42893 39.9077
1202064185 116.42188 39.89926
1202064485 116.41309 39.89583
1202064507 116.41309 39.89583
1202064807 116.41881 39.89651
1202065107 116.43339 39.89226
1202065407 116.46506 39.90368
1202077008 116.64889 39.89549
1202077308 116.64888 39.89549
1202077608 116.64887 39.8955
1202077907 116.64887 39.8955
1202078207 116.64886 39.8955
1202078507 116.64886 39.8955
1202078507 116.64886 39.8955
1202078807 116.64885 39.8955
1202079108 116.64885 39.8955
1202079108 116.64885 39.8955
1202079408 116.64885 39.8955
1202080008 116.64884 39.8955
1202080308 116.65699 39.89869
1202080607 116.65236 39.90701
1202080907 116.64732 39.89266
1202081207 116.64731 39.89265
1202081507 116.64733 39.89265
1202081807 116.64858 39.8953
1202082107 116.64856 39.89529
1202082407 116.64859 39.89529
1202083007 116.64859 39.89528
1202083308 116.6486 39.89528
1202083608 116.64861 39.89527
1202083908 116.64862 39.89528
1202084208 116.64861 39.89528
1202084507 116.6486 39.89529
1202084807 116.6486 39.89529
1202085107 116.64861 39.8953
1202085407 116.64861 39.8953
1202085707 116.64861 39.8953
1202086307 116.6486 39.8953
1202086607 116.64861 39.8953
1202086908 116.64861 39.8953
1202087208 116.64865 39.89524
1202087508 116.6487 39.89536
1202087808 116.64865 39.89531
1202087808 116.64865 39.89531
1202088107 116.64868 39.89534
1202088407 116.64867 39.89533
1202088707 116.64867 39.89533
1202089007 116.64866 39.89537
1202089307 116.64866 39.89537
1202089607 116.64867 39.89518
1202089907 116.6486 39.89525
1202090207 116.64866 39.89531
1202090507 116.64872 39.89511
1202091107 116.64859 39.89545
1202091407 116.64859 39.89541
1202091707 116.6486 39.89541
1202092007 116.64861 39.89543
1202092307 116.64865 39.89547
1202092607 116.64864 39.89544
1202092907 116.64871 39.89499
1202093207 116.64858 39.89542
1202093507 116.6487 39.89525
1202093807 116.64867 39.8953
1202094107 116.64866 39.89532
1202094407 116.64865 39.89534
1202094707 116.64865 39.89533
1202095007 116.64864 39.89534
1202095306 116.64864 39.89534
1202095606 116.64864 39.89533
1202095906 116.64906 39.89493
1202096206 116.6487 39.89521
1202096506 116.64866 39.89523
1202096506 116.64866 39.89523
1202096806 116.64864 39.89526
1202097106 116.64863 39.89528
1202097406 116.64863 39.89528
1202097707 116.64863 39.89528
1202098007 116.64862 39.89529
1202098307 116.64862 39.8953
1202098607 116.64862 39.89531
1202098906 116.64862 39.89531
1202099206 116.64862 39.89531
1202099506 116.64861 39.89531
1202099806 116.64847 39.89524
1202100106 116.64853 39.89526
1202100406 116.64855 39.89526
1202100706 116.64856 39.89527
1202101006 116.64874 39.89503
1202101607 116.64863 39.89531
1202101907 116.64864 39.89534
1202102207 116.64864 39.89535
1202102506 116.64865 39.89535
1202102806 116.64866 39.89535
1202103106 116.64866 39.89535
1202103406 116.64866 39.89533
1202104006 116.64866 39.89533
1202104306 116.64866 39.89533
1202104606 116.64866 39.89533
1202104906 116.64865 39.89534
1202105206 116.64865 39.89534
1202105506 116.64864 39.89534
1202105806 116.64864 39.89534
1202106106 116.64863 39.89535
1202106406 116.64862 39.89534
1202106706 116.64854 39.89551
1202107006 116.64848 39.8954
1202107306 116.64849 39.89541
1202107606 116.64851 39.89541
1202107906 116.64852 39.89541
1202108206 116.64854 39.89541
1202108506 116.64855 39.89541
1202108806 116.6486 39.89548
1202109106 116.64852 39.89533
1202109406 116.64854 39.89539
1202109706 116.64855 39.89542
1202110006 116.64857 39.89544
1202110306 116.64858 39.89544
1202110606 116.64859 39.89544
1202110906 116.64857 39.89563
1202111206 116.64857 39.89561
1202111506 116.64849 39.89521
1202111806 116.64855 39.89531
1202112106 116.64858 39.89532
1202112406 116.64859 39.89531
1202112706 116.6486 39.8953
1202113006 116.6486 39.89529
1202113605 116.64862 39.89514
1202113905 116.6486 39.89525
1202113905 116.6486 39.89525
1202114205 116.64861 39.89525
1202114505 116.64859 39.89526
1202114805 116.64858 39.89527
1202115105 116.64858 39.89528
1202115405 116.64857 39.89528
1202115706 116.64857 39.89529
1202116006 116.64848 39.89528
1202116306 116.64329 39.89195
1202116606 116.617 39.90546
1202116905 116.58906 39.91089
1202117205 116.5631 39.91462
1202117505 116.53979 39.91495
1202117805 116.51416 39.91563
1202118036 116.5049 39.91485
1202118336 116.5269 39.9159
1202118814 116.54405 39.91909
1202119114 116.52134 39.91601
1202119224 116.51608 39.91587
1202119524 116.50313 39.92196
1202119817 116.50018 39.93244
1202119859 116.50051 39.93121
1202120159 116.49148 39.92188
1202120459 116.48377 39.91092
1202120759 116.43675 39.89558
1202121059 116.4203 39.89222
1202121359 116.40983 39.89993
1202121364 116.4098 39.89992
1202121664 116.40989 39.90328
1202121946 116.41338 39.91359
1202122246 116.42715 39.92304
1202122546 116.43387 39.92379
1202122846 116.45137 39.92197
1202123146 116.47849 39.9215
1202123446 116.51082 39.92198
1202123596 116.50753 39.92343
1202123774 116.49638 39.92183
1202124074 116.4837 39.92209
1202124374 116.46228 39.90716
1202124674 116.45884 39.9072
1202124974 116.45596 39.90725
1202125273 116.45473 39.86987
1202125554 116.44191 39.86618
1202125744 116.43813 39.86454
1202126043 116.43955 39.876
1202126644 116.45485 39.90992
1202126671 116.45495 39.90926
1202126671 116.45495 39.90926
1202126971 116.45362 39.90551
1202127271 116.4713 39.90674
1202127571 116.47188 39.91419
1202127871 116.46089 39.92318
1202128171 116.45559 39.93175
1202128471 116.44343 39.9256
1202128771 116.42853 39.92396
1202129071 116.42001 39.93499
1202129371 116.41925 39.92307
1202129413 116.41496 39.92297
1202129713 116.42888 39.91192
1202130013 116.43304 39.89587
1202130313 116.4236 39.89356
1202130613 116.41503 39.8962
1202130913 116.4122 39.89199
1202131213 116.39366 39.89784
1202131513 116.38553 39.9044
1202131813 116.38548 39.90539
1202132113 116.37609 39.92126
1202132339 116.37345 39.92951
1202132639 116.3735 39.93062
1202132939 116.37395 39.93136
1202133539 116.35692 39.939
1202133654 116.35784 39.93766
1202133954 116.34722 39.93618
1202134026 116.34383 39.93566
1202134326 116.31285 39.93813
1202134626 116.29784 39.97072
1202134995 116.29288 39.98926
1202135038 116.29341 39.98718
1202135780 116.24693 39.92418
1202135938 116.23879 39.9206
1202136238 116.24127 39.92112
1202136238 116.24127 39.92112
1202136538 116.23959 39.91994
1202136838 116.24059 39.94143
1202137736 116.24155 40.00246
1202137938 116.25262 40.0047
1202138238 116.27603 39.99724
1202138538 116.29179 39.99033
1202138551 116.29283 39.98934
1202139139 116.31106 39.9746
1202139232 116.3152 39.97484
1202139532 116.33876 39.97555
1202140327 116.37256 39.95665
1202140581 116.38077 39.98123
1202140881 116.38678 40.0085
1202140881 116.38678 40.0085
1202141181 116.40248 40.02061
1202141481 116.41006 40.03578
1202142081 116.41494 40.0761
1202142115 116.41367 40.07645
1202142415 116.40935 40.0665
1202142715 116.40746 40.06654
1202142909 116.40728 40.05799
1202142909 116.40728 40.05799
1202143209 116.38519 40.05561
1202143510 116.35196 40.06211
1202143590 116.34997 40.06248
1202143835 116.34161 40.05932
1202144035 116.33137 40.0575
1202144335 116.32676 40.04788
1202144367 116.32814 40.04604
1202144667 116.33348 40.03911
1202144967 116.34356 40.03519
1202145182 116.35913 40.03411
1202145412 116.34414 40.02843
1202145712 116.34473 40.02172
1202146012 116.37121 39.98916
1202146302 116.36487 39.97517
1202146576 116.37979 39.97546
1202146875 116.39776 39.97557
1202147176 116.40856 39.98192
1202147354 116.41438 39.98061
1202147654 116.4186 39.9683
1202147954 116.42367 39.95795
1202148255 116.43841 39.954
1202148393 116.43965 39.95522
1202148693 116.44417 39.94463
1202148993 116.4441 39.93173
1202148993 116.4441 39.93173
1202149213 116.44254 39.92183
1202149385 116.4399 39.92376
1202149685 116.4329 39.93857
1202149713 116.43288 39.93944
1202150013 116.45532 39.93342
1202150313 116.47286 39.92694
1202150742 116.49532 39.92178
1202150742 116.49532 39.92178
1202150946 116.49842 39.93016
1202151142 116.4959 39.92397
1202151442 116.47463 39.92168
1202151742 116.46044 39.91839
1202151793 116.45968 39.91878
1202152093 116.47166 39.9143
1202152393 116.48231 39.90657
1202164069 116.64899 39.8954
1202164369 116.64892 39.89543
1202164369 116.64892 39.89543
1202164669 116.6489 39.89544
1202164969 116.64888 39.89544
1202165269 116.64888 39.89545
1202165569 116.64887 39.89546
1202166169 116.64889 39.89546
1202166469 116.64889 39.89546
1202166769 116.64888 39.89546
1202167069 116.64888 39.89546
1202167369 116.64889 39.89546
1202167669 116.64889 39.89546
1202167969 116.64889 39.89547
1202168269 116.64888 39.89547
1202168569 116.64888 39.89547
1202168868 116.64887 39.89547
1202169168 116.65143 39.89231
1202169768 116.65164 39.90625
1202170069 116.64866 39.89537
1202170369 116.64865 39.89537
1202170669 116.64865 39.89537
1202170969 116.64865 39.89537
1202171269 116.64865 39.89537
1202171569 116.64864 39.89537
1202171869 116.64864 39.89537
1202172169 116.64864 39.89537
1202172468 116.64863 39.89538
1202172768 116.64863 39.89538
1202173068 116.64863 39.89538
1202173068 116.64863 39.89538
1202173368 116.64863 39.89538
1202173968 116.6486 39.89548
1202174268 116.64861 39.89546
1202174568 116.64863 39.89535
1202174869 116.64861 39.89526
1202175169 116.64863 39.8953
1202175468 116.64867 39.89507
1202175768 116.64868 39.89513
1202176068 116.64868 39.89516
1202176368 116.64864 39.89531
1202176668 116.64866 39.89531
1202178769 116.64859 39.89545
1202179668 116.64875 39.89509
1202179968 116.64875 39.89517
1202180268 116.64873 39.89517
1202180568 116.6487 39.89521
1202180868 116.64837 39.89547
1202181168 116.64867 39.89542
1202181468 116.64864 39.89541
1202181768 116.64864 39.89539
1202181768 116.64864 39.89539
1202182368 116.64895 39.89512
1202182668 116.64859 39.89544
1202182968 116.64852 39.89524
1202183268 116.6486 39.89535
1202183568 116.64861 39.89539
1202183868 116.64862 39.89539
1202184168 116.64861 39.8954
1202184468 116.64861 39.89541
1202184768 116.64862 39.89541
1202185068 116.64861 39.89542
1202185368 116.64862 39.89542
1202185668 116.64862 39.89542
1202185968 116.64844 39.89519
1202186267 116.64855 39.89533
1202186567 116.64855 39.89534
1202186867 116.64857 39.89514
1202187167 116.64859 39.89523
1202187467 116.64862 39.89521
1202187767 116.64864 39.89529
1202188067 116.64867 39.8953
1202188367 116.64868 39.89532
1202188668 116.64869 39.89533
1202188668 116.64869 39.89533
1202188968 116.64862 39.89526
1202189267 116.64863 39.89531
1202189567 116.64872 39.89533
1202189867 116.64871 39.89532
1202190167 116.64866 39.89532
1202190467 116.64867 39.89532
1202190467 116.64867 39.89532
1202190767 116.64865 39.89533
1202191067 116.64864 39.89534
1202191367 116.64864 39.89534
1202191668 116.64865 39.89534
1202191968 116.64874 39.89522
1202192268 116.64865 39.89526
1202192568 116.64863 39.89525
1202192867 116.64861 39.89522
1202193167 116.64858 39.89524
1202193467 116.64858 39.89526
1202193767 116.64857 39.89527
1202194067 116.64856 39.89527
1202194667 116.64857 39.89529
1202194967 116.64856 39.89529
1202195267 116.64857 39.8953
1202195567 116.64857 39.89531
1202195867 116.64857 39.89531
1202196167 116.64857 39.89532
1202196467 116.64857 39.89533
1202196767 116.64857 39.89534
1202197067 116.64857 39.89534
1202197367 116.64856 39.89535
1202197667 116.64856 39.89536
1202197967 116.64857 39.89536
1202198267 116.64857 39.89536
1202198567 116.64857 39.89536
1202198867 116.64857 39.89536
1202199167 116.64858 39.89536
1202199167 116.64858 39.89536
1202199467 116.64858 39.89536
1202199767 116.64858 39.89536
1202200067 116.64858 39.89536
1202200367 116.64858 39.89536
1202200667 116.64858 39.89536
1202200967 116.64867 39.89526
1202201266 116.64866 39.89531
1202201566 116.64843 39.89537
1202201867 116.64835 39.89522
1202202167 116.64858 39.89537
1202202467 116.64857 39.89538
1202202766 116.64853 39.89541
1202203367 116.64859 39.89563
1202203667 116.64415 39.89166
1202203967 116.62388 39.90548
1202204267 116.59045 39.91093
1202204645 116.56293 39.91469
1202204945 116.54099 39.91493
1202205245 116.51438 39.91565
1202205545 116.47761 39.91417
1202205545 116.47761 39.91417
1202205845 116.45609 39.91782
1202206146 116.44463 39.92159
1202206446 116.4305 39.92876
1202206464 116.43049 39.92875
1202206764 116.43782 39.9361
1202207064 116.42772 39.94016
1202207364 116.41909 39.95205
1202207664 116.40009 39.9478
1202207964 116.40207 39.94938
1202207984 116.40161 39.94761
1202208284 116.41083 39.93506
1202208453 116.41737 39.93506
1202208453 116.41737 39.93506
1202208753 116.42005 39.92357
1202209053 116.41959 39.93245
1202209353 116.42261 39.92321
1202209653 116.41123 39.9324
1202209953 116.40242 39.93839
1202210253 116.41106 39.92981
1202210553 116.42021 39.91969
1202210648 116.42047 39.91588
1202210916 116.42152 39.90495
1202211216 116.41285 39.8999
1202211387 116.40743 39.89966
1202211687 116.38828 39.89889
1202211987 116.3697 39.89845
1202212287 116.32337 39.89589
1202212588 116.3087 39.89549
1202212708 116.31465 39.89477
1202213008 116.32292 39.89911
1202213308 116.33549 39.90117
1202213432 116.34216 39.89888
1202213732 116.34652 39.90693
1202214032 116.3469 39.91239
1202214332 116.35445 39.9125
1202214632 116.36191 39.91275
1202214892 116.37144 39.91682
1202215192 116.38602 39.92166
1202215492 116.40046 39.91345
1202215532 116.40063 39.91045
1202215832 116.39764 39.90659
1202216132 116.39673 39.90652
1202216433 116.39663 39.90653
1202216733 116.39568 39.9065
1202217033 116.39567 39.90652
1202217333 116.39463 39.90645
1202217632 116.38975 39.89955
1202217932 116.37968 39.88818
1202218832 116.3565 39.84872
1202218842 116.356 39.8488
1202219158 116.3979 39.85562
1202219442 116.41573 39.85952
1202219742 116.42589 39.88279
1202220042 116.42909 39.88271
1202220342 116.4291 39.88278
1202220342 116.4291 39.88278
1202220642 116.42906 39.88286
1202220942 116.42911 39.88319
1202221242 116.44455 39.88199
1202221542 116.44462 39.87883
1202221842 116.44988 39.87596
1202221944 116.45003 39.88006
1202222244 116.45525 39.88325
1202222377 116.45886 39.88765
1202222544 116.45928 39.89209
1202222863 116.47165 39.9007
1202223144 116.47177 39.90964
1202223393 116.46852 39.91128
1202223693 116.45892 39.90738
1202223792 116.45629 39.90898
1202224092 116.44414 39.92099
1202224392 116.43183 39.93256
1202224500 116.43043 39.93806
1202224800 116.42838 39.93191
1202225100 116.42073 39.93506
1202225399 116.4206 39.93515
1202225699 116.4205 39.93507
1202225953 116.42251 39.93517
1202226253 116.45096 39.93995
1202226554 116.46922 39.95239
1202226854 116.48376 39.95221
1202226942 116.48859 39.9533
1202227242 116.49039 39.94799
1202227542 116.38661 39.90632
1202227542 116.38661 39.90632
1202227842 116.48696 39.92174
1202228142 116.46687 39.9286
1202228283 116.47208 39.92498
1202228583 116.47146 39.90477
1202228667 116.47149 39.90302
1202228967 116.47907 39.89934
1202229267 116.48173 39.89932
1202229567 116.48175 39.89931
1202229867 116.48175 39.89931
1202230167 116.48175 39.89931
1202230467 116.4817 39.89924
1202230767 116.49017 39.90644
1202242371 116.60098 39.89521
1202242670 116.60099 39.89521
1202242670 116.60099 39.89521
1202242970 116.60099 39.89521
1202243270 116.601 39.8952
1202243570 116.60101 39.89521
1202243870 116.60101 39.89521
1202244170 116.60101 39.89521
1202244470 116.61295 39.9038
1202244770 116.63848 39.90035
1202245070 116.65297 39.90053
1202245370 116.65297 39.90055
1202245670 116.65297 39.90056
1202245670 116.65297 39.90056
1202245970 116.65298 39.90056
1202246270 116.65299 39.90056
1202246570 116.65299 39.90056
1202246870 116.63094 39.90497
1202247470 116.61327 39.88986
1202247770 116.64636 39.89266
1202248070 116.64858 39.89534
1202248370 116.64858 39.89535
1202248670 116.64858 39.89537
1202248970 116.64857 39.89538
1202249270 116.64858 39.89539
1202249570 116.64858 39.8954
1202249870 116.64859 39.8954
1202250170 116.64858 39.89541
1202250470 116.64858 39.89541
1202250770 116.64859 39.89541
1202251070 116.64859 39.89541
1202251370 116.64859 39.89541
1202251370 116.64859 39.89541
1202251670 116.64859 39.89541
1202251970 116.6486 39.89541
1202252270 116.6486 39.89541
1202252570 116.6486 39.89542
1202252870 116.6486 39.89541
1202252870 116.6486 39.89541
1202252870 116.6486 39.89541
1202253169 116.6486 39.89541
1202253769 116.6486 39.8954
1202254369 116.64859 39.8954
1202254669 116.64859 39.89539
1202254969 116.64859 39.89539
1202255269 116.64859 39.89539
1202255569 116.64859 39.89539
1202255869 116.64859 39.89538
1202256169 116.64859 39.89537
1202256469 116.6486 39.89534
1202256769 116.6486 39.89534
1202257069 116.6486 39.89534
1202257370 116.64859 39.89534
1202257670 116.64859 39.89534
1202257970 116.64859 39.89534
1202258270 116.64859 39.89534
1202258569 116.64859 39.89534
1202258869 116.64859 39.89534
1202259169 116.64859 39.89535
1202259469 116.64859 39.89534
1202259769 116.64859 39.89534
1202260069 116.64859 39.89534
1202260069 116.64859 39.89534
1202260369 116.64859 39.89534
1202260669 116.64859 39.89534
1202261270 116.64852 39.89525
1202261570 116.64853 39.89525
1202261870 116.64854 39.89526
1202262169 116.64855 39.89526
1202262469 116.64861 39.89532
1202262769 116.64864 39.89532
1202263069 116.6486 39.89536
1202263369 116.64858 39.89536
1202263969 116.64858 39.89539
1202264269 116.64853 39.89549
1202264869 116.64862 39.8955
1202265169 116.64862 39.8955
1202265469 116.64865 39.89527
1202265769 116.64862 39.89504
1202266069 116.64866 39.89531
1202266369 116.64863 39.89537
1202266669 116.6486 39.89539
1202266969 116.64858 39.89541
1202267269 116.64857 39.89541
1202267569 116.64857 39.89541
1202268169 116.64856 39.89541
1202268469 116.64854 39.89529
1202268769 116.64855 39.89531
1202268769 116.64855 39.89531
1202269069 116.6485 39.89521
1202269368 116.64861 39.89546
1202269668 116.64856 39.8953
1202270569 116.64858 39.89536
1202270869 116.64857 39.89539
1202271169 116.64856 39.8954
1202271468 116.64856 39.8954
1202271769 116.6485 39.89531
1202272069 116.64852 39.89533
1202272369 116.64858 39.8954
1202272669 116.64858 39.8954
1202272968 116.64858 39.89539
1202273268 116.64852 39.89524
1202273568 116.64855 39.8952
1202273868 116.64858 39.89518
1202274468 116.6486 39.89523
1202274768 116.64861 39.89523
1202275068 116.64862 39.89524
1202275369 116.64861 39.89526
1202275669 116.64861 39.89527
1202275969 116.64861 39.89528
1202276269 116.64861 39.89528
1202276568 116.64844 39.89544
1202276868 116.6485 39.89541
1202277168 116.64853 39.8954
1202277468 116.64853 39.89539
1202277468 116.64853 39.89539
1202277768 116.64853 39.89538
1202278068 116.64853 39.89538
1202278368 116.64844 39.89543
1202278668 116.64845 39.89543
1202278968 116.64845 39.89543
1202279268 116.64836 39.89537
1202279568 116.64849 39.89541
1202279868 116.6485 39.89541
1202280168 116.6485 39.89541
1202280468 116.6485 39.89541
1202280768 116.6485 39.89541
1202281068 116.64856 39.89546
1202281368 116.64854 39.89546
1202281668 116.64854 39.89545
1202281968 116.64854 39.89545
1202282268 116.64854 39.89544
1202282568 116.64854 39.89545
1202282868 116.64855 39.89545
1202283168 116.64855 39.89545
1202283468 116.64855 39.89546
1202283768 116.64829 39.89539
1202284068 116.64836 39.89543
1202284668 116.6484 39.89544
1202284968 116.64844 39.89544
1202285268 116.64846 39.89543
1202285568 116.64847 39.89543
1202285868 116.64849 39.89542
1202286168 116.6485 39.89542
1202286168 116.6485 39.89542
1202286468 116.6485 39.89542
1202286768 116.64851 39.89542
1202287068 116.64852 39.89542
1202287367 116.64874 39.89522
1202287667 116.64855 39.89532
1202287967 116.64856 39.89536
1202288267 116.64858 39.89536
1202288567 116.64854 39.89535
1202288867 116.64875 39.89538
1202289167 116.64865 39.89534
1202289467 116.64861 39.89534
1202289768 116.64862 39.89535
1202290068 116.64863 39.89535
1202290368 116.64863 39.89536
1202290668 116.6486 39.89537
1202291267 116.60993 39.90511
1202291567 116.58088 39.91231
1202291867 116.54976 39.91485
1202292167 116.52424 39.91594
1202292467 116.49578 39.9147
1202293067 116.46079 39.92791
1202293368 116.46076 39.93116
1202293380 116.46079 39.93228
1202293680 116.4285 39.9684
1202293980 116.40137 39.99017
1202294116 116.40785 39.98918
1202294416 116.40161 39.99249
1202294526 116.41003 39.99378
1202294826 116.36361 39.98607
1202296209 116.35656 39.86203
1202296279 116.35539 39.86209
1202296579 116.3609 39.86854
1202296879 116.3386 39.88837
1202297467 116.32284 39.90217
1202298253 116.36205 39.92259
1202298395 116.37119 39.92163
1202298695 116.39926 39.9229
1202298995 116.41953 39.92292
1202299542 116.43316 39.9232
1202299842 116.43306 39.9231
1202300142 116.43177 39.92326
1202300442 116.42207 39.92329
1202300676 116.42594 39.92795
1202300976 116.42739 39.94676
1202301276 116.41236 39.95767
1202301436 116.40689 39.96069
1202301736 116.40179 39.95204
1202301817 116.3992 39.94787
1202302117 116.35367 39.94704
1202302117 116.35367 39.94704
1202302178 116.35239 39.94867
1202302478 116.35535 39.95498
1202302905 116.37247 39.95665
1202303078 116.38294 39.96169
1202303378 116.39609 39.96577
1202303394 116.39607 39.96693
1202303678 116.41048 39.96821
1202303978 116.40788 39.96075
1202304278 116.41002 39.94838
1202304395 116.41923 39.94609
1202304695 116.4109 39.93115
1202304724 116.41088 39.93112
1202304724 116.41088 39.93112
1202304995 116.41113 39.92427
1202305295 116.40937 39.90918
1202305351 116.41171 39.90853
1202305621 116.41116 39.90481
1202305921 116.41169 39.88657
1202306221 116.38729 39.88502
1202306331 116.38347 39.88492
1202306631 116.38033 39.88803
1202306931 116.39467 39.8855
1202307232 116.42325 39.89223
1202307832 116.45682 39.87485
1202308132 116.47282 39.86988
1202308430 116.48453 39.86853
1202308730 116.48425 39.89909
1202308855 116.48964 39.90631
1202320175 116.64801 39.89555
1202320475 116.648 39.89553
1202320775 116.64799 39.89553
1202321075 116.64799 39.89547
1202321374 116.64799 39.89546
1202321674 116.64798 39.89546
1202321974 116.64797 39.89546
1202322274 116.64796 39.89545
1202322574 116.64618 39.89263
1202322874 116.62172 39.89097
1202323174 116.60087 39.89519
1202323474 116.59006 39.91008
1202323774 116.58719 39.9102
1202324074 116.58719 39.9102
1202324374 116.5872 39.91019
1202324674 116.5872 39.91018
1202324974 116.5872 39.91018
1202325274 116.5872 39.91017
1202325574 116.5872 39.91016
1202325874 116.58719 39.91014
1202326174 116.58718 39.91014
1202326474 116.59085 39.90998
1202326774 116.60128 39.89516
1202326774 116.60128 39.89516
1202327374 116.60093 39.89517
1202327674 116.60094 39.89517
1202327974 116.60093 39.89521
1202328274 116.60092 39.89522
1202328874 116.60092 39.89525
1202329174 116.60091 39.89526
1202329474 116.60091 39.89527
1202329774 116.6009 39.89527
1202330074 116.6009 39.89527
1202330374 116.6009 39.89528
1202330674 116.6009 39.89528
1202330974 116.6009 39.89528
1202331274 116.59569 39.90188
1202331573 116.60104 39.89519
1202331873 116.60106 39.8952
1202332173 116.60105 39.8952
1202332473 116.60104 39.8952
1202332773 116.60104 39.89519
1202333073 116.60105 39.89518
1202333674 116.60105 39.89517
1202333974 116.60105 39.89517
1202334274 116.60105 39.89518
1202334574 116.60105 39.89517
1202334874 116.60105 39.89516
1202335173 116.60105 39.89516
1202335173 116.60105 39.89516
1202335473 116.60104 39.89515
1202335773 116.60104 39.89515
1202336073 116.60105 39.89515
1202336673 116.60105 39.89515
1202336973 116.60105 39.89515
1202337273 116.60105 39.89514
1202337573 116.60104 39.89515
1202337873 116.60104 39.89515
1202338173 116.60104 39.89515
1202338473 116.60104 39.89515
1202338773 116.60104 39.89516
1202339073 116.60104 39.89516
1202339373 116.60104 39.89517
1202339673 116.60104 39.89517
1202339973 116.60104 39.89517
1202340273 116.60104 39.89517
1202340873 116.60104 39.89518
1202341173 116.60104 39.89518
1202341473 116.60104 39.89518
1202341773 116.60104 39.89518
1202342073 116.60104 39.89518
1202342374 116.60104 39.89518
1202342674 116.60104 39.89518
1202342974 116.60105 39.89519
1202343274 116.60105 39.89519
1202343573 116.60105 39.89519
1202343873 116.60105 39.89519
1202343873 116.60105 39.89519
1202344173 116.60105 39.89519
1202344173 116.60105 39.89519
1202344473 116.60105 39.89519
1202344773 116.60105 39.89519
1202345073 116.60105 39.89519
1202345373 116.60105 39.8952
1202345673 116.60105 39.8952
1202345973 116.60105 39.8952
1202346273 116.60105 39.8952
1202346573 116.60105 39.8952
1202347173 116.60105 39.8952
1202347473 116.60105 39.8952
1202347772 116.60106 39.8952
1202348072 116.60106 39.8952
1202348372 116.60106 39.8952
1202348672 116.60106 39.8952
1202348972 116.60106 39.8952
1202349272 116.60107 39.8952
1202349573 116.60107 39.8952
1202351072 116.60107 39.8952
1202351372 116.60107 39.8952
1202351672 116.60107 39.8952
1202351972 116.60107 39.8952
1202352572 116.60107 39.8952
1202352872 116.60107 39.8952
1202352872 116.60107 39.8952
1202353173 116.60107 39.8952
1202353473 116.60107 39.8952
1202353773 116.60106 39.8952
1202354073 116.60106 39.8952
1202354372 116.60106 39.8952
1202354672 116.60106 39.8952
1202354972 116.60106 39.89519
1202355272 116.60106 39.89519
1202355572 116.60106 39.89519
1202355872 116.60106 39.89518
1202356172 116.60106 39.89518
1202356472 116.60106 39.89518
1202356773 116.60106 39.89517
1202357073 116.60106 39.89517
1202357372 116.60106 39.89517
1202357372 116.60106 39.89517
1202357672 116.60106 39.89517
1202357972 116.60106 39.89517
1202358272 116.60106 39.89517
1202358572 116.60106 39.89517
1202358872 116.60107 39.89517
1202359472 116.60107 39.89517
1202359772 116.60107 39.89518
1202360072 116.60107 39.89518
1202360372 116.60105 39.89515
1202360672 116.60105 39.89516
1202361272 116.60105 39.89516
1202361572 116.60105 39.89516
1202361572 116.60105 39.89516
1202361872 116.60105 39.89516
1202362172 116.60104 39.89516
1202362472 116.60104 39.89516
1202362772 116.60104 39.89517
1202363072 116.60104 39.89517
1202363372 116.60104 39.89517
1202363672 116.60104 39.89517
1202363971 116.60104 39.89517
1202364271 116.60103 39.89517
1202364572 116.60103 39.89517
1202364872 116.60103 39.89518
1202365172 116.60103 39.89518
1202365472 116.60102 39.89518
1202366072 116.60102 39.89518
1202366372 116.60102 39.89518
1202366672 116.60102 39.89519
1202366972 116.60102 39.89519
1202367272 116.60102 39.89519
1202367571 116.60102 39.89519
1202367871 116.60102 39.89519
1202368171 116.60102 39.89519
1202368471 116.60102 39.89519
1202368771 116.60102 39.89519
1202369071 116.60102 39.89519
1202369671 116.60102 39.89519
1202369972 116.60102 39.89519
1202370271 116.60102 39.89518
1202370271 116.60102 39.89518
1202370571 116.60102 39.89518
1202370871 116.601 39.89392
1202371172 116.62924 39.89105
1202371472 116.64859 39.89545
1202371772 116.64848 39.89546
1202372072 116.6474 39.89515
1202372371 116.64867 39.89533
1202372671 116.64819 39.89537
1202372971 116.64846 39.89543
1202373271 116.6485 39.89548
1202373571 116.6485 39.89548
1202373871 116.64841 39.89545
1202374171 116.64842 39.89544
1202374771 116.64836 39.89539
1202375071 116.64835 39.89536
1202375371 116.64834 39.89534
1202375671 116.64835 39.89535
1202375971 116.64835 39.89536
1202376271 116.64835 39.89536
1202376571 116.64834 39.89535
1202376871 116.64834 39.89535
1202377171 116.64834 39.89535
1202377471 116.64834 39.89535
1202377771 116.64834 39.89534
1202378071 116.64835 39.89534
1202378371 116.64835 39.89534
1202378671 116.64836 39.89535
1202378971 116.64837 39.89535
1202379271 116.64838 39.89535
1202379571 116.64839 39.89535
1202379871 116.64839 39.89535
1202380171 116.6484 39.89534
1202380471 116.64843 39.89491
1202380771 116.64848 39.8951
1202381071 116.64849 39.89492
1202381371 116.64848 39.89496
1202381971 116.64846 39.89497
1202382271 116.64846 39.89499
1202382571 116.64845 39.89498
1202382871 116.64844 39.89496
1202383170 116.64843 39.89494
1202383470 116.6484 39.89591
1202383770 116.64841 39.89707
1202384070 116.6484 39.89525
1202384370 116.64845 39.89526
1202384670 116.6485 39.89518
1202384970 116.64853 39.89512
1202385270 116.64877 39.8949
1202385571 116.64877 39.8949
1202385871 116.64853 39.89523
1202386171 116.64856 39.89525
1202386471 116.64852 39.89533
1202386770 116.6485 39.89534
1202387070 116.64851 39.89535
1202387370 116.6485 39.89533
1202387670 116.6485 39.89533
1202387670 116.6485 39.89533
1202387970 116.64854 39.8953
1202388270 116.6485 39.8953
1202388570 116.64849 39.89529
1202388870 116.64849 39.89531
1202389171 116.64852 39.89536
1202389471 116.64852 39.89536
1202389771 116.6485 39.89535
1202390071 116.6485 39.89534
1202390370 116.64863 39.8953
1202390670 116.64859 39.89529
1202390970 116.64858 39.8953
1202391270 116.64857 39.89531
1202391570 116.64856 39.8953
1202391870 116.64854 39.89531
1202392170 116.64872 39.89589
1202392470 116.6486 39.89518
1202392770 116.64849 39.89505
1202393070 116.64855 39.8954
1202393370 116.64881 39.89616
1202393670 116.64881 39.89616
1202393970 116.64874 39.8957
1202394270 116.64841 39.89503
1202394570 116.64863 39.8952
1202394870 116.64864 39.89526
1202395170 116.6486 39.89527
1202395470 116.64851 39.89526
1202395770 116.6486 39.89541
1202396070 116.64859 39.89529
1202396370 116.64864 39.89504
1202396370 116.64864 39.89504
1202396370 116.64864 39.89504
1202396370 116.64864 39.89504
1202396670 116.64874 39.89492
1202396970 116.64853 39.89528
1202397270 116.64857 39.89513
1202397569 116.64858 39.89541
1202397869 116.64856 39.89541
1202398169 116.64855 39.89541
1202398469 116.64852 39.8954
1202398769 116.6456 39.89202
1202399069 116.63397 39.89988
1202399369 116.61773 39.90567
1202399669 116.60095 39.8951
1202399970 116.60094 39.89514
1202400270 116.60093 39.89513
1202400570 116.60092 39.89515
1202400870 116.60092 39.89517
1202401169 116.60091 39.89519
1202401469 116.6009 39.89519
1202401769 116.6009 39.8952
1202402069 116.6009 39.8952
1202402369 116.60088 39.89518
1202402669 116.60088 39.89517
1202402969 116.60087 39.89516
1202403269 116.60087 39.89515
1202403569 116.60087 39.89514
1202403869 116.60086 39.89513
1202404169 116.60086 39.89513
1202404469 116.60087 39.89514
1202404769 116.60086 39.89514
1202405069 116.60086 39.89515
1202405069 116.60086 39.89515
1202405369 116.60086 39.89515
1202405669 116.60085 39.89515
1202405969 116.60085 39.89515
1202406269 116.60085 39.89515
1202406569 116.60085 39.89515
1202406869 116.60085 39.89515
1202406869 116.60085 39.89515
1202407169 116.60085 39.89515
1202407469 116.60085 39.89515
1202407769 116.60085 39.89515
1202408069 116.60085 39.89515
1202408369 116.60085 39.89515
1202408669 116.60084 39.89515
1202408969 116.60084 39.89515
1202409269 116.60084 39.89515
1202409569 116.60084 39.89515
1202409869 116.60084 39.89515
1202410169 116.60084 39.89515
1202410469 116.60084 39.89515
1202410769 116.60084 39.89515
1202411069 116.60084 39.89515
1202411369 116.60084 39.89515
1202411669 116.60084 39.89515
1202411969 116.60084 39.89514
1202412269 116.60084 39.89514
1202412569 116.60084 39.89514
1202412869 116.60084 39.89514
1202413169 116.60084 39.89514
1202413469 116.60061 39.89011
1202413768 116.60059 39.89009
1202413768 116.60059 39.89009
1202414068 116.62305 39.89099
1202414368 116.64562 39.89103
1202414668 116.646 39.88989
1202414968 116.64942 39.89017
1202415268 116.6525 39.8918
1202415568 116.65255 39.90043
1202415868 116.65257 39.90043
1202416169 116.65254 39.90043
1202416469 116.65616 39.89913
1202416769 116.64873 39.89532
1202417069 116.64871 39.89535
1202417368 116.64865 39.89541
1202417668 116.64835 39.89536
1202417968 116.64852 39.89539
1202418268 116.64866 39.89531
1202418568 116.64856 39.89531
1202418868 116.64835 39.89529
1202419168 116.6484 39.89533
1202419468 116.64849 39.89533
1202419769 116.64852 39.89533
1202420069 116.64853 39.89533
1202420369 116.64838 39.8952
1202420669 116.64848 39.89536
1202420968 116.64848 39.89536
1202421268 116.64848 39.89539
1202421568 116.64848 39.8954
1202421868 116.6485 39.8954
1202422168 116.64851 39.89539
1202422468 116.64853 39.89538
1202422468 116.64853 39.89538
1202422768 116.64853 39.89537
1202423068 116.64854 39.89536
1202423368 116.64854 39.89535
1202423668 116.64854 39.89535
1202423968 116.64854 39.89534
1202424268 116.64854 39.89534
1202424568 116.64854 39.89535
1202424868 116.64855 39.89535
1202425168 116.64854 39.89535
1202425468 116.64854 39.89535
1202425768 116.64854 39.89535
1202426068 116.64854 39.89535
1202426369 116.64854 39.89536
1202426668 116.64854 39.89536
1202426968 116.64854 39.89536
1202427268 116.64854 39.89535
1202427568 116.64853 39.89535
1202427868 116.64853 39.89535
1202428168 116.64853 39.89534
1202428468 116.64859 39.89522
1202428768 116.64858 39.89525
1202429068 116.64858 39.89526
1202429367 116.64857 39.89527
1202429668 116.64857 39.89526
1202429968 116.64857 39.89527
1202430268 116.64858 39.89526
1202430568 116.64861 39.89512
1202430867 116.64861 39.89525
1202431167 116.6486 39.89529
1202431167 116.6486 39.89529
1202431467 116.64858 39.89532
1202431767 116.64859 39.89531
1202432067 116.64847 39.89536
1202432367 116.64852 39.89533
1202432667 116.64857 39.89537
1202432967 116.64854 39.89532
1202433268 116.64856 39.89531
1202433568 116.64858 39.89529
1202433868 116.64859 39.89529
1202434168 116.6486 39.89529
1202434467 116.64861 39.89528
1202434767 116.64868 39.89522
1202435067 116.64868 39.89525
1202435367 116.64886 39.89487
1202435667 116.64871 39.89539
1202435967 116.64874 39.89539
1202437468 116.64874 39.89514
1202438967 116.64868 39.89528
1202439267 116.64868 39.8953
1202439567 116.64869 39.89531
1202439867 116.6487 39.89532
1202439867 116.6487 39.89532
1202440167 116.64869 39.89532
1202440467 116.64869 39.89532
1202440767 116.64868 39.89532
1202441067 116.64867 39.89532
1202441367 116.64868 39.89534
1202441667 116.64865 39.89536
1202441967 116.64858 39.89537
1202442267 116.64857 39.89541
1202442567 116.64857 39.89541
1202442867 116.64856 39.89541
1202443167 116.64857 39.8954
1202443467 116.64857 39.89539
1202443767 116.64858 39.89538
1202444067 116.64844 39.89512
1202444367 116.64861 39.89531
1202444667 116.64854 39.89519
1202445267 116.64869 39.89532
1202445267 116.64869 39.89532
1202445567 116.64872 39.89521
1202445867 116.64872 39.89521
1202446167 116.6487 39.8954
1202446466 116.64874 39.89532
1202446766 116.64874 39.89532
1202447066 116.64874 39.89533
1202447366 116.64873 39.89533
1202447666 116.64874 39.89533
1202447966 116.64878 39.89529
1202448266 116.64871 39.8953
1202448566 116.64868 39.89544
1202448566 116.64868 39.89544
1202448867 116.64868 39.89543
1202449167 116.64868 39.89542
1202449467 116.64855 39.8954
1202449767 116.64861 39.8954
1202450066 116.64839 39.89538
1202450366 116.64843 39.89536
1202450666 116.64845 39.89537
1202450966 116.64847 39.89538
1202451266 116.64847 39.89537
1202451566 116.64847 39.89538
1202451866 116.64848 39.89538
1202452166 116.64849 39.89538
1202452467 116.6486 39.89523
1202452767 116.64858 39.89545
1202453067 116.64862 39.89548
1202453367 116.64867 39.89527
1202453666 116.64866 39.89539
1202453966 116.64865 39.89541
1202454266 116.64865 39.89542
1202454566 116.64864 39.89543
1202454866 116.64863 39.89544
1202455166 116.64862 39.89544
1202455466 116.64861 39.89545
1202455766 116.6486 39.89546
1202456067 116.6486 39.89545
1202456367 116.6486 39.89545
1202456666 116.64859 39.89545
1202456966 116.64859 39.89545
1202457266 116.64858 39.89545
1202457266 116.64858 39.89545
1202457566 116.64858 39.89546
1202457866 116.64844 39.89529
1202458166 116.64847 39.89529
1202458466 116.64847 39.89528
1202458766 116.64846 39.89529
1202459066 116.64847 39.8953
1202459366 116.64847 39.89529
1202459666 116.64847 39.8953
1202459966 116.64847 39.89531
1202460266 116.64819 39.89526
1202460566 116.6482 39.89526
1202460866 116.6482 39.89526
1202461166 116.64853 39.89543
1202461466 116.64838 39.89532
1202461765 116.64847 39.89533
1202462066 116.64848 39.89533
1202462366 116.64851 39.89531
1202462666 116.64852 39.8953
1202462966 116.64852 39.89528
1202463266 116.64852 39.89527
1202463566 116.64851 39.89543
1202463866 116.64851 39.8953
1202464166 116.64851 39.89527
1202464465 116.6485 39.8953
1202464765 116.64851 39.89531
1202465065 116.64853 39.89533
1202465365 116.64473 39.89146
1202465665 116.61623 39.9056
1202465965 116.58386 39.91144
1202465965 116.58386 39.91144
1202466265 116.55319 39.91484
1202466558 116.52414 39.91571
1202466858 116.48966 39.91438
1202467158 116.48149 39.95673
1202467458 116.4478 39.96644
1202467522 116.44528 39.96572
1202467822 116.43262 39.95339
1202467840 116.43008 39.95334
1202468140 116.41907 39.94924
1202468440 116.41851 39.97159
1202468581 116.41439 39.98042
1202468881 116.41335 39.9817
1202468936 116.41263 39.98171
1202469236 116.41869 39.96299
1202469536 116.41918 39.94873
1202469836 116.42849 39.91849
1202470136 116.43983 39.87673
1202470398 116.42031 39.86707
1202470698 116.4325 39.86464
1202470998 116.44949 39.87495
1202471070 116.45595 39.87481
1202471370 116.4555 39.90192
1202471652 116.4622 39.93233
1202471722 116.46662 39.93038
1202472022 116.46372 39.91491
1202472022 116.46372 39.91491
1202472228 116.4584 39.90656
1202472447 116.46302 39.90717
1202472677 116.44476 39.90735
1202472855 116.44413 39.91196
1202473155 116.4143 39.90696
1202473455 116.38599 39.90613
1202473755 116.34967 39.90663
1202474055 116.30861 39.89577
1202474055 116.30861 39.89577
1202474055 116.30861 39.89577
1202474055 116.30861 39.89577
1202474355 116.23985 39.89575
1202474656 116.17645 39.89105
1202474956 116.15783 39.88426
1202474956 116.15783 39.88426
1202475256 116.15626 39.86292
1202475410 116.16923 39.85941
1202475668 116.19302 39.84967
1202475968 116.21102 39.84375
1202476268 116.2248 39.84726
1202476568 116.25523 39.86582
1202476868 116.3041 39.88351
1202476992 116.29674 39.88232
1202477222 116.30361 39.88437
1202477526 116.32677 39.84764
1202477526 116.32677 39.84764
1202477720 116.35331 39.85016
1202477822 116.35333 39.84668
1202478020 116.35326 39.84425
1202478320 116.37993 39.85554
1202478620 116.43632 39.8576
1202478921 116.47542 39.8666
1202479221 116.52323 39.86864
1202479521 116.56708 39.87179
1202479821 116.60351 39.88435
1202480120 116.60093 39.89523
1202480420 116.60093 39.89519
1202480720 116.60091 39.89517
1202481020 116.6009 39.89514
1202481320 116.6009 39.89512
1202481620 116.60089 39.89511
1202481620 116.60089 39.89511
1202481920 116.6009 39.89511
1202482220 116.6009 39.89511
1202482520 116.6009 39.89511
1202482820 116.60091 39.89512
1202483120 116.60091 39.89512
1202483420 116.60091 39.89512
1202483720 116.60092 39.89512
1202484020 116.60092 39.89512
1202484920 116.60092 39.89512
1202485220 116.60092 39.89512
1202485520 116.60092 39.89512
1202485820 116.60092 39.89512
1202486120 116.60093 39.89512
1202486420 116.60093 39.89513
1202486719 116.60093 39.89513
1202487019 116.60093 39.89513
1202487320 116.60093 39.89514
1202487620 116.60093 39.89514
1202487920 116.60093 39.89515
1202488220 116.60092 39.89515
1202488520 116.60092 39.89514
1202488820 116.60092 39.89514
1202489154 116.60092 39.89514
1202489420 116.60092 39.89513
1202489720 116.60092 39.89513
1202490020 116.60092 39.89513
1202490320 116.60092 39.89513
1202490320 116.60092 39.89513
1202490619 116.60092 39.89513
1202490619 116.60092 39.89513
1202490919 116.60092 39.89513
1202491219 116.60092 39.89513
1202491519 116.60111 39.89529
1202491819 116.60101 39.89525
1202492119 116.60097 39.89523
