UTS Latitude Longitude
1201959888 116.46588 39.91226
1201959945 116.46059 39.91225
1201960189 116.45509 39.90518
1201960247 116.45518 39.90123
1201960490 116.44807 39.89583
1201960548 116.44807 39.89583
1201960792 116.4482 39.89583
1201960792 116.4482 39.89583
1201960918 116.44953 39.89586
1201961094 116.45516 39.89303
1201961220 116.45565 39.90446
1201961396 116.45553 39.91492
1201961521 116.45537 39.92869
1201961697 116.4557 39.94546
1201961823 116.45073 39.95855
1201961999 116.47894 39.98397
1201962013 116.48176 39.98652
1201962104 116.49769 40.00095
1201962125 116.50114 40.00408
1201962211 116.51749 40.01658
1201962301 116.54036 40.02478
1201962337 116.54985 40.02786
1201962427 116.57134 40.03898
1201962603 116.5806 40.04794
1201962729 116.58426 40.05344
1201962905 116.58364 40.06061
1201963030 116.58221 40.06929
1201963207 116.58527 40.07678
1201963332 116.58676 40.07762
1201963508 116.58387 40.07962
1201963634 116.58388 40.07782
1201963810 116.5812 40.07657
1201963936 116.58032 40.076
1201964112 116.58228 40.06374
1201964238 116.57463 40.06305
1201964414 116.56413 40.06439
1201964540 116.56532 40.06112
1201964841 116.56994 40.06058
1201965017 116.5849 40.05531
1201965143 116.58229 40.04898
1201965143 116.58229 40.04898
1201965319 116.57047 40.03525
1201965445 116.56519 40.03229
1201965747 116.54228 40.0241
1201965923 116.52315 40.01727
1201966049 116.51001 40.01135
1201966224 116.49839 40.00076
1201966361 116.49236 39.99532
1201966526 116.48299 39.98712
1201966663 116.47621 39.98173
1201966828 116.44929 39.95744
1201967130 116.42956 39.93951
1201967267 116.43691 39.93962
1201967432 116.44154 39.93512
1201969355 116.4432 39.9325
1201969488 116.44038 39.93252
1201969488 116.44038 39.93252
1201969789 116.43539 39.93248
1201970091 116.43761 39.93358
1201970393 116.44442 39.93226
1201970534 116.45182 39.93218
1201970558 116.45223 39.93221
1201970694 116.4553 39.92583
1201970859 116.45537 39.9174
1201970996 116.45536 39.90137
1201971297 116.47125 39.89162
1201971463 116.46749 39.88475
1201971599 116.47119 39.88446
1201971901 116.4564 39.8921
1201972203 116.45581 39.90129
1201972445 116.4563 39.90487
1201972505 116.45604 39.90411
1201972746 116.45422 39.90409
1201973410 116.49807 39.90667
1201973712 116.53814 39.91158
1201973804 116.53694 39.93025
1201978494 116.51734 39.92463
1201978795 116.50793 39.92211
1201979056 116.48819 39.92178
1201979056 116.48819 39.92178
1201979097 116.48156 39.92173
1201979298 116.47851 39.92452
1201980280 116.47729 39.92689
1201980509 116.47201 39.92563
1201980509 116.47201 39.92563
1201980582 116.4712 39.92167
1201980811 116.46342 39.91868
1201981112 116.44583 39.91198
1201981716 116.43484 39.90935
1201982018 116.431 39.90715
1201982320 116.41155 39.90686
1201982621 116.40822 39.90683
1201982923 116.40576 39.90674
1201983225 116.40217 39.90655
1201983587 116.39325 39.90634
1201983889 116.38427 39.90615
1201984191 116.37188 39.90596
1201984493 116.37024 39.90957
1201984553 116.37017 39.90954
1201984794 116.36577 39.90602
1201985096 116.3678 39.90283
1201985398 116.38157 39.90297
1201985700 116.39497 39.90628
1201986002 116.4199 39.90701
1201986303 116.42809 39.93053
1201987504 116.45542 39.91576
1201987806 116.45577 39.90748
1201988108 116.45538 39.91509
1201988410 116.44334 39.91206
1201988711 116.42571 39.90722
1201989013 116.41007 39.90697
1201989315 116.40251 39.90666
1201989617 116.39019 39.90628
1201989919 116.38025 39.90601
1201990220 116.35847 39.90592
1201990522 116.31751 39.90621
1201990824 116.29711 39.90638
1201991099 116.29904 39.91397
1201991126 116.29873 39.91406
1201991308 116.29498 39.91515
1201991705 116.29599 39.91101
1201991729 116.29597 39.91012
1201991921 116.29603 39.90763
1201992031 116.29596 39.90853
1201992222 116.29608 39.91132
1201992332 116.29606 39.91345
1201992523 116.2911 39.9332
1201992634 116.29165 39.94524
1201992845 116.29558 39.94385
1201992935 116.29557 39.94384
1201993127 116.29554 39.94386
1201993237 116.29553 39.94386
1201993429 116.29574 39.94379
1201993539 116.30328 39.94047
1201993816 116.30492 39.92698
1201993841 116.30424 39.92864
1201994143 116.30383 39.94671
1201994143 116.30383 39.94671
1201994444 116.3441 39.96626
1201994746 116.3514 39.99213
1201994790 116.35151 39.99213
1201995048 116.35917 39.98833
1201995092 116.35917 39.98833
1201995350 116.34751 39.98005
1201995393 116.34741 39.97548
1201996557 116.37159 39.91151
1201996863 116.36639 39.91164
1201997165 116.36789 39.90054
1201997467 116.36796 39.89889
1201997769 116.36806 39.88961
1201997883 116.36688 39.88802
1201998070 116.35473 39.88811
1201999937 116.32074 39.84804
1201999937 116.32074 39.84804
1202000124 116.32474 39.84787
1202000239 116.31944 39.84959
1202000426 116.31929 39.84963
1202000541 116.3172 39.85027
1202000728 116.3036 39.85877
1202000843 116.30316 39.86611
1202001144 116.28902 39.88164
1202001362 116.28883 39.89524
1202001446 116.29089 39.88987
1202001664 116.30394 39.88876
1202001748 116.30394 39.88876
1202001965 116.30398 39.8858
1202001965 116.30398 39.8858
1202002050 116.30171 39.88242
1202002266 116.26672 39.87151
1202002351 116.24788 39.86301
1202002568 116.20684 39.84166
1202002652 116.20604 39.83143
1202002766 116.19865 39.81028
1202002870 116.1904 39.7879
1202002954 116.16926 39.78105
1202003172 116.13674 39.75467
1202003256 116.13578 39.74569
1202003473 116.1358 39.72532
1202003558 116.12985 39.72743
1202003775 116.11724 39.73982
1202003860 116.10974 39.74168
1202003981 116.10896 39.74208
1202032341 116.10892 39.74214
1202032413 116.10894 39.74238
1202032413 116.10894 39.74238
1202032642 116.1089 39.74217
1202032715 116.1089 39.74217
1202032944 116.1089 39.74217
1202033017 116.1089 39.74217
1202033246 116.1089 39.74217
1202033319 116.1089 39.74217
1202033548 116.1089 39.74217
1202033620 116.1089 39.74217
1202033922 116.1089 39.74217
1202034151 116.1089 39.74217
1202034453 116.10893 39.74214
1202034453 116.10893 39.74214
1202034526 116.10894 39.74209
1202034755 116.11017 39.74105
1202034828 116.11017 39.74105
1202035057 116.12323 39.74286
1202035129 116.12566 39.74121
1202035359 116.12644 39.74099
1202035431 116.12644 39.74099
1202035962 116.13749 39.74631
1202036035 116.1426 39.74628
1202036264 116.16508 39.75119
1202036337 116.17565 39.74926
1202036566 116.21476 39.75326
1202036638 116.21679 39.76174
1202036868 116.2555 39.76851
1202036940 116.26859 39.76915
1202037169 116.29013 39.77798
1202037242 116.30141 39.78387
1202037470 116.32597 39.79913
1202037543 116.33129 39.80246
1202037772 116.3339 39.80411
1202037845 116.33458 39.80451
1202038146 116.33933 39.82092
1202038376 116.35293 39.83399
1202038448 116.35298 39.83998
1202038677 116.35298 39.84004
1202038979 116.35302 39.84229
1202039885 116.35312 39.84451
1202040203 116.33705 39.84975
1202040488 116.34584 39.85005
1202040790 116.365 39.85512
1202041394 116.36734 39.86163
1202041695 116.37625 39.86942
1202041695 116.37625 39.86942
1202041997 116.39109 39.85747
1202042059 116.38995 39.85809
1202042178 116.38607 39.86048
1202042299 116.38503 39.85951
1202042601 116.38048 39.85605
1202042798 116.38082 39.85272
1202042903 116.38082 39.85272
1202042976 116.38077 39.85361
1202043204 116.3956 39.85552
1202043278 116.40105 39.85544
1202043506 116.40321 39.85548
1202043580 116.40473 39.85552
1202043808 116.40281 39.85593
1202043882 116.40268 39.85602
1202044110 116.40262 39.856
1202044184 116.40262 39.856
1202044412 116.40262 39.856
1202044485 116.40262 39.856
1202044713 116.40262 39.856
1202044787 116.40262 39.856
1202045015 116.40262 39.856
1202045089 116.40262 39.856
1202045317 116.40262 39.856
1202045391 116.40262 39.856
1202045619 116.37779 39.85583
1202045921 116.32033 39.84847
1202046222 116.30468 39.88287
1202046510 116.3009 39.88017
1202046812 116.3007 39.8815
1202046826 116.3019 39.88202
1202047114 116.30314 39.88193
1202047128 116.30314 39.88193
1202047430 116.30419 39.86729
1202047731 116.30868 39.86701
1202048039 116.30538 39.87789
1202048335 116.28912 39.87397
1202048340 116.28912 39.87397
1202048637 116.28912 39.87397
1202048642 116.28912 39.87397
1202048941 116.28912 39.87397
1202050769 116.28908 39.87395
1202050769 116.28908 39.87395
1202050769 116.28908 39.87395
1202050769 116.28908 39.87395
1202050769 116.28908 39.87395
1202050769 116.28908 39.87395
1202050769 116.28908 39.87395
1202050769 116.28908 39.87395
1202050769 116.28908 39.87395
1202050769 116.28908 39.87395
1202050769 116.28908 39.87395
1202050769 116.28908 39.87395
1202050769 116.28908 39.87395
1202050769 116.28908 39.87395
1202050769 116.28908 39.87395
1202050769 116.28908 39.87395
1202050769 116.28908 39.87395
1202050769 116.28908 39.87395
1202050769 116.28908 39.87395
1202050769 116.28908 39.87395
1202050769 116.28908 39.87395
1202058319 116.28927 39.87645
1202058491 116.28927 39.87645
1202058620 116.28927 39.87645
1202058792 116.29819 39.88031
1202058922 116.30544 39.87365
1202059093 116.31784 39.86664
1202059093 116.31784 39.86664
1202059223 116.32917 39.86661
1202059395 116.34117 39.85742
1202059525 116.33971 39.85527
1202059697 116.33971 39.85527
1202059827 116.33971 39.85527
1202059999 116.33971 39.85527
1202060129 116.33971 39.85527
1202060301 116.33971 39.85527
1202060431 116.33971 39.85527
1202060602 116.33971 39.85527
1202060732 116.33971 39.85527
1202060904 116.33971 39.85527
1202061034 116.33971 39.85527
1202061206 116.33971 39.85527
1202061336 116.33971 39.85527
1202061508 116.33971 39.85527
1202061638 116.33971 39.85527
1202061810 116.33971 39.85527
1202061940 116.33971 39.85527
1202062111 116.33971 39.85527
1202062241 116.33971 39.85527
1202062413 116.33971 39.85527
1202062543 116.33971 39.85527
1202062715 116.33971 39.85527
1202062845 116.33971 39.85527
1202063017 116.33971 39.85527
1202063147 116.33971 39.85527
1202063319 116.33971 39.85527
1202063449 116.33971 39.85527
1202063620 116.33979 39.85528
1202063750 116.33979 39.85528
1202063922 116.33979 39.85528
1202064052 116.33979 39.85528
1202064224 116.33979 39.85528
1202064354 116.33979 39.85528
1202064526 116.34066 39.85372
1202064656 116.33158 39.84775
1202064828 116.30969 39.85802
1202064958 116.30026 39.86581
1202065129 116.26302 39.86433
1202065259 116.24081 39.86024
1202065431 116.23095 39.85126
1202065561 116.23007 39.85055
1202065733 116.22668 39.84881
1202065863 116.22363 39.84704
1202066035 116.21835 39.84414
1202066165 116.21096 39.84265
1202066337 116.20555 39.83414
1202066467 116.2047 39.81534
1202066556 116.19557 39.80048
1202066638 116.18763 39.78543
1202066638 116.18763 39.78543
1202066769 116.15952 39.77581
1202066940 116.13667 39.75463
1202067070 116.13067 39.74625
1202067242 116.12025 39.74096
1202067372 116.11052 39.7411
1202067544 116.11013 39.74103
1202067674 116.11013 39.74103
1202067846 116.11013 39.74103
1202067976 116.11013 39.74103
1202068147 116.11013 39.74103
1202068278 116.11013 39.74103
1202068449 116.11013 39.74103
1202068579 116.11013 39.74103
1202068751 116.11013 39.74103
1202068881 116.11013 39.74103
1202069053 116.11013 39.74103
1202069183 116.11013 39.74103
1202069355 116.11013 39.74103
1202069485 116.11013 39.74103
1202069656 116.11013 39.74103
1202069787 116.1098 39.7415
1202069958 116.10896 39.74207
1202070088 116.10896 39.74207
1202070260 116.10896 39.74207
1202070390 116.10896 39.74207
1202070562 116.10896 39.74207
1202070692 116.10896 39.74207
1202070864 116.11017 39.74104
1202070994 116.11017 39.74104
1202071165 116.12105 39.7415
1202071296 116.12786 39.74159
1202071467 116.13595 39.75107
1202071597 116.14965 39.7647
1202071602 116.15052 39.76562
1202071769 116.18482 39.78408
1202071848 116.19499 39.79787
1202071899 116.19803 39.80906
1202072071 116.20532 39.83559
1202072201 116.20773 39.84198
1202072373 116.23575 39.85806
1202072503 116.26032 39.86452
1202072674 116.29656 39.8654
1202072805 116.3222 39.86668
1202072976 116.34208 39.8649
1202073106 116.33968 39.85527
1202073278 116.33968 39.85527
1202073408 116.33968 39.85527
1202073579 116.33968 39.85527
1202073709 116.33968 39.85527
1202073881 116.33968 39.85527
1202074182 116.33968 39.85527
1202074182 116.33968 39.85527
1202074313 116.33968 39.85527
1202074484 116.33968 39.85527
1202074614 116.33968 39.85527
1202074786 116.33968 39.85527
1202074916 116.33968 39.85527
1202075088 116.33968 39.85527
1202075218 116.33968 39.85527
1202075390 116.33968 39.85527
1202075520 116.34049 39.85532
1202075691 116.34222 39.84464
1202075822 116.34696 39.83881
1202075993 116.35263 39.84023
1202076123 116.34982 39.83952
1202076295 116.34982 39.83952
1202076425 116.34982 39.83952
1202076597 116.34982 39.83952
1202076727 116.34982 39.83952
1202076899 116.35287 39.83341
1202077070 116.37703 39.83017
1202077126 116.39203 39.83062
1202077200 116.40767 39.8299
1202077331 116.42309 39.82214
1202077502 116.43765 39.80544
1202077804 116.43479 39.806
1202077934 116.43479 39.806
1202078106 116.43479 39.806
1202078236 116.43479 39.806
1202078236 116.43479 39.806
1202078408 116.43479 39.806
1202078538 116.43479 39.806
1202078710 116.43479 39.806
1202078840 116.43594 39.80605
1202079011 116.43057 39.81811
1202079141 116.43865 39.82327
1202079148 116.44069 39.82332
1202079313 116.43153 39.83062
1202079434 116.42944 39.83014
1202119031 116.42944 39.83002
1202119135 116.43187 39.83227
1202119333 116.41782 39.84079
1202119437 116.41595 39.84452
1202119635 116.41317 39.84436
1202119738 116.41317 39.84436
1202119937 116.41317 39.84436
1202120040 116.41317 39.84436
1202120239 116.41317 39.84436
1202120342 116.41317 39.84436
1202120540 116.41317 39.84436
1202120644 116.41317 39.84436
1202121247 116.4224 39.85691
1202121549 116.45509 39.88086
1202121851 116.47097 39.89196
1202122153 116.47391 39.89916
1202122414 116.47179 39.90195
1202122455 116.47174 39.90248
1202122756 116.48531 39.90776
1202123339 116.48874 39.90832
1202123359 116.48874 39.90833
1202123641 116.47809 39.91434
1202123661 116.47694 39.91437
1202123943 116.47217 39.92267
1202123963 116.47228 39.92468
1202124245 116.47463 39.92426
1202124264 116.47463 39.92426
1202124546 116.47463 39.92426
1202124868 116.47228 39.93197
1202125170 116.45197 39.93255
1202125353 116.44926 39.93246
1202125472 116.44442 39.93523
1202126075 116.48109 39.95638
1202126287 116.48749 39.95786
1202126377 116.48525 39.95714
1202126377 116.48525 39.95714
1202126679 116.47154 39.95323
1202126981 116.45701 39.94842
1202127282 116.44552 39.93993
1202127584 116.43332 39.93985
1202127886 116.41229 39.93958
1202128188 116.41087 39.93954
1202128385 116.40253 39.93943
1202128490 116.40256 39.93223
1202128687 116.41596 39.93216
1202128791 116.41956 39.93049
1202128795 116.41957 39.93019
1202129093 116.41157 39.92295
1202129097 116.41157 39.92295
1202129395 116.41185 39.91444
1202129398 116.41187 39.91421
1202129697 116.40666 39.91295
1202129700 116.40666 39.91295
1202129999 116.40645 39.91276
1202130002 116.40645 39.91276
1202130300 116.40626 39.91274
1202130304 116.40626 39.91274
1202130602 116.40624 39.91274
1202130606 116.40624 39.91274
1202130904 116.40621 39.91261
1202130907 116.40621 39.91261
1202131206 116.40728 39.91261
1202131508 116.41453 39.90695
1202131809 116.43444 39.90707
1202132111 116.48368 39.90681
1202132413 116.51604 39.90768
1202132715 116.52359 39.90745
1202133195 116.53723 39.89872
1202133318 116.53866 39.89559
1202133497 116.53662 39.89174
1202133620 116.53662 39.89174
1202133799 116.51301 39.89194
1202134972 116.42769 39.92967
1202135274 116.42625 39.92401
1202135354 116.42626 39.92401
1202135576 116.42501 39.92332
1202135656 116.42475 39.92321
1202135656 116.42475 39.92321
1202135878 116.42033 39.91451
1202135957 116.42064 39.90995
1202136179 116.42202 39.90356
1202136259 116.42872 39.9038
1202136481 116.41295 39.89982
1202136561 116.41214 39.8984
1202136783 116.41196 39.89446
1202136863 116.4091 39.89229
1202137084 116.41252 39.89102
1202137164 116.4128 39.88698
1202137386 116.42076 39.88607
1202137465 116.41625 39.88592
1202137687 116.41468 39.87941
1202137687 116.41468 39.87941
1202137989 116.41747 39.85608
1202138291 116.414 39.85094
1202138316 116.41398 39.85084
1202138593 116.41558 39.84709
1202138618 116.41575 39.84552
1202139196 116.42626 39.83638
1202139222 116.42626 39.83638
1202139498 116.42637 39.83643
1202139524 116.42639 39.83644
1202139800 116.42639 39.83644
1202139825 116.42639 39.83644
1202140102 116.42196 39.83875
1202140705 116.42928 39.85721
1202141007 116.45539 39.88689
1202141238 116.46901 39.89185
1202141309 116.47116 39.89136
1202141460 116.47101 39.88318
1202141460 116.47101 39.88318
1202141611 116.46036 39.88313
1202141762 116.45557 39.89457
1202141913 116.46116 39.89911
1202142064 116.45639 39.89585
1202142215 116.45673 39.8959
1202142516 116.4557 39.89821
1202142818 116.44547 39.85927
1202143120 116.42881 39.85746
1202143422 116.41586 39.85865
1202143724 116.41934 39.86237
1202144327 116.41934 39.86237
1202144629 116.41934 39.86237
1202144931 116.42058 39.86101
1202145233 116.4274 39.86006
1202145233 116.4274 39.86006
1202145534 116.43237 39.85862
1202145836 116.45502 39.87901
1202146138 116.45567 39.91055
1202146439 116.45547 39.93203
1202146741 116.45058 39.9583
1202146976 116.48359 39.98822
1202147173 116.52264 40.01846
1202147344 116.56551 40.03458
1202147646 116.58242 40.06786
1202147809 116.58653 40.07906
1202147948 116.58148 40.07922
1202148250 116.58578 40.06737
1202148413 116.58577 40.06733
1202148551 116.58577 40.06735
1202148715 116.58577 40.06735
1202148853 116.58579 40.06738
1202149017 116.58579 40.06738
1202149155 116.58579 40.06734
1202149318 116.58581 40.06736
1202149457 116.58581 40.06736
1202149620 116.58577 40.06734
1202149759 116.58577 40.06734
1202149922 116.58577 40.06734
1202150224 116.58583 40.06732
1202150526 116.58582 40.06732
1202150664 116.58582 40.06732
1202150827 116.58582 40.06732
1202150966 116.58579 40.06732
1202151129 116.58579 40.06732
1202151268 116.58581 40.06732
1202151431 116.58581 40.06732
1202151733 116.58582 40.06729
1202151871 116.5858 40.0673
1202152173 116.59079 40.0515
1202152291 116.59747 40.04494
1202152475 116.58817 40.04403
1202152475 116.58817 40.04403
1202152593 116.58426 40.04214
1202152777 116.57864 40.03452
1202152895 116.57863 40.03452
1202153079 116.56602 40.03265
1202153197 116.55438 40.02847
1202153380 116.53676 40.02219
1202153498 116.52189 40.01689
1202153682 116.50183 40.004
1202153984 116.48283 39.98724
1202154286 116.46575 39.99843
1202154588 116.44269 39.9943
1202154691 116.4419 39.99362
1202154889 116.43114 39.99164
1202154993 116.42501 39.99236
1202155191 116.41787 39.9915
1202155795 116.3712 39.98742
1202156097 116.37512 39.95221
1202156139 116.37597 39.95209
1202156398 116.38891 39.95075
1202156700 116.41714 39.94809
1202157002 116.42723 39.94018
1202157304 116.42778 39.9292
1202157606 116.42854 39.92272
1202157907 116.43437 39.92269
1202158209 116.45549 39.91428
1202158813 116.45576 39.8976
1202159416 116.45563 39.89624
1202159718 116.45614 39.91134
1202160624 116.39395 39.98694
1202161844 116.31919 39.99132
1202161911 116.31602 39.9911
1202162146 116.31005 39.98463
1202162213 116.31008 39.98421
1202162448 116.31248 39.97187
1202163051 116.31956 39.9297
1202163655 116.3301 39.90229
1202163957 116.34045 39.89087
1202164259 116.33567 39.88683
1202164560 116.33557 39.88016
1202164585 116.3356 39.88008
1202164862 116.32984 39.86757
1202165164 116.33911 39.84959
1202165466 116.35307 39.84292
1202165768 116.3647 39.84463
1202166069 116.36824 39.86886
1202166217 116.37019 39.87339
1202166371 116.36848 39.87436
1202166673 116.36848 39.87436
1202166821 116.36803 39.87399
1202166975 116.36867 39.86865
1202166975 116.36867 39.86865
1202167277 116.4287 39.86944
1202167578 116.45513 39.87179
1202168182 116.46838 39.9353
1202168484 116.45526 39.92445
1202168786 116.44754 39.90727
1202169388 116.43677 39.90587
1202169400 116.43677 39.90587
1202169690 116.43268 39.90464
1202169690 116.43268 39.90464
1202169992 116.45533 39.90026
1202170294 116.46142 39.86993
1202170440 116.47128 39.86721
1202170595 116.47128 39.86721
1202170708 116.47125 39.86979
1202170897 116.46601 39.8777
1202171010 116.46184 39.8782
1202171199 116.46157 39.87678
1202171312 116.46157 39.87678
1202171614 116.46157 39.87678
1202171614 116.46157 39.87678
1202171803 116.46157 39.87678
1202171916 116.46157 39.87678
1202172104 116.46157 39.87678
1202172217 116.46157 39.87678
1202172406 116.46157 39.87678
1202172519 116.46157 39.87678
1202172821 116.45688 39.8749
1202173010 116.45457 39.8703
1202173123 116.45256 39.86518
1202173425 116.43922 39.85091
1202173470 116.43974 39.84779
1202173613 116.43251 39.84479
1202174073 116.40901 39.83695
1202174375 116.41143 39.84121
1202174519 116.41143 39.84126
1202174519 116.41143 39.84126
1202174821 116.42837 39.83512
1202174979 116.42945 39.83009
1202203603 116.43294 39.83063
1202203796 116.42039 39.83922
1202204098 116.4133 39.8443
1202204098 116.4133 39.8443
1202204400 116.4133 39.8443
1202204701 116.4133 39.84435
1202204810 116.4133 39.84435
1202205003 116.41336 39.84436
1202205413 116.4079 39.85483
1202205895 116.34137 39.85568
1202206017 116.34837 39.86125
1202206197 116.35554 39.86517
1202206319 116.35821 39.86713
1202206621 116.36828 39.87735
1202206729 116.36791 39.88092
1202206922 116.36148 39.87458
1202206922 116.36148 39.87458
1202207031 116.35868 39.87103
1202207224 116.35773 39.87669
1202207333 116.35753 39.88087
1202207526 116.35725 39.88743
1202207635 116.35582 39.88802
1202207828 116.35237 39.88496
1202207937 116.34731 39.88159
1202208130 116.34627 39.86813
1202208431 116.34065 39.87556
1202208733 116.34032 39.88954
1202209035 116.33644 39.90119
1202209577 116.34543 39.9271
1202209639 116.34591 39.9271
1202209879 116.34278 39.92233
1202209940 116.34278 39.92233
1202210242 116.33789 39.93047
1202210544 116.34184 39.93502
1202210806 116.34184 39.93502
1202210846 116.34184 39.93502
1202211108 116.34245 39.93557
1202211148 116.34067 39.93592
1202211449 116.36232 39.93654
1202211670 116.3588 39.92276
1202211751 116.35847 39.91818
1202212053 116.35518 39.90597
1202212657 116.35806 39.90809
1202212738 116.36087 39.90977
1202212958 116.36768 39.90632
1202213040 116.36784 39.90423
1202213260 116.35744 39.8982
1202213342 116.35744 39.8982
1202213407 116.35498 39.8982
1202213562 116.34653 39.89997
1202213709 116.33656 39.89657
1202213864 116.3251 39.89591
1202214011 116.31522 39.89666
1202214166 116.3161 39.89613
1202214467 116.31523 39.90597
1202214769 116.32849 39.91257
1202215071 116.32736 39.93418
1202215373 116.34546 39.93861
1202215486 116.34255 39.93971
1202215675 116.3368 39.93572
1202215732 116.33762 39.93214
1202215976 116.34366 39.922
1202216034 116.34665 39.9221
1202216278 116.34993 39.91708
1202216278 116.34993 39.91708
1202216336 116.34993 39.91708
1202216580 116.34924 39.9171
1202216638 116.34495 39.91711
1202216882 116.33058 39.91705
1202216939 116.32885 39.91697
1202217184 116.32911 39.9128
1202217241 116.32831 39.91215
1202217484 116.33582 39.90591
1202217786 116.33614 39.89737
1202218088 116.34279 39.87649
1202218291 116.34037 39.87141
1202218390 116.34238 39.86998
1202218595 116.32239 39.86696
1202218595 116.32239 39.86696
1202218692 116.31071 39.86671
1202218894 116.30975 39.87361
1202218993 116.31156 39.87894
1202219196 116.30821 39.88114
1202219295 116.30827 39.88116
1202219498 116.30827 39.88116
1202219597 116.30827 39.88116
1202219899 116.31502 39.88298
1202220201 116.31899 39.88313
1202220502 116.31972 39.88299
1202220667 116.32678 39.8832
1202220865 116.33319 39.8834
1202222449 116.33327 39.88351
1202222679 116.33327 39.88351
1202222679 116.33327 39.88351
1202222750 116.33327 39.88351
1202222980 116.33327 39.88351
1202223052 116.33327 39.88351
1202223282 116.33327 39.88351
1202223354 116.33327 39.88351
1202223584 116.33327 39.88351
1202223656 116.33327 39.88351
1202223886 116.33327 39.88351
1202223958 116.33327 39.88351
1202224188 116.33327 39.88351
1202224259 116.33327 39.88351
1202224489 116.33325 39.8835
1202224561 116.33325 39.8835
1202224791 116.33325 39.8835
1202224863 116.33325 39.8835
1202225093 116.33325 39.8835
1202225165 116.33325 39.8835
1202225395 116.33319 39.88353
1202225467 116.33319 39.88353
1202225697 116.33044 39.88848
1202225768 116.33651 39.8883
1202225998 116.34848 39.88792
1202226300 116.36564 39.88784
1202226602 116.36757 39.88779
1202226855 116.36844 39.89623
1202226904 116.36836 39.89655
1202227157 116.37412 39.89835
1202227206 116.37412 39.89835
1202227458 116.37824 39.89466
1202227507 116.37847 39.89122
1202227809 116.37845 39.88861
1202228047 116.38694 39.88883
1202228349 116.37844 39.89404
1202228413 116.37815 39.89768
1202228715 116.39235 39.88565
1202229016 116.39328 39.86506
1202229318 116.40157 39.85777
1202229351 116.40218 39.85741
1202229425 116.40288 39.85597
1202229620 116.39841 39.85545
1202229620 116.39841 39.85545
1202229727 116.4194 39.85663
1202229922 116.45103 39.86328
1202230029 116.46311 39.85856
1202230224 116.47695 39.84742
1202230331 116.47424 39.84632
1202230525 116.47747 39.84759
1202230632 116.47684 39.84873
1202230827 116.47684 39.84873
1202230934 116.47684 39.84873
1202231129 116.47684 39.84873
1202231236 116.47684 39.84873
1202231431 116.47684 39.84873
1202231538 116.47684 39.84873
1202231733 116.47684 39.84873
1202231840 116.47684 39.84873
1202232034 116.47684 39.84873
1202232141 116.47684 39.84873
1202232336 116.47684 39.84873
1202232443 116.47684 39.84873
1202232638 116.46923 39.85639
1202232744 116.4657 39.858
1202232939 116.47117 39.86965
1202233046 116.47028 39.87011
1202233241 116.45501 39.87242
1202233542 116.45576 39.91419
1202233844 116.45572 39.93697
1202234146 116.43955 39.9399
1202234378 116.43055 39.9398
1202234448 116.42704 39.93926
1202234750 116.42811 39.92165
1202235051 116.42957 39.90595
1202235353 116.43649 39.86957
1202235655 116.38287 39.86999
1202235957 116.37777 39.86089
1202236003 116.37772 39.8608
1202236003 116.37772 39.8608
1202236259 116.37804 39.86157
1202236305 116.37804 39.86157
1202236560 116.38087 39.8638
1202236862 116.37868 39.88494
1202236962 116.37869 39.8863
1202237164 116.37851 39.88771
1202237264 116.36848 39.8882
1202237466 116.36921 39.89141
1202237768 116.36976 39.89395
1202238069 116.36405 39.88793
1202238371 116.35045 39.88811
1202238509 116.34689 39.89445
1202238673 116.34935 39.89666
1202238975 116.35552 39.91257
1202239277 116.3674 39.91324
1202239418 116.36767 39.91051
1202239578 116.36757 39.91049
1202239720 116.36085 39.91057
1202239880 116.35749 39.90598
1202240182 116.34516 39.89688
1202240484 116.35862 39.86782
1202240786 116.41415 39.86965
1202241088 116.41587 39.85649
1202241310 116.41742 39.84999
1202241389 116.41751 39.8519
1202241612 116.42181 39.85852
1202241691 116.42052 39.86248
1202241914 116.42054 39.86278
1202241993 116.42054 39.86278
1202242216 116.42047 39.86293
1202242295 116.42026 39.86716
1202242517 116.42756 39.86929
1202242597 116.42756 39.86929
1202242819 116.42756 39.86929
1202242898 116.42756 39.86929
1202243200 116.43977 39.87951
1202243502 116.42867 39.92053
1202243804 116.40727 39.9241
1202243842 116.40726 39.9241
1202244106 116.41065 39.91745
1202244132 116.41142 39.91732
1202244407 116.41171 39.90927
1202244407 116.41171 39.90927
1202244434 116.41158 39.90787
1202244709 116.40974 39.90597
1202244736 116.40974 39.90597
1202245011 116.40806 39.90444
1202245037 116.40546 39.90436
1202245313 116.41054 39.8994
1202245339 116.41125 39.89942
1202245394 116.4117 39.89943
1202245615 116.41266 39.89485
1202245695 116.41855 39.89593
1202245916 116.42043 39.89917
1202245997 116.41942 39.8959
1202246218 116.40926 39.89574
1202246299 116.40617 39.89931
1202246520 116.41264 39.89246
1202246822 116.39291 39.88515
1202247124 116.39501 39.86411
1202247298 116.39828 39.86596
1202247425 116.39738 39.86395
1202247599 116.40758 39.86235
1202247599 116.40758 39.86235
1202247726 116.40792 39.85615
1202247900 116.41406 39.85561
1202248028 116.41754 39.8543
1202248319 116.4291 39.86457
1202248330 116.42951 39.86453
1202248632 116.43203 39.86459
1202248933 116.44 39.88291
1202249175 116.45287 39.88299
1202249235 116.45477 39.88053
1202249477 116.45465 39.87734
1202249537 116.45465 39.87734
1202249779 116.4546 39.87726
1202249839 116.4546 39.87726
1202250080 116.4546 39.87726
1202250141 116.4546 39.87726
1202250382 116.45463 39.87634
1202250442 116.45469 39.87074
1202250684 116.46151 39.88258
1202250744 116.4615 39.88644
1202250986 116.46156 39.88639
1202251046 116.46167 39.88633
1202251288 116.46167 39.88633
1202251348 116.46167 39.88633
1202251590 116.46454 39.88315
1202251650 116.47065 39.88315
1202251891 116.46861 39.89221
1202251951 116.46853 39.89221
1202251951 116.46853 39.89221
1202252253 116.47092 39.89197
1202252555 116.49836 39.89407
1202252597 116.49836 39.89407
1202252857 116.48757 39.89954
1202252898 116.48486 39.8995
1202253159 116.47184 39.89919
1202253200 116.47129 39.89449
1202253762 116.44389 39.88343
1202253804 116.44389 39.88343
1202254242 116.42964 39.86717
1202254366 116.42874 39.86468
1202254668 116.41566 39.85697
1202254969 116.38071 39.85589
1202256552 116.32283 39.84681
1202256854 116.32058 39.84812
1202256951 116.32058 39.84812
1202257156 116.32128 39.84791
1202257253 116.32128 39.84791
1202257458 116.32128 39.84791
1202257458 116.32128 39.84791
1202257554 116.32472 39.84746
1202257759 116.35227 39.85161
1202259212 116.41974 39.90356
1202259514 116.43938 39.88051
1202259784 116.42737 39.86014
1202259816 116.42603 39.85998
1202260086 116.42743 39.85056
1202260118 116.42743 39.85056
1202260387 116.42743 39.85056
1202260419 116.42743 39.85056
1202260689 116.42554 39.84448
1202260721 116.42544 39.84451
1202261023 116.42915 39.83457
1202261265 116.42944 39.83009
1202291439 116.42947 39.83018
1202291615 116.433 39.83161
1202291741 116.42396 39.83737
1202291916 116.4204 39.84259
1202292218 116.41058 39.85585
1202292520 116.37977 39.86982
1202292818 116.36462 39.88011
1202292822 116.36462 39.88011
1202293124 116.36156 39.88678
1202293124 116.36156 39.88678
1202293422 116.36166 39.88702
1202293422 116.36166 39.88702
1202293425 116.36166 39.88702
1202293724 116.36166 39.88702
1202293727 116.36166 39.88702
1202294025 116.36177 39.89221
1202294029 116.36177 39.89221
1202294327 116.36177 39.89221
1202294331 116.36177 39.89221
1202294629 116.35839 39.89568
1202294633 116.35832 39.89566
1202294931 116.35616 39.89831
1202294934 116.35616 39.89831
1202295538 116.34747 39.89496
1202295840 116.33985 39.89764
1202296142 116.28645 39.89586
1202297372 116.26975 39.9574
1202297547 116.26658 39.95558
1202297674 116.2665 39.95558
1202297814 116.2679 39.95563
1202297976 116.26844 39.9326
1202298116 116.26779 39.90932
1202298278 116.27279 39.90605
1202298418 116.27729 39.90258
1202298812 116.29642 39.90604
1202298881 116.30265 39.90484
1202299114 116.31345 39.89598
1202299183 116.30574 39.895
1202306728 116.32286 39.89533
1202306937 116.35741 39.89799
1202307030 116.36735 39.89825
1202307239 116.3901 39.89871
1202307239 116.3901 39.89871
1202307332 116.40009 39.89928
1202307541 116.42046 39.89923
1202307633 116.43031 39.89943
1202307843 116.46204 39.90345
1202307935 116.48368 39.90569
1202308145 116.53163 39.90805
1202308237 116.54442 39.90771
1202308446 116.57707 39.90859
1202308841 116.6211 39.91263
1202309050 116.64155 39.92109
1202309142 116.63672 39.91649
1202309352 116.63711 39.91607
1202309444 116.63711 39.91607
1202310048 116.60778 39.90539
1202310350 116.57243 39.90935
1202310650 116.48829 39.90692
1202310952 116.43517 39.90715
1202311239 116.42089 39.90456
1202311254 116.42083 39.90444
1202311541 116.4183 39.90659
1202311556 116.4183 39.90659
1202311843 116.42181 39.90355
1202311858 116.42413 39.9036
1202312145 116.42457 39.89607
1202312159 116.42461 39.89607
1202312461 116.43844 39.88763
1202312719 116.44164 39.88034
1202312763 116.44133 39.88037
1202313021 116.44467 39.87928
1202313065 116.44472 39.87646
1202313323 116.44474 39.87123
1202313367 116.44474 39.87123
1202313668 116.44477 39.87831
1202313782 116.44966 39.88022
1202313970 116.45008 39.88163
1202314272 116.45421 39.90719
1202314427 116.44692 39.91011
1202314503 116.44433 39.91141
1202314574 116.4443 39.91608
1202314804 116.44422 39.92774
1202314876 116.44445 39.93423
1202314876 116.44445 39.93423
1202315106 116.441 39.94221
1202315408 116.43815 39.94537
1202315479 116.43394 39.95038
1202315710 116.42901 39.95796
1202315781 116.43339 39.9573
1202316012 116.43572 39.94706
1202318200 116.44109 39.94304
1202318501 116.43845 39.94183
1202318803 116.43564 39.9401
1202318849 116.43564 39.9401
1202319151 116.41662 39.93966
1202319255 116.41062 39.93957
1202319453 116.41058 39.93774
1202319754 116.41972 39.92721
1202321044 116.4217 39.90344
1202321337 116.41266 39.89976
1202321639 116.38532 39.89899
1202321941 116.34692 39.89667
1202322168 116.31608 39.89614
1202322243 116.31608 39.89614
1202322470 116.3154 39.89687
1202322544 116.31422 39.89596
1202322772 116.3065 39.89608
1202322846 116.3065 39.89608
1202323040 116.30613 39.896
1202323148 116.30283 39.8926
1202323342 116.30301 39.89261
1202323450 116.30333 39.88351
1202323752 116.30416 39.91882
1202324054 116.30411 39.95568
1202324188 116.3061 39.9592
1202324355 116.30336 39.95571
1202324490 116.30349 39.94643
1202324657 116.30324 39.94427
1202324792 116.30324 39.94427
1202324959 116.3028 39.94424
1202325261 116.30958 39.93108
1202325441 116.30588 39.93212
1202325563 116.30455 39.93104
1202325864 116.31036 39.90618
1202326050 116.32578 39.90773
1202326166 116.32573 39.90775
1202326468 116.33783 39.90588
1202326770 116.3791 39.90586
1202326770 116.3791 39.90586
1202327372 116.43908 39.90709
1202327602 116.45322 39.90855
1202327674 116.4532 39.90852
1202327903 116.45296 39.90839
1202327976 116.45296 39.90839
1202328194 116.45265 39.9078
1202328278 116.45566 39.90758
1202328496 116.45401 39.91888
1202328580 116.45448 39.91944
1202328881 116.46152 39.91565
1202328994 116.4659 39.91491
1202329183 116.45205 39.91896
1202329296 116.4514 39.91649
1202329485 116.45453 39.91802
1202329766 116.45576 39.92544
1202329787 116.45576 39.92545
1202330089 116.45844 39.9573
1202330144 116.45886 39.95773
1202330164 116.45951 39.95832
1202330390 116.46629 39.97514
1202330466 116.46028 39.97998
1202330692 116.45688 39.98934
1202330768 116.45668 39.99452
1202330994 116.4492 39.9998
1202331069 116.45035 39.99952
1202331296 116.45648 39.99602
1202333678 116.47364 39.97525
1202333980 116.47302 39.97826
1202334282 116.46564 39.99265
1202334522 116.4726 40.0047
1202334584 116.47231 40.00455
1202335187 116.462 40.00034
1202335489 116.45027 39.99576
1202336093 116.41865 39.96387
1202336394 116.40995 39.94824
1202336486 116.41041 39.94329
1202336696 116.41091 39.93252
1202336998 116.42854 39.91496
1202337299 116.45513 39.89341
1202337545 116.45788 39.88742
1202337601 116.45896 39.88733
1202337902 116.44814 39.8924
1202338204 116.40626 39.89968
1202338506 116.38811 39.89898
1202338808 116.35055 39.89764
1202339110 116.3081 39.89557
1202339243 116.31519 39.89469
1202339243 116.31519 39.89469
1202339411 116.31391 39.89599
1202339544 116.30452 39.90205
1202339713 116.30392 39.90387
1202339846 116.30392 39.90387
1202340015 116.30394 39.88932
1202340069 116.30405 39.88795
1202340317 116.32003 39.88862
1202340370 116.32004 39.88863
1202340619 116.35243 39.88778
1202340672 116.35263 39.88772
1202340920 116.35074 39.88831
1202340974 116.34445 39.88832
1202341222 116.31083 39.88636
1202341524 116.25541 39.86607
1202341826 116.23082 39.84155
1202342015 116.23172 39.83271
1202342128 116.23568 39.83142
1202342317 116.25062 39.81765
1202342429 116.25887 39.80385
1202342429 116.25887 39.80385
1202342619 116.25411 39.77952
1202342731 116.24732 39.76852
1202342921 116.21679 39.75769
1202343033 116.20362 39.75122
1202343222 116.16697 39.75057
1202343335 116.1495 39.75034
1202343524 116.1483 39.74846
1202343637 116.14833 39.74845
1202343826 116.14833 39.74845
1202343938 116.14324 39.74646
1202344128 116.12272 39.74266
1202344240 116.11202 39.74061
1202344398 116.10897 39.74209
1202346309 116.11174 39.74059
1202346478 116.12603 39.74093
1202346611 116.13278 39.74793
1202346719 116.13285 39.74829
1202346748 116.13279 39.74848
1202353289 116.11946 39.74043
1202353301 116.1183 39.73964
1202353570 116.10898 39.74209
1202386107 116.11405 39.74057
1202386240 116.12602 39.74097
1202386542 116.13562 39.74659
1202386710 116.12404 39.73934
1202386844 116.12242 39.73907
1202387012 116.12068 39.74081
1202387145 116.10933 39.74183
1202387560 116.10926 39.74191
1202387560 116.10926 39.74191
1202387560 116.10926 39.74191
1202387560 116.10926 39.74191
1202387560 116.10926 39.74191
1202387560 116.10926 39.74191
1202387560 116.10926 39.74191
1202387560 116.10926 39.74191
1202387560 116.10926 39.74191
1202387560 116.10926 39.74191
1202387560 116.10926 39.74191
1202387560 116.10926 39.74191
1202387560 116.10926 39.74191
1202387560 116.10926 39.74191
1202387560 116.10926 39.74191
1202387560 116.10926 39.74191
1202387560 116.10926 39.74191
1202387560 116.10926 39.74191
1202387560 116.10926 39.74191
1202387560 116.10926 39.74191
1202387560 116.10926 39.74191
1202387560 116.10926 39.74191
1202387560 116.10926 39.74191
1202469246 116.10925 39.74172
1202469315 116.10925 39.74172
1202469547 116.10925 39.74172
1202469617 116.10925 39.74172
1202469849 116.10925 39.74172
1202469919 116.10925 39.74172
1202470151 116.10925 39.74172
1202470221 116.10925 39.74172
1202470453 116.10925 39.74172
1202470522 116.10985 39.74113
1202470755 116.12611 39.74141
1202470824 116.12611 39.74141
1202471056 116.12611 39.74141
1202471126 116.12611 39.74141
1202471358 116.1264 39.74097
1202471428 116.1264 39.74097
1202471660 116.1264 39.74097
1202472333 116.1284 39.74187
1202472565 116.14554 39.7476
1202472635 116.14976 39.75051
1202472635 116.14976 39.75051
1202472867 116.18919 39.74951
1202472937 116.20293 39.75104
1202473169 116.2207 39.76548
1202473239 116.23187 39.76841
1202473471 116.26775 39.76904
1202473540 116.27805 39.77247
1202473773 116.30421 39.78555
1202473842 116.3079 39.78965
1202474074 116.30714 39.81731
1202474074 116.30714 39.81731
1202474144 116.30715 39.82322
1202474376 116.30683 39.83462
1202474376 116.30683 39.83462
1202475887 116.31399 39.89605
1202476090 116.30474 39.88022
1202476392 116.31678 39.8466
1202476694 116.3028 39.83754
1202476694 116.3028 39.83754
1202476735 116.30256 39.83516
1202476995 116.30706 39.84178
1202477037 116.30955 39.84316
1202477297 116.31965 39.84646
1202477599 116.36396 39.855
1202477901 116.41579 39.8581
1202478203 116.43608 39.8693
1202478504 116.42969 39.90579
1202478806 116.41562 39.91141
1202479108 116.41346 39.91142
1202479409 116.41346 39.91142
1202479711 116.41346 39.91142
1202480012 116.41346 39.91142
1202480314 116.41413 39.91404
1202480616 116.4268 39.90367
1202480918 116.42562 39.89362
1202481220 116.43413 39.88473
1202481445 116.44355 39.88307
1202481521 116.44998 39.88116
1202481747 116.44483 39.87062
1202481823 116.44467 39.87441
1202481963 116.44989 39.8732
1202482125 116.44133 39.87491
1202482265 116.43802 39.89299
1202482427 116.42531 39.89244
1202482567 116.41718 39.89591
1202482729 116.40759 39.89805
1202482869 116.40908 39.89945
1202483030 116.40908 39.89945
1202483170 116.40908 39.89945
1202483332 116.40908 39.89945
1202483472 116.40908 39.89945
1202483634 116.40908 39.89945
1202483774 116.40908 39.89945
1202483936 116.40908 39.89945
1202484076 116.40908 39.89945
1202484238 116.40908 39.89945
1202484238 116.40908 39.89945
1202484378 116.40908 39.89945
1202484539 116.40908 39.89945
1202484679 116.40908 39.89945
1202484841 116.40908 39.89945
1202484981 116.40908 39.89945
1202485143 116.40908 39.89945
1202485283 116.40908 39.89945
1202485445 116.40908 39.89945
1202485585 116.40908 39.89945
1202485747 116.40908 39.89945
1202485887 116.40908 39.89945
1202486048 116.40908 39.89945
1202487256 116.44528 39.87485
1202487456 116.44472 39.88019
1202487561 116.45083 39.883
1202487758 116.45539 39.89297
1202487863 116.4557 39.91004
1202488060 116.45609 39.93186
1202488165 116.4495 39.9323
1202488361 116.4401 39.93241
1202488467 116.44182 39.93504
1202488663 116.44179 39.9351
1202488768 116.44185 39.93508
1202488965 116.44187 39.93509
1202489070 116.44188 39.93509
1202489267 116.44185 39.93514
1202489372 116.44185 39.93514
1202489569 116.44181 39.93513
1202489674 116.44144 39.93512
1202489870 116.43297 39.93786
1202489976 116.43297 39.93786
1202490277 116.43752 39.92558
1202490458 116.43975 39.92116
1202490579 116.43968 39.91707
1202490760 116.4347 39.91313
1202490881 116.4347 39.91307
1202490999 116.43477 39.9121
1202491183 116.42794 39.92834
1202491301 116.42785 39.94556
1202491485 116.41906 39.95197
1202491485 116.41906 39.95197
1202491603 116.41846 39.95275
1202491691 116.41792 39.95264
1202491786 116.41887 39.95773
1202491993 116.43364 39.96558
1202492088 116.44104 39.96174
1202492295 116.44261 39.97076
