UTS Latitude Longitude
1201959154 116.34942 39.96702
1201959185 116.34797 39.9665
1201959396 116.3331 39.96679
1201959486 116.33213 39.97293
1201959687 116.34477 39.97508
1201959778 116.34792 39.97515
1201959788 116.34808 39.97593
1201959913 116.34715 39.99102
1201959913 116.34715 39.99102
1201959989 116.34702 39.9922
1201960090 116.34665 39.9993
1201960100 116.34658 40.00024
1201960214 116.34618 40.00605
1201960351 116.34571 40.01663
1201960391 116.34561 40.02046
1201960492 116.34604 40.021
1201960663 116.34447 40.02615
1201960693 116.3437 40.0271
1201960843 116.34984 40.02792
1201960895 116.34988 40.02818
1201961035 116.34347 40.02828
1201961173 116.34448 40.02519
1201961236 116.34536 40.02104
1201961296 116.34578 40.01501
1201961474 116.34544 40.00954
1201961699 116.34496 40.0063
1201961766 116.34602 40.00534
1201961839 116.34609 39.99973
1201961960 116.33371 39.99897
1201962074 116.33355 39.99162
1201962141 116.33097 39.99155
1201962141 116.33097 39.99155
1201962141 116.33097 39.99155
1201962222 116.327 39.9913
1201962375 116.32724 39.98541
1201962676 116.32733 39.9914
1201962745 116.32679 39.98889
1201962745 116.32679 39.98889
1201962805 116.32543 39.9848
1201962895 116.31373 39.98457
1201963033 116.3116 39.9845
1201963046 116.31151 39.98449
1201963107 116.311 39.98447
1201963107 116.311 39.98447
1201963217 116.31039 39.98439
1201963333 116.31051 39.97857
1201963348 116.3105 39.97697
1201963469 116.31077 39.97482
1201963660 116.30277 39.9766
1201963780 116.30489 39.97853
1201963933 116.30487 39.98183
1201963951 116.30486 39.98261
1201963951 116.30485 39.98261
1201964152 116.31 39.97958
1201964233 116.31122 39.97517
1201964253 116.31137 39.97499
1201964354 116.31907 39.97384
1201964555 116.31341 39.97121
1201964555 116.31341 39.97121
1201964593 116.31295 39.971
1201964816 116.30328 39.95202
1201964856 116.30371 39.94692
1201965078 116.30413 39.91383
1201965158 116.30418 39.90241
1201965339 116.30428 39.88635
1201965460 116.30445 39.88265
1201965631 116.30135 39.87718
1201965707 116.3015 39.87915
1201965761 116.30115 39.87974
1201965922 116.30084 39.88159
1201966013 116.30542 39.88423
1201966013 116.30542 39.88423
1201966063 116.30454 39.88602
1201966153 116.30456 39.89484
1201966224 116.30177 39.89598
1201966311 116.2892 39.89605
1201966335 116.2891 39.89741
1201966365 116.28909 39.89877
1201966453 116.28908 39.90561
1201966586 116.27739 39.90659
1201966586 116.27739 39.90659
1201966636 116.27745 39.91074
1201966667 116.2774 39.91308
1201966727 116.27739 39.91787
1201966899 116.29114 39.91934
1201966968 116.29117 39.93121
1201967069 116.28991 39.94923
1201967261 116.28377 39.95638
1201967270 116.28329 39.95624
1201967270 116.28329 39.95624
1201967473 116.28971 39.95729
1201967572 116.29592 39.95854
1201967712 116.29647 39.96263
1201967872 116.29591 39.9717
1201967933 116.30024 39.96862
1201968194 116.30492 39.97725
1201968290 116.30907 39.97757
1201968456 116.31093 39.97658
1201968476 116.31115 39.97553
1201968747 116.31501 39.9655
1201968777 116.31601 39.96293
1201969039 116.31896 39.9424
1201969079 116.31933 39.93893
1201969129 116.31929 39.93896
1201969272 116.31948 39.93793
1201969345 116.32619 39.93682
1201969381 116.32866 39.93669
1201969452 116.33201 39.93674
1201969622 116.33761 39.93398
1201969683 116.33758 39.93162
1201969843 116.33054 39.93117
1201969984 116.3369 39.93111
1201969984 116.3369 39.93111
1201970014 116.33793 39.93333
1201970437 116.32407 39.95576
1201970588 116.31145 39.95563
1201970592 116.31141 39.95563
1201970889 116.30327 39.95049
1201971050 116.30377 39.93979
1201971191 116.30407 39.93174
1201971312 116.30397 39.92761
1201971493 116.30404 39.92252
1201971573 116.30401 39.91952
1201971794 116.30396 39.91419
1201971865 116.3039 39.91352
1201972062 116.30386 39.91186
1201972096 116.30393 39.91156
1201972096 116.30393 39.91156
1201972156 116.30397 39.91025
1201972247 116.30386 39.90799
1201972378 116.30374 39.90771
1201972398 116.30382 39.90778
1201972458 116.30227 39.90585
1201972572 116.31062 39.90533
1201972622 116.31068 39.90306
1201972679 116.31079 39.89989
1201972679 116.31079 39.89989
1201972699 116.31072 39.89951
1201972820 116.31651 39.89904
1201972961 116.32125 39.89878
1201973001 116.32296 39.89864
1201973303 116.34251 39.88785
1201973303 116.34251 39.88784
1201973604 116.365 39.86842
1201973652 116.36632 39.86854
1201973712 116.36779 39.86866
1201973906 116.36829 39.87547
1201973936 116.36829 39.87667
1201974168 116.36826 39.8865
1201974208 116.36763 39.88698
1201974432 116.36861 39.89428
1201974482 116.3684 39.89438
1201974510 116.36874 39.89472
1201974644 116.3685 39.89642
1201974691 116.36826 39.89733
1201974811 116.36813 39.89893
1201974945 116.36292 39.9026
1201974982 116.36232 39.9026
1201975247 116.35699 39.91005
1201975364 116.35817 39.91461
1201975415 116.35605 39.91704
1201975495 116.35031 39.92021
1201975558 116.35025 39.92237
1201975576 116.35021 39.92336
1201975692 116.34977 39.92891
1201975716 116.34963 39.93172
1201975797 116.34938 39.93884
1201975859 116.35002 39.9483
1201976018 116.34812 39.97368
1201976152 116.3443 39.97207
1201976249 116.34225 39.97253
1201976320 116.34219 39.97477
1201976621 116.33217 39.97514
1201976756 116.33082 39.97516
1201976832 116.32958 39.97517
1201976923 116.3289 39.97518
1201977054 116.32806 39.97523
1201977104 116.32759 39.97214
1201977225 116.32782 39.96735
1201977285 116.32818 39.96385
1201978618 116.32777 39.92804
1201978687 116.32816 39.92471
1201978727 116.32821 39.92373
1201978847 116.32843 39.92025
1201978958 116.32841 39.91933
1201979028 116.32844 39.91829
1201979069 116.32838 39.9174
1201979330 116.32907 39.90868
1201979351 116.32923 39.90697
1201979351 116.32923 39.90697
1201979632 116.35236 39.90584
1201979692 116.36215 39.90586
1201979893 116.37482 39.90585
1201979933 116.37798 39.90584
1201979933 116.37798 39.90584
1201980094 116.38163 39.90595
1201980235 116.38333 39.90602
1201980326 116.38331 39.90606
1201980537 116.38978 39.89901
1201980557 116.38977 39.89901
1201980818 116.38989 39.88926
1201980839 116.39278 39.88999
1201981091 116.41091 39.89154
1201981091 116.41091 39.89154
1201981140 116.4109 39.89169
1201981372 116.41792 39.89194
1201981442 116.42019 39.89202
1201981663 116.43135 39.89262
1201981663 116.43135 39.89262
1201981714 116.43056 39.89253
1201981884 116.42548 39.89241
1201981965 116.42292 39.8923
1201982045 116.41379 39.89176
1201982075 116.41251 39.89154
1201982186 116.40697 39.88702
1201982327 116.39621 39.88598
1201982347 116.39599 39.8859
1201982471 116.39556 39.88577
1201982639 116.39381 39.88531
1201982649 116.39382 39.8853
1201982861 116.39257 39.88165
1201982950 116.39152 39.87566
1201983011 116.39154 39.87261
1201983212 116.37116 39.86981
1201983252 116.37057 39.86974
1201983554 116.36358 39.86554
1201983555 116.36353 39.86554
1201983674 116.35912 39.86541
1201983855 116.35811 39.86731
1201983857 116.35811 39.86731
1201983936 116.3581 39.8673
1201984157 116.34446 39.87341
1201984158 116.34445 39.87353
1201984197 116.34432 39.87582
1201984459 116.34682 39.88803
1201984460 116.34684 39.88803
1201984489 116.34688 39.888
1201984761 116.34958 39.8969
1201984781 116.35094 39.8975
1201984871 116.35077 39.90263
1201985002 116.35505 39.90582
1201985062 116.35496 39.90577
1201985082 116.35499 39.90579
1201985193 116.35649 39.90575
1201985304 116.36428 39.90584
1201985364 116.36617 39.90577
1201985444 116.36617 39.90579
1201985591 116.37364 39.90585
1201985666 116.37364 39.90581
1201985756 116.37602 39.90582
1201985927 116.38895 39.90614
1201985967 116.39305 39.90626
1201986131 116.40637 39.90668
1201986269 116.42595 39.9071
1201986329 116.43349 39.90705
1201986571 116.45136 39.90684
1201986739 116.45854 39.90628
1201986792 116.45961 39.90662
1201986872 116.46543 39.9068
1201987053 116.47154 39.9027
1201987174 116.47155 39.90093
1201987174 116.47155 39.90093
1201987315 116.46301 39.89568
1201987365 116.46306 39.89507
1201987476 116.45647 39.89597
1201987607 116.45588 39.90288
1201987751 116.4585 39.90527
1201987778 116.45954 39.9061
1201987898 116.47032 39.90672
1201987991 116.4715 39.90449
1201988079 116.45806 39.90342
1201988119 116.45579 39.90414
1201988200 116.45606 39.90744
1201988310 116.45577 39.9149
1201988381 116.45566 39.92544
1201988421 116.45836 39.9275
1201988561 116.46479 39.92904
1201988562 116.46478 39.92903
1201988683 116.46288 39.92856
1201988863 116.45574 39.93221
1201988875 116.45512 39.93242
1201989045 116.44489 39.93245
1201989165 116.4384 39.93241
1201989251 116.43336 39.93246
1201989286 116.42978 39.93235
1201989447 116.43072 39.93228
1201989588 116.43515 39.92548
1201989678 116.43981 39.92552
1201989741 116.43997 39.92253
1201989889 116.42998 39.92329
1201989911 116.42928 39.92329
1201990031 116.42715 39.92318
1201990171 116.41857 39.92306
1201990191 116.41529 39.92307
1201990432 116.40279 39.92785
1201990483 116.40279 39.92961
1201990492 116.40272 39.92978
1201990723 116.39366 39.93213
1201990773 116.38878 39.93213
1201990793 116.38788 39.93213
1201991015 116.36657 39.93139
1201991077 116.359 39.93114
1201991095 116.35611 39.93121
1201991236 116.34993 39.93109
1201991236 116.34993 39.93109
1201991316 116.34083 39.93124
1201991397 116.33865 39.93597
1201991427 116.34054 39.93746
1201991538 116.34544 39.93863
1201991678 116.34418 39.94287
1201991698 116.34365 39.9441
1201991830 116.3393 39.94781
1201991880 116.33672 39.94706
1201991990 116.32969 39.95098
1201992000 116.32935 39.95098
1201992161 116.31805 39.95071
1201992211 116.31852 39.94554
1201992302 116.31926 39.93901
1201992370 116.30956 39.93902
1201992563 116.30374 39.93172
1201992604 116.29885 39.93121
1201992795 116.28245 39.92738
1201992845 116.28249 39.92662
1201992905 116.27931 39.92664
1201993030 116.27084 39.92321
1201993128 116.26885 39.91813
1201993287 116.26302 39.89591
1201993429 116.23318 39.89584
1201993509 116.21352 39.89574
1201993509 116.21352 39.89574
1201993549 116.20507 39.8932
1201993734 116.19007 39.88792
1201993760 116.1847 39.88807
1201993840 116.17302 39.8909
1201994132 116.16393 39.87414
1201994230 116.17033 39.86806
1201994233 116.17086 39.86772
1201994338 116.17822 39.85533
1201994353 116.17824 39.85533
1201994434 116.17102 39.85092
1201994534 116.16771 39.84269
1201994544 116.16819 39.84119
1201994650 116.17073 39.82407
1201994655 116.17096 39.82327
1201994796 116.16013 39.81191
1201994836 116.16123 39.81093
1201995017 116.16157 39.80912
1201995017 116.16157 39.80912
1201995017 116.16157 39.80912
1201995017 116.16157 39.80912
1201996531 116.16152 39.80906
1201996531 116.16152 39.80906
1201996531 116.16152 39.80906
1201996531 116.16152 39.80906
1201996531 116.16152 39.80906
1201996531 116.16152 39.80906
1201996531 116.16152 39.80906
1201996531 116.16152 39.80906
1201996531 116.16152 39.80906
1201996531 116.16152 39.80906
1201996531 116.16152 39.80906
1201996531 116.16152 39.80906
1201996531 116.16152 39.80906
1201996531 116.16152 39.80906
1201996531 116.16152 39.80906
1201996531 116.16152 39.80906
1201996531 116.16152 39.80906
1201996531 116.16152 39.80906
1201996531 116.16152 39.80906
1201996531 116.16152 39.80906
1201996531 116.16152 39.80906
1201996531 116.16152 39.80906
1201996531 116.16152 39.80906
1201996531 116.16152 39.80906
1201996531 116.16152 39.80906
1201996531 116.16152 39.80906
1201996531 116.16152 39.80906
1201996531 116.16152 39.80906
1201996531 116.16152 39.80906
1201996531 116.16152 39.80906
1201996531 116.16152 39.80906
1201996531 116.16152 39.80906
1201996531 116.16152 39.80906
1201996531 116.16152 39.80906
1201996531 116.16152 39.80906
1201996531 116.16152 39.80906
1201996531 116.16152 39.80906
1201996531 116.16152 39.80906
1201996531 116.16152 39.80906
1201996531 116.16152 39.80906
1201996531 116.16152 39.80906
1201996531 116.16152 39.80906
1201996531 116.16152 39.80906
1201996531 116.16152 39.80906
1201996531 116.16152 39.80906
1201996531 116.16152 39.80906
1201996531 116.16152 39.80906
1201996531 116.16152 39.80906
1201996531 116.16152 39.80906
1201996531 116.16152 39.80906
1201996531 116.16152 39.80906
1201996531 116.16152 39.80906
1201996531 116.16152 39.80906
1201996531 116.16152 39.80906
1201996531 116.16152 39.80906
1201996531 116.16152 39.80906
1201996531 116.16152 39.80906
1201996531 116.16152 39.80906
1201996531 116.16152 39.80906
1201996531 116.16152 39.80906
1201996531 116.16152 39.80906
1201996531 116.16152 39.80906
1201996531 116.16152 39.80906
1201996531 116.16152 39.80906
1201996531 116.16152 39.80906
1202030206 116.16149 39.8091
1202030228 116.16153 39.80909
1202030348 116.16151 39.80909
1202030508 116.16152 39.8091
1202030648 116.16147 39.80913
1202030953 116.16151 39.8091
1202031021 116.16155 39.80908
1202031101 116.16154 39.80911
1202031111 116.16155 39.80908
1202031323 116.16154 39.8091
1202031413 116.16156 39.80902
1202031463 116.16153 39.809
1202031550 116.1616 39.80908
1202031550 116.1616 39.80908
1202031608 116.16158 39.80904
1202031715 116.16159 39.80912
1202031852 116.15932 39.80432
1202031946 116.15513 39.80461
1202032077 116.15518 39.80464
1202032077 116.15518 39.80464
1202032077 116.15518 39.80464
1202032439 116.1552 39.80466
1202032459 116.15516 39.80464
1202032580 116.1551 39.80839
1202032741 116.16329 39.81422
1202032760 116.1648 39.81588
1202032811 116.16744 39.81785
1202033043 116.16847 39.84135
1202033062 116.16747 39.84334
1202033073 116.16692 39.84472
1202033334 116.16845 39.87435
1202033385 116.16389 39.87417
1202033626 116.18274 39.88876
1202033684 116.1959 39.88777
1202033918 116.22456 39.89046
1202033968 116.22605 39.8892
1202034008 116.22711 39.88846
1202034139 116.23819 39.88828
1202034219 116.24505 39.88835
1202034249 116.24635 39.8884
1202034330 116.24804 39.89559
1202034440 116.26123 39.89559
1202034551 116.26817 39.90037
1202034581 116.26816 39.90508
1202034728 116.26906 39.93023
1202034893 116.26928 39.96024
1202035064 116.29079 39.983
1202035268 116.3101 39.9828
1202035318 116.31045 39.98071
1202035318 116.31045 39.98071
1202035456 116.31121 39.97501
1202035466 116.31117 39.97507
1202035569 116.31899 39.97434
1202035696 116.31742 39.97158
1202035757 116.31339 39.97147
1202035928 116.30976 39.97474
1202036009 116.30101 39.97463
1202036058 116.29987 39.97469
1202036189 116.29515 39.97504
1202036189 116.29515 39.97504
1202036310 116.29444 39.97717
1202036360 116.29494 39.97351
1202036451 116.30135 39.96382
1202036662 116.30379 39.94553
1202036742 116.3065 39.93998
1202036742 116.3065 39.93998
1202037034 116.34527 39.93856
1202037127 116.34925 39.93906
1202037177 116.35037 39.93863
1202037255 116.34973 39.94048
1202037327 116.34969 39.94048
1202037387 116.34972 39.94043
1202037447 116.34999 39.94139
1202037497 116.3532 39.94322
1202037558 116.35714 39.94354
1202037688 116.35347 39.9392
1202037699 116.35294 39.93937
1202037848 116.34164 39.93826
1202037990 116.32058 39.93758
1202038010 116.32018 39.9376
1202038073 116.31577 39.93797
1202038181 116.30433 39.94357
1202038292 116.30361 39.95245
1202038388 116.30334 39.95549
1202038594 116.31518 39.96566
1202038814 116.31113 39.97654
1202038894 116.31075 39.98101
1202038899 116.31073 39.98122
1202039047 116.31028 39.9841
1202039196 116.29495 39.98423
1202039200 116.29495 39.98423
1202039498 116.29506 39.96939
1202039502 116.29498 39.96911
1202039568 116.29535 39.96722
1202039799 116.28687 39.95691
1202039860 116.28266 39.95627
1202040101 116.26885 39.95732
1202040127 116.26915 39.95669
1202040151 116.26948 39.9541
1202040247 116.26943 39.94634
1202040247 116.26943 39.94634
1202040403 116.27439 39.95298
1202040453 116.27783 39.95337
1202040564 116.28247 39.956
1202040674 116.2857 39.96314
1202040704 116.28458 39.96596
1202040815 116.29174 39.96724
1202040885 116.29173 39.96727
1202040885 116.29173 39.96727
1202040885 116.29173 39.96727
1202040885 116.29173 39.96727
1202041635 116.29332 39.96706
1202041700 116.2937 39.96508
1202041700 116.2937 39.96508
1202041982 116.29262 39.96092
1202042167 116.28253 39.95616
1202042334 116.27847 39.95264
1202042425 116.27494 39.94985
1202042544 116.2747 39.95297
1202042636 116.27469 39.95295
1202042686 116.27759 39.95332
1202042938 116.27541 39.95668
1202042965 116.27528 39.95679
1202042978 116.27533 39.95672
1202043084 116.27486 39.95758
1202043239 116.28165 39.95923
1202043270 116.27971 39.96033
1202043367 116.27755 39.96489
1202043491 116.26953 39.96935
1202043541 116.26249 39.96865
1202043571 116.25779 39.97065
1202043682 116.2485 39.97202
1202043792 116.22848 39.97192
1202043843 116.22349 39.97194
1202043936 116.21228 39.9719
1202044074 116.20155 39.97028
1202044144 116.20101 39.96296
1202044190 116.20103 39.96283
1202044245 116.20324 39.95884
1202044416 116.20567 39.93968
1202044492 116.20601 39.92451
1202045658 116.25329 39.87115
1202045658 116.25329 39.87115
1202045658 116.25329 39.87115
1202045658 116.25329 39.87115
1202045658 116.25329 39.87115
1202045658 116.25329 39.87115
1202045658 116.25329 39.87115
1202046607 116.25441 39.87096
1202046657 116.25858 39.87414
1202046773 116.26546 39.87963
1202046974 116.26843 39.88633
1202047091 116.26831 39.90048
1202047105 116.26832 39.90209
1202047175 116.26833 39.90324
1202047175 116.26833 39.90324
1202047393 116.27583 39.90621
1202047406 116.27588 39.90625
1202047406 116.27588 39.90625
1202047406 116.27588 39.90625
1202047638 116.27729 39.91503
1202047700 116.27739 39.91902
1202047708 116.27742 39.91978
1202047899 116.29436 39.92275
1202048010 116.31568 39.92238
1202048167 116.33148 39.92175
1202048312 116.3455 39.9221
1202048452 116.3584 39.92157
1202048613 116.35733 39.9132
1202048747 116.35837 39.90798
1202048834 116.36388 39.9074
1202048885 116.36376 39.90613
1202048965 116.36312 39.90585
1202049046 116.35729 39.90596
1202049156 116.35065 39.9114
1202049207 116.35099 39.91164
1202049217 116.35116 39.91185
1202049267 116.35128 39.91238
1202049408 116.34723 39.91665
1202049507 116.3499 39.91515
1202049518 116.34987 39.91512
1202049727 116.35021 39.91509
1202049890 116.35014 39.9133
1202049940 116.34837 39.91261
1202050091 116.34692 39.92068
1202050141 116.34697 39.92163
1202050242 116.34724 39.92525
1202050292 116.34727 39.92636
1202050523 116.34857 39.93116
1202050543 116.3485 39.93106
1202050716 116.35245 39.93856
1202050755 116.35267 39.93897
1202050845 116.35063 39.93947
1202051066 116.35676 39.93926
1202051147 116.34863 39.93956
1202051286 116.34559 39.93109
1202051336 116.34155 39.93129
1202051449 116.3394 39.936
1202051569 116.34969 39.94101
1202051750 116.35779 39.93951
1202051861 116.35264 39.93934
1202051951 116.35437 39.94347
1202052082 116.37365 39.94747
1202052112 116.37407 39.94967
1202052163 116.37857 39.95008
1202052273 116.38594 39.95006
1202052414 116.38693 39.95008
1202052525 116.38912 39.95383
1202052610 116.39705 39.95598
1202052666 116.395 39.95764
1202052777 116.39492 39.95763
1202052915 116.39501 39.95769
1202052957 116.39499 39.95766
1202052957 116.39499 39.95766
1202052957 116.39499 39.95766
1202054343 116.39496 39.95767
1202054410 116.39501 39.95767
1202054410 116.39501 39.95767
1202054410 116.39501 39.95767
1202054410 116.39501 39.95767
1202054410 116.39501 39.95767
1202054410 116.39501 39.95767
1202054410 116.39501 39.95767
1202054410 116.39501 39.95767
1202054410 116.39501 39.95767
1202054410 116.39501 39.95767
1202054410 116.39501 39.95767
1202054410 116.39501 39.95767
1202054410 116.39501 39.95767
1202054410 116.39501 39.95767
1202054410 116.39501 39.95767
1202054410 116.39501 39.95767
1202055797 116.39491 39.95782
1202055797 116.39491 39.95782
1202055797 116.39491 39.95782
1202055797 116.39491 39.95782
1202056289 116.39491 39.95784
1202056401 116.39499 39.95772
1202056401 116.39499 39.95773
1202056764 116.39496 39.95776
1202056813 116.39497 39.95776
1202056883 116.39937 39.95581
1202057065 116.3934 39.94988
1202057065 116.3934 39.94988
1202057185 116.38773 39.9501
1202057406 116.37404 39.94989
1202057486 116.37404 39.95001
1202057486 116.37404 39.95001
1202057617 116.36831 39.94965
1202057680 116.36536 39.95179
1202057706 116.36523 39.95389
1202057788 116.36456 39.95999
1202057808 116.3643 39.96266
1202057919 116.36398 39.96602
1202057977 116.3582 39.9666
1202058066 116.35509 39.96678
1202058150 116.35509 39.96669
1202058150 116.35508 39.96669
1202058371 116.34853 39.96783
1202058391 116.34844 39.96968
1202058545 116.34285 39.97206
1202058597 116.34216 39.97381
1202058693 116.33057 39.97516
1202058743 116.32954 39.97505
1202058878 116.32777 39.96872
1202058944 116.32783 39.96709
1202058995 116.32772 39.96708
1202059296 116.3256 39.95085
1202059407 116.31796 39.95145
1202059482 116.3222 39.9558
1202059598 116.32916 39.95576
1202059668 116.32703 39.95096
1202059783 116.31796 39.95189
1202059900 116.31681 39.95889
1202059930 116.31626 39.96257
1202060085 116.31392 39.96898
1202060201 116.31314 39.97071
1202060225 116.31204 39.9733
1202060443 116.31042 39.98347
1202060513 116.30983 39.98859
1202060513 116.30983 39.98859
1202060520 116.63369 39.83312
1202060520 116.63369 39.83312
1202060604 116.30909 39.99974
1202060734 116.31249 40.01036
1202060785 116.312 40.01414
1202060805 116.31079 40.01623
1202060825 116.31047 40.01654
1202060925 116.30765 40.02363
1202061044 116.29395 40.02364
1202061095 116.29001 40.02312
1202061106 116.28803 40.02285
1202061185 116.28811 40.02277
1202061368 116.30626 40.02475
1202061408 116.30776 40.02163
1202061489 116.30988 40.01669
1202061650 116.31212 40.01162
1202061665 116.31407 40.01166
1202061710 116.32271 40.01189
1202061710 116.32271 40.01189
1202061861 116.33096 39.99961
1202061951 116.32743 39.99462
1202062011 116.32662 39.99138
1202062062 116.32679 39.98824
1202062293 116.31487 39.98407
1202062293 116.31487 39.98407
1202062313 116.31794 39.98415
1202062524 116.32734 39.97633
1202062615 116.32777 39.97042
1202062786 116.32828 39.96299
1202063047 116.33017 39.95009
1202063218 116.34198 39.93102
1202063345 116.34794 39.93095
1202063520 116.34999 39.92082
1202063631 116.35016 39.91462
1202063822 116.35118 39.90968
1202063852 116.35128 39.90899
1202063932 116.35131 39.90872
1202064043 116.35155 39.90823
1202064123 116.35134 39.908
1202064146 116.35133 39.90803
1202064153 116.35133 39.90802
1202064305 116.35109 39.90752
1202064356 116.35079 39.91074
1202064425 116.35085 39.91222
1202064435 116.35081 39.91226
1202064606 116.35076 39.92099
1202064606 116.35076 39.92099
1202064658 116.3516 39.92232
1202064727 116.35269 39.92235
1202064785 116.35657 39.92244
1202064919 116.3604 39.92249
1202064978 116.36325 39.92254
1202065028 116.36376 39.92254
1202065179 116.36479 39.9226
1202065230 116.36555 39.92256
1202065330 116.36634 39.92252
1202065410 116.36672 39.92258
1202065523 116.36719 39.92434
1202065632 116.37066 39.93141
1202065642 116.37162 39.93145
1202065824 116.37373 39.92656
1202065903 116.37388 39.93038
1202065933 116.37406 39.93021
1202066055 116.3739 39.93022
1202066055 116.3739 39.93022
1202066055 116.3739 39.93022
1202066055 116.3739 39.93022
1202066416 116.37417 39.93021
1202066416 116.37417 39.93021
1202066717 116.37368 39.93066
1202066735 116.37403 39.93147
1202066748 116.37481 39.93158
1202066838 116.37577 39.92747
1202066969 116.3738 39.93118
1202067019 116.37384 39.93111
1202067049 116.37375 39.93115
1202067160 116.37371 39.9316
1202067321 116.36372 39.93119
1202067411 116.36011 39.93093
1202067552 116.34991 39.9317
1202067622 116.34981 39.93665
1202067725 116.34661 39.93921
1202067789 116.34616 39.93962
1202067811 116.34604 39.94032
1202067905 116.34357 39.94424
1202067924 116.34319 39.94599
1202068095 116.34017 39.95673
1202068145 116.34225 39.95673
1202068226 116.34851 39.95662
1202069162 116.37722 39.96721
1202069245 116.37382 39.96583
1202069245 116.37382 39.96583
1202069306 116.37314 39.96062
1202069326 116.37302 39.95955
1202069406 116.37288 39.95728
1202069525 116.37537 39.96733
1202069607 116.3698 39.96698
1202069628 116.36919 39.9669
1202069705 116.36603 39.96684
1202069768 116.36542 39.96691
1202069909 116.35174 39.96659
1202069909 116.35174 39.96659
1202070005 116.34826 39.97266
1202070080 116.34354 39.97523
1202070211 116.33744 39.97522
1202070251 116.33181 39.9753
1202070301 116.33115 39.97556
1202070452 116.32839 39.97551
1202070513 116.32621 39.97527
1202070605 116.3144 39.97487
1202070665 116.31204 39.97481
1202070814 116.31793 39.97488
1202070885 116.32311 39.97502
1202071116 116.33916 39.97501
1202071116 116.33916 39.97501
1202071211 116.33955 39.97362
1202071385 116.3405 39.97523
1202071418 116.34019 39.97512
1202071639 116.34734 39.96693
1202072980 116.3504 39.90368
1202073070 116.34949 39.89754
1202073141 116.34193 39.89674
1202073151 116.34059 39.89667
1202073231 116.32609 39.89593
1202073342 116.316 39.89599
1202073442 116.31528 39.89624
1202073453 116.31524 39.89631
1202073604 116.30845 39.89592
1202073667 116.29718 39.89586
1202073734 116.28455 39.89582
1202073744 116.28247 39.89581
1202073905 116.24735 39.89576
1202074046 116.21576 39.89575
1202074084 116.20709 39.8944
1202074264 116.20691 39.86555
1202074277 116.20869 39.86322
1202074348 116.21479 39.85093
1202074478 116.21276 39.84402
1202074564 116.20194 39.84243
1202074649 116.19861 39.84001
1202074790 116.18508 39.83581
1202074941 116.16819 39.83738
1202074951 116.16778 39.83605
1202075167 116.16597 39.81667
1202075202 116.16329 39.81425
1202075253 116.15982 39.81157
1202075863 116.16156 39.809
1202075863 116.16156 39.809
1202075863 116.16156 39.809
1202075863 116.16156 39.809
1202075863 116.16156 39.809
1202075863 116.16156 39.809
1202075863 116.16156 39.809
1202075863 116.16156 39.809
1202075863 116.16156 39.809
1202075863 116.16156 39.809
1202075863 116.16156 39.809
1202075863 116.16156 39.809
1202075863 116.16156 39.809
1202075863 116.16156 39.809
1202075863 116.16156 39.809
1202075863 116.16156 39.809
1202075863 116.16156 39.809
1202075863 116.16156 39.809
1202075863 116.16156 39.809
1202075863 116.16156 39.809
1202075863 116.16156 39.809
1202075863 116.16156 39.809
1202075863 116.16156 39.809
1202078388 116.16156 39.80905
1202078577 116.15872 39.80882
1202078577 116.15872 39.80882
1202079000 116.15858 39.80868
1202079065 116.15863 39.8087
1202079065 116.15863 39.8087
1202079065 116.15863 39.8087
1202079065 116.15863 39.8087
1202079065 116.15863 39.8087
1202079065 116.15863 39.8087
1202079065 116.15863 39.8087
1202079065 116.15863 39.8087
1202079065 116.15863 39.8087
1202079065 116.15863 39.8087
1202079065 116.15863 39.8087
1202079065 116.15863 39.8087
1202079065 116.15863 39.8087
1202079065 116.15863 39.8087
1202079065 116.15863 39.8087
1202079065 116.15863 39.8087
1202079065 116.15863 39.8087
1202079065 116.15863 39.8087
1202079065 116.15863 39.8087
1202079065 116.15863 39.8087
1202079065 116.15863 39.8087
1202079065 116.15863 39.8087
1202079065 116.15863 39.8087
1202079065 116.15863 39.8087
1202079065 116.15863 39.8087
1202079065 116.15863 39.8087
1202079065 116.15863 39.8087
1202079065 116.15863 39.8087
1202079065 116.15863 39.8087
1202079065 116.15863 39.8087
1202079065 116.15863 39.8087
1202079068 116.4326 39.90687
1202082464 116.1603 39.80869
1202082625 116.16148 39.80909
1202082685 116.16147 39.80906
1202082685 116.16147 39.80906
1202082685 116.16147 39.80906
1202082685 116.16147 39.80906
1202084440 116.16153 39.80909
1202084440 116.16153 39.80909
1202084440 116.16153 39.80909
1202084440 116.16153 39.80909
1202084440 116.16153 39.80909
1202084440 116.16153 39.80909
1202084440 116.16153 39.80909
1202084440 116.16153 39.80909
1202084440 116.16153 39.80909
1202084440 116.16153 39.80909
1202084440 116.16153 39.80909
1202084440 116.16153 39.80909
1202084440 116.16153 39.80909
1202084440 116.16153 39.80909
1202084440 116.16153 39.80909
1202084440 116.16153 39.80909
1202084440 116.16153 39.80909
1202084440 116.16153 39.80909
1202084440 116.16153 39.80909
1202084440 116.16153 39.80909
1202084440 116.16153 39.80909
1202084440 116.16153 39.80909
1202084440 116.16153 39.80909
1202084440 116.16153 39.80909
1202084440 116.16153 39.80909
1202084440 116.16153 39.80909
1202084440 116.16153 39.80909
1202084440 116.16153 39.80909
1202084440 116.16153 39.80909
1202084440 116.16153 39.80909
1202084440 116.16153 39.80909
1202084440 116.16153 39.80909
1202084440 116.16153 39.80909
1202084440 116.16153 39.80909
1202084440 116.16153 39.80909
1202084440 116.16153 39.80909
1202084440 116.16153 39.80909
1202084440 116.16153 39.80909
1202084440 116.16153 39.80909
1202084440 116.16153 39.80909
1202084440 116.16153 39.80909
1202084440 116.16153 39.80909
1202084440 116.16153 39.80909
1202084440 116.16153 39.80909
1202084440 116.16153 39.80909
1202084440 116.16153 39.80909
1202084440 116.16153 39.80909
1202084440 116.16153 39.80909
1202084440 116.16153 39.80909
1202084440 116.16153 39.80909
1202084440 116.16153 39.80909
1202084440 116.16153 39.80909
1202084440 116.16153 39.80909
1202084440 116.16153 39.80909
1202084440 116.16153 39.80909
1202084440 116.16153 39.80909
1202084440 116.16153 39.80909
1202084440 116.16153 39.80909
1202084440 116.16153 39.80909
1202084440 116.16153 39.80909
1202084440 116.16153 39.80909
1202084440 116.16153 39.80909
1202084440 116.16153 39.80909
1202084440 116.16153 39.80909
1202084440 116.16153 39.80909
1202116093 116.16146 39.80907
1202116144 116.16144 39.80909
1202116234 116.16148 39.80908
1202116244 116.16148 39.80909
1202116381 116.16143 39.80913
1202116435 116.16145 39.80911
1202116546 116.16148 39.80908
1202116546 116.16148 39.80908
1202116717 116.16144 39.80912
1202116767 116.16144 39.80908
1202116848 116.16146 39.80906
1202116921 116.1615 39.80909
1202117041 116.16149 39.80909
1202117119 116.16153 39.80903
1202117149 116.16151 39.80908
1202117341 116.1615 39.8091
1202117350 116.16151 39.80908
1202117451 116.16142 39.80918
1202117582 116.16156 39.80911
1202117644 116.16153 39.80913
1202117753 116.16156 39.80915
1202117843 116.16155 39.80918
1202117943 116.16151 39.80921
1202118054 116.16155 39.8092
1202118105 116.16153 39.80919
1202118245 116.16153 39.8091
1202118356 116.15981 39.80837
1202118396 116.15939 39.80606
1202118546 116.15519 39.80489
1202118546 116.15519 39.80489
1202118597 116.15519 39.80487
1202118597 116.15519 39.80487
1202118597 116.15519 39.80487
1202118902 116.15521 39.80488
1202118990 116.15507 39.80783
1202119020 116.15605 39.80894
1202119101 116.15878 39.81101
1202119163 116.16305 39.81398
1202119232 116.16596 39.81657
1202119321 116.17157 39.82075
1202119351 116.17162 39.82067
1202119454 116.16763 39.83445
1202119501 116.16854 39.84086
1202119623 116.17794 39.85513
1202119663 116.17793 39.85523
1202119756 116.17155 39.86731
1202119834 116.16615 39.87477
1202119924 116.1588 39.87918
1202120041 116.16156 39.88784
1202120091 116.17315 39.88997
1202120226 116.20332 39.89155
1202120236 116.20502 39.89289
1202120359 116.22298 39.89556
1202120476 116.22793 39.90265
1202120528 116.22905 39.90254
1202120528 116.22905 39.90254
1202120661 116.23702 39.90615
1202120701 116.24168 39.90621
1202120830 116.247 39.90645
1202120960 116.24734 39.91639
1202121011 116.25136 39.91638
1202121131 116.25714 39.9165
1202121222 116.26192 39.91635
1202121367 116.26781 39.91202
1202121433 116.26719 39.90626
1202121513 116.25971 39.90634
1202121669 116.24696 39.90763
1202121735 116.24695 39.91143
1202121735 116.24695 39.91143
1202121805 116.24907 39.91639
1202121901 116.25658 39.91642
1202122026 116.25869 39.91798
1202122026 116.25869 39.91798
1202122036 116.25867 39.91891
1202122107 116.26091 39.92295
1202122217 116.26913 39.93073
1202122328 116.27251 39.9399
1202122338 116.27354 39.93987
1202122469 116.28172 39.94098
1202122572 116.28163 39.94321
1202122621 116.28203 39.94235
1202122640 116.28217 39.94366
1202122780 116.27885 39.9484
1202122873 116.2806 39.95346
1202122951 116.28231 39.95582
1202123161 116.2778 39.96247
1202123211 116.27762 39.96392
1202123243 116.27762 39.96319
1202123354 116.28094 39.96044
1202123545 116.2884 39.94619
1202123585 116.29336 39.94494
1202123821 116.32912 39.93675
1202123846 116.33288 39.93691
1202124078 116.35733 39.93927
1202124208 116.35871 39.93703
1202124339 116.36182 39.93164
1202124510 116.36037 39.9259
1202124631 116.35915 39.92333
1202124812 116.35732 39.91315
1202124923 116.3612 39.91053
1202124923 116.3612 39.91053
1202125021 116.36612 39.90884
1202125083 116.36702 39.90817
1202125114 116.36568 39.90752
1202125144 116.36505 39.90948
1202125224 116.36138 39.91057
1202125335 116.35965 39.91256
1202125385 116.35768 39.91309
1202125415 116.35841 39.91614
1202125445 116.35861 39.9193
1202125586 116.36056 39.92599
1202125681 116.36177 39.93034
1202125717 116.36182 39.9303
1202125727 116.36182 39.93062
1202125899 116.35042 39.93119
1202125982 116.35047 39.93118
1202126019 116.34774 39.93115
1202126069 116.34326 39.93115
1202126281 116.32793 39.93116
1202126320 116.32502 39.93116
1202126471 116.31967 39.93656
1202126532 116.31772 39.93787
1202126622 116.30467 39.94165
1202126702 116.30365 39.95177
1202126833 116.30221 39.96091
1202126924 116.29878 39.95955
1202126941 116.29732 39.95901
1202127134 116.29115 39.96596
1202127195 116.28715 39.96648
1202127225 116.28671 39.96639
1202127436 116.2867 39.96638
1202127457 116.28671 39.96636
1202127527 116.28696 39.96401
1202127738 116.29248 39.96175
1202127748 116.29241 39.96231
1202128040 116.29557 39.97317
1202128130 116.30171 39.97434
1202128141 116.30206 39.97435
1202128261 116.3108 39.97463
1202128341 116.31077 39.97463
1202128432 116.31903 39.97461
1202128452 116.31909 39.97335
1202128563 116.31916 39.97218
1202128643 116.31398 39.97133
1202128704 116.31327 39.97133
1202128734 116.3133 39.9713
1202128766 116.31219 39.97301
1202128844 116.31168 39.97418
1202129015 116.31307 39.97953
1202129066 116.3142 39.97958
1202129186 116.31475 39.97967
1202129337 116.31721 39.97965
1202129367 116.31777 39.97969
1202129388 116.31789 39.97967
1202129589 116.32748 39.97578
1202129639 116.32746 39.97547
1202129669 116.32887 39.97498
1202129821 116.33218 39.97239
1202129941 116.33466 39.96606
1202130061 116.33718 39.96087
1202130242 116.34114 39.953
1202130544 116.34373 39.94375
1202130574 116.34451 39.94266
1202130765 116.33999 39.93728
1202130846 116.34503 39.93852
1202130866 116.3451 39.93847
1202131066 116.32507 39.93727
1202131147 116.32003 39.93767
1202131157 116.31964 39.93768
1202131248 116.30352 39.94124
1202131368 116.28377 39.94736
1202131381 116.28266 39.94764
1202131449 116.28217 39.94774
1202131459 116.28072 39.94809
1202131570 116.2709 39.95278
1202131681 116.27084 39.95277
1202131731 116.27089 39.95261
1202131752 116.27077 39.95266
1202131752 116.27077 39.95266
1202131752 116.27077 39.95266
1202131752 116.27077 39.95266
1202132281 116.27073 39.95217
1202132304 116.27075 39.95224
1202132415 116.2709 39.95215
1202132535 116.27105 39.95228
1202132580 116.27232 39.95215
1202132706 116.27806 39.95319
1202132836 116.2909 39.95747
1202132940 116.29649 39.95476
1202133015 116.291 39.95417
1202133138 116.29807 39.95913
1202133180 116.30102 39.96046
1202144246 116.18055 40.07895
1202144340 116.18037 40.06739
1202144419 116.18561 40.06693
1202144439 116.19007 40.06692
1202144546 116.21266 40.06676
1202144550 116.21262 40.06676
1202144700 116.22796 40.06915
1202144721 116.23073 40.07
1202144831 116.24044 40.06658
1202144891 116.24341 40.0609
1202145002 116.24926 40.05159
1202145023 116.24925 40.05163
1202145180 116.25233 40.04392
1202145324 116.25907 40.03849
1202145375 116.26607 40.03175
1202145576 116.27482 40.02164
1202145626 116.27829 40.01769
1202145807 116.28928 39.99346
1202145807 116.28928 39.99346
1202145928 116.29462 39.97743
1202146038 116.30168 39.96246
1202146229 116.30453 39.94125
1202146300 116.31245 39.93802
1202146531 116.34559 39.93857
1202146561 116.3456 39.93857
1202146680 116.35007 39.93849
1202146680 116.35007 39.93849
1202146980 116.35162 39.93923
1202147133 116.33206 39.93713
1202147143 116.33061 39.93704
1202147234 116.32215 39.93748
1202147365 116.32732 39.93203
1202147435 116.32735 39.9315
1202147445 116.32744 39.93144
1202147556 116.32818 39.92354
1202147667 116.33221 39.92166
1202147737 116.33818 39.92178
1202147949 116.33868 39.91379
1202148039 116.33841 39.91354
1202148120 116.33898 39.91346
1202148300 116.33891 39.91257
1202148341 116.34303 39.91269
1202148492 116.34635 39.91248
1202148568 116.34661 39.91178
1202148643 116.3465 39.90715
1202148693 116.34643 39.90675
1202148924 116.34644 39.90233
1202149155 116.33679 39.89654
1202149246 116.33683 39.89654
1202149417 116.31696 39.89584
1202149548 116.30296 39.89583
1202149710 116.26907 39.89581
1202149849 116.24795 39.89558
1202149980 116.2585 39.89223
1202150151 116.25097 39.88838
1202150453 116.26819 39.89865
1202150453 116.26819 39.89865
1202150483 116.26816 39.90364
1202150563 116.26914 39.91712
1202150674 116.27788 39.92302
1202150754 116.28163 39.92292
1202150785 116.28195 39.92293
1202150918 116.28112 39.92454
1202150925 116.28111 39.92453
1202151056 116.28315 39.93087
1202151066 116.28455 39.93093
1202151218 116.30888 39.93106
1202151239 116.31195 39.93106
1202151357 116.31918 39.93103
1202151419 116.31927 39.93091
1202151608 116.33902 39.93107
1202151608 116.33902 39.93107
1202151658 116.33969 39.93104
1202151809 116.34271 39.93116
1202151809 116.34271 39.93116
1202151809 116.34271 39.93116
1202151960 116.34682 39.93112
1202152041 116.3469 39.93102
1202152272 116.35114 39.93101
1202152533 116.36767 39.93129
1202152564 116.36953 39.93134
1202152799 116.37619 39.93165
1202153086 116.39029 39.92759
1202153167 116.39319 39.92681
1202153378 116.39636 39.92076
1202153469 116.39712 39.91373
1202153473 116.39768 39.91375
1202153549 116.40022 39.9139
1202153599 116.4009 39.91438
1202153680 116.40067 39.91854
1202153770 116.40016 39.92238
1202153790 116.40009 39.92245
1202153901 116.39994 39.92559
1202154042 116.4016 39.932
1202154072 116.40167 39.932
1202154183 116.40228 39.93198
1202154359 116.40236 39.93865
1202154409 116.40238 39.94026
1202154525 116.40213 39.94705
1202154675 116.40922 39.94768
1202154726 116.4093 39.94769
1202154927 116.41362 39.94873
1202154977 116.41584 39.94884
1202155158 116.41903 39.94856
1202155279 116.43261 39.94808
1202155304 116.43774 39.94812
1202155389 116.44959 39.95761
1202155580 116.47596 39.98132
1202155606 116.48086 39.98569
1202155619 116.48331 39.98796
1202155701 116.4981 40.00136
1202155802 116.51981 40.01744
1202155904 116.547 40.02697
1202155969 116.56281 40.03328
1202156184 116.58065 40.0481
1202156204 116.58325 40.05089
1202156254 116.58353 40.06081
1202156268 116.58308 40.06381
1202156486 116.5856 40.07991
1202156496 116.58502 40.07978
1202156546 116.5824 40.07945
1202156586 116.58099 40.07772
1202156717 116.58071 40.07385
1202156787 116.58176 40.06724
1202156797 116.58193 40.06618
1202156848 116.58261 40.06209
1202156908 116.57779 40.05997
1202157019 116.56095 40.06142
1202157089 116.55532 40.06262
1202157119 116.55038 40.06403
1202157159 116.54951 40.06424
1202157300 116.54835 40.06335
1202157391 116.53571 40.0542
1202157419 116.5351 40.05365
1202157479 116.5339 40.05211
1202157642 116.52465 40.03522
1202157692 116.5201 40.02841
1202157843 116.51072 40.01466
1202157906 116.50731 40.01119
1202157994 116.50726 40.01105
1202158044 116.50867 40.01011
1202158199 116.52102 40.00608
1202158276 116.52948 40.00647
1202158276 116.52948 40.00647
1202158296 116.52947 40.00646
1202158507 116.52329 40.00588
1202158597 116.51343 40.00651
1202158819 116.4872 39.99064
1202159869 116.45879 39.93241
1202159883 116.4607 39.93242
1202159959 116.4625 39.93238
1202160040 116.47664 39.93242
1202160261 116.49 39.93072
1202160479 116.4984 39.92941
1202160543 116.49839 39.92982
1202160719 116.49597 39.93456
1202160774 116.49441 39.93453
1202161086 116.4658 39.96915
1202162281 116.58182 40.06678
1202162697 116.5497 40.06423
1202162768 116.54201 40.05758
1202162949 116.52787 40.04164
1202162979 116.5261 40.0378
1202163341 116.49817 40.00332
1202163552 116.45882 40.01389
1202163685 116.42483 40.02078
1202163824 116.38704 40.02129
1202164032 116.32951 40.02178
1202164156 116.29668 40.01448
1202164201 116.28498 40.01263
1202164318 116.25908 40.00222
1202164457 116.22251 39.9953
1202164508 116.21495 39.98706
1202164689 116.20934 39.94888
1202164739 116.20573 39.93883
1202164759 116.20584 39.9346
1202164805 116.20605 39.92477
1202164918 116.20493 39.90449
1202164950 116.20496 39.89773
1202164950 116.20496 39.89773
1202165408 116.19664 39.83843
1202165503 116.18705 39.83406
1202165664 116.16834 39.8398
1202165710 116.16776 39.83388
1202165885 116.1635 39.81448
1202165966 116.16076 39.81104
1202166016 116.16168 39.80907
1202166097 116.16152 39.80915
1202166207 116.16146 39.80906
1202166318 116.16148 39.80906
1202166389 116.16143 39.8091
1202166389 116.16143 39.8091
1202166389 116.16143 39.8091
1202166389 116.16143 39.8091
1202166389 116.16143 39.8091
1202166389 116.16143 39.8091
1202168446 116.16148 39.80908
1202168446 116.16148 39.80908
1202168446 116.16148 39.80908
1202168446 116.16148 39.80907
1202168446 116.16148 39.80908
1202168446 116.16148 39.80907
1202168446 116.16148 39.80907
1202168446 116.16148 39.80907
1202168446 116.16148 39.80907
1202168446 116.16148 39.80907
1202168446 116.16148 39.80907
1202168446 116.16148 39.80907
1202168446 116.16148 39.80907
1202168446 116.16148 39.80908
1202168446 116.16148 39.80907
1202168446 116.16148 39.80907
1202168446 116.16148 39.80907
1202168446 116.16148 39.80908
1202168446 116.16148 39.80908
1202168446 116.16148 39.80908
1202168446 116.16148 39.80907
1202168446 116.16148 39.80908
1202168446 116.16148 39.80907
1202168446 116.16148 39.80907
1202168446 116.16148 39.80907
1202168446 116.16148 39.80908
1202168446 116.16148 39.80907
1202168446 116.16148 39.80907
1202168446 116.16148 39.80907
1202168446 116.16148 39.80907
1202168446 116.16148 39.80907
1202168446 116.16148 39.80908
1202168446 116.16148 39.80908
1202168446 116.16148 39.80907
1202168446 116.16148 39.80907
1202168446 116.16148 39.80908
1202168446 116.16148 39.80907
1202168446 116.16148 39.80907
1202168446 116.16148 39.80908
1202168446 116.16148 39.80907
1202168446 116.16148 39.80907
1202168446 116.16148 39.80908
1202168446 116.16148 39.80907
1202168446 116.16148 39.80907
1202168446 116.16148 39.80908
1202168446 116.16148 39.80907
1202168446 116.16148 39.80908
1202168446 116.16148 39.80907
1202168446 116.16148 39.80908
1202168446 116.16148 39.80908
1202168446 116.16148 39.80907
1202168446 116.16148 39.80908
1202168446 116.16148 39.80907
1202168446 116.16148 39.80908
1202168446 116.16148 39.80907
1202168446 116.16148 39.80907
1202168446 116.16148 39.80908
1202168446 116.16148 39.80907
1202168446 116.16148 39.80907
1202168446 116.16148 39.80908
1202168446 116.16148 39.80907
1202168446 116.16148 39.80907
1202168446 116.16148 39.80907
1202168446 116.16148 39.80907
1202184538 116.58181 39.92897
1202184538 116.58181 39.92897
1202201608 116.1615 39.80906
1202201671 116.16148 39.80905
1202201698 116.16142 39.80906
1202201875 116.16146 39.80905
1202201960 116.16151 39.80903
1202202000 116.16145 39.80905
1202202131 116.16145 39.80905
1202202262 116.16146 39.80904
1202202302 116.16151 39.80904
1202202422 116.16143 39.80906
1202202603 116.16145 39.80909
1202202715 116.16137 39.80912
1202202805 116.16144 39.8091
1202202867 116.16153 39.80903
1202202905 116.16142 39.8091
1202202935 116.16142 39.80909
1202202935 116.16142 39.80909
1202203016 116.16147 39.80911
1202203135 116.16144 39.80906
1202203186 116.16168 39.80956
1202203207 116.16181 39.81084
1202203237 116.16 39.81113
1202203469 116.17063 39.82455
1202203508 116.16845 39.83173
1202203519 116.16786 39.83363
1202203519 116.16786 39.83363
1202203689 116.18727 39.83389
1202203770 116.19432 39.83662
1202203810 116.19692 39.83859
1202203810 116.19692 39.83859
1202203860 116.19876 39.84025
1202204113 116.21407 39.84412
1202204263 116.22231 39.84582
1202204374 116.23238 39.85367
1202204414 116.23548 39.85785
1202204494 116.25066 39.864
1202204675 116.27725 39.85056
1202204675 116.27725 39.85056
1202204715 116.27767 39.84368
1202204725 116.27819 39.8424
1202204977 116.27804 39.84412
1202204995 116.27792 39.84618
1202205017 116.27785 39.84837
1202205300 116.28403 39.86377
1202205439 116.2828 39.86474
1202205540 116.27834 39.8727
1202205590 116.28136 39.87509
1202205741 116.28909 39.88183
1202205835 116.29252 39.88525
1202205835 116.29252 39.88525
1202205885 116.29632 39.88523
1202205922 116.29666 39.88679
1202206053 116.29129 39.88831
1202206135 116.28901 39.89509
1202206198 116.28904 39.89706
1202206255 116.28907 39.89955
1202206344 116.28905 39.90575
1202206354 116.2891 39.90575
1202206496 116.27736 39.90643
1202206546 116.27737 39.91244
1202206636 116.27887 39.92251
1202206646 116.27893 39.92269
1202206795 116.27875 39.92417
1202206807 116.27873 39.92339
1202206948 116.28305 39.92266
1202206978 116.28431 39.92262
1202207028 116.28615 39.92273
1202207179 116.2991 39.92297
1202207249 116.2952 39.92605
1202207305 116.29523 39.92712
1202207380 116.29533 39.93071
1202207551 116.30076 39.94198
1202207611 116.30872 39.93897
1202207843 116.33942 39.93721
1202207893 116.34211 39.93798
1202208115 116.34314 39.9458
1202208154 116.34201 39.9487
1202208154 116.34201 39.9487
1202208181 116.33963 39.94798
1202208366 116.32996 39.9508
1202208456 116.32681 39.95087
1202208483 116.32389 39.95075
1202208657 116.32169 39.95583
1202208758 116.32836 39.95674
1202208955 116.33277 39.96612
1202209039 116.34515 39.96629
1202209059 116.34976 39.96633
1202209170 116.37431 39.96666
1202209255 116.38989 39.96705
1202209523 116.3934 39.96858
1202209615 116.38961 39.96737
1202209663 116.38787 39.96768
1202209753 116.38592 39.96181
1202209804 116.38024 39.9617
1202209924 116.37435 39.96655
1202209965 116.37572 39.96707
1202210077 116.37312 39.96023
1202210095 116.37294 39.95869
1202210266 116.36452 39.96049
1202210296 116.36423 39.96385
1202210378 116.3627 39.96682
1202210498 116.34849 39.96913
1202210680 116.35667 39.97517
1202210729 116.35945 39.97453
1202210870 116.35948 39.97201
1202210960 116.35941 39.96709
1202211011 116.35547 39.9666
1202211112 116.35501 39.96647
1202211112 116.35501 39.96647
1202211830 116.34267 39.97522
1202211840 116.34253 39.9752
1202211900 116.33998 39.97516
1202211981 116.32915 39.97522
1202212061 116.3287 39.9752
1202212112 116.32808 39.97523
1202212142 116.32786 39.97522
1202212172 116.32782 39.97517
1202212283 116.32664 39.96642
1202212435 116.31932 39.96955
1202212443 116.31929 39.97001
1202212705 116.32872 39.97929
1202212735 116.32871 39.97946
1202212745 116.32876 39.97926
1202212915 116.32789 39.96663
1202213047 116.31576 39.9659
1202213308 116.3178 39.95052
1202213349 116.31779 39.95056
1202213540 116.31942 39.93783
1202213650 116.31964 39.93269
1202213771 116.31962 39.92719
1202213901 116.32031 39.92679
1202213952 116.32253 39.92679
1202214032 116.3233 39.92683
1202214203 116.32577 39.931
1202214254 116.3268 39.93098
1202214295 116.32782 39.92813
1202214504 116.31982 39.92453
1202214555 116.31979 39.9289
1202214595 116.31977 39.93073
1202214857 116.31963 39.9368
1202214877 116.31917 39.93775
1202214968 116.30469 39.94087
1202215075 116.30371 39.93961
1202215098 116.30375 39.93769
1202215159 116.30393 39.93258
1202215280 116.30395 39.93354
1202215280 116.30395 39.93354
1202215280 116.30395 39.93354
1202215541 116.30412 39.93353
1202215682 116.31366 39.93789
1202215822 116.33646 39.93633
1202215855 116.33768 39.93268
1202216035 116.33818 39.92672
1202216097 116.33983 39.92673
1202216124 116.3426 39.92677
1202216225 116.3415 39.92218
1202216395 116.33793 39.93026
1202216426 116.33794 39.93022
1202216635 116.32872 39.93702
1202216657 116.32646 39.93718
1202216727 116.32484 39.93727
1202216888 116.31859 39.94613
1202216939 116.31813 39.94969
1202217029 116.3175 39.9549
1202217150 116.31577 39.96452
1202217150 116.31577 39.96452
1202217235 116.31408 39.96851
1202217331 116.313 39.97116
1202217415 116.31062 39.97904
1202217535 116.30996 39.97952
1202217632 116.30969 39.97954
1202217715 116.30942 39.97963
1202217835 116.30916 39.97958
1202217934 116.30869 39.97967
1202217994 116.30889 39.97948
1202219207 116.31016 39.98102
1202219316 116.31126 39.97489
1202219335 116.31126 39.97505
1202219406 116.3113 39.97501
1202219502 116.31286 39.97468
1202219517 116.31568 39.97479
1202219617 116.31918 39.97195
1202219635 116.31914 39.97195
1202219768 116.31908 39.9661
1202219919 116.3167 39.96556
1202220080 116.33689 39.96628
1202220221 116.36821 39.96664
1202220251 116.37521 39.96687
1202220452 116.41165 39.97013
1202220577 116.41719 39.97401
1202220655 116.41145 39.97144
1202220878 116.4041 39.96752
1202220894 116.40078 39.96748
1202221115 116.35604 39.96655
1202221180 116.34797 39.96659
1202221376 116.32985 39.9681
1202221481 116.32977 39.96803
1202221488 116.32981 39.96804
1202221488 116.32981 39.96804
1202222037 116.32984 39.9681
1202222037 116.32984 39.9681
1202222037 116.32984 39.9681
1202222037 116.32984 39.9681
1202222037 116.32984 39.9681
1202222037 116.32984 39.9681
1202222037 116.32984 39.9681
1202222037 116.32984 39.9681
1202222037 116.32984 39.9681
1202222037 116.32984 39.9681
1202222037 116.32984 39.9681
1202222037 116.32984 39.9681
1202222037 116.32984 39.9681
1202222037 116.32984 39.9681
1202222037 116.32984 39.9681
1202222037 116.32984 39.9681
1202222037 116.32984 39.9681
1202222037 116.32984 39.9681
1202222037 116.32984 39.9681
1202222037 116.32984 39.9681
1202222037 116.32984 39.9681
1202222037 116.32984 39.9681
1202222037 116.32984 39.9681
1202222037 116.32984 39.9681
1202222037 116.32984 39.9681
1202222037 116.32984 39.9681
1202222037 116.32984 39.9681
1202222037 116.32984 39.9681
1202222037 116.32984 39.9681
1202222037 116.32984 39.9681
1202222037 116.32984 39.9681
1202222037 116.32984 39.9681
1202227828 116.3299 39.968
1202227950 116.32986 39.96806
1202227990 116.32982 39.96809
1202228129 116.32984 39.9681
1202228252 116.3308 39.96936
1202228282 116.33256 39.9694
1202228373 116.33211 39.97269
1202228514 116.33225 39.97299
1202228554 116.33206 39.97264
1202228584 116.33203 39.9726
1202228694 116.33219 39.97309
1202228814 116.33215 39.97324
1202228855 116.33225 39.97352
1202228946 116.3324 39.97379
1202229086 116.33551 39.97497
1202229157 116.33846 39.97518
1202229257 116.33874 39.97273
1202229308 116.33858 39.97273
1202229428 116.34309 39.97194
1202229459 116.34597 39.97194
1202230489 116.3504 39.90956
1202230489 116.3504 39.90956
1202230599 116.35042 39.90214
1202230619 116.35044 39.89964
1202230699 116.34455 39.8969
1202230810 116.32471 39.89593
1202230900 116.31888 39.89602
1202230920 116.3188 39.89595
1202231061 116.31515 39.90161
1202231162 116.31552 39.90971
1202231202 116.31308 39.90986
1202231214 116.31289 39.90987
1202231464 116.2968 39.91186
1202231504 116.29682 39.91175
1202231544 116.2975 39.91191
1202231784 116.30844 39.90655
1202231835 116.30722 39.90664
1202232107 116.30437 39.92703
1202232124 116.30439 39.92872
1202232177 116.30728 39.93099
1202232444 116.32791 39.92635
1202232500 116.32818 39.92338
1202232670 116.32843 39.91554
1202232711 116.32834 39.91362
1202232932 116.34192 39.90586
1202233012 116.34929 39.90575
1202233223 116.36766 39.89827
1202233314 116.37304 39.8985
1202233515 116.3784 39.89206
1202233614 116.37846 39.88868
1202233616 116.37845 39.88869
1202233736 116.37841 39.88813
1202233817 116.37852 39.88435
1202233917 116.37736 39.88181
1202233927 116.3774 39.88182
1202233978 116.37685 39.88188
1202234038 116.3757 39.88192
1202234179 116.37213 39.87736
1202234219 116.37194 39.87736
1202234241 116.37114 39.87733
1202234320 116.36982 39.87723
1202234541 116.36807 39.88724
1202234661 116.3628 39.88793
1202235064 116.35712 39.89761
1202235124 116.35735 39.89755
1202235124 116.35735 39.89755
1202235295 116.35705 39.90447
1202235426 116.35707 39.90647
1202235534 116.35696 39.91122
1202235727 116.35104 39.9126
1202235788 116.35109 39.9126
1202236028 116.33536 39.91259
1202236048 116.33399 39.91266
1202236330 116.33802 39.91704
1202236340 116.33832 39.91704
1202236510 116.33356 39.92183
1202236631 116.32358 39.92203
1202236631 116.32358 39.92202
1202236724 116.31985 39.92588
1202236776 116.31973 39.92906
1202236853 116.31978 39.93057
1202236933 116.31962 39.93647
1202236933 116.31962 39.93647
1202237038 116.31955 39.93699
1202237044 116.31956 39.937
1202237154 116.31873 39.94499
1202237154 116.31873 39.94499
1202237235 116.3178 39.95206
1202237295 116.31689 39.95809
1202237346 116.3155 39.96516
1202237436 116.31555 39.96523
1202237537 116.31425 39.96801
1202237537 116.31425 39.96801
1202237607 116.31335 39.97046
1202237657 116.31187 39.97384
1202237778 116.31409 39.97494
1202237838 116.31187 39.97339
1202237943 116.31433 39.96704
1202237987 116.31126 39.96462
1202238180 116.30263 39.95607
1202238245 116.30287 39.95459
1202238413 116.29711 39.95843
1202238442 116.29397 39.95821
1202238547 116.28567 39.95668
1202238653 116.28406 39.95624
1202238743 116.28677 39.96139
1202240148 116.29379 39.98302
1202240150 116.29378 39.98302
1202240246 116.29479 39.97388
1202240333 116.29487 39.97331
1202240407 116.29535 39.96994
1202240518 116.29126 39.9655
1202240633 116.29226 39.9622
1202240633 116.29226 39.9622
1202240739 116.29623 39.95853
1202240769 116.29899 39.95948
1202241041 116.31345 39.97016
1202241251 116.31926 39.97114
1202241301 116.31934 39.96914
1202241341 116.31935 39.96905
1202241452 116.31935 39.96766
1202241574 116.31934 39.96615
1202241643 116.31562 39.96595
1202241653 116.3156 39.96595
1202241876 116.30322 39.95292
1202241892 116.30346 39.95008
1202241945 116.30386 39.94265
1202243636 116.17159 39.82111
1202243709 116.1665 39.81708
1202243789 116.16171 39.81296
1202243872 116.16195 39.81002
1202243923 116.16157 39.80909
1202243991 116.16157 39.80911
1202243991 116.16157 39.80911
1202243991 116.16157 39.80911
1202243991 116.16157 39.80911
1202243991 116.16157 39.80911
1202243991 116.16157 39.80911
1202243991 116.16157 39.80911
1202243991 116.16157 39.80911
1202243991 116.16157 39.80911
1202243991 116.16157 39.80911
1202243991 116.16157 39.80911
1202243991 116.16157 39.80911
1202243991 116.16157 39.80911
1202243991 116.16157 39.80911
1202243991 116.16157 39.80911
1202243991 116.16157 39.80911
1202243991 116.16157 39.80911
1202243991 116.16157 39.80911
1202243991 116.16157 39.80911
1202243991 116.16157 39.80911
1202243991 116.16157 39.80911
1202243991 116.16157 39.80911
1202246773 116.16152 39.80907
1202246773 116.16152 39.80907
1202246773 116.16152 39.80907
1202246773 116.16152 39.80907
1202246773 116.16152 39.80907
1202246773 116.16152 39.80907
1202246773 116.16152 39.80907
1202246773 116.16152 39.80907
1202246773 116.16152 39.80907
1202246773 116.16152 39.80907
1202246773 116.16152 39.80907
1202246773 116.16152 39.80907
1202246773 116.16152 39.80907
1202246773 116.16152 39.80907
1202246773 116.16152 39.80907
1202246773 116.16152 39.80907
1202246773 116.16152 39.80907
1202246773 116.16152 39.80907
1202246773 116.16152 39.80907
1202246773 116.16152 39.80907
1202246773 116.16152 39.80907
1202249199 116.15908 39.80866
1202249246 116.15874 39.80883
1202249276 116.15875 39.80881
1202249367 116.15874 39.80868
1202249674 116.15898 39.8094
1202249674 116.15898 39.8094
1202249674 116.15898 39.8094
1202249674 116.15898 39.8094
1202249674 116.15898 39.8094
1202249674 116.15898 39.8094
1202249674 116.15898 39.8094
1202249674 116.15898 39.8094
1202249674 116.15898 39.8094
1202249674 116.15898 39.8094
1202249674 116.15898 39.8094
1202249674 116.15898 39.8094
1202249674 116.15898 39.8094
1202249674 116.15898 39.8094
1202249674 116.15898 39.8094
1202249674 116.15898 39.8094
1202249674 116.15898 39.8094
1202249674 116.15898 39.8094
1202249674 116.15898 39.8094
1202249674 116.15898 39.8094
1202251654 116.15975 39.80844
1202251654 116.15975 39.80844
1202251806 116.1615 39.80919
1202252567 116.16159 39.80905
1202252633 116.16155 39.80904
1202252713 116.16158 39.80906
1202252794 116.16152 39.80904
1202252871 116.16153 39.80901
1202252875 116.16153 39.80901
1202252875 116.16153 39.80901
1202252875 116.16153 39.80901
1202252875 116.16153 39.80901
1202252875 116.16153 39.80901
1202252875 116.16153 39.80901
1202252875 116.16153 39.80901
1202252875 116.16153 39.80901
1202252875 116.16153 39.80901
1202252875 116.16153 39.80901
1202252875 116.16153 39.80901
1202252875 116.16153 39.80901
1202252875 116.16153 39.80901
1202252875 116.16153 39.80901
1202252875 116.16153 39.80901
1202252875 116.16153 39.80901
1202252875 116.16153 39.80901
1202252875 116.16153 39.80901
1202252875 116.16153 39.80901
1202252875 116.16153 39.80901
1202252875 116.16153 39.80901
1202252875 116.16153 39.80901
1202252875 116.16153 39.80901
1202252875 116.16153 39.80901
1202252875 116.16153 39.80901
1202252875 116.16153 39.80901
1202252875 116.16153 39.80901
1202252875 116.16153 39.80901
1202252875 116.16153 39.80901
1202252875 116.16153 39.80901
1202252875 116.16153 39.80901
1202252875 116.16153 39.80901
1202252875 116.16153 39.80901
1202252875 116.16153 39.80901
1202252875 116.16153 39.80901
1202252875 116.16153 39.80901
1202252875 116.16153 39.80901
1202252875 116.16153 39.80901
1202252875 116.16153 39.80901
1202252875 116.16153 39.80901
1202252875 116.16153 39.80901
1202252875 116.16153 39.80901
1202252875 116.16153 39.80901
1202252875 116.16153 39.80901
1202252875 116.16153 39.80901
1202252875 116.16153 39.80901
1202252875 116.16153 39.80901
1202252875 116.16153 39.80901
1202252875 116.16153 39.80901
1202252875 116.16153 39.80901
1202252875 116.16153 39.80901
1202252875 116.16153 39.80901
1202252875 116.16153 39.80901
1202252875 116.16153 39.80901
1202252875 116.16153 39.80901
1202252875 116.16153 39.80901
1202252875 116.16153 39.80901
1202252875 116.16153 39.80901
1202252875 116.16153 39.80901
1202252875 116.16153 39.80901
1202295906 116.16133 39.80914
1202296022 116.16162 39.80913
1202296208 116.16157 39.80903
1202296249 116.16152 39.8091
1202296324 116.1616 39.8091
1202296324 116.1616 39.8091
1202296369 116.16153 39.80913
1202296449 116.1615 39.8091
1202296560 116.16152 39.8091
1202296625 116.16156 39.8091
1202296670 116.16157 39.80913
1202296811 116.16152 39.80905
1202296811 116.16153 39.80905
1202296927 116.16042 39.80841
1202296952 116.1588 39.80886
1202297113 116.15364 39.80872
1202297123 116.15331 39.80878
1202297294 116.14912 39.80756
1202297475 116.14841 39.80715
1202297475 116.14841 39.80715
1202297475 116.14841 39.80715
1202297475 116.14841 39.80715
1202297475 116.14841 39.80715
1202297475 116.14841 39.80715
1202297475 116.14841 39.80715
1202297475 116.14841 39.80715
1202297475 116.14841 39.80715
1202298807 116.14841 39.80706
1202298807 116.14841 39.80706
1202298807 116.14841 39.80706
1202298807 116.14841 39.80706
1202298807 116.14841 39.80706
1202298807 116.14841 39.80706
1202298807 116.14841 39.80706
1202298807 116.14841 39.80706
1202298807 116.14841 39.80706
1202298807 116.14841 39.80706
1202298807 116.14841 39.80706
1202299758 116.14842 39.80712
1202299923 116.14844 39.80712
1202299953 116.14845 39.80713
1202300124 116.14845 39.80708
1202300255 116.1485 39.80705
1202300255 116.1485 39.80705
1202300255 116.1485 39.80705
1202300556 116.14889 39.8071
1202300637 116.14915 39.80721
1202300687 116.14944 39.80722
1202300787 116.14942 39.80728
1202300859 116.14945 39.80731
1202301164 116.14951 39.80726
1202301226 116.14948 39.80721
1202301226 116.14948 39.80721
1202301226 116.14948 39.80721
1202301226 116.14948 39.80721
1202301226 116.14948 39.80721
1202301226 116.14948 39.80721
1202301226 116.14948 39.80721
1202301226 116.14948 39.80721
1202301226 116.14948 39.80721
1202301226 116.14948 39.80721
1202301226 116.14948 39.80721
1202301226 116.14948 39.80721
1202301226 116.14948 39.80721
1202301226 116.14948 39.80721
1202301226 116.14948 39.80721
1202301226 116.14948 39.80721
1202301226 116.14948 39.80721
1202301226 116.14948 39.80721
1202301226 116.14948 39.80721
1202301226 116.14948 39.80721
1202301226 109.6843 39.80721
1202301226 109.6843 39.80721
1202303854 116.15278 39.80879
1202303860 116.15301 39.80877
1202303860 116.15301 39.80877
1202303920 116.15579 39.80884
1202304051 116.1613 39.80872
1202304131 116.16154 39.80901
1202304182 116.16158 39.80883
1202304223 116.16157 39.8087
1202304223 116.16157 39.8087
1202304223 116.16157 39.8087
1202304223 116.16157 39.8087
1202304223 116.16157 39.8087
1202304223 116.16157 39.8087
1202304223 116.16157 39.8087
1202304223 116.16157 39.8087
1202304223 116.16157 39.8087
1202304223 116.16157 39.8087
1202304223 116.16157 39.8087
1202304223 116.16157 39.8087
1202304223 116.16157 39.8087
1202304223 116.16157 39.8087
1202304223 116.16157 39.8087
1202306166 116.16157 39.809
1202306269 116.16158 39.80896
1202306339 116.16162 39.80894
1202306420 116.16153 39.80889
1202306470 116.16151 39.80893
1202306470 116.16151 39.80893
1202306522 116.1616 39.80885
1202306522 116.1616 39.80885
1202306522 116.1616 39.80885
1202306522 116.1616 39.80885
1202306522 116.1616 39.80886
1202306522 116.1616 39.80885
1202306522 116.1616 39.80885
1202306522 116.1616 39.80886
1202306522 116.1616 39.80886
1202306522 116.1616 39.80885
1202306522 116.1616 39.80886
1202306522 116.1616 39.80885
1202306522 116.1616 39.80886
1202306522 116.1616 39.80885
1202306522 116.1616 39.80885
1202306522 116.1616 39.80885
1202306522 116.1616 39.80885
1202306522 116.1616 39.80886
1202306522 116.1616 39.80886
1202306522 116.1616 39.80885
1202306522 116.1616 39.80885
1202306522 116.1616 39.80886
1202306522 116.1616 39.80885
1202306522 116.1616 39.80886
1202306522 116.1616 39.80886
1202306522 116.1616 39.80885
1202306522 116.1616 39.80886
1202306522 116.1616 39.80885
1202306522 116.1616 39.80885
1202306522 116.1616 39.80885
1202306522 116.1616 39.80885
1202306522 116.1616 39.80885
1202306522 116.1616 39.80885
1202306522 116.1616 39.80886
1202306522 116.1616 39.80885
1202306522 116.1616 39.80885
1202306522 116.1616 39.80885
1202306522 116.1616 39.80886
1202306522 116.1616 39.80886
1202306522 116.1616 39.80886
1202306522 116.1616 39.80885
1202306522 116.1616 39.80886
1202306522 116.1616 39.80886
1202306522 116.1616 39.80885
1202306522 116.1616 39.80885
1202306522 116.1616 39.80886
1202306522 116.1616 39.80885
1202306522 116.1616 39.80885
1202306522 116.1616 39.80885
1202306522 116.1616 39.80885
1202306522 116.1616 39.80886
1202306522 116.1616 39.80885
1202306522 116.1616 39.80886
1202306522 116.1616 39.80885
1202306522 116.1616 39.80885
1202306522 116.1616 39.80885
1202306522 116.1616 39.80885
1202306522 116.1616 39.80885
1202306522 116.1616 39.80886
1202306522 116.1616 39.80885
1202306522 116.1616 39.80886
1202306522 116.1616 39.80885
1202306522 116.1616 39.80886
1202321755 116.1615 39.80902
1202321850 116.16153 39.80902
1202321900 116.16154 39.80902
1202321931 116.16156 39.80903
1202321970 116.16151 39.80901
1202322011 116.16147 39.80898
1202322121 116.1615 39.809
1202322172 116.16149 39.809
1202322232 116.1615 39.80902
1202322272 116.16147 39.809
1202322373 116.16123 39.8084
1202322467 116.15928 39.80522
1202322513 116.15784 39.80389
1202322574 116.15244 39.80417
1202322684 116.14908 39.80612
1202322755 116.14926 39.80602
1202322755 116.14926 39.80602
1202322755 116.14926 39.80602
1202323079 116.14913 39.80722
1202323237 116.15837 39.80895
1202323257 116.15883 39.80871
1202323359 116.1588 39.80863
1202323359 116.1588 39.80863
1202323359 116.1588 39.80863
1202323359 116.1588 39.80863
1202323359 116.1588 39.80863
1202323987 116.1613 39.80846
1202324037 116.16158 39.80907
1202324082 116.16161 39.80897
1202324082 116.16161 39.80897
1202324583 116.16145 39.80905
1202324686 116.16153 39.80904
1202324750 116.16149 39.80906
1202324750 116.16149 39.80906
1202324750 116.16149 39.80906
1202324750 116.16149 39.80906
1202324750 116.16149 39.80906
1202324750 116.16149 39.80906
1202324750 116.16149 39.80906
1202324750 116.16149 39.80906
1202324750 116.16149 39.80906
1202324750 116.16149 39.80906
1202324750 116.16149 39.80906
1202324750 116.16149 39.80906
1202324750 116.16149 39.80906
1202324750 116.16149 39.80906
1202324750 116.16149 39.80906
1202324750 116.16149 39.80906
1202324750 116.16149 39.80906
1202324750 116.16149 39.80906
1202324750 116.16149 39.80906
1202324750 116.16149 39.80906
1202324750 116.16149 39.80906
1202324750 116.16149 39.80906
1202324750 116.16149 39.80906
1202324750 116.16149 39.80906
1202324750 116.16149 39.80906
1202324750 116.16149 39.80906
1202324750 116.16149 39.80906
1202324750 116.16149 39.80906
1202324750 116.16149 39.80906
1202324750 116.16149 39.80906
1202324750 116.16149 39.80906
1202324750 116.16149 39.80906
1202324750 116.16149 39.80906
1202324750 116.16149 39.80906
1202324750 116.16149 39.80906
1202324750 116.16149 39.80906
1202324750 116.16149 39.80906
1202324750 116.16149 39.80906
1202324750 116.16149 39.80906
1202324750 116.16149 39.80906
1202324750 116.16149 39.80906
1202324750 116.16149 39.80906
1202324750 116.16149 39.80906
1202324750 116.16149 39.80906
1202324750 116.16149 39.80906
1202324750 116.16149 39.80906
1202324750 116.16149 39.80906
1202324750 116.16149 39.80906
1202324750 116.16149 39.80906
1202324750 116.16149 39.80906
1202324750 116.16149 39.80906
1202324750 116.16149 39.80906
1202324750 116.16149 39.80906
1202324750 116.16149 39.80906
1202324750 116.16149 39.80906
1202324750 116.16149 39.80906
1202324750 116.16149 39.80906
1202324750 116.16149 39.80906
1202324750 116.16149 39.80906
1202324750 116.16149 39.80906
1202324750 116.16149 39.80906
1202324750 116.16149 39.80906
1202324750 116.16149 39.80906
1202324750 116.16149 39.80906
1202324750 116.16149 39.80906
1202324750 116.16149 39.80906
1202348726 116.16157 39.80905
1202348901 116.16154 39.80902
1202348951 116.16158 39.80895
1202349028 116.15824 39.80899
1202349193 116.15579 39.80878
1202349313 116.1558 39.80876
1202349313 116.1558 39.80876
1202349313 116.1558 39.80876
1202350280 116.16151 39.80909
1202350280 116.16151 39.80909
1202350280 116.16151 39.80909
1202350280 116.16151 39.80909
1202350280 116.16151 39.80909
1202350280 116.16151 39.80909
1202350280 116.16151 39.80909
1202350280 116.16151 39.80909
1202350280 116.16151 39.80909
1202350280 116.16151 39.80909
1202350280 116.16151 39.80909
1202350280 116.16151 39.80909
1202350280 116.16151 39.80909
1202350280 116.16151 39.80909
1202350280 116.16151 39.80909
1202352397 116.1616 39.80907
1202352397 116.1616 39.80907
1202352397 116.1616 39.80907
1202352397 116.1616 39.80907
1202352397 116.1616 39.80907
1202352397 116.1616 39.80907
1202352397 116.1616 39.80907
1202352397 116.1616 39.80907
1202352397 116.1616 39.80907
1202352397 116.1616 39.80907
1202352397 116.1616 39.80907
1202352397 116.1616 39.80907
1202352397 116.1616 39.80907
1202352397 116.1616 39.80907
1202352397 116.1616 39.80907
1202352397 116.1616 39.80907
1202352397 116.1616 39.80907
1202352397 116.1616 39.80907
1202352397 116.1616 39.80907
1202352397 116.1616 39.80907
1202352397 116.1616 39.80907
1202352397 116.1616 39.80907
1202352397 116.1616 39.80907
1202352397 116.1616 39.80907
1202352397 116.1616 39.80907
1202352397 116.1616 39.80907
1202352397 116.1616 39.80907
1202352397 116.1616 39.80907
1202352397 116.1616 39.80907
1202352397 116.1616 39.80907
1202352397 116.1616 39.80907
1202352397 116.1616 39.80907
1202352397 116.1616 39.80907
1202352397 116.1616 39.80907
1202352397 116.1616 39.80907
1202352397 116.1616 39.80907
1202352397 116.1616 39.80907
1202352397 116.1616 39.80907
1202352397 116.1616 39.80907
1202352397 116.1616 39.80907
1202352397 116.1616 39.80907
1202352397 116.1616 39.80907
1202352397 116.1616 39.80907
1202352397 116.1616 39.80907
1202352397 116.1616 39.80907
1202352397 116.1616 39.80907
1202352397 116.1616 39.80907
1202352397 116.1616 39.80907
1202352397 116.1616 39.80907
1202352397 116.1616 39.80907
1202352397 116.1616 39.80907
1202352397 116.1616 39.80907
1202352397 116.1616 39.80907
1202352397 116.1616 39.80907
1202352397 116.1616 39.80907
1202352397 116.1616 39.80907
1202352397 116.1616 39.80907
1202352397 116.1616 39.80907
1202352397 116.1616 39.80907
1202352397 116.1616 39.80907
1202352397 116.1616 39.80907
1202352397 116.1616 39.80907
1202352397 116.1616 39.80907
1202380098 116.16152 39.80905
1202380164 116.16152 39.80899
1202380218 116.16161 39.80909
1202380389 116.16158 39.80912
1202380466 116.16156 39.80909
1202380483 116.16156 39.80909
1202380611 116.16145 39.80893
1202380691 116.16146 39.80889
1202380768 116.1615 39.80881
1202380802 116.16154 39.80877
1202380822 116.16157 39.80861
1202380912 116.16165 39.8091
1202381103 116.16158 39.80919
1202381123 116.16152 39.80892
1202381203 116.16157 39.80923
1202381636 116.16156 39.80926
1202381687 116.16151 39.8091
1202381727 116.16149 39.80908
1202381743 116.1615 39.80905
1202381988 116.16153 39.80897
1202382028 116.16152 39.80902
1202382169 116.16148 39.80916
1202382282 116.16152 39.80928
1202382329 116.16158 39.80912
1202382631 116.1616 39.80909
1202382661 116.16154 39.8091
1202382882 116.16155 39.80905
1202382922 116.16163 39.80909
1202382933 116.16161 39.80909
1202383114 116.16156 39.80908
1202383114 116.16156 39.80907
1202383598 116.16154 39.8091
1202383662 116.16158 39.80912
1202383662 116.16158 39.80912
1202383662 116.16158 39.80912
1202383662 116.16158 39.80912
1202383662 116.16158 39.80912
1202383662 116.16158 39.80912
1202383662 116.16158 39.80912
1202384806 116.1619 39.81076
1202384898 116.16231 39.81337
1202384988 116.16894 39.81898
1202385102 116.17009 39.82649
1202385152 116.16755 39.83488
1202385290 116.17172 39.85129
1202385342 116.17788 39.85512
1202385410 116.1759 39.85716
1202385561 116.16792 39.87528
1202385592 116.16381 39.87415
1202385642 116.15876 39.87819
1202385642 116.15876 39.87819
1202385712 116.15776 39.88459
1202385823 116.14358 39.88555
1202385893 116.13356 39.88745
1202386013 116.11383 39.8861
1202386084 116.10306 39.89217
1202386195 116.10521 39.90434
1202386315 116.10729 39.91716
1202386376 116.10915 39.92451
1202386617 116.09923 39.94337
1202386758 116.09307 39.94767
1202386798 116.09247 39.9495
1202386798 116.09247 39.9495
1202386889 116.09057 39.95182
1202386939 116.08929 39.95189
1202386969 116.08882 39.95229
1202387082 116.08832 39.95257
1202401235 116.09333 39.94296
1202401236 116.09334 39.94296
1202401322 116.10118 39.94292
1202401402 116.1014 39.94156
1202401482 116.10143 39.94159
1202401704 116.10813 39.927
1202401985 116.10121 39.89297
1202402141 116.12581 39.88697
1202402237 116.14766 39.88765
1202402327 116.15885 39.87998
1202402441 116.16428 39.87432
1202402528 116.17083 39.86772
1202402538 116.17259 39.8665
1202402741 116.16634 39.84671
1202402792 116.16811 39.84168
1202402840 116.16756 39.83533
1202402961 116.16911 39.81912
1202403044 116.16536 39.81623
1202403142 116.15755 39.80936
1202403192 116.15366 39.80871
1202403346 116.1491 39.80487
1202403443 116.14923 39.79984
1202403461 116.1466 39.79919
1202403648 116.13805 39.78635
1202403715 116.1367 39.77577
1202403745 116.13634 39.77282
1202403950 116.13578 39.75311
1202404007 116.13571 39.74714
1202404047 116.13163 39.7463
1202404251 116.10941 39.75529
1202404301 116.10134 39.76101
1202404348 116.09735 39.76451
1202404389 116.09348 39.76667
1202404519 116.09398 39.76906
1202404570 116.09397 39.76923
1202404601 116.09398 39.7692
1202404712 116.09394 39.76923
1202404712 116.09394 39.76923
1202404712 116.09393 39.76923
1202404712 116.09393 39.76923
1202404712 116.09393 39.76923
1202404712 116.09394 39.76923
1202404712 116.09393 39.76923
1202404712 116.09394 39.76923
1202404712 116.09394 39.76923
1202404712 116.09394 39.76923
1202404712 116.09393 39.76923
1202404712 116.09394 39.76923
1202404712 116.09393 39.76923
1202404712 116.09393 39.76923
1202404712 116.09393 39.76923
1202404712 116.09393 39.76923
1202404712 116.09393 39.76923
1202404712 116.09393 39.76923
1202406937 116.09397 39.76918
1202407010 116.09398 39.76919
1202407010 116.09398 39.76919
1202407010 116.09398 39.76919
1202407010 116.09398 39.76919
1202407010 116.09398 39.76919
1202407010 116.09398 39.76919
1202407010 116.09398 39.76919
1202407010 116.09398 39.76919
1202407010 116.09398 39.76919
1202407010 116.09398 39.76919
1202407010 116.09398 39.76919
1202407010 116.09398 39.76919
1202407010 116.09398 39.76919
1202407010 116.09398 39.76919
1202407010 116.09398 39.76919
1202407010 116.09398 39.76919
1202407010 116.09398 39.76919
1202407010 116.09398 39.76919
1202407010 116.09398 39.76919
1202407010 116.09398 39.76919
1202407010 116.09398 39.76919
1202407010 116.09398 39.76919
1202407010 116.09398 39.76919
1202407010 116.09398 39.76919
1202407010 116.09398 39.76919
1202407010 116.09398 39.76919
1202407010 116.09398 39.76919
1202407010 116.09398 39.76919
1202407010 116.09398 39.76919
1202407010 116.09398 39.76919
1202407010 116.09398 39.76919
1202407010 116.09398 39.76919
1202407010 116.09398 39.76919
1202407010 116.09398 39.76919
1202407010 116.09398 39.76919
1202407010 116.09398 39.76919
1202407010 116.09398 39.76919
1202407010 116.09398 39.76919
1202411143 116.094 39.7692
1202411193 116.094 39.76922
1202411233 116.09399 39.76922
1202411344 116.09399 39.76921
1202411464 116.09402 39.76919
1202411535 116.09358 39.76892
1202411545 116.09358 39.76873
1202411766 116.07679 39.77102
1202411837 116.06691 39.77758
1202412008 116.05808 39.7932
1202412070 116.06053 39.80006
1202412138 116.06521 39.80635
1202412281 116.07726 39.80828
1202412369 116.0907 39.80523
1202412440 116.09068 39.80516
1202412530 116.10192 39.8048
1202412742 116.12354 39.82101
1202412822 116.11758 39.83552
1202412972 116.11228 39.84923
1202413043 116.10582 39.85271
1202413121 116.09995 39.85832
1202413204 116.09864 39.86494
1202413274 116.1008 39.87024
1202413335 116.09979 39.87265
1202413345 116.09809 39.87283
1202413421 116.09196 39.87628
1202413527 116.09351 39.87834
1202413578 116.08887 39.88005
1202413637 116.09065 39.88201
1202413647 116.0893 39.88173
1202413781 116.10326 39.89408
1202413877 116.10548 39.9076
1202413918 116.10546 39.90757
1202413948 116.10599 39.91038
1202414089 116.10752 39.92954
1202414179 116.10428 39.93714
1202414250 116.10122 39.94332
1202414261 116.10125 39.94331
1202414376 116.09357 39.94268
1202414471 116.09249 39.94945
1202414535 116.09086 39.95191
1202414552 116.09006 39.95188
1202414561 116.08919 39.95192
1202415636 116.0904 39.9518
1202415698 116.09148 39.95078
1202415772 116.09343 39.94279
1202415822 116.10101 39.94353
1202415852 116.10234 39.93977
1202415940 116.10703 39.93003
1202415963 116.10802 39.92693
1202416074 116.10647 39.91335
1202416124 116.10515 39.90622
1202416214 116.1044 39.89906
1202416266 116.10127 39.89315
1202416360 116.11429 39.88587
1202416425 116.12817 39.88734
1202416526 116.14803 39.88768
1202416576 116.15609 39.88565
1202416697 116.16364 39.87412
1202416727 116.16613 39.87479
1202416847 116.17507 39.86187
1202416900 116.17835 39.8554
1202417029 116.16634 39.84671
1202417099 116.16832 39.83916
1202417150 116.16843 39.83175
1202417331 116.16158 39.81291
1202417331 116.16158 39.81291
1202417444 116.16156 39.80902
1202417562 116.16159 39.80911
1202417633 116.16155 39.8091
1202417940 116.16156 39.8091
1202417940 116.16156 39.8091
1202417940 116.16156 39.8091
1202417940 116.16156 39.8091
1202417940 116.16156 39.8091
1202417940 116.16156 39.8091
1202417940 116.16156 39.8091
1202417940 116.16156 39.8091
1202417940 116.16156 39.8091
1202417940 116.16156 39.8091
1202417940 116.16156 39.8091
1202417940 116.16156 39.8091
1202417940 116.16156 39.8091
1202417940 116.16156 39.8091
1202417940 116.16156 39.8091
1202417940 116.16156 39.8091
1202417940 116.16156 39.8091
1202417940 116.16156 39.8091
1202417940 116.16156 39.8091
1202417940 116.16156 39.8091
1202417940 116.16156 39.8091
1202417940 116.16156 39.8091
1202417940 116.16156 39.8091
1202417940 116.16156 39.8091
1202417940 116.16156 39.8091
1202417940 116.16156 39.8091
1202417940 116.16156 39.8091
1202417940 116.16156 39.8091
1202417940 116.16156 39.8091
1202417940 116.16156 39.8091
1202417940 116.16156 39.8091
1202417940 116.16156 39.8091
1202417940 116.16156 39.8091
1202417940 116.16156 39.8091
1202417940 116.16156 39.8091
1202417940 116.16156 39.8091
1202417940 116.16156 39.8091
1202417940 116.16156 39.8091
1202417940 116.16156 39.8091
1202417940 116.16156 39.8091
1202417940 116.16156 39.8091
1202417940 116.16156 39.8091
1202417940 116.16156 39.8091
1202417940 116.16156 39.8091
1202417940 116.16156 39.8091
1202417940 116.16156 39.8091
1202417940 116.16156 39.8091
1202417940 116.16156 39.8091
1202417940 116.16156 39.8091
1202417940 116.16156 39.8091
1202417940 116.16156 39.8091
1202417940 116.16156 39.8091
1202417940 116.16156 39.8091
1202417940 116.16156 39.8091
1202417940 116.16156 39.8091
1202417940 116.16156 39.8091
1202417940 116.16156 39.8091
1202417940 116.16156 39.8091
1202417940 116.16156 39.8091
1202417940 116.16156 39.8091
1202417940 116.16156 39.8091
1202417940 116.16156 39.8091
1202417940 116.16156 39.8091
1202417940 116.16156 39.8091
1202417940 116.16156 39.8091
1202468021 116.16161 39.80924
1202468071 116.16168 39.8092
1202468102 116.16155 39.80919
1202468212 116.16166 39.80902
1202468323 116.16154 39.80906
1202468373 116.16169 39.80905
1202468464 116.16155 39.80914
1202468604 116.16193 39.81071
1202468635 116.16093 39.811
1202468667 116.15984 39.81158
1202468775 116.16955 39.81939
1202468936 116.16835 39.83895
1202468946 116.1684 39.84007
1202468997 116.1669 39.8448
1202469156 116.17145 39.85448
1202469156 116.17145 39.85448
1202469238 116.1674 39.8598
1202469258 116.16398 39.86055
1202469349 116.15669 39.86338
1202469411 116.15662 39.86339
1202469560 116.16318 39.87466
1202469580 116.16119 39.87615
1202469600 116.15883 39.87779
1202469816 116.18879 39.88771
1202469867 116.20038 39.88924
1202469902 116.20602 39.89311
1202470073 116.20606 39.92178
1202470163 116.20581 39.9402
1202470203 116.20925 39.94837
1202470334 116.2146 39.97603
1202470476 116.22279 39.9916
1202470505 116.22812 39.99167
1202470626 116.24216 39.98734
1202470776 116.24723 39.9946
1202470807 116.25114 39.99626
1202470917 116.26164 40.00113
1202471016 116.26579 40.00425
1202471079 116.26356 40.00778
1202471079 116.26356 40.00778
1202471108 116.26189 40.01071
1202471139 116.26188 40.01579
1202471219 116.2603 40.02462
1202471330 116.26006 40.02944
1202471380 116.2597 40.0349
1202471410 116.25751 40.03835
1202471440 116.25376 40.04124
1202471581 116.24111 40.04536
1202471676 116.23615 40.04493
1202471712 116.23237 40.04466
1202471722 116.23147 40.04479
1202471722 116.23147 40.04479
1202471922 116.21349 40.05879
1202471985 116.21213 40.06703
1202472013 116.20606 40.06709
1202472064 116.1949 40.06716
1202472276 116.1765 40.08396
1202472327 116.17623 40.08383
1202472375 116.1762 40.08382
1202472375 116.1762 40.08382
1202472375 116.1762 40.08382
1202477045 116.17625 40.08373
1202478274 116.17621 40.08365
1202478276 116.17621 40.08366
1202478340 116.17625 40.08371
1202478481 116.17629 40.0838
1202478531 116.17629 40.08378
1202478574 116.1763 40.08383
1202478624 116.17624 40.08381
1202478672 116.17627 40.08377
1202478881 116.17787 40.08397
1202478882 116.17795 40.08387
1202478944 116.18045 40.07428
1202479041 116.18043 40.06178
1202479074 116.18059 40.05548
1202479135 116.18039 40.04745
1202479343 116.19887 40.03949
1202479376 116.20255 40.03968
1202479436 116.21498 40.0396
1202479517 116.22666 40.04315
1202479591 116.23632 40.0444
1202479591 116.23632 40.0444
1202479656 116.24032 40.04467
1202479658 116.24046 40.04466
1202479738 116.25079 40.04165
1202479836 116.2588 40.03528
1202479956 116.25909 40.02693
1202480000 116.25978 40.02162
1202480040 116.26011 40.02084
1202480201 116.26425 40.0044
1202480251 116.26423 40.00443
1202480341 116.272 40.00129
1202480402 116.27994 40.00042
1202480556 116.27551 39.99381
1202480633 116.2739 39.98281
1202480643 116.27389 39.98177
1202480856 116.27656 39.9721
1202480864 116.27744 39.97257
1202480945 116.28166 39.96554
1202481126 116.28167 39.95886
1202481176 116.27852 39.95832
1202481247 116.27835 39.95614
1202481396 116.28879 39.955
1202481548 116.29042 39.92783
1202481679 116.30114 39.92257
1202481850 116.30378 39.90897
1202481876 116.30388 39.90894
1202481972 116.29423 39.90625
1202482061 116.28427 39.9063
1202482152 116.27741 39.91141
1202482178 116.27743 39.91196
1202482192 116.2774 39.91368
1202482272 116.28203 39.91799
1202482383 116.27741 39.91358
1202482453 116.27743 39.91972
1202482634 116.2855 39.93084
1202482755 116.29626 39.93112
1202482776 116.30081 39.93113
1202482956 116.30411 39.90311
1202483057 116.30671 39.89562
1202483117 116.3142 39.89538
1202483181 116.31447 39.89482
1202483318 116.31519 39.89646
1202483358 116.31531 39.90128
1202483477 116.31016 39.90621
1202483519 116.30157 39.90628
1202483660 116.28903 39.91145
1202483751 116.28049 39.91185
1202483802 116.27743 39.91392
1202483962 116.27885 39.92257
1202483982 116.27897 39.92254
1202484081 116.28113 39.92625
1202484243 116.29381 39.931
1202484263 116.29508 39.9311
1202484382 116.2991 39.93822
1202484516 116.31485 39.93771
1202484565 116.31913 39.93736
1202484696 116.32752 39.93683
1202484796 116.34664 39.93891
1202485831 116.35148 39.93923
1202485896 116.34909 39.938
1202485977 116.34928 39.93573
1202485977 116.34928 39.93573
1202486057 116.3495 39.93147
1202486077 116.34949 39.93157
1202486168 116.34973 39.92799
1202486278 116.35044 39.91318
1202486379 116.35054 39.89907
1202486419 116.34689 39.897
1202486560 116.32272 39.89586
1202486680 116.30403 39.8951
1202486736 116.30422 39.88646
1202486890 116.30104 39.88005
1202486902 116.301 39.88009
1202487103 116.30454 39.88784
1202487191 116.30471 39.89495
1202487283 116.30453 39.90304
1202487303 116.30463 39.90462
1202487492 116.29545 39.90591
1202487534 116.28935 39.90618
1202487585 116.28912 39.91016
1202487766 116.28995 39.91685
1202487886 116.29115 39.93252
1202488027 116.28896 39.95801
1202488188 116.28233 39.9536
1202488203 116.2823 39.95366
1202488295 116.28234 39.95139
1202488295 116.28234 39.95139
1202488490 116.28346 39.94589
1202488580 116.30067 39.94223
1202488580 116.30067 39.94223
1202488791 116.34084 39.93761
1202488872 116.34703 39.93859
1202488872 116.34703 39.93859
1202488922 116.34708 39.93863
1202488962 116.35056 39.93882
1202489093 116.36025 39.94524
1202489093 116.36025 39.94524
1202489173 116.36017 39.94569
1202489224 116.35949 39.94556
1202489284 116.35948 39.94572
1202489395 116.35418 39.94629
1202489455 116.34995 39.94871
1202489455 116.34995 39.94871
1202489509 116.34987 39.94606
1202489535 116.3498 39.94274
1202489676 116.34595 39.93107
1202489757 116.33865 39.93136
1202489810 116.33695 39.93124
1202489855 116.33251 39.93118
1202490018 116.31438 39.93154
1202490058 116.31442 39.93163
1202490137 116.30856 39.93138
1202490219 116.30399 39.93456
1202490360 116.31395 39.93773
1202490420 116.31324 39.93817
1202490471 116.30617 39.94065
1202490653 116.30899 39.94472
1202490723 116.30893 39.94485
1202490723 116.30893 39.94485
1202490723 116.30893 39.94485
1202490723 116.30893 39.94485
1202490723 116.30893 39.94485
1202490723 116.30893 39.94485
1202490723 116.30893 39.94485
1202490723 116.30893 39.94485
1202491771 116.30887 39.94419
1202491771 116.30887 39.94419
1202491833 116.30891 39.94434
1202491966 116.31696 39.94496
1202492035 116.31925 39.93837
1202492085 116.3194 39.9336
1202492146 116.31946 39.93342
1202492176 116.31858 39.93108
1202492256 116.30485 39.93117
