UTS Latitude Longitude
1201959517 116.49569 39.81776
1201959819 116.42755 39.78703
1201960121 116.36908 39.76344
1201960422 116.30943 39.77737
1201960724 116.313 39.76892
1201961026 116.32609 39.75634
1201961327 116.32642 39.73278
1201962418 116.3334 39.7256
1201962719 116.33945 39.7305
1201963010 116.34747 39.72808
1201963021 116.34747 39.72808
1201963142 116.34747 39.72808
1201963449 116.34744 39.72806
1201963449 116.34744 39.72806
1201963449 116.34744 39.72806
1201963449 116.34744 39.72806
1201963449 116.34744 39.72806
1201965198 116.34748 39.72803
1201965439 116.34744 39.72813
1201965518 116.34744 39.72813
1201965741 116.34003 39.73058
1201965820 116.33604 39.73054
1201966409 116.33332 39.72942
1201966536 116.33342 39.72607
1201966711 116.32659 39.72686
1201966838 116.32656 39.73371
1201967013 116.33331 39.7412
1201967140 116.33733 39.74116
1201967314 116.3391 39.74347
1201967441 116.3381 39.75414
1201967441 116.3381 39.75414
1201967616 116.33698 39.76217
1201967743 116.33607 39.77424
1201967918 116.3444 39.78797
1201968521 116.34063 39.82808
1201968823 116.29447 39.82962
1201969124 116.33406 39.82953
1201969426 116.40505 39.83087
1201969728 116.47082 39.83985
1201970029 116.50095 39.8693
1201970287 116.5078 39.86403
1201970331 116.50796 39.8655
1201970633 116.52424 39.86843
1201970883 116.52952 39.87047
1201970934 116.52955 39.87042
1201970934 116.52955 39.87042
1201971185 116.51617 39.86915
1201971236 116.509 39.86948
1201971538 116.48827 39.87939
1201972012 116.47196 39.90808
1201972443 116.45633 39.91776
1201972744 116.45139 39.91847
1201972773 116.45139 39.91847
1201973046 116.44517 39.92169
1201973347 116.43616 39.92279
1201973951 116.42789 39.94486
1201974085 116.42625 39.95239
1201974252 116.42882 39.95803
1201974387 116.43123 39.95328
1201974554 116.43342 39.95755
1201974856 116.43705 39.964
1201974953 116.42661 39.96822
1201975157 116.40948 39.96769
1201975254 116.39926 39.96751
1201975459 116.39544 39.97359
1201975556 116.39567 39.96865
1201975761 116.39144 39.9674
1201975858 116.38482 39.96726
1201976062 116.37541 39.97121
1201976364 116.3845 39.97549
1201976597 116.39554 39.97099
1201976666 116.39563 39.96895
1201976967 116.37186 39.96681
1201977269 116.35251 39.96641
1201977571 116.34447 39.96637
1201978174 116.32689 39.96627
1201978277 116.3202 39.96615
1201978476 116.31911 39.97388
1201978476 116.31911 39.97388
1201978776 116.30987 39.97472
1201978986 116.30009 39.97765
1201979078 116.29958 39.98341
1201979380 116.34538 39.98523
1201979681 116.34706 39.98526
1201979831 116.34688 39.99776
1201980044 116.35423 39.99951
1201980225 116.3557 39.9999
1201980438 116.35879 39.99261
1201980587 116.35883 39.99189
1201980893 116.35894 39.99195
1201981507 116.35922 39.98731
1201981918 116.34774 39.95818
1201982220 116.34933 39.93763
1201982522 116.34968 39.93044
1201982522 116.34968 39.93044
1201982522 116.34968 39.93044
1201982522 116.34968 39.93044
1201982823 116.34992 39.92502
1201982823 116.34992 39.92502
1201983125 116.35001 39.91957
1201983427 116.35051 39.91049
1201983728 116.34692 39.89701
1201984030 116.3448 39.8672
1201984332 116.38169 39.86465
1201984564 116.38555 39.86469
1201984564 116.38555 39.86469
1201984633 116.38518 39.86477
1201984935 116.38142 39.87494
1201985021 116.38134 39.87859
1201985237 116.38921 39.88112
1201985322 116.38916 39.88156
1201985538 116.37868 39.88402
1201985840 116.37859 39.88673
1201986142 116.36947 39.88801
1201986443 116.36055 39.88809
1201986745 116.34843 39.88818
1201987047 116.31529 39.89042
1201987158 116.31538 39.89207
1201987348 116.31514 39.88931
1201987460 116.31518 39.88862
1201987650 116.33446 39.88844
1201987951 116.34613 39.8969
1201988253 116.35957 39.90571
1201988555 116.37228 39.90575
1201988855 116.39116 39.90624
1201989157 116.40793 39.90679
1201989459 116.43752 39.90588
1201989760 116.43757 39.90912
1201989791 116.43757 39.90912
1201989791 116.43757 39.90912
1201990062 116.44399 39.90745
1201990364 116.45549 39.9233
1201990364 116.45549 39.9233
1201990665 116.44231 39.96048
1201990967 116.39002 39.96738
1201991570 116.36292 39.99186
1201991738 116.35854 39.99706
1201991872 116.35876 39.99441
1201992039 116.35913 39.98641
1201992174 116.34676 39.98546
1201992341 116.34654 39.97389
1201992475 116.34729 39.96001
1201992643 116.34924 39.9401
1201992777 116.34934 39.93162
1201993079 116.34993 39.91992
1201993380 116.34987 39.9128
1201993682 116.35042 39.91085
1201993984 116.34979 39.90749
1201994285 116.34472 39.89686
1201994487 116.3423 39.88147
1201994587 116.3425 39.87825
1201994788 116.34096 39.85482
1201994889 116.33967 39.84012
1201995090 116.33904 39.80992
1201995190 116.34089 39.79618
1201995392 116.34958 39.77665
1201995492 116.36804 39.7675
1201995693 116.37518 39.75942
1201995794 116.37721 39.74929
1201995995 116.39888 39.73921
1201996297 116.40343 39.69672
1201996397 116.40723 39.68439
1201996598 116.41784 39.66432
1201996759 116.41809 39.66406
1201997065 116.41802 39.66399
1201997065 116.41802 39.66399
1201997065 116.41802 39.66399
1201997065 116.41802 39.66399
1201997065 116.41802 39.66399
1201997065 116.41802 39.66399
1201997065 116.41802 39.66399
1201997065 116.41802 39.66399
1201997065 116.41802 39.66399
1201997065 116.41802 39.66399
1201997065 116.41802 39.66399
1201997065 116.41802 39.66399
1201997065 116.41802 39.66399
1201997065 116.41802 39.66399
1201997065 116.41802 39.66399
1201997065 116.41802 39.66399
1201997065 116.41802 39.66399
1201997065 116.41802 39.66399
1201997065 116.41802 39.66399
1201997065 116.41802 39.66399
1201997065 116.41802 39.66399
1201997065 116.41802 39.66399
1201997065 116.41802 39.66399
1202032384 116.41811 39.6641
1202032431 116.41811 39.6641
1202032733 116.41811 39.6641
1202033034 116.41811 39.6641
1202033289 116.40774 39.66705
1202033336 116.40735 39.67631
1202033591 116.40266 39.71536
1202033892 116.37878 39.74946
1202033939 116.37605 39.75157
1202034194 116.36859 39.76674
1202034241 116.36316 39.77532
1202034496 116.3408 39.79857
1202034543 116.33923 39.80732
1202034796 116.33851 39.8212
1202035098 116.33691 39.82283
1202035145 116.33691 39.82283
1202035447 116.33835 39.8212
1202035701 116.33999 39.84509
1202036003 116.38764 39.85558
1202036305 116.39429 39.8416
1202036352 116.39449 39.83769
1202036606 116.3953 39.82186
1202036653 116.39544 39.81996
1202036955 116.40132 39.80363
1202037210 116.41235 39.79776
1202037256 116.41336 39.79304
1202037511 116.42777 39.77671
1202037813 116.44486 39.75499
1202037860 116.44561 39.75291
1202038115 116.45698 39.72608
1202038162 116.4584 39.72245
1202038416 116.48185 39.69797
1202038463 116.4863 39.69328
1202038718 116.47201 39.6909
1202038946 116.47681 39.69088
1202039022 116.48791 39.69134
1202039247 116.47131 39.71033
1202039324 116.46202 39.71984
1202039549 116.44819 39.74411
1202039851 116.43792 39.76962
1202039927 116.42941 39.77567
1202040152 116.41471 39.78639
1202040229 116.4137 39.79209
1202040454 116.41163 39.80116
1202040756 116.39601 39.81427
1202040832 116.3959 39.81676
1202041057 116.3953 39.82913
1202041134 116.39695 39.83492
1202041359 116.40456 39.8409
1202041436 116.40528 39.84092
1202041661 116.40758 39.84112
1202042023 116.40816 39.85104
1202042039 116.40813 39.8523
1202042324 116.40804 39.85338
1202042341 116.40804 39.85338
1202042626 116.40794 39.85523
1202042642 116.40794 39.85523
1202042928 116.39833 39.85587
1202042944 116.39616 39.85591
1202043229 116.39412 39.87119
1202043531 116.37274 39.86996
1202043547 116.37093 39.86982
1202043833 116.36826 39.88168
1202043849 116.36829 39.88341
1202044134 116.35734 39.89058
1202044151 116.3573 39.89206
1202044436 116.35723 39.89737
1202044452 116.35723 39.89737
1202044738 116.35045 39.90507
1202045039 116.35058 39.91392
1202045056 116.3504 39.9155
1202045341 116.3499 39.92916
1202045643 116.34848 39.96555
1202045659 116.34836 39.96764
1202045961 116.34736 39.98462
1202046246 116.31536 39.98444
1202046262 116.31162 39.98433
1202046548 116.2983 39.99526
1202046564 116.29833 39.99357
1202047151 116.30323 39.95294
1202047452 116.30399 39.9352
1202047452 116.30399 39.9352
1202047754 116.30395 39.92766
1202048056 116.31922 39.92201
1202048357 116.32914 39.90683
1202048659 116.33603 39.89681
1202048659 116.33603 39.89681
1202049081 116.33519 39.8898
1202049383 116.3248 39.88876
1202049825 116.30576 39.88604
1202050046 116.3103 39.88637
1202050128 116.30828 39.88523
1202050348 116.29345 39.8834
1202050429 116.29491 39.88328
1202052041 116.29178 39.87838
1202053287 116.39946 39.90646
1202053550 116.421 39.90521
1202053905 116.42156 39.9133
1202054210 116.42047 39.91362
1202054395 116.4201 39.92218
1202054696 116.41158 39.92295
1202054998 116.40639 39.91722
1202055001 116.40612 39.91721
1202055300 116.41119 39.92161
1202055303 116.41119 39.92151
1202055601 116.40079 39.91693
1202055903 116.38851 39.9063
1202056205 116.38045 39.906
1202056506 116.35938 39.90582
1202056723 116.34306 39.90604
1202056808 116.34321 39.908
1202057025 116.34649 39.90307
1202057110 116.34599 39.90166
1202057410 116.36895 39.95666
1202057410 116.36895 39.95666
1202057410 116.36895 39.95666
1202057431 116.34414 39.88813
1202057713 116.35131 39.88785
1202057732 116.35131 39.88785
1202058015 116.36742 39.88769
1202058034 116.36742 39.88769
1202058315 116.37823 39.88789
1202058335 116.37847 39.88769
1202058617 116.38457 39.88205
1202058636 116.38643 39.88211
1202058868 116.38695 39.88032
1202058870 116.38695 39.88032
1202059233 116.38883 39.88485
1202059594 116.38878 39.88485
1202059796 116.38182 39.88416
1202060097 116.38128 39.86938
1202060399 116.3805 39.85721
1202060421 116.38035 39.85591
1202060701 116.3547 39.85514
1202061002 116.36199 39.85444
1202061304 116.40081 39.85558
1202061606 116.44887 39.8618
1202061907 116.4553 39.88211
1202063066 116.45999 39.91218
1202063618 116.45421 39.92145
1202063778 116.45356 39.92198
1202064079 116.47665 39.92157
1202064683 116.49421 39.92184
1202064767 116.48647 39.92176
1202064984 116.47488 39.92168
1202065286 116.4785 39.93246
1202065588 116.47215 39.93139
1202066281 116.46708 39.90722
1202066981 116.46806 39.90696
1202067599 116.46808 39.90703
1202067765 116.46785 39.90703
1202068066 116.47201 39.91176
1202068368 116.47203 39.91639
1202068670 116.46487 39.92506
1202068670 116.46487 39.92506
1202068692 116.46486 39.92507
1202068971 116.46521 39.92488
1202069590 116.46633 39.92427
1202069639 116.46688 39.92243
1202069891 116.4718 39.9154
1202069940 116.47176 39.91483
1202070193 116.47166 39.90856
1202070242 116.47169 39.90737
1202070544 116.45079 39.90729
1202070845 116.44652 39.90719
1202071147 116.44551 39.90716
1202071449 116.44316 39.90713
1202071750 116.44177 39.90716
1202072052 116.42774 39.90721
1202072354 116.4151 39.90698
1202072655 116.40917 39.90682
1202073560 116.39384 39.90636
1202073862 116.38595 39.90613
1202074164 116.34653 39.90594
1202074465 116.30513 39.90759
1202074465 116.30513 39.90759
1202074520 116.30395 39.90767
1202074767 116.30045 39.90714
1202074821 116.30024 39.90667
1202075069 116.29106 39.90621
1202075370 116.28903 39.90118
1202075672 116.26774 39.89515
1202075973 116.23912 39.85965
1202076183 116.226 39.84766
1202076275 116.23117 39.85076
1202076577 116.25534 39.87097
1202076878 116.24703 39.89422
1202077111 116.24703 39.90699
1202077180 116.24697 39.90951
1202077413 116.25606 39.91644
1202077714 116.26157 39.91652
1202077904 116.26233 39.91635
1202078508 116.32858 39.75314
1202078508 116.32858 39.75314
1202078508 116.32858 39.75314
1202078809 116.36112 39.90586
1202079111 116.39221 39.90625
1202079111 116.39221 39.90625
1202079412 116.41968 39.90693
1202079714 116.41542 39.90131
1202079785 116.41428 39.90045
1202080016 116.41207 39.90047
1202080087 116.41227 39.89771
1202080317 116.41838 39.89207
1202080458 116.41999 39.89231
1202080759 116.41087 39.89641
1202080921 116.40318 39.89957
1202081222 116.39653 39.91649
1202081524 116.39004 39.93175
1202081592 116.38704 39.93219
1202081893 116.36758 39.93138
1202081932 116.36227 39.9311
1202082127 116.34361 39.93116
1202082233 116.33142 39.93117
1202082429 116.3194 39.93111
1202082535 116.31402 39.93114
1202082836 116.29722 39.93633
1202083031 116.29797 39.93554
1202083333 116.29977 39.9196
1202083393 116.29961 39.91954
1202083635 116.30388 39.90997
1202083654 116.30388 39.90852
1202084238 116.32905 39.89583
1202084257 116.33248 39.89599
1202084540 116.34275 39.87165
1202084559 116.34241 39.86867
1202084841 116.33966 39.82704
1202084861 116.3393 39.82348
1202085143 116.3384 39.78096
1202085162 116.33672 39.77802
1202085445 116.37237 39.76271
1202085464 116.37469 39.76261
1202085746 116.38549 39.75009
1202085766 116.38938 39.75046
1202086067 116.40255 39.70928
1202086067 116.40255 39.70928
1202086350 116.40779 39.66671
1202086369 116.40831 39.66387
1202086532 116.41811 39.66403
1202086552 116.41802 39.66414
1202087000 116.41821 39.66403
1202087000 116.41821 39.66403
1202087000 116.41821 39.66403
1202087000 116.41821 39.66403
1202087000 116.41821 39.66403
1202087000 116.41821 39.66403
1202087000 116.41821 39.66403
1202087000 116.41821 39.66403
1202087000 116.41821 39.66403
1202087000 116.41821 39.66403
1202087000 116.41821 39.66403
1202087000 116.41821 39.66403
1202087000 116.41821 39.66403
1202087000 116.41821 39.66403
1202087000 116.41821 39.66403
1202087000 116.41821 39.66403
1202087000 116.41821 39.66403
1202087000 116.41821 39.66403
1202087000 116.41821 39.66403
1202087000 116.41821 39.66403
1202087000 116.41821 39.66403
1202087000 116.41821 39.66403
1202087000 116.41821 39.66403
1202121107 116.4181 39.66402
1202121219 116.4181 39.66402
1202121409 116.4181 39.66402
1202121520 116.4181 39.66402
1202121711 116.4181 39.66402
1202121822 116.4181 39.66402
1202122012 116.4181 39.66402
1202122124 116.4181 39.66402
1202122425 116.40901 39.66384
1202122616 116.40702 39.67404
1202122643 116.40702 39.67404
1202122644 116.40702 39.67404
1202123046 116.40282 39.71839
1202123347 116.39637 39.75147
1202123851 116.43615 39.78949
1202123935 116.45836 39.79271
1202124236 116.49025 39.82471
1202124454 116.48108 39.85942
1202124538 116.48375 39.87585
1202124756 116.47162 40.02617
1202124840 116.4751 40.04504
1202125058 116.47649 40.0846
1202125141 116.46507 40.09777
1202125443 116.42449 40.13062
1202126046 116.35535 40.01176
1202126264 116.33223 40.04164
1202126868 116.24784 40.15091
1202127169 116.22526 40.19498
1202127856 116.21989 40.22275
1202128379 116.22549 40.22257
1202128460 116.22549 40.22257
1202128680 116.21695 40.22271
1202128761 116.21011 40.22053
1202129284 116.23439 40.1721
1202129365 116.23938 40.16242
1202129666 116.26199 40.12957
1202130270 116.30584 40.07437
1202130825 116.3044 40.07341
1202130873 116.30476 40.07439
1202131476 116.3306 40.05719
1202131788 116.35718 40.05924
1202132089 116.33223 40.05759
1202132391 116.29025 40.09607
1202132683 116.24665 40.15265
1202132693 116.24516 40.15487
1202132985 116.21876 40.20835
1202132994 116.21835 40.20936
1202133286 116.22058 40.22292
1202133296 116.22069 40.22289
1202133468 116.22547 40.22263
1202133640 116.22536 40.22293
1202133829 116.21107 40.2196
1202133941 116.22028 40.20455
1202134433 116.27377 40.11226
1202134545 116.29225 40.0933
1202134734 116.31932 40.05836
1202134846 116.33545 40.03723
1202135036 116.35568 40.01117
1202135148 116.36668 39.99625
1202135338 116.39236 39.98674
1202135450 116.41668 39.98743
1202135940 116.48373 39.92645
1202136052 116.48367 39.90508
1202136354 116.47876 39.84766
1202136543 116.49035 39.82451
1202136655 116.48051 39.81178
1202136845 116.43697 39.78961
1202136957 116.4173 39.77232
1202137147 116.40628 39.76302
1202137510 116.39635 39.74881
1202137810 116.38208 39.74983
1202137835 116.37825 39.74946
1202138112 116.37375 39.77046
1202138137 116.37346 39.77316
1202138414 116.37222 39.7963
1202138439 116.37347 39.79771
1202138715 116.39383 39.80157
1202138740 116.39528 39.80161
1202139319 116.39554 39.82441
1202139344 116.39553 39.82441
1202139620 116.42404 39.83063
1202139645 116.42639 39.83055
1202139922 116.404 39.83119
1202139947 116.3993 39.83118
1202140224 116.36683 39.83026
1202140249 116.36367 39.83018
1202140550 116.35421 39.84457
1202140827 116.34052 39.84651
1202140852 116.34267 39.84871
1202142099 116.33539 39.86079
1202142586 116.33211 39.86259
1202142586 116.33211 39.86259
1202143424 116.31517 39.86689
1202143433 116.31378 39.86681
1202143561 116.31188 39.8673
1202143726 116.31825 39.86657
1202143863 116.32572 39.86662
1202144027 116.35421 39.86699
1202144164 116.35822 39.86394
1202144329 116.35872 39.85003
1202144466 116.35881 39.84486
1202144631 116.36517 39.84779
1202144768 116.3651 39.84567
1202144932 116.35923 39.8445
1202145234 116.3609 39.83356
1202145536 116.35343 39.84466
1202145837 116.33621 39.84795
1202146139 116.30639 39.86658
1202146441 116.30475 39.88214
1202146742 116.30419 39.92826
1202147165 116.31747 39.95399
1202147346 116.31549 39.96503
1202147466 116.31371 39.96947
1202147647 116.31056 39.98126
1202147767 116.31276 39.98404
1202147948 116.34017 39.98504
1202148249 116.33469 39.98512
1202148551 116.34637 39.98516
1202148853 116.38136 39.98146
1202148901 116.38004 39.98112
1202149154 116.38717 39.98073
1202149456 116.38888 39.95446
1202149560 116.38857 39.94777
1202149758 116.3874 39.95306
1202149862 116.38734 39.95503
1202150120 116.38461 39.95229
1202150421 116.38875 39.96152
1202150588 116.38837 39.97211
1202150723 116.39523 39.97386
1202151025 116.40163 39.95796
1202151025 116.40163 39.95796
1202151326 116.41482 39.94784
1202151334 116.41482 39.94784
1202151635 116.39988 39.94829
1202151941 116.39147 39.9501
1202152051 116.3963 39.95004
1202152353 116.41025 39.94774
1202152654 116.42955 39.93972
1202152934 116.44422 39.946
1202152956 116.44422 39.946
1202153236 116.43476 39.94075
1202153258 116.43451 39.94003
1202153559 116.42752 39.93572
1202153861 116.41219 39.93225
1202154162 116.41727 39.93224
1202154765 116.41104 39.92988
1202154852 116.41106 39.93097
1202155067 116.41955 39.93065
1202155153 116.4197 39.92755
1202155368 116.42217 39.93229
1202155670 116.43648 39.93235
1202155670 116.43648 39.93235
1202155972 116.45345 39.93244
1202156273 116.46082 39.93531
1202156575 116.45528 39.93592
1202156877 116.45509 39.92729
1202157178 116.45527 39.9155
1202157480 116.46959 39.90702
1202157782 116.47519 39.89924
1202157825 116.47561 39.89923
1202158084 116.47928 39.8994
1202158101 116.4792 39.89943
1202158424 116.4722 39.89923
1202158726 116.45963 39.89228
1202159123 116.44437 39.90774
1202159439 116.4404 39.91538
1202159439 116.4404 39.91538
1202159741 116.44398 39.90879
1202160234 116.44913 39.91228
1202160536 116.46336 39.91121
1202160695 116.46849 39.90849
1202160838 116.46684 39.90833
1202161139 116.44786 39.90709
1202161441 116.41426 39.90704
1202161743 116.41172 39.90683
1202162044 116.41209 39.90143
1202162044 116.41209 39.90143
1202162346 116.41216 39.89811
1202162585 116.41233 39.89317
1202162887 116.41437 39.88321
1202162949 116.4147 39.87783
1202163251 116.41732 39.86989
1202163487 116.418 39.86428
1202163553 116.41534 39.86372
1202163854 116.40834 39.84776
1202163969 116.41013 39.8458
1202164156 116.4087 39.84229
1202164271 116.40473 39.84099
1202164458 116.39896 39.8349
1202164572 116.39558 39.8353
1202164759 116.39523 39.8241
1202164874 116.39558 39.81639
1202165061 116.39614 39.80438
1202165363 116.3726 39.79678
1202165477 116.3719 39.79041
1202165664 116.37337 39.77368
1202165779 116.37463 39.76299
1202165966 116.37568 39.75555
1202166081 116.38075 39.74965
1202166268 116.39889 39.74269
1202166382 116.39932 39.72835
1202166568 116.40266 39.70903
1202166683 116.4037 39.69409
1202166683 116.4037 39.69409
1202166870 116.40755 39.66851
1202166985 116.41804 39.66434
1202167112 116.41813 39.66406
1202167419 116.4181 39.66406
1202168143 116.40751 39.66887
1202168143 116.40751 39.66887
1202168339 116.40378 39.69275
1202168444 116.40275 39.70778
1202168641 116.39328 39.71978
1202168746 116.37057 39.72057
1202168942 116.34002 39.72082
1202169048 116.33974 39.72083
1202173405 116.33427 39.73049
1202173707 116.35977 39.72063
1202174120 116.40341 39.69776
1202174310 116.40837 39.66386
1202174422 116.41801 39.66427
1202174849 116.41821 39.66408
1202174849 116.41821 39.66408
1202174849 116.41821 39.66408
1202174849 116.41821 39.66408
1202174849 116.41821 39.66408
1202174849 116.41821 39.66408
1202174849 116.41821 39.66408
1202174849 116.41821 39.66408
1202174849 116.41821 39.66408
1202206895 116.41812 39.66405
1202207145 116.41812 39.66405
1202207197 116.41812 39.66405
1202207446 116.41812 39.66405
1202207498 116.41812 39.66405
1202207748 116.41812 39.66405
1202207800 116.41812 39.66405
1202208050 116.41812 39.66405
1202208102 116.41812 39.66405
1202208351 116.40753 39.66839
1202208403 116.40742 39.67468
1202208653 116.40296 39.70404
1202208705 116.40267 39.70812
1202208955 116.39934 39.73111
1202209007 116.39903 39.74142
1202209256 116.37572 39.75539
1202209308 116.375 39.7607
1202209558 116.37276 39.78001
1202209610 116.3723 39.78684
1202209610 116.3723 39.78684
1202209860 116.37118 39.80436
1202209912 116.3709 39.80922
1202210161 116.37555 39.82453
1202210213 116.37806 39.82544
1202210463 116.38092 39.82822
1202210515 116.38091 39.82839
1202210747 116.38064 39.83642
1202210816 116.38035 39.84092
1202211049 116.38074 39.85453
1202211118 116.38218 39.85557
1202211351 116.4312 39.85756
1202211351 116.4312 39.85756
1202211420 116.44701 39.86019
1202211652 116.45527 39.88182
1202211721 116.45967 39.88307
1202211954 116.46164 39.8751
1202212023 116.46166 39.87193
1202212256 116.46608 39.87067
1202212325 116.46614 39.87363
1202212626 116.45516 39.87801
1202212928 116.45548 39.92054
1202213531 116.42826 39.9401
1202213833 116.38679 39.94762
1202214135 116.36659 39.94744
1202214436 116.36606 39.94328
1202214628 116.36978 39.94168
1202214738 116.36869 39.94194
1202215040 116.37295 39.94125
1202215642 116.35016 39.93099
1202215944 116.35038 39.91397
1202216245 116.34043 39.89664
1202216547 116.2764 39.89578
1202216849 116.20407 39.89242
1202217150 116.14093 39.88862
1202217150 116.14093 39.88862
1202217452 116.10488 39.90252
1202217754 116.10031 39.93076
1202218055 116.0931 39.93921
1202218291 116.10194 39.93412
1202218357 116.10526 39.93494
1202219568 116.09899 39.93451
1202219870 116.10553 39.90932
1202220171 116.1196 39.88541
1202220473 116.18868 39.88776
1202220775 116.25696 39.89575
1202221076 116.30928 39.89568
1202221378 116.32303 39.89634
1202221981 116.3237 39.90028
1202222161 116.32372 39.90027
1202222283 116.32278 39.90124
1202222584 116.31115 39.90625
1202222886 116.3021 39.90627
1202223188 116.28765 39.90629
1202223189 116.44952 39.80613
1202223525 116.28611 39.90856
1202223525 116.28611 39.90856
1202223550 116.28564 39.9079
1202223826 116.27783 39.91165
1202223851 116.2804 39.91177
1202224077 116.28211 39.91798
1202224078 116.28211 39.91798
1202224081 116.28211 39.91798
1202224085 116.28211 39.91798
1202224237 116.28203 39.91795
1202224237 116.28203 39.91795
1202225135 116.28767 39.91164
1202225437 116.31006 39.90985
1202225437 116.31006 39.90985
1202225738 116.32933 39.90944
1202225739 116.32934 39.90954
1202226040 116.33835 39.9127
1202226041 116.33835 39.9127
1202226342 116.35133 39.91073
1202226342 116.35133 39.91073
1202226643 116.35113 39.90833
1202226644 116.35113 39.90833
1202226943 116.35394 39.91511
1202226946 116.35394 39.91512
1202227055 116.35666 39.9168
1202227247 116.35068 39.92305
1202227356 116.34461 39.9222
1202227548 116.42523 39.86072
1202227548 116.42523 39.86072
1202227658 116.33092 39.92677
1202227851 116.32789 39.92574
1202228454 116.27794 39.92306
1202228454 116.27794 39.92306
1202228756 116.26209 39.92322
1202229057 116.24728 39.92465
1202229359 116.22333 39.92376
1202229661 116.20087 39.92041
1202229785 116.2028 39.9176
1202229962 116.20091 39.9181
1202230086 116.19658 39.91242
1202230263 116.19251 39.91579
1202230387 116.19331 39.92343
1202230689 116.19624 39.9264
1202230866 116.19189 39.92645
1202230990 116.18779 39.92361
1202231168 116.18335 39.92345
1202231470 116.2144 39.92332
1202231771 116.24809 39.92378
1202232073 116.26788 39.91094
1202232375 116.29223 39.89577
1202232676 116.32301 39.89546
1202232688 116.32437 39.89545
1202232978 116.34212 39.89179
1202232989 116.34212 39.89077
1202233400 116.3416 39.88791
1202233690 116.35797 39.86678
1202233702 116.35797 39.86678
1202233992 116.36517 39.86486
1202234004 116.36498 39.86549
1202234305 116.36031 39.86798
1202234607 116.36828 39.87745
1202234909 116.36828 39.88696
1202235210 116.36944 39.89809
1202235512 116.37837 39.88934
1202235814 116.37845 39.88741
1202236115 116.38128 39.87843
1202236194 116.38122 39.8749
1202236417 116.36942 39.86967
1202236496 116.36377 39.86926
1202236718 116.34767 39.87449
1202237020 116.34722 39.88468
1202237048 116.34727 39.88568
1202237322 116.3447 39.88841
1202237349 116.34471 39.88842
1202237563 116.34008 39.89108
1202237870 116.3401 39.89087
1202238482 116.33992 39.89093
1202238658 116.33654 39.89321
1202238774 116.33625 39.89581
1202238959 116.32162 39.89584
1202239076 116.31066 39.89597
1202239261 116.31412 39.8952
1202239377 116.31404 39.89498
1202239563 116.31806 39.89558
1202239679 116.31538 39.89899
1202239864 116.30454 39.90845
1202239981 116.30438 39.91922
1202240166 116.30389 39.92354
1202240282 116.29502 39.92377
1202240584 116.31122 39.92683
1202240769 116.31758 39.92691
1202240886 116.31374 39.9273
1202241067 116.3139 39.92723
1202241373 116.31365 39.92706
1202241986 116.31564 39.92692
1202242097 116.32195 39.9269
1202242288 116.32759 39.92688
1202242398 116.32808 39.92522
1202242590 116.33588 39.92679
1202242700 116.33867 39.92691
1202243002 116.32022 39.93119
1202243303 116.29595 39.93114
1202243605 116.26866 39.93459
1202243744 116.268 39.94509
1202243907 116.26783 39.94064
1202244046 116.26857 39.93092
1202244208 116.26868 39.91951
1202244509 116.25862 39.92268
1202244811 116.2358 39.92518
1202245112 116.25068 39.92298
1202245414 116.2587 39.92315
1202245511 116.25876 39.92697
1202245716 116.25028 39.92356
1202246017 116.22568 39.92369
1202246319 116.1922 39.92354
1202246621 116.17766 39.93094
1202246665 116.17744 39.93168
1202246922 116.18042 39.92375
1202246967 116.18044 39.92378
1202247224 116.18054 39.90651
1202247268 116.18443 39.9061
1202247526 116.20472 39.9061
1202247827 116.23277 39.90618
1202248129 116.25808 39.90613
1202248431 116.28051 39.90624
1202248732 116.30421 39.92247
1202249034 116.31158 39.96426
1202249336 116.31151 39.97479
1202249784 116.31118 39.97473
1202249939 116.31912 39.97165
1202250241 116.32311 39.96586
1202250388 116.32837 39.96239
1202250844 116.33724 39.96078
1202251146 116.34602 39.93909
1202251447 116.34578 39.93109
1202251511 116.34722 39.92927
1202251749 116.347 39.92328
1202252050 116.3465 39.9091
1202252114 116.3464 39.90571
1202252352 116.34589 39.90587
1202252835 116.37538 39.90585
1202253136 116.41131 39.9068
1202253438 116.45099 39.90273
1202253740 116.48516 39.89843
1202253824 116.48681 39.898
1202254041 116.48404 39.89949
1202254343 116.4634 39.89208
1202254428 116.45657 39.89242
1202254645 116.45491 39.87871
1202254729 116.45465 39.86797
1202254946 116.42423 39.85723
1202255031 116.40988 39.85585
1202255248 116.39427 39.8637
1202255333 116.39361 39.85762
1202255550 116.39419 39.84415
1202255634 116.39455 39.83802
1202255851 116.39535 39.81845
1202255936 116.39359 39.81594
1202256094 116.39396 39.81599
1202256409 116.39393 39.81607
1202256411 116.39393 39.81607
1202256861 116.39084 39.80151
1202257035 116.37579 39.80029
1202257163 116.37205 39.78932
1202257163 116.37205 39.78932
1202257337 116.37365 39.77062
1202257464 116.37492 39.76079
1202257638 116.38851 39.7504
1202257766 116.39886 39.73853
1202257940 116.40262 39.71392
1202258068 116.40362 39.69452
1202258362 116.40741 39.67171
1202258674 116.4181 39.66405
1202259030 116.41806 39.66411
1202259030 116.41806 39.66411
1202259030 116.41806 39.66411
1202259030 116.41806 39.66411
1202259030 116.41806 39.66411
1202259030 116.41806 39.66411
1202259030 116.41806 39.66411
1202259030 116.41806 39.66411
1202259030 116.41806 39.66411
1202259030 116.41806 39.66411
1202259030 116.41806 39.66411
1202259030 116.41806 39.66411
1202259030 116.41806 39.66411
1202259030 116.41806 39.66411
1202259030 116.41806 39.66411
1202259030 116.41806 39.66411
1202259030 116.41806 39.66411
1202259030 116.41806 39.66411
1202259030 116.41806 39.66411
1202259030 116.41806 39.66411
1202259030 116.41806 39.66411
1202259030 116.41806 39.66411
1202259030 116.41806 39.66411
1202259030 116.41806 39.66411
1202293370 116.41808 39.66406
1202293438 116.41808 39.66406
1202293671 116.41808 39.66406
1202293740 116.41808 39.66406
1202293973 116.41808 39.66406
1202294042 116.41808 39.66406
1202294275 116.41031 39.66393
1202294343 116.40756 39.66791
1202294576 116.40363 39.69432
1202294576 116.40363 39.69432
1202294645 116.40274 39.707
1202294878 116.39903 39.74048
1202294947 116.39555 39.75108
1202295180 116.37518 39.75907
1202295248 116.37449 39.7641
1202295481 116.37213 39.78875
1202295550 116.37157 39.7952
1202295783 116.39109 39.80151
1202295852 116.39657 39.80369
1202296085 116.39602 39.81809
1202296085 116.39602 39.81809
1202296153 116.39576 39.82292
1202296386 116.39293 39.83102
1202296455 116.38171 39.83072
1202296688 116.38015 39.84348
1202296990 116.39829 39.85566
1202297188 116.41552 39.86473
1202297188 116.41552 39.86473
1202297291 116.41505 39.87547
1202297490 116.42443 39.88286
1202297895 116.4073 39.88702
1202298498 116.37243 39.87747
1202298689 116.36531 39.87724
1202298794 116.36715 39.87713
1202298800 116.36774 39.87717
1202299096 116.36828 39.894
1202299101 116.36829 39.8946
1202299396 116.37371 39.90578
1202299402 116.37431 39.90577
1202299698 116.41075 39.90671
1202299704 116.41125 39.90673
1202300000 116.41802 39.90324
1202300005 116.41747 39.90284
1202300307 116.41233 39.89707
1202300609 116.42956 39.89215
1202300704 116.43201 39.89166
1202300910 116.43404 39.88675
1202300935 116.434 39.88841
1202301212 116.4496 39.88802
1202301236 116.45042 39.88818
1202301514 116.4496 39.88743
1202301538 116.44963 39.88868
1202301538 116.44963 39.88868
1202301815 116.4495 39.89226
1202302117 116.42849 39.92029
1202302117 116.42849 39.92029
1202302138 116.42835 39.92358
1202302419 116.42248 39.94106
1202302440 116.42259 39.94283
1202302720 116.42407 39.94819
1202303022 116.45615 39.95526
1202303206 116.47013 39.96805
1202303324 116.46028 39.95827
1202303508 116.46182 39.95645
1202303625 116.46176 39.95646
1202303927 116.44805 39.95827
1202304187 116.43159 39.95348
1202304229 116.43206 39.95346
1202304530 116.42552 39.94847
1202304832 116.40506 39.94775
1202305133 116.38777 39.94069
1202305367 116.37476 39.94415
1202305435 116.37362 39.94517
1202305571 116.37581 39.9459
1202305737 116.37422 39.96525
1202305873 116.38175 39.97148
1202306037 116.38502 39.96787
1202306038 116.38503 39.96777
1202306339 116.32074 39.96611
1202306340 116.3206 39.9661
1202306640 116.31734 39.95324
1202306642 116.31734 39.95314
1202306942 116.31956 39.9503
1202306943 116.31956 39.9503
1202307245 116.31537 39.96535
1202307547 116.30861 39.97532
1202307884 116.30813 39.98163
1202308150 116.32121 39.97957
1202308186 116.32276 39.97963
1202308490 116.32405 39.98438
1202308792 116.33968 39.97285
1202308792 116.33968 39.97285
1202309094 116.3353 39.97748
1202309483 116.33538 39.97743
1202309483 116.33538 39.97743
1202310397 116.33535 39.9775
1202310629 116.34563 39.98511
1202310698 116.34736 39.98108
1202310930 116.34894 39.95064
1202311044 116.35226 39.95008
1202311232 116.34984 39.94773
1202311534 116.33708 39.93745
1202311648 116.3249 39.93727
1202311835 116.3274 39.93141
1202311949 116.32825 39.92395
1202312137 116.31646 39.92236
1202312439 116.27589 39.92566
1202312507 116.27574 39.92603
1202312740 116.28696 39.92275
1202313042 116.29543 39.93025
1202313344 116.30416 39.89698
1202313646 116.31827 39.84929
1202313947 116.3706 39.85299
1202314249 116.37033 39.8483
1202314550 116.36815 39.84532
1202314608 116.36723 39.84525
1202314852 116.36982 39.84571
1202314910 116.36982 39.84571
1202315154 116.37018 39.84584
1202315211 116.37033 39.847
1202315455 116.37049 39.84902
1202315455 116.37049 39.84902
1202315513 116.37289 39.84912
1202315552 116.37403 39.84912
1202315757 116.38017 39.85548
1202315854 116.38074 39.85549
1202316059 116.41536 39.85581
1202316156 116.41574 39.8601
1202316360 116.42222 39.86422
1202316457 116.4287 39.86447
1202316662 116.42812 39.86109
1202316759 116.42507 39.86456
1202316964 116.41557 39.86413
1202317265 116.41277 39.89126
1202317567 116.40073 39.89982
1202317869 116.40018 39.92174
1202318110 116.40007 39.93138
1202318170 116.40262 39.93048
1202318412 116.4113 39.91997
1202318774 116.40028 39.90669
1202319074 116.38827 39.89213
1202319376 116.39232 39.88396
1202319555 116.38653 39.88196
1202319738 116.3869 39.88046
1202320502 116.37849 39.88727
1202320768 116.36849 39.89491
1202321070 116.37847 39.89179
1202321372 116.37859 39.88447
1202321673 116.38055 39.85955
1202321975 116.38057 39.84772
1202322151 116.38174 39.84168
1202322276 116.38133 39.84165
1202322453 116.38064 39.83407
1202322578 116.39369 39.83051
1202322880 116.39568 39.8149
1202323181 116.39583 39.81239
1202323356 116.39854 39.81231
1202323483 116.39681 39.81229
1202323658 116.39571 39.82161
1202323785 116.39513 39.82284
1202323959 116.39561 39.82669
1202324086 116.38679 39.83081
1202324261 116.37338 39.83285
1202324565 116.37287 39.83177
1202324569 116.37286 39.83205
1202324871 116.37373 39.84756
1202325024 116.38067 39.85351
1202325024 116.38067 39.85351
1202325172 116.36482 39.85547
1202325326 116.35949 39.85425
1202325594 116.34124 39.85471
1202325683 116.342 39.8596
1202325684 116.342 39.8596
1202326433 116.3419 39.86529
1202326541 116.34195 39.85991
1202326735 116.35364 39.86514
1202326842 116.35793 39.86524
1202327036 116.35801 39.85246
1202327234 116.37543 39.85451
1202327338 116.37821 39.85551
1202327640 116.38147 39.87468
1202327640 116.38147 39.87468
1202327739 116.37962 39.8779
1202327941 116.36852 39.87726
1202328243 116.36166 39.88797
1202328545 116.32494 39.88874
1202328846 116.29676 39.88507
1202329148 116.30613 39.88397
1202329450 116.34302 39.88821
1202329751 116.36245 39.88186
1202329801 116.36467 39.88013
1202330053 116.35307 39.87685
1202330102 116.35293 39.87964
1202330355 116.35711 39.88795
1202330656 116.35715 39.90218
1202330958 116.3587 39.92192
1202331059 116.36136 39.92787
1202331259 116.36184 39.93081
1202331561 116.36596 39.94682
1202331863 116.36408 39.96608
1202332164 116.36311 39.98763
1202332243 116.36293 39.99154
1202332466 116.3633 39.98331
1202332545 116.36345 39.97994
1202332976 116.37467 39.9734
1202332977 116.37467 39.9734
1202333299 116.37375 39.96619
1202333487 116.37668 39.96147
1202333601 116.38193 39.96153
1202333903 116.38738 39.95034
1202333925 116.38738 39.95033
1202334204 116.37287 39.95214
1202334506 116.41058 39.94791
1202334808 116.43184 39.94458
1202334847 116.43263 39.94548
1202335109 116.44483 39.95507
1202335280 116.44408 39.95964
1202335411 116.45441 39.95206
1202335713 116.45537 39.8998
1202336014 116.42076 39.89237
1202336316 116.40064 39.88675
1202336518 116.38604 39.88508
1202336618 116.38353 39.88498
1202336919 116.35805 39.88817
1202336919 116.35805 39.88817
1202337221 116.34463 39.88856
1202337521 116.33913 39.88144
1202337822 116.34172 39.88776
1202337824 116.34173 39.88776
1202338126 116.34222 39.86578
1202338428 116.32685 39.84575
1202338563 116.32014 39.84644
1202338729 116.31506 39.84685
1202339031 116.29657 39.84014
1202340864 116.31846 39.86649
1202341105 116.31846 39.86649
1202341407 116.33281 39.86694
1202341477 116.3244 39.86694
1202342312 116.3561 39.90578
1202343056 116.41628 39.9107
1202343820 116.48362 39.89541
1202344122 116.50428 39.86792
1202344164 116.50564 39.8662
1202344164 116.50564 39.8662
1202344468 116.49593 39.87545
1202344844 116.46065 39.88319
1202345328 116.43507 39.8692
1202345630 116.37431 39.86942
1202346233 116.35794 39.87349
1202346260 116.35793 39.87349
1202347138 116.35716 39.89159
1202347199 116.35592 39.88805
1202347742 116.27802 39.87635
1202348043 116.22466 39.84748
1202348647 116.18848 39.83332
1202348821 116.196 39.83792
1202349250 116.23207 39.85244
1202349552 116.27607 39.86395
1202350453 116.34108 39.77709
1202350457 116.34222 39.77703
1202350758 116.37566 39.75576
1202351056 116.39928 39.72859
1202351372 116.40733 39.68132
1202352031 116.41814 39.66401
1202352031 116.41814 39.66401
1202352031 116.41814 39.66401
1202352031 116.41814 39.66401
1202352031 116.41814 39.66401
1202352031 116.41814 39.66401
1202352031 116.41814 39.66401
1202352031 116.41814 39.66401
1202352031 116.41814 39.66401
1202352031 116.41814 39.66401
1202352031 116.41814 39.66401
1202352031 116.41814 39.66401
1202352031 116.41814 39.66401
1202352031 116.41814 39.66401
1202352031 116.41814 39.66401
1202352031 116.41814 39.66401
1202352031 116.41814 39.66401
1202352031 116.41814 39.66401
1202352031 116.41814 39.66401
1202352031 116.41814 39.66401
1202352031 116.41814 39.66401
1202367731 116.41799 39.6642
1202367903 116.41798 39.66434
1202368033 116.41798 39.66434
1202368204 116.41798 39.66434
1202368334 116.41798 39.66434
1202368506 116.41798 39.66434
1202368636 116.41798 39.66434
1202368808 116.41798 39.66434
1202368938 116.41798 39.66434
1202369109 116.42281 39.66496
1202369109 116.42281 39.66496
1202369239 116.44479 39.67295
1202369411 116.46187 39.68305
1202369541 116.46748 39.69149
1202369773 116.47195 39.69088
1202370079 116.47203 39.69078
1202370079 116.47203 39.69078
1202370079 116.47203 39.69078
1202371295 116.47186 39.6908
1202371652 116.47193 39.69092
1202371652 116.47193 39.69092
1202371652 116.47193 39.69092
1202371652 116.47193 39.69092
1202371652 116.47193 39.69092
1202371652 116.47193 39.69092
1202371652 116.47193 39.69092
1202371652 116.47193 39.69092
1202374384 116.47208 39.69081
1202392098 116.47195 39.69091
1202392114 116.47204 39.69093
1202392400 116.45045 39.68763
1202392416 116.45082 39.6851
1202392701 116.4179 39.66425
1202392717 116.41791 39.66407
1202393003 116.41793 39.66408
1202393019 116.41793 39.66408
1202393305 116.40357 39.69545
1202393320 116.40334 39.69877
1202393606 116.37223 39.72052
1202393622 116.37216 39.72052
1202393908 116.33727 39.72099
1202393924 116.33448 39.72114
1202394210 116.33247 39.7286
1202394593 116.33233 39.72831
1202394593 116.33233 39.72831
1202395506 116.33176 39.72866
1202395678 116.3297 39.72866
1202395808 116.33349 39.73047
1202396040 116.33438 39.73042
1202396657 116.33764 39.7304
1202396657 116.33764 39.7304
1202396889 116.32498 39.7363
1202396959 116.32589 39.73683
1202396967 116.32589 39.73683
1202396969 116.32589 39.73683
1202397417 116.32615 39.73585
1202398029 116.32637 39.73453
1202398141 116.32661 39.72249
1202398331 116.34446 39.72043
1202398442 116.3576 39.72056
1202398633 116.38994 39.71943
1202398865 116.40582 39.71922
1202398937 116.41994 39.72114
1202399226 116.47461 39.72789
1202399364 116.49982 39.737
1202399468 116.52428 39.74191
1202399666 116.55146 39.74515
1202399770 116.56319 39.74337
1202399967 116.58874 39.74006
1202400071 116.60825 39.73915
1202400269 116.64409 39.74851
1202400373 116.65524 39.75266
1202400571 116.68368 39.76
1202400675 116.69723 39.76549
1202400872 116.73205 39.76646
1202400976 116.75483 39.77142
1202401174 116.78777 39.77822
1202401278 116.78105 39.78796
1202401476 116.7718 39.81224
1202401580 116.77492 39.82385
1202401777 116.76683 39.84021
1202401881 116.77056 39.84479
1202401881 116.77056 39.84479
1202402079 116.79292 39.8537
1202402183 116.80948 39.85408
1202402381 116.83994 39.85918
1202402485 116.84957 39.86891
1202402682 116.89207 39.86737
1202402891 116.90931 39.88219
1202403109 116.95843 39.88385
1202403148 116.96517 39.88354
1202403410 116.98184 39.88847
1202403450 116.98133 39.89015
1202403572 116.98088 39.89021
1202469419 116.98224 39.88467
1202469431 116.98255 39.88437
1202469720 116.97738 39.88406
1202469733 116.97574 39.88394
1202469733 116.97574 39.88394
1202470147 116.97465 39.88631
1202470147 116.97465 39.88631
1202470147 116.97465 39.88631
1202470147 116.97465 39.88631
1202470147 116.97465 39.88631
1202470147 116.97465 39.88631
1202470147 116.97465 39.88631
1202470147 116.97465 39.88631
1202470147 116.97465 39.88631
1202470147 116.97465 39.88631
1202470147 116.97465 39.88631
1202470147 116.97465 39.88631
1202470147 116.97465 39.88631
1202470147 116.97465 39.88631
1202470147 116.97465 39.88631
1202470147 116.97465 39.88631
1202470147 116.97465 39.88631
1202470147 116.97465 39.88631
1202475880 116.98435 39.88458
1202475889 116.98435 39.88458
1202476121 116.98088 39.8904
1202476428 116.98096 39.8903
1202476428 116.98096 39.8903
1202476428 116.98096 39.8903
1202476428 116.98096 39.8903
1202476428 116.98096 39.8903
1202476428 116.98096 39.8903
1202476428 116.98096 39.8903
1202476428 116.98096 39.8903
1202476428 116.98096 39.8903
1202476428 116.98096 39.8903
1202476428 116.98096 39.8903
1202476428 116.98096 39.8903
1202476428 116.98096 39.8903
1202476428 116.98096 39.8903
1202476428 116.98096 39.8903
1202476428 116.98096 39.8903
1202476428 116.98096 39.8903
1202476428 116.98096 39.8903
1202476428 116.98096 39.8903
1202476428 116.98096 39.8903
1202476428 116.98096 39.8903
1202476428 116.98096 39.8903
1202476428 116.98096 39.8903
1202489342 116.97333 39.89171
1202489584 116.96946 39.88336
1202489696 116.97463 39.88624
1202489697 116.97463 39.88624
1202490145 116.97456 39.88614
1202490145 116.97456 39.88614
1202490145 116.97456 39.88614
1202490145 116.97456 39.88614
1202491654 116.98196 39.88707
1202491663 116.98186 39.88819
