UTS Latitude Longitude
1201959581 116.33766 39.86672
1201959883 116.3849 39.87
1201961517 116.36966 39.86906
1201961819 116.34272 39.88727
1201962121 116.3175 39.89582
1201962423 116.30421 39.92074
1201962724 116.3047 39.92683
1201963084 116.30472 39.9268
1201963084 116.30472 39.9268
1201963084 116.30472 39.9268
1201963084 116.30472 39.9268
1201963084 116.30472 39.9268
1201963084 116.30472 39.9268
1201963084 116.30472 39.9268
1201963084 116.30472 39.9268
1201963084 116.30472 39.9268
1201963084 116.30472 39.9268
1201966351 116.31369 39.92879
1201966651 116.31778 39.93742
1201966953 116.32598 39.93677
1201967255 116.34557 39.93864
1201967557 116.3355 39.9465
1201967859 116.33438 39.94643
1201968160 116.32886 39.95991
1201968462 116.32803 39.97243
1201968764 116.32766 39.97401
1201969367 116.34689 39.98582
1201969669 116.33276 39.97523
1201969971 116.32986 39.97528
1201970273 116.31929 39.97503
1201970575 116.31192 39.97485
1201970876 116.31048 39.98362
1201971178 116.31566 39.99107
1201971480 116.3271 39.98588
1201971480 116.3271 39.98588
1201972084 116.32477 39.96644
1201972385 116.31573 39.96636
1201972687 116.31797 39.96329
1201973046 116.31802 39.96311
1201973596 116.31682 39.96323
1201973898 116.30775 39.95013
1201977970 116.30785 39.95015
1201978272 116.30969 39.95027
1201978574 116.30256 39.96026
1201978876 116.30766 39.97224
1201979177 116.31438 39.96731
1201979479 116.31795 39.9521
1201979781 116.31954 39.93652
1201980083 116.3195 39.93199
1201980385 116.32188 39.92685
1201980686 116.32442 39.92541
1201980988 116.32414 39.92206
1201981290 116.30308 39.92284
1201981592 116.28415 39.92291
1201981893 116.26125 39.92322
1201982195 116.25444 39.92317
1201982497 116.25326 39.91642
1201983100 116.25812 39.90267
1201983401 116.26753 39.89932
1201983707 116.27183 39.89915
1201984310 116.28853 39.89899
1201984612 116.29609 39.89996
1201984914 116.30423 39.917
1201985216 116.30843 39.96329
1201985517 116.35221 39.96629
1201985819 116.37996 39.96687
1201986121 116.40516 39.96756
1201986423 116.44883 39.95555
1201987026 116.55516 40.02964
1201987328 116.58314 40.0632
1201987630 116.58093 40.07796
1201987932 116.57967 40.06259
1201988233 116.56695 40.07081
1201988535 116.56473 40.07194
1201988837 116.56465 40.07194
1201989139 116.56473 40.07194
1201989405 116.56471 40.07196
1201989711 116.56474 40.07193
1201989711 116.56474 40.07193
1201990565 116.56468 40.07192
1201990867 116.56468 40.07191
1201991168 116.5647 40.07187
1201991771 116.56466 40.07192
1201992129 116.56465 40.07187
1201992129 116.56465 40.07187
1201992982 116.56467 40.0719
1201992982 116.56467 40.0719
1201993284 116.56468 40.07195
1201993586 116.56421 40.07036
1201993887 116.56866 40.06357
1201994189 116.58267 40.0613
1201994490 116.58256 40.06333
1201994792 116.58212 40.06578
1201995094 116.58192 40.06706
1201995396 116.58149 40.06965
1201995697 116.58099 40.0724
1201995999 116.58464 40.07664
1201997211 116.58186 40.07106
1201997815 116.47857 39.98381
1201998116 116.42559 39.94833
1201998418 116.36444 39.94708
1201998720 116.35795 39.92242
1201999022 116.36641 39.91341
1201999323 116.35757 39.91077
1201999625 116.35064 39.91692
1201999927 116.33894 39.91477
1202000229 116.33322 39.9169
1202000531 116.31973 39.93313
1202000832 116.31708 39.95737
1202001134 116.31169 39.97947
1202001436 116.3312 39.9847
1202001738 116.40206 39.98702
1202002040 116.46382 39.9712
1202002341 116.48162 39.98732
1202002939 116.50515 39.98692
1202002939 116.50515 39.98692
1202002939 116.50515 39.98692
1202002939 116.50515 39.98692
1202037369 116.5052 39.98702
1202037670 116.49772 39.98442
1202037972 116.49515 39.97058
1202038274 116.49712 39.96396
1202038576 116.49027 39.95202
1202039481 116.49101 39.92184
1202039783 116.46779 39.92183
1202040085 116.45608 39.91784
1202040386 116.45401 39.91232
1202040688 116.43762 39.90891
1202041292 116.4283 39.92858
1202041895 116.43049 39.93977
1202042197 116.41046 39.9435
1202042499 116.41624 39.95594
1202042801 116.42787 39.95304
1202043103 116.43445 39.94778
1202043404 116.44644 39.94975
1202043824 116.44541 39.95065
1202043824 116.44541 39.95065
1202043824 116.44541 39.95065
1202043824 116.44541 39.95065
1202043824 116.44541 39.95065
1202043824 116.44541 39.95065
1202043824 116.44541 39.95065
1202043824 116.44541 39.95065
1202046420 116.44572 39.94904
1202046795 116.46356 39.97005
1202047097 116.44873 39.9798
1202047324 116.44811 39.98103
1202047813 116.44821 39.98126
1202047813 116.44821 39.98126
1202047813 116.44821 39.98126
1202047813 116.44821 39.98126
1202047813 116.44821 39.98126
1202047813 116.44821 39.98126
1202052289 116.44824 39.98119
1202052590 116.44845 39.98151
1202052881 116.44824 39.98126
1202053188 116.44829 39.98109
1202053188 116.44829 39.98109
1202053188 116.44829 39.98109
1202053188 116.44829 39.98109
1202053188 116.44829 39.98109
1202054948 116.44838 39.98121
1202055240 116.44828 39.98132
1202055546 116.44812 39.98131
1202055546 116.44812 39.98131
1202055546 116.44812 39.98131
1202055546 116.44812 39.98131
1202055546 116.44812 39.98131
1202057306 116.4484 39.98115
1202057721 116.44833 39.98118
1202058275 116.44835 39.98107
1202058577 116.4483 39.97071
1202058869 116.44973 39.96539
1202059790 116.42628 39.98798
1202060397 116.42541 39.98799
1202060699 116.41777 39.98901
1202062098 116.41828 39.9766
1202062399 116.4188 39.96081
1202062701 116.42506 39.96795
1202063003 116.42686 39.95843
1202063607 116.41465 39.92304
1202063908 116.40147 39.92294
1202064210 116.38445 39.92095
1202064512 116.37856 39.92104
1202064814 116.37195 39.92119
1202065115 116.3679 39.91337
1202065417 116.36777 39.91126
1202065719 116.36775 39.90702
1202066021 116.36814 39.90174
1202066323 116.36795 39.89967
1202066624 116.36824 39.89184
1202066926 116.36813 39.87746
1202066926 116.36813 39.87746
1202067228 116.38943 39.87946
1202067530 116.38854 39.87342
1202067832 116.39373 39.85325
1202068133 116.39454 39.83593
1202068435 116.39995 39.83609
1202068739 116.39857 39.84742
1202069048 116.39408 39.87472
1202069343 116.39064 39.88504
1202069645 116.37878 39.8858
1202069946 116.37856 39.88778
1202070248 116.37798 39.89829
1202070550 116.3884 39.89411
1202070852 116.40559 39.89139
1202071154 116.41261 39.89946
1202071455 116.4141 39.89186
1202071757 116.38891 39.88916
1202072059 116.37851 39.89215
1202072361 116.37001 39.89852
1202072662 116.35752 39.89812
1202073266 116.30422 39.93368
1202073568 116.29657 39.95209
1202073870 116.29733 39.95751
1202074171 116.295 39.96913
1202074473 116.30025 39.97418
1202074473 116.30025 39.97418
1202074775 116.30219 39.97805
1202075077 116.30699 39.97962
1202075379 116.30753 39.98164
1202075680 116.3437 39.98537
1202075982 116.36442 39.9997
1202076588 116.35979 40.01624
1202076890 116.35361 40.01416
1202077192 116.34371 40.0343
1202077493 116.36252 40.03911
1202077795 116.36007 40.05009
1202078097 116.35445 40.0609
1202078399 116.331 40.05739
1202078701 116.31833 40.05038
1202079002 116.3111 40.02941
1202079304 116.30922 40.01735
1202079606 116.30972 39.99037
1202079908 116.3102 39.98041
1202080209 116.30745 39.98147
1202080511 116.33677 39.98512
1202080813 116.40079 39.98691
1202081115 116.41708 39.98212
1202081343 116.41537 39.98651
1202081724 116.41793 39.98576
1202082026 116.41849 39.97147
1202082328 116.41895 39.95625
1202082629 116.41908 39.94598
1202082931 116.42264 39.93979
1202083233 116.39265 39.94764
1202083836 116.32177 39.93758
1202084138 116.28816 39.94657
1202084440 116.30852 39.93895
1202084745 116.31921 39.93729
1202085047 116.32352 39.93703
1202085348 116.37369 39.94744
1202085650 116.43665 39.94808
1202085952 116.47387 39.98053
1202086254 116.50039 39.98675
1202086466 116.505 39.98697
1202086778 116.50504 39.98698
1202086778 116.50504 39.98698
1202086778 116.50503 39.98698
1202086778 116.50503 39.98698
1202086778 116.50504 39.98698
1202086778 116.50504 39.98698
1202086778 116.50504 39.98698
1202086778 116.50504 39.98698
1202086778 116.50504 39.98698
1202089067 116.50495 39.98683
1202089067 116.50495 39.98683
1202089067 116.50495 39.98683
1202089067 116.50495 39.98683
1202089067 116.50495 39.98683
1202089067 116.50495 39.98683
1202089067 116.50495 39.98683
1202089067 116.50495 39.98683
1202089067 116.50495 39.98683
1202089067 116.50495 39.98683
1202089067 116.50495 39.98683
1202089067 116.50495 39.98683
1202089067 116.50495 39.98683
1202089067 116.50495 39.98683
1202089067 116.50495 39.98683
1202089067 116.50495 39.98683
1202089067 116.50495 39.98683
1202089067 116.50495 39.98683
1202089067 116.50495 39.98683
1202089067 116.50495 39.98683
1202089067 116.50495 39.98683
1202089067 116.50495 39.98683
1202089067 116.50495 39.98683
1202116776 109.53419 39.98683
1202116776 109.53419 39.98683
1202116776 109.53419 39.98683
1202121908 116.505 39.98685
1202122210 116.50501 39.98695
1202122512 116.51142 39.97699
1202122813 116.49711 39.96583
1202123115 116.50596 39.94665
1202123417 116.49114 39.93412
1202123719 116.48238 39.90608
1202124020 116.48394 39.91029
1202124322 116.49076 39.92171
1202124624 116.52064 39.92255
1202124926 116.56939 39.92292
1202124926 116.56939 39.92292
1202125228 116.58139 39.94285
1202125529 116.56649 39.97065
1202125831 116.55878 40.00473
1202126133 116.55465 40.0285
1202126435 116.58389 40.05073
1202126737 116.57956 40.05976
1202127037 116.56396 40.07009
1202127037 116.56396 40.07009
1202127267 116.56624 40.07181
1202127574 116.56622 40.07182
1202127574 116.56622 40.07182
1202127574 116.56622 40.07182
1202127574 116.56622 40.07182
1202127574 116.56622 40.07182
1202127574 116.56622 40.07182
1202127574 116.56622 40.07182
1202127574 116.56622 40.07182
1202127574 116.56622 40.07182
1202127574 116.56622 40.07182
1202127574 116.56622 40.07182
1202127574 116.56622 40.07182
1202127574 116.56622 40.07182
1202127574 116.56622 40.07182
1202127574 116.56622 40.07182
1202127574 116.56622 40.07182
1202127574 116.56622 40.07182
1202127574 116.56622 40.07182
1202132954 116.5662 40.07185
1202133256 116.56618 40.07185
1202133558 116.56619 40.07185
1202133859 116.5662 40.07184
1202134463 116.56623 40.07183
1202134764 116.56415 40.07066
1202135066 116.58166 40.06226
1202135367 116.58305 40.06016
1202135367 116.58305 40.06016
1202135669 116.58218 40.06512
1202135971 116.58224 40.0651
1202136580 116.58201 40.06628
1202136871 116.58195 40.06655
1202137187 116.58148 40.06942
1202137415 116.58154 40.06954
1202137970 116.58105 40.07187
1202138275 116.58038 40.07637
1202138576 116.58348 40.07565
1202139485 116.58474 40.07755
1202139787 116.56812 40.03615
1202140088 116.49633 40.00002
1202140390 116.47943 39.95893
1202140692 116.4834 39.90843
1202140994 116.47251 39.90734
1202141295 116.47127 39.90673
1202141597 116.47217 39.92296
1202141899 116.46843 39.94135
1202142201 116.46207 39.95318
1202142503 116.46186 39.95595
1202142804 116.45676 39.95546
1202143106 116.44918 39.94935
1202151577 116.42754 39.9347
1202151879 116.42832 39.9171
1202152181 116.42069 39.90889
1202152483 116.41048 39.90696
1202152483 116.41048 39.90696
1202153641 116.41104 39.92946
1202153641 116.41104 39.92946
1202153942 116.41099 39.93159
1202154244 116.41071 39.93858
1202154546 116.4127 39.95289
1202154848 116.41228 39.96519
1202155149 116.41855 39.96765
1202155451 116.42515 39.96431
1202155753 116.41861 39.9529
1202156055 116.41933 39.94092
1202156357 116.4153 39.93524
1202156960 116.41998 39.92388
1202157262 116.42487 39.91415
1202157564 116.4293 39.90974
1202157866 116.43911 39.88316
1202158167 116.40765 39.87089
1202158469 116.36808 39.86702
1202158771 116.35971 39.85235
1202159679 116.35796 39.8729
1202159981 116.36275 39.87703
1202160584 116.36858 39.89584
1202160886 116.36813 39.90809
1202160886 116.36813 39.90809
1202161188 116.37109 39.91094
1202161490 116.36751 39.91237
1202161791 116.37605 39.90837
1202162093 116.37649 39.90652
1202162697 116.41914 39.90369
1202163300 116.41137 39.92118
1202163904 116.42709 39.93938
1202164206 116.43008 39.9005
1202164508 116.43307 39.88438
1202164679 116.43298 39.88439
1202164986 116.43304 39.88439
1202165600 116.43624 39.89231
1202165902 116.42869 39.917
1202166204 116.44133 39.95001
1202166506 116.45533 39.95346
1202166807 116.45592 39.9497
1202167109 116.43913 39.96022
1202167411 116.43381 39.95864
1202167713 116.4342 39.95362
1202168015 116.43355 39.95285
1202168316 116.44097 39.96528
1202168618 116.43859 39.9597
1202168920 116.41636 39.95999
1202169222 116.4181 39.95793
1202169524 116.43742 39.96321
1202169825 116.43914 39.96017
1202170127 116.4389 39.95998
1202170429 116.419 39.96149
1202170731 116.42968 39.96259
1202171032 116.43652 39.95835
1202171334 116.45552 39.94528
1202171636 116.45532 39.89694
1202171938 116.45519 39.88102
1202172541 116.4694 39.92103
1202172843 116.46117 39.93211
1202173145 116.45969 39.95842
1202173447 116.4893 39.9706
1202173861 116.48945 39.9706
1202173861 116.48945 39.9706
1202173861 116.48945 39.9706
1202173861 116.48945 39.9706
1202173861 116.48945 39.9706
1202175622 116.4978 39.98655
1202176098 116.50523 39.98703
1202176098 116.50523 39.98703
1202176098 116.50523 39.98703
1202176098 116.50523 39.98703
1202176098 116.50523 39.98703
1202176098 116.50523 39.98703
1202176098 116.50523 39.98703
1202176098 116.50523 39.98703
1202176098 116.50523 39.98703
1202176098 116.50523 39.98703
1202176098 116.50523 39.98703
1202176098 116.50523 39.98703
1202176098 116.50523 39.98703
1202176098 116.50523 39.98703
1202176098 116.50523 39.98703
1202176098 116.50523 39.98703
1202176098 116.50523 39.98703
1202176098 116.50523 39.98703
1202176098 116.50523 39.98703
1202176098 116.50523 39.98703
1202176098 116.50523 39.98703
1202176098 116.50523 39.98703
1202176098 116.50523 39.98703
1202205924 116.50527 39.9871
1202206226 116.5052 39.98699
1202206528 116.5109 39.97844
1202206696 116.50793 39.97417
1202207002 116.50796 39.97408
1202207002 116.50796 39.97408
1202207556 116.49728 39.9631
1202207858 116.50687 39.94631
1202208159 116.49113 39.96325
1202208159 116.49113 39.96325
1202208461 116.48369 39.97382
1202208763 116.48809 39.99224
1202209065 116.56092 40.03234
1202209367 116.5866 40.07691
1202209668 116.58086 40.07318
1202209970 116.57167 40.06323
1202210272 116.56728 40.07091
1202210442 116.56598 40.07073
1202210748 116.56593 40.07087
1202214385 116.56593 40.07082
1202214687 116.56591 40.07085
1202214988 116.56594 40.07085
1202215212 116.5659 40.07087
1202215519 116.56592 40.07077
1202215519 116.56592 40.07077
1202215519 116.56592 40.07077
1202215519 116.56592 40.07077
1202215519 116.56592 40.07077
1202215519 116.56592 40.07077
1202215519 116.56592 40.07077
1202215519 116.56592 40.07077
1202218485 116.56588 40.07091
1202218787 116.56509 40.07075
1202219088 116.56224 40.07008
1202219393 116.56269 40.06754
1202219809 116.56282 40.06756
1202220662 116.57953 40.06242
1202220964 116.57981 40.06258
1202221256 116.58293 40.0601
1202221562 116.58301 40.06011
1202222122 116.58196 40.06773
1202222407 116.58178 40.06765
1202222713 116.58177 40.06762
1202223266 116.58077 40.07362
1202223567 116.58248 40.07458
1202223873 116.58583 40.07738
1202224476 116.58213 40.06882
1202224778 116.54703 40.02711
1202225080 116.47839 39.98367
1202225382 116.42736 39.9483
1202225683 116.3658 39.94737
1202226287 116.3606 39.95121
1202226589 116.36536 39.94944
1202226890 116.3654 39.94887
1202227192 116.36557 39.94802
1202227494 116.36626 39.94074
1202227796 116.35278 39.93105
1202228098 116.33682 39.93746
1202228399 116.32457 39.93728
1202228701 116.31749 39.95518
1202229003 116.33592 39.93834
1202229305 116.34854 39.92206
1202229606 116.35064 39.91145
1202229908 116.35658 39.89785
1202229908 116.35658 39.89785
1202230210 116.37769 39.89884
1202230512 116.38873 39.88974
1202230814 116.37791 39.89821
1202231719 116.36795 39.90778
1202232020 116.36172 39.913
1202232322 116.34568 39.91715
1202232623 116.33841 39.92162
1202232925 116.33779 39.9299
1202233227 116.33747 39.93121
1202233529 116.33538 39.93731
1202233830 116.31823 39.95028
1202234132 116.32823 39.96583
1202234434 116.32767 39.9744
1202234736 116.31396 39.97556
1202235040 116.31518 39.97573
1202235342 116.31515 39.97582
1202235644 116.31099 39.97638
1202235946 116.32749 39.97478
1202236248 116.36755 39.96658
1202236549 116.41171 39.9665
1202236851 116.42357 39.95787
1202237153 116.43195 39.96091
1202237153 116.43195 39.96091
1202237455 116.43328 39.95931
1202237757 116.42337 39.9485
1202238058 116.38036 39.94756
1202238360 116.34926 39.93863
1202238662 116.34942 39.93388
1202238964 116.35049 39.91039
1202239265 116.33606 39.89645
1202239567 116.31357 39.89554
1202239869 116.31644 39.89594
1202240171 116.30732 39.89553
1202243370 116.32894 39.90584
1202243672 116.33924 39.91259
1202243973 116.35121 39.91246
1202244275 116.36669 39.91347
1202244577 116.36731 39.92092
1202244879 116.36666 39.93718
1202245180 116.36548 39.95048
1202245482 116.36945 39.96644
1202245784 116.38176 39.94745
1202246689 116.43139 39.94807
1202246991 116.46931 39.97635
1202247293 116.49494 40.00034
1202247595 116.51826 40.02562
1202247595 116.51826 40.02562
1202247897 116.53931 40.05608
1202248198 116.55183 40.08004
1202248500 116.56903 40.11654
1202248801 116.62219 40.11634
1202249103 116.66607 40.11471
1202249404 116.71818 40.12134
1202249706 116.77642 40.14358
1202250008 116.82779 40.14963
1202250310 116.86953 40.15219
1202250612 116.93421 40.15103
1202250913 116.97739 40.14414
1202251215 117.04491 40.14501
1202251517 117.09226 40.1442
1202251819 117.10494 40.14451
1202252120 117.10482 40.18239
1202252422 117.11803 40.20426
1202252728 117.11654 40.2038
1202253029 117.10473 40.17408
1202253331 117.10071 40.15315
1202253747 117.10072 40.15321
1202253747 117.10072 40.15321
1202253747 117.10072 40.15321
1202253747 117.10072 40.15321
1202253747 117.10072 40.15321
1202253747 117.10072 40.15321
1202253747 117.10072 40.15321
1202253747 117.10072 40.15321
1202253747 117.10072 40.15321
1202253747 117.10072 40.15321
1202253747 117.10072 40.15321
1202253747 117.10072 40.15321
1202253747 117.10072 40.15321
1202309519 117.10068 40.1532
1202309821 117.10235 40.14921
1202310123 117.10235 40.14929
1202310424 117.10388 40.14413
1202310717 117.10422 40.14147
1202311023 117.10434 40.14147
1202311023 117.10434 40.14147
1202311023 117.10434 40.14147
1202311023 117.10434 40.14147
1202312480 117.10499 40.14355
1202312785 117.0909 40.14419
1202313087 117.04112 40.14469
1202313388 117.03122 40.12463
1202313558 117.02114 40.12243
1202313864 117.02118 40.12244
1202313864 117.02118 40.12244
1202313864 117.02118 40.12244
1202313864 117.02118 40.12244
1202313864 117.02118 40.12244
1202313864 117.02118 40.12244
1202313864 117.02118 40.12244
1202313864 117.02118 40.12244
1202313864 117.02118 40.12244
1202313864 117.02118 40.12244
1202313864 117.02118 40.12244
1202313864 117.02118 40.12244
1202313864 117.02118 40.12244
1202313864 117.02118 40.12244
1202313864 117.02118 40.12244
1202313864 117.02118 40.12244
1202313864 117.02118 40.12244
1202313864 117.02118 40.12244
1202313864 117.02118 40.12244
1202313864 117.02118 40.12244
1202313864 117.02118 40.12244
1202320451 117.02111 40.12246
1202320752 117.03412 40.13177
1202321045 117.03848 40.14426
1202321607 117.0533 40.14523
1202321909 117.0949 40.15146
1202322211 117.10061 40.1531
1202322623 117.10048 40.15362
1202322623 117.10048 40.15362
1202322623 117.10048 40.15362
1202322623 117.10048 40.15362
1202322623 117.10048 40.15362
1202322623 117.10048 40.15362
1202322623 117.10048 40.15362
1202322623 117.10048 40.15362
1202322623 117.10048 40.15362
1202322623 117.10048 40.15362
1202322623 117.10048 40.15362
1202322623 117.10048 40.15362
1202322623 117.10048 40.15362
1202322623 117.10048 40.15362
1202322623 117.10048 40.15362
1202322623 117.10048 40.15362
1202322623 117.10048 40.15362
1202342184 117.1007 40.14889
1202342416 117.09762 40.14458
1202342723 117.09759 40.14459
1202342723 117.09759 40.14459
1202342723 117.09759 40.14459
1202342723 117.09759 40.14459
1202342723 117.09759 40.14459
1202342723 117.09759 40.14459
1202342723 117.09759 40.14459
1202342723 117.09759 40.14459
1202342723 117.09759 40.14459
1202342723 117.09759 40.14459
1202342723 117.09759 40.14459
1202342723 117.09759 40.14459
1202344784 117.09872 40.14408
1202345239 117.10066 40.15385
1202345563 117.1006 40.15399
1202345563 117.1006 40.15399
1202345563 117.1006 40.15399
1202345563 117.1006 40.15399
1202345563 117.1006 40.15399
1202345563 117.1006 40.15399
1202345563 117.1006 40.15399
1202345563 117.1006 40.15399
1202345563 117.1006 40.15399
1202345563 117.1006 40.15399
1202345563 117.1006 40.15399
1202345563 117.1006 40.15399
1202345563 117.1006 40.15399
1202345563 117.1006 40.15399
1202345563 117.1006 40.15399
1202345563 117.1006 40.15399
1202345563 117.1006 40.15399
1202345563 117.1006 40.15399
1202345563 117.1006 40.15399
1202345563 117.1006 40.15399
1202345563 117.1006 40.15399
1202345563 117.1006 40.15399
1202345563 117.1006 40.15399
1202384730 117.10386 40.14146
1202385037 117.10356 40.14118
1202385037 117.10356 40.14118
1202385037 117.10356 40.14118
1202385037 117.10356 40.14118
1202386493 117.1038 40.14143
1202386795 117.10088 40.14591
1202386795 117.10088 40.14591
1202387402 117.1009 40.1475
1202387704 117.10251 40.14563
1202388372 117.10171 40.14809
1202388674 117.12204 40.14871
1202388978 117.12238 40.14836
1202389570 117.10684 40.13108
1202389751 117.10691 40.13106
1202390057 117.10685 40.13108
1202390057 117.10685 40.13108
1202390057 117.10685 40.13108
1202390057 117.10685 40.13108
1202390057 117.10685 40.13108
1202390057 117.10685 40.13108
1202390057 117.10685 40.13108
1202390057 117.10685 40.13108
1202390057 117.10685 40.13108
1202390057 117.10685 40.13108
1202390057 117.10685 40.13108
1202390057 117.10685 40.13108
1202390057 117.10685 40.13108
1202390057 117.10685 40.13108
1202390057 117.10685 40.13108
1202390057 117.10685 40.13108
1202390057 117.10685 40.13108
1202390057 117.10685 40.13108
1202390057 117.10685 40.13108
1202390057 117.10685 40.13108
1202390057 117.10685 40.13108
1202390057 117.10685 40.13108
1202390057 117.10685 40.13108
1202410222 117.10687 40.13196
1202410394 117.10557 40.12979
1202410950 117.10517 40.13494
1202411252 117.10522 40.13863
1202411553 117.10261 40.15025
1202411783 117.10061 40.15319
1202412092 117.10059 40.1531
1202412092 117.10059 40.1531
1202412092 117.10059 40.1531
1202412092 117.10059 40.1531
1202412092 117.10059 40.1531
1202412092 117.10059 40.1531
1202412092 117.10059 40.1531
1202412092 117.10059 40.1531
1202412092 117.10059 40.1531
1202412092 117.10059 40.1531
1202412092 117.10059 40.1531
1202412092 117.10059 40.1531
1202412092 117.10059 40.1531
1202412092 117.10059 40.1531
1202412092 117.10059 40.1531
1202412092 117.10059 40.1531
1202412092 117.10059 40.1531
1202412092 117.10059 40.1531
1202412092 117.10059 40.1531
1202412092 117.10059 40.1531
1202412092 117.10059 40.1531
1202412092 117.10059 40.1531
1202412092 117.10059 40.1531
1202463037 117.10074 40.15306
1202463329 117.10065 40.15303
1202463635 117.10063 40.15313
1202464187 117.10058 40.15312
1202464489 117.10071 40.15309
1202464790 117.10475 40.1491
1202465022 117.10541 40.13911
1202465329 117.10539 40.13911
1202465329 117.10539 40.13911
1202466182 116.19676 40.14401
1202466182 117.08311 40.14401
1202466483 117.02167 40.1419
1202466785 116.94856 40.15017
1202467087 116.89538 40.15267
1202467389 116.8213 40.14894
1202467690 116.76278 40.13995
1202467992 116.69629 40.12464
1202467992 116.69629 40.12464
1202468294 116.65307 40.11617
1202468596 116.61102 40.11655
1202468898 116.58277 40.10679
1202469199 116.58081 40.07847
1202469501 116.5654 40.03456
1202469803 116.48548 39.99005
1202470105 116.45541 39.94729
1202470407 116.44894 39.92538
1202470708 116.4502 39.92171
1202471010 116.43703 39.91925
1202471182 116.43936 39.9201
1202471182 116.43936 39.9201
1202471742 116.43462 39.9255
1202472044 116.43332 39.93985
1202472346 116.401 39.94769
1202472346 116.401 39.94769
1202472647 116.34952 39.94218
1202472949 116.32056 39.93748
1202473250 116.29851 39.93688
1202473552 116.31904 39.93106
1202473854 116.34176 39.93101
1202474156 116.35043 39.91243
1202474458 116.3573 39.88904
1202474759 116.35755 39.8821
1202475061 116.35733 39.89122
1202475363 116.36691 39.89831
1202475665 116.3846 39.89888
1202475966 116.40528 39.89954
1202476268 116.40693 39.90901
1202476570 116.42018 39.92022
1202476872 116.44341 39.92148
1202477174 116.46646 39.92173
1202477475 116.47251 39.928
1202477643 116.47647 39.92688
1202477950 116.47635 39.92696
1202478502 116.48841 39.92167
1202478804 116.49959 39.93576
1202479106 116.51135 39.93632
1202479408 116.48698 39.93263
1202479710 116.45711 39.97415
1202480011 116.42782 39.98745
1202480313 116.41835 39.97364
1202480615 116.4184 39.96977
1202480917 116.41831 39.95273
1202481218 116.41436 39.95262
1202481519 116.41266 39.95071
1202481821 116.40993 39.94847
1202482123 116.44731 39.95513
1202482425 116.45537 39.91751
1202482726 116.45896 39.91671
1202483018 116.46715 39.92457
1202483333 116.46179 39.9283
1202483635 116.45004 39.94717
1202483924 116.44573 39.95073
1202484231 116.44558 39.95059
1202484231 116.44558 39.95059
1202484231 116.44558 39.95059
1202484231 116.44558 39.95059
1202484231 116.44558 39.95059
1202484231 116.44558 39.95059
1202484231 116.44558 39.95059
1202484231 116.44558 39.95059
1202484231 116.44558 39.95059
1202484231 116.44558 39.95059
1202484231 116.44558 39.95059
1202484231 116.44558 39.95059
1202484231 116.44558 39.95059
1202484231 116.44558 39.95059
1202486595 116.44556 39.9488
1202486897 116.43938 39.94287
1202487199 116.42253 39.94171
1202487500 116.41923 39.95189
1202487802 116.41225 39.9606
1202488104 116.41133 39.97838
1202488406 116.40933 40.00155
1202488708 116.39519 40.00243
1202489009 116.40105 39.99737
1202489311 116.41796 39.99469
1202489613 116.41936 39.98229
1202489985 116.4303 39.97577
1202490286 116.4323 39.9749
1202490286 116.4323 39.9749
1202490633 116.43229 39.97487
1202490633 116.43229 39.97487
1202490633 116.43229 39.97487
1202490633 116.43229 39.97487
1202490633 116.43229 39.97487
1202490633 116.43229 39.97487
1202490633 116.43229 39.97487
1202490633 116.43229 39.97487
1202490633 116.43229 39.97487
1202490633 116.43229 39.97487
1202490633 116.43229 39.97487
1202490633 116.43229 39.97487
1202490633 116.43229 39.97487
